 #  r,DGAMMADR(IR) 
   5.0000000000000001E-003   1.4429368598375246E-009   1.0000000000000000E-002
   1.4999999999999999E-002   4.3307959485673822E-009   1.0000000000000000E-002
   2.5000000000000001E-002   7.2246198155606683E-009   1.0000000000000000E-002
   3.5000000000000003E-002   1.0128414004277153E-008   1.0000000000000000E-002
   4.4999999999999998E-002   1.3046228019605342E-008   1.0000000000000000E-002
   5.5000000000000000E-002   1.5982173765638057E-008   1.0000000000000000E-002
   6.5000000000000002E-002   1.8940444846499494E-008   1.0000000000000000E-002
   7.4999999999999997E-002   2.1925333652494328E-008   1.0000000000000000E-002
   8.5000000000000006E-002   2.4941118499587539E-008   1.0000000000000000E-002
   9.5000000000000001E-002   2.7991870297039653E-008   1.0000000000000000E-002
  0.10500000000000000        3.1081508443491954E-008   1.0000000000000000E-002
  0.11500000000000000        3.4213845692677152E-008   1.0000000000000000E-002
  0.12500000000000000        3.7392618613536258E-008   1.0000000000000000E-002
  0.13500000000000001        4.0621516527456855E-008   1.0000000000000000E-002
  0.14499999999999999        4.3904213720344108E-008   1.0000000000000000E-002
  0.15500000000000000        4.7244402895721994E-008   1.0000000000000000E-002
  0.16500000000000001        5.0645835992328604E-008   1.0000000000000000E-002
  0.17500000000000002        5.4112366695350091E-008   1.0000000000000000E-002
  0.18500000000000000        5.7647999377706474E-008   1.0000000000000000E-002
  0.19500000000000001        6.1256927227743711E-008   1.0000000000000000E-002
  0.20500000000000002        6.4943546465612128E-008   1.0000000000000000E-002
  0.21500000000000000        6.8712478953823632E-008   1.0000000000000000E-002
  0.22500000000000001        7.2568596696328802E-008   1.0000000000000000E-002
  0.23500000000000001        7.6517055634643748E-008   1.0000000000000000E-002
  0.24500000000000000        8.0563320696851293E-008   1.0000000000000000E-002
  0.25500000000000000        8.4713208428507058E-008   1.0000000000000000E-002
  0.26500000000000001        8.8972913634412008E-008   1.0000000000000000E-002
  0.27500000000000002        9.3349046423435495E-008   1.0000000000000000E-002
  0.28500000000000003        9.7848688264214562E-008   1.0000000000000000E-002
  0.29499999999999998        1.0247939531052101E-007   1.0000000000000000E-002
  0.30499999999999999        1.0724890975390098E-007   1.0000000000000000E-002
  0.31500000000000000        1.1216495915934722E-007   1.0000000000000000E-002
  0.32500000000000001        1.1723540201851349E-007   1.0000000000000000E-002
  0.33500000000000002        1.2246831307360487E-007   1.0000000000000000E-002
  0.34500000000000003        1.2787194332784183E-007   1.0000000000000000E-002
  0.35499999999999998        1.3345485989913865E-007   1.0000000000000000E-002
  0.36499999999999999        1.3922587263371015E-007   1.0000000000000000E-002
  0.37500000000000000        1.4519411730834694E-007   1.0000000000000000E-002
  0.38500000000000001        1.5136916640764792E-007   1.0000000000000000E-002
  0.39500000000000002        1.5776093549857384E-007   1.0000000000000000E-002
  0.40500000000000003        1.6437978952489747E-007   1.0000000000000000E-002
  0.41500000000000004        1.7123666445120703E-007   1.0000000000000000E-002
  0.42499999999999999        1.7834313476613652E-007   1.0000000000000000E-002
  0.43500000000000000        1.8571139193564072E-007   1.0000000000000000E-002
  0.44500000000000001        1.9335441272022241E-007   1.0000000000000000E-002
  0.45500000000000002        2.0128612814876612E-007   1.0000000000000000E-002
  0.46500000000000002        2.0952192552309256E-007   1.0000000000000000E-002
  0.47500000000000003        2.1808030516315731E-007   1.0000000000000000E-002
  0.48499999999999999        2.2698307316084109E-007   1.0000000000000000E-002
  0.49500000000000000        2.3625580386455837E-007   1.0000000000000000E-002
  0.50500000000000000        2.4592870389003447E-007   1.0000000000000000E-002
  0.51500000000000001        2.5603655757812530E-007   1.0000000000000000E-002
  0.52500000000000002        2.6661942987348069E-007   1.0000000000000000E-002
  0.53500000000000003        2.7772282586737016E-007   1.0000000000000000E-002
  0.54500000000000004        2.8939805523385571E-007   1.0000000000000000E-002
  0.55500000000000005        3.0170332644766216E-007   1.0000000000000000E-002
  0.56500000000000006        3.1470393716847535E-007   1.0000000000000000E-002
  0.57500000000000007        3.2847276324795634E-007   1.0000000000000000E-002
  0.58499999999999996        3.4309106002092014E-007   1.0000000000000000E-002
  0.59499999999999997        3.5864962751862983E-007   1.0000000000000000E-002
  0.60499999999999998        3.7524935975797959E-007   1.0000000000000000E-002
  0.61499999999999999        3.9300201850569079E-007   1.0000000000000000E-002
  0.62500000000000000        4.1203104078340535E-007   1.0000000000000000E-002
  0.63500000000000001        4.3247254480609354E-007   1.0000000000000000E-002
  0.64500000000000002        4.5447615040488454E-007   1.0000000000000000E-002
  0.65500000000000003        4.7820393859893003E-007   1.0000000000000000E-002
  0.66500000000000004        5.0383207911918924E-007   1.0000000000000000E-002
  0.67500000000000004        5.3155506354535238E-007   1.0000000000000000E-002
  0.68500000000000005        5.6158882099576446E-007   1.0000000000000000E-002
  0.69500000000000006        5.9417430056843250E-007   1.0000000000000000E-002
  0.70499999999999996        6.2958014500387502E-007   1.0000000000000000E-002
  0.71499999999999997        6.6810647476070175E-007   1.0000000000000000E-002
  0.72499999999999998        7.1008811047985512E-007   1.0000000000000000E-002
  0.73499999999999999        7.5589857969874148E-007   1.0000000000000000E-002
  0.74500000000000000        8.0595448696654046E-007   1.0000000000000000E-002
  0.75500000000000000        8.6071898634590001E-007   1.0000000000000000E-002
  0.76500000000000001        9.2070620685567585E-007   1.0000000000000000E-002
  0.77500000000000002        9.8649954303883216E-007   1.0000000000000000E-002
  0.78500000000000003        1.0588314339358991E-006   1.0000000000000000E-002
  0.79500000000000004        1.1386534007874922E-006   1.0000000000000000E-002
  0.80500000000000005        1.2271305224159479E-006   1.0000000000000000E-002
  0.81500000000000006        1.3256960560411412E-006   1.0000000000000000E-002
  0.82500000000000007        1.4360708392446452E-006   1.0000000000000000E-002
  0.83499999999999996        1.5602998020561299E-006   1.0000000000000000E-002
  0.84499999999999997        1.7008483351083522E-006   1.0000000000000000E-002
  0.85499999999999998        1.8606480638214748E-006   1.0000000000000000E-002
  0.86499999999999999        2.0431588521558816E-006   1.0000000000000000E-002
  0.87500000000000000        2.2524648156768119E-006   1.0000000000000000E-002
  0.88500000000000001        2.4937049316773800E-006   1.0000000000000000E-002
  0.89500000000000002        2.7736706241391976E-006   1.0000000000000000E-002
  0.90500000000000003        3.1010102542935682E-006   1.0000000000000000E-002
  0.91500000000000004        3.4865087596232533E-006   1.0000000000000000E-002
  0.92500000000000004        3.9435719849023068E-006   1.0000000000000000E-002
  0.93500000000000005        4.4885464646122815E-006   1.0000000000000000E-002
  0.94500000000000006        5.1417897265431106E-006   1.0000000000000000E-002
  0.95500000000000007        5.9339138729506339E-006   1.0000000000000000E-002
  0.96499999999999997        6.9212526993918423E-006   1.0000000000000000E-002
  0.97499999999999998        8.2010283804663966E-006   1.0000000000000000E-002
  0.98499999999999999        9.9455522500480754E-006   1.0000000000000000E-002
  0.99500000000000000        1.2654941039247504E-005   1.0000000000000000E-002
