 #  phi,DGAMMADPHI(IPHI) 
   3.4906585039886591E-002   5.0128662210894319E-008   6.9813170079773182E-002
  0.10471975511965978        3.2830104969313201E-008   6.9813170079773182E-002
  0.17453292519943295        2.2154610443611073E-008   6.9813170079773182E-002
  0.24434609527920614        1.6125866569943908E-008   6.9813170079773182E-002
  0.31415926535897931        1.2798086416299654E-008   6.9813170079773182E-002
  0.38397243543875248        1.1102827643557591E-008   6.9813170079773182E-002
  0.45378560551852570        1.0376715716429959E-008   6.9813170079773182E-002
  0.52359877559829882        1.0021327720226212E-008   6.9813170079773182E-002
  0.59341194567807209        9.8377844197068461E-009   6.9813170079773182E-002
  0.66322511575784526        1.0149098682855714E-008   6.9813170079773182E-002
  0.73303828583761843        1.1335544808790252E-008   6.9813170079773182E-002
  0.80285145591739160        1.3236501867228025E-008   6.9813170079773182E-002
  0.87266462599716477        1.5357838884358039E-008   6.9813170079773182E-002
  0.94247779607693793        1.7583429981663465E-008   6.9813170079773182E-002
   1.0122909661567112        1.9548826900063936E-008   6.9813170079773182E-002
   1.0821041362364843        2.0629671010128464E-008   6.9813170079773182E-002
   1.1519173063162575        2.0762255317209093E-008   6.9813170079773182E-002
   1.2217304763960306        2.0480037851547088E-008   6.9813170079773182E-002
   1.2915436464758039        2.0175819333556158E-008   6.9813170079773182E-002
   1.3613568165555769        2.0007954799379560E-008   6.9813170079773182E-002
   1.4311699866353502        2.0504076874456989E-008   6.9813170079773182E-002
   1.5009831567151235        2.1886310889473809E-008   6.9813170079773182E-002
   1.5707963267948966        2.3786126647318155E-008   6.9813170079773182E-002
   1.6406094968746698        2.5835623921797620E-008   6.9813170079773182E-002
   1.7104226669544429        2.8268422903906393E-008   6.9813170079773182E-002
   1.7802358370342162        3.1662924545288093E-008   6.9813170079773182E-002
   1.8500490071139892        3.6193732367139251E-008   6.9813170079773182E-002
   1.9198621771937625        4.2029430139682533E-008   6.9813170079773182E-002
   1.9896753472735358        4.9660014818138933E-008   6.9813170079773182E-002
   2.0594885173533091        5.9471157994891406E-008   6.9813170079773182E-002
   2.1293016874330819        5.5914351772906404E-008   6.9813170079773182E-002
   2.1991148575128552        4.0826148741761547E-008   6.9813170079773182E-002
   2.2689280275926285        3.1406779956768703E-008   6.9813170079773182E-002
   2.3387411976724017        2.7407748078937795E-008   6.9813170079773182E-002
   2.4085543677521746        2.8377667892217606E-008   6.9813170079773182E-002
   2.4783675378319479        3.4800216725824296E-008   6.9813170079773182E-002
   2.5481807079117211        4.7891966898781994E-008   6.9813170079773182E-002
   2.6179938779914944        7.0133149660407867E-008   6.9813170079773182E-002
   2.6878070480712677        1.0403602870553296E-007   6.9813170079773182E-002
   2.7576202181510405        1.5194441705027387E-007   6.9813170079773182E-002
   2.8274333882308138        2.1482614495697223E-007   6.9813170079773182E-002
   2.8972465583105871        2.9110048451651483E-007   6.9813170079773182E-002
   2.9670597283903604        3.7759872876756430E-007   6.9813170079773182E-002
   3.0368728984701332        4.5924231371367391E-007   6.9813170079773182E-002
   3.1066860685499065        5.0967019556855695E-007   6.9813170079773182E-002
   3.1764992386296798        5.0967019556855684E-007   6.9813170079773182E-002
   3.2463124087094530        4.5924231371367375E-007   6.9813170079773182E-002
   3.3161255787892263        3.7759872876756435E-007   6.9813170079773182E-002
   3.3859387488689991        2.9110048451651483E-007   6.9813170079773182E-002
   3.4557519189487724        2.1482614495697225E-007   6.9813170079773182E-002
   3.5255650890285457        1.5194441705027408E-007   6.9813170079773182E-002
   3.5953782591083190        1.0403602870553297E-007   6.9813170079773182E-002
   3.6651914291880923        7.0133149660407734E-008   6.9813170079773182E-002
   3.7350045992678651        4.7891966898782093E-008   6.9813170079773182E-002
   3.8048177693476384        3.4800216725824316E-008   6.9813170079773182E-002
   3.8746309394274117        2.8377667892217623E-008   6.9813170079773182E-002
   3.9444441095071849        2.7407748078937788E-008   6.9813170079773182E-002
   4.0142572795869578        3.1406779956768696E-008   6.9813170079773182E-002
   4.0840704496667311        4.0826148741762216E-008   6.9813170079773182E-002
   4.1538836197465043        5.5914351772904154E-008   6.9813170079773182E-002
   4.2236967898262776        5.9471157994892664E-008   6.9813170079773182E-002
   4.2935099599060509        4.9660014818138689E-008   6.9813170079773182E-002
   4.3633231299858242        4.2029430139682433E-008   6.9813170079773182E-002
   4.4331363000655974        3.6193732367139238E-008   6.9813170079773182E-002
   4.5029494701453698        3.1662924545288007E-008   6.9813170079773182E-002
   4.5727626402251431        2.8268422903906310E-008   6.9813170079773182E-002
   4.6425758103049164        2.5835623921797650E-008   6.9813170079773182E-002
   4.7123889803846897        2.3786126647318142E-008   6.9813170079773182E-002
   4.7822021504644630        2.1886310889473825E-008   6.9813170079773182E-002
   4.8520153205442362        2.0504076874456983E-008   6.9813170079773182E-002
   4.9218284906240095        2.0007954799379563E-008   6.9813170079773182E-002
   4.9916416607037828        2.0175819333556158E-008   6.9813170079773182E-002
   5.0614548307835561        2.0480037851547094E-008   6.9813170079773182E-002
   5.1312680008633285        2.0762255317209050E-008   6.9813170079773182E-002
   5.2010811709431017        2.0629671010128427E-008   6.9813170079773182E-002
   5.2708943410228750        1.9548826900064025E-008   6.9813170079773182E-002
   5.3407075111026483        1.7583429981663448E-008   6.9813170079773182E-002
   5.4105206811824216        1.5357838884358115E-008   6.9813170079773182E-002
   5.4803338512621949        1.3236501867228037E-008   6.9813170079773182E-002
   5.5501470213419681        1.1335544808790200E-008   6.9813170079773182E-002
   5.6199601914217414        1.0149098682855714E-008   6.9813170079773182E-002
   5.6897733615015147        9.8377844197068494E-009   6.9813170079773182E-002
   5.7595865315812871        1.0021327720226207E-008   6.9813170079773182E-002
   5.8293997016610604        1.0376715716429965E-008   6.9813170079773182E-002
   5.8992128717408336        1.1102827643557589E-008   6.9813170079773182E-002
   5.9690260418206069        1.2798086416299668E-008   6.9813170079773182E-002
   6.0388392119003802        1.6125866569943915E-008   6.9813170079773182E-002
   6.1086523819801535        2.2154610443611080E-008   6.9813170079773182E-002
   6.1784655520599268        3.2830104969313208E-008   6.9813170079773182E-002
   6.2482787221397000        5.0128662210894319E-008   6.9813170079773182E-002
