   3N SYSTEM INCLUSIVE  PHOTODESINTEGRATION
        DETECTED PARTICLE: 1- PROTON
        NOT DETECTED PARTICLES:2-NEUTRON  3-NEUTRON

      OMEGA 0.30000E+02
     MTTWE1,MTTWE2,MTTWE3=    1   -1   -1
     TH1LAB,PHI1LAB=    10.000     0.000
   Unit of cross sections ... fm**2/(MeV*sr**2)
      I       E1      CROSS           AX           AY           AZ
      1      16.019    0.19409E-06   -0.68098E+00    0.22178E-18    0.63816E-16
      1      16.006    0.25138E-03   -0.68101E+00    0.30498E-17    0.42028E-16
      1      15.999    0.65404E-03   -0.68099E+00    0.26945E-17    0.28715E-16
      1      15.993    0.12840E-02   -0.68095E+00    0.21255E-17    0.23202E-16
      1      15.986    0.21568E-02   -0.68091E+00    0.16026E-17    0.17156E-16
      1      15.979    0.32817E-02   -0.68085E+00    0.96065E-18    0.15166E-16
      1      15.973    0.46644E-02   -0.68079E+00    0.37868E-18    0.12554E-16
      1      15.966    0.63079E-02   -0.68072E+00    0.26633E-18    0.11309E-16
      1      15.959    0.82137E-02   -0.68065E+00    0.71486E-18    0.10488E-16
      1      15.953    0.10382E-01   -0.68058E+00    0.53805E-19    0.82087E-17
      1      15.946    0.12813E-01   -0.68051E+00    0.46384E-18    0.10463E-16
      1      15.939    0.15504E-01   -0.68043E+00    0.29558E-18    0.93888E-17
      1      15.933    0.18454E-01   -0.68035E+00    0.45243E-19    0.89608E-17
      1      15.926    0.21662E-01   -0.68026E+00   -0.18709E-18    0.87009E-17
      1      15.919    0.25126E-01   -0.68018E+00    0.22246E-18    0.78596E-17
      1      15.913    0.28842E-01   -0.68009E+00    0.14226E-18    0.80191E-17
      1      15.906    0.32809E-01   -0.68000E+00   -0.12979E-18    0.61498E-17
      1      15.899    0.37025E-01   -0.67991E+00    0.18140E-18    0.62994E-17
      1      15.813    0.52069E-01   -0.67973E+00   -0.24249E-19    0.62261E-17
      1      15.726    0.65675E-01   -0.67948E+00    0.35019E-18    0.60900E-17
      1      15.639    0.78504E-01   -0.67916E+00    0.18474E-18    0.57958E-17
      1      15.553    0.90841E-01   -0.67880E+00   -0.10936E-18    0.62557E-17
      1      15.466    0.10284E+00   -0.67838E+00   -0.43517E-18    0.46345E-17
      1      15.379    0.11458E+00   -0.67791E+00   -0.11425E-18    0.62931E-17
      1      15.292    0.12614E+00   -0.67739E+00    0.29674E-18    0.38689E-17
      1      15.206    0.13754E+00   -0.67683E+00    0.25788E-18    0.44938E-17
      1      15.119    0.14883E+00   -0.67621E+00    0.46005E-18    0.55841E-17
      1      15.032    0.16002E+00   -0.67555E+00    0.24147E-18    0.47605E-17
      1      14.946    0.17113E+00   -0.67484E+00    0.38607E-18    0.38340E-17
      1      14.859    0.18218E+00   -0.67407E+00    0.40321E-18    0.39464E-17
      1      14.772    0.19317E+00   -0.67326E+00    0.37492E-18    0.56757E-17
      1      14.686    0.20411E+00   -0.67240E+00    0.73252E-18    0.50430E-17
      1      14.599    0.21502E+00   -0.67149E+00    0.11001E-17    0.48263E-17
      1      14.512    0.22588E+00   -0.67052E+00    0.69160E-18    0.59713E-17
      1      14.425    0.23673E+00   -0.66951E+00    0.53070E-18    0.56048E-17
      1      14.339    0.24754E+00   -0.66845E+00    0.34774E-19    0.50136E-17
      1      14.252    0.25834E+00   -0.66734E+00    0.23999E-18    0.54805E-17
      1      14.165    0.26912E+00   -0.66619E+00    0.82946E-18    0.51153E-17
      1      14.079    0.27989E+00   -0.66498E+00    0.54658E-18    0.59046E-17
      1      13.992    0.29064E+00   -0.66373E+00    0.36753E-18    0.49477E-17
      1      13.905    0.30139E+00   -0.66243E+00    0.72108E-18    0.43657E-17
      1      13.819    0.31213E+00   -0.66109E+00    0.10979E-17    0.44543E-17
      1      13.732    0.32287E+00   -0.65969E+00    0.74782E-18    0.50140E-17
      1      13.645    0.33361E+00   -0.65826E+00    0.64415E-18    0.55982E-17
      1      13.558    0.34434E+00   -0.65678E+00    0.88731E-18    0.45130E-17
      1      13.472    0.35508E+00   -0.65525E+00    0.64071E-18    0.43113E-17
      1      13.385    0.36581E+00   -0.65368E+00    0.46721E-18    0.37448E-17
      1      13.298    0.37656E+00   -0.65207E+00    0.27795E-18    0.49099E-17
      1      13.212    0.38731E+00   -0.65041E+00    0.55604E-18    0.45094E-17
      1      13.125    0.39806E+00   -0.64872E+00    0.89930E-18    0.32601E-17
      1      13.038    0.40883E+00   -0.64698E+00    0.59241E-18    0.36991E-17
      1      12.952    0.41960E+00   -0.64520E+00    0.60351E-18    0.51340E-17
      1      12.865    0.43038E+00   -0.64338E+00    0.71341E-18    0.45493E-17
      1      12.778    0.44118E+00   -0.64153E+00    0.10565E-17    0.54118E-17
      1      12.691    0.45199E+00   -0.63963E+00    0.86424E-18    0.52000E-17
      1      12.605    0.46281E+00   -0.63770E+00    0.13925E-17    0.50304E-17
      1      12.518    0.47365E+00   -0.63573E+00    0.89256E-18    0.49172E-17
      1      12.431    0.48451E+00   -0.63372E+00    0.11494E-17    0.47811E-17
      1      12.345    0.49538E+00   -0.63168E+00    0.86856E-18    0.52342E-17
      1      12.258    0.50627E+00   -0.62960E+00    0.77126E-18    0.54313E-17
      1      12.171    0.51717E+00   -0.62749E+00    0.77967E-18    0.49434E-17
      1      12.085    0.52810E+00   -0.62535E+00    0.51781E-18    0.48268E-17
      1      11.998    0.53905E+00   -0.62317E+00    0.40125E-18    0.65939E-17
      1      11.911    0.55002E+00   -0.62097E+00    0.77295E-18    0.55743E-17
      1      11.824    0.56101E+00   -0.61873E+00   -0.80585E-19    0.42980E-17
      1      11.738    0.57202E+00   -0.61645E+00    0.79840E-18    0.70607E-17
      1      11.651    0.58306E+00   -0.61415E+00    0.20061E-17    0.54636E-17
      1      11.564    0.59412E+00   -0.61182E+00   -0.12272E-18    0.66041E-17
      1      11.478    0.60521E+00   -0.60946E+00    0.57848E-18    0.53110E-17
      1      11.391    0.61632E+00   -0.60708E+00    0.10928E-18    0.63202E-17
      1      11.304    0.62746E+00   -0.60466E+00   -0.87387E-18    0.44082E-17
      1      11.218    0.63863E+00   -0.60222E+00    0.85770E-18    0.40974E-17
      1      11.131    0.64983E+00   -0.59975E+00    0.68071E-18    0.53640E-17
      1      11.044    0.66105E+00   -0.59726E+00    0.91674E-18    0.63228E-17
      1      10.957    0.67231E+00   -0.59474E+00    0.30967E-18    0.48714E-17
      1      10.871    0.68359E+00   -0.59219E+00    0.15504E-17    0.63066E-17
      1      10.784    0.69491E+00   -0.58963E+00    0.30009E-18    0.51667E-17
      1      10.697    0.70626E+00   -0.58703E+00   -0.21645E-18    0.48895E-17
      1      10.611    0.71765E+00   -0.58442E+00    0.27845E-17    0.44780E-17
      1      10.524    0.72907E+00   -0.58178E+00   -0.59774E-20    0.43613E-17
      1      10.437    0.74052E+00   -0.57911E+00    0.92135E-18    0.34263E-17
      1      10.351    0.75202E+00   -0.57643E+00    0.17949E-17    0.49030E-17
      1      10.264    0.76354E+00   -0.57372E+00    0.52612E-18    0.40942E-17
      1      10.177    0.77511E+00   -0.57099E+00    0.10205E-17    0.36954E-17
      1      10.090    0.78672E+00   -0.56824E+00    0.18143E-17    0.40997E-17
      1      10.004    0.79837E+00   -0.56547E+00    0.27283E-17    0.40069E-17
      1       9.917    0.81006E+00   -0.56268E+00    0.27189E-17    0.38797E-17
      1       9.830    0.82180E+00   -0.55987E+00    0.13275E-17    0.41893E-17
      1       9.744    0.83358E+00   -0.55703E+00    0.35226E-17    0.29995E-17
      1       9.657    0.84540E+00   -0.55418E+00    0.18477E-17    0.34532E-17
      1       9.570    0.85727E+00   -0.55131E+00    0.40162E-17    0.30357E-17
      1       9.484    0.86919E+00   -0.54842E+00    0.40652E-17    0.23243E-17
      1       9.397    0.88116E+00   -0.54552E+00    0.31795E-17    0.36120E-17
      1       9.310    0.89317E+00   -0.54259E+00    0.29504E-17    0.33405E-17
      1       9.223    0.90524E+00   -0.53965E+00    0.30659E-17    0.31981E-17
      1       9.137    0.91737E+00   -0.53669E+00    0.19296E-17    0.29007E-17
      1       9.050    0.92954E+00   -0.53371E+00    0.29716E-17    0.34652E-17
      1       8.963    0.94178E+00   -0.53071E+00    0.69248E-17    0.32085E-17
      1       8.877    0.95407E+00   -0.52770E+00    0.42894E-17    0.39537E-17
      1       8.790    0.96642E+00   -0.52467E+00    0.40262E-17    0.37087E-17
      1       8.703    0.97883E+00   -0.52163E+00    0.34723E-17    0.11250E-17
      1       8.617    0.99130E+00   -0.51857E+00    0.40777E-17    0.39742E-17
      1       8.530    0.10038E+01   -0.51550E+00    0.55858E-17    0.22899E-17
      1       8.443    0.10164E+01   -0.51241E+00    0.68118E-17    0.42078E-17
      1       8.356    0.10291E+01   -0.50931E+00    0.25932E-17    0.44633E-17
      1       8.270    0.10419E+01   -0.50619E+00    0.77320E-17    0.43733E-17
      1       8.183    0.10547E+01   -0.50306E+00    0.67279E-17    0.32985E-17
      1       8.096    0.10676E+01   -0.49992E+00    0.10192E-17    0.48053E-17
      1       8.010    0.10805E+01   -0.49677E+00    0.70188E-17    0.40787E-17
      1       7.923    0.10935E+01   -0.49360E+00    0.32394E-17    0.25071E-17
      1       7.836    0.11067E+01   -0.49042E+00    0.95557E-17    0.28415E-17
      1       7.750    0.11199E+01   -0.48723E+00    0.10155E-16    0.12876E-17
      1       7.663    0.11331E+01   -0.48403E+00    0.48447E-17    0.26002E-17
      1       7.576    0.11465E+01   -0.48081E+00    0.62827E-17    0.37657E-17
      1       7.489    0.11599E+01   -0.47759E+00    0.59036E-17    0.26563E-17
      1       7.403    0.11734E+01   -0.47436E+00    0.88005E-17    0.15727E-17
      1       7.316    0.11871E+01   -0.47112E+00    0.10457E-16    0.18258E-17
      1       7.229    0.12008E+01   -0.46787E+00    0.92298E-17    0.25529E-17
      1       7.143    0.12145E+01   -0.46462E+00    0.96682E-17    0.24728E-17
      1       7.056    0.12284E+01   -0.46136E+00    0.71737E-17    0.17258E-17
      1       6.969    0.12424E+01   -0.45809E+00    0.74847E-17    0.14433E-17
      1       6.883    0.12564E+01   -0.45481E+00    0.93995E-17    0.31194E-17
      1       6.796    0.12706E+01   -0.45153E+00    0.52810E-17    0.23759E-17
      1       6.709    0.12848E+01   -0.44825E+00    0.14612E-16    0.24889E-17
      1       6.622    0.12991E+01   -0.44496E+00    0.12819E-16    0.22675E-17
      1       6.536    0.13135E+01   -0.44167E+00    0.77822E-17    0.45463E-17
      1       6.449    0.13280E+01   -0.43837E+00    0.11412E-16    0.28659E-17
      1       6.362    0.13425E+01   -0.43507E+00    0.87049E-17    0.36492E-17
      1       6.276    0.13572E+01   -0.43177E+00    0.11527E-16    0.32939E-17
      1       6.189    0.13719E+01   -0.42847E+00    0.12863E-16    0.16178E-17
      1       6.102    0.13867E+01   -0.42517E+00    0.13319E-16    0.22591E-17
      1       6.016    0.14016E+01   -0.42187E+00    0.93221E-17    0.13645E-17
      1       5.929    0.14165E+01   -0.41857E+00    0.87155E-17    0.21306E-17
      1       5.842    0.14315E+01   -0.41527E+00    0.91705E-17    0.21638E-17
      1       5.755    0.14466E+01   -0.41197E+00    0.17827E-16    0.61705E-18
      1       5.669    0.14617E+01   -0.40868E+00    0.94266E-17    0.13751E-17
      1       5.582    0.14769E+01   -0.40539E+00    0.81707E-17    0.40717E-17
      1       5.495    0.14921E+01   -0.40211E+00    0.13330E-16    0.25552E-17
      1       5.409    0.15073E+01   -0.39883E+00    0.11077E-16    0.28912E-17
      1       5.322    0.15226E+01   -0.39556E+00    0.12533E-16    0.25249E-17
      1       5.235    0.15379E+01   -0.39229E+00    0.16357E-16    0.38086E-17
      1       5.149    0.15532E+01   -0.38904E+00    0.15445E-16    0.36138E-17
      1       5.062    0.15685E+01   -0.38579E+00    0.11709E-16    0.30052E-17
      1       4.975    0.15838E+01   -0.38255E+00    0.12874E-16    0.22406E-17
      1       4.888    0.15990E+01   -0.37932E+00    0.13370E-16    0.17908E-17
      1       4.802    0.16142E+01   -0.37611E+00    0.16529E-16    0.33200E-17
      1       4.715    0.16293E+01   -0.37290E+00    0.23959E-16    0.18225E-17
      1       4.628    0.16444E+01   -0.36970E+00    0.14997E-16    0.37243E-17
      1       4.542    0.16593E+01   -0.36651E+00    0.18653E-16    0.17289E-17
      1       4.455    0.16741E+01   -0.36333E+00    0.18848E-16    0.35522E-17
      1       4.368    0.16887E+01   -0.36017E+00    0.11839E-16    0.11567E-17
      1       4.282    0.17032E+01   -0.35701E+00    0.17252E-16    0.25041E-17
      1       4.195    0.17174E+01   -0.35386E+00    0.11771E-16    0.22896E-17
      1       4.108    0.17314E+01   -0.35073E+00    0.61296E-17    0.21019E-17
      1       4.021    0.17451E+01   -0.34760E+00    0.23003E-16    0.24128E-17
      1       3.935    0.17585E+01   -0.34448E+00    0.14198E-16    0.25384E-17
      1       3.848    0.17715E+01   -0.34137E+00    0.16871E-16    0.12343E-17
      1       3.761    0.17841E+01   -0.33827E+00    0.18173E-16    0.16132E-17
      1       3.675    0.17963E+01   -0.33518E+00    0.21427E-16    0.39740E-17
      1       3.588    0.18080E+01   -0.33209E+00    0.16721E-16    0.17647E-17
      1       3.501    0.18192E+01   -0.32901E+00    0.20946E-16    0.35685E-17
      1       3.415    0.18299E+01   -0.32595E+00    0.25139E-16    0.58633E-18
      1       3.328    0.18399E+01   -0.32288E+00    0.20341E-16    0.34629E-17
      1       3.241    0.18492E+01   -0.31983E+00    0.19906E-16    0.18672E-17
      1       3.154    0.18579E+01   -0.31679E+00    0.21062E-16    0.38742E-17
      1       3.068    0.18657E+01   -0.31375E+00    0.27152E-16    0.15163E-17
      1       2.981    0.18728E+01   -0.31073E+00    0.22889E-16    0.17866E-17
      1       2.894    0.18790E+01   -0.30771E+00    0.16502E-16    0.15046E-17
      1       2.808    0.18842E+01   -0.30471E+00    0.20925E-16    0.23957E-17
      1       2.721    0.18885E+01   -0.30171E+00    0.25148E-16    0.29792E-18
      1       2.634    0.18916E+01   -0.29873E+00    0.25730E-16    0.44914E-18
      1       2.548    0.18937E+01   -0.29575E+00    0.23873E-16    0.25397E-17
      1       2.461    0.18945E+01   -0.29279E+00    0.26969E-16    0.10630E-17
      1       2.374    0.18941E+01   -0.28984E+00    0.29220E-16    0.73561E-18
      1       2.287    0.18922E+01   -0.28690E+00    0.20255E-16    0.12207E-17
      1       2.201    0.18889E+01   -0.28397E+00    0.28497E-16    0.25997E-17
      1       2.114    0.18841E+01   -0.28105E+00    0.20660E-16    0.14073E-17
      1       2.027    0.18775E+01   -0.27815E+00    0.23738E-16    0.33294E-17
      1       1.941    0.18691E+01   -0.27526E+00    0.28039E-16    0.18164E-17
      1       1.854    0.18588E+01   -0.27238E+00    0.19559E-16    0.13416E-17
      1       1.767    0.18465E+01   -0.26951E+00    0.28183E-16    0.24238E-17
      1       1.681    0.18319E+01   -0.26666E+00    0.28636E-16    0.35444E-18
      1       1.594    0.18149E+01   -0.26381E+00    0.35192E-16    0.20145E-17
      1       1.507    0.17952E+01   -0.26098E+00    0.30895E-16    0.14390E-17
      1       1.420    0.17728E+01   -0.25816E+00    0.25669E-16    0.89957E-18
      1       1.334    0.17472E+01   -0.25536E+00    0.27776E-16    0.29973E-19
      1       1.247    0.17183E+01   -0.25256E+00    0.39035E-16   -0.86601E-19
      1       1.160    0.16857E+01   -0.24978E+00    0.25717E-16    0.26213E-17
      1       1.074    0.16490E+01   -0.24701E+00    0.27564E-16   -0.71196E-19
      1       0.987    0.16077E+01   -0.24424E+00    0.29431E-16    0.38780E-17
      1       0.900    0.15613E+01   -0.24149E+00    0.27453E-16    0.46858E-17
      1       0.814    0.15091E+01   -0.23875E+00    0.31474E-16    0.19065E-17
      1       0.727    0.14502E+01   -0.23601E+00    0.35940E-16    0.26016E-17
      1       0.640    0.13835E+01   -0.23328E+00    0.31509E-16    0.90718E-18
      1       0.553    0.13077E+01   -0.23056E+00    0.35783E-16    0.22209E-17
      1       0.467    0.12206E+01   -0.22784E+00    0.33589E-16    0.20908E-17
      1       0.380    0.11194E+01   -0.22513E+00    0.42062E-16    0.61885E-18
      1       0.293    0.99936E+00   -0.22242E+00    0.39480E-16    0.35707E-18
      1       0.207    0.85218E+00   -0.21972E+00    0.37847E-16   -0.41766E-18
      1       0.120    0.65942E+00   -0.21701E+00    0.35621E-16    0.20338E-17
