   3N SYSTEM INCLUSIVE  PHOTODESINTEGRATION
        DETECTED PARTICLE: 1- PROTON
        NOT DETECTED PARTICLES:2-NEUTRON  3-NEUTRON

      OMEGA 0.30000E+02
     MTTWE1,MTTWE2,MTTWE3=    1   -1   -1
     TH1LAB,PHI1LAB=    90.000     0.000
   Unit of cross sections ... fm**2/(MeV*sr**2)
      I       E1      CROSS           AX           AY           AZ
      1      14.200    0.24045E-05   -0.98297E+00   -0.15214E-18    0.44422E-18
      1      14.187    0.30962E-02   -0.98297E+00   -0.31461E-18    0.27505E-18
      1      14.180    0.80342E-02   -0.98297E+00   -0.22242E-18   -0.49709E-18
      1      14.174    0.15743E-01   -0.98297E+00   -0.32368E-18    0.21690E-18
      1      14.167    0.26402E-01   -0.98297E+00   -0.54194E-18   -0.51004E-18
      1      14.160    0.40116E-01   -0.98297E+00   -0.28250E-18   -0.33539E-18
      1      14.154    0.56948E-01   -0.98297E+00   -0.53956E-18   -0.27968E-18
      1      14.147    0.76929E-01   -0.98297E+00   -0.10468E-18   -0.90880E-18
      1      14.140    0.10007E+00   -0.98297E+00   -0.39024E-18   -0.62589E-18
      1      14.134    0.12637E+00   -0.98297E+00   -0.59609E-18   -0.11282E-17
      1      14.127    0.15582E+00   -0.98297E+00   -0.73118E-18   -0.37127E-18
      1      14.120    0.18840E+00   -0.98297E+00   -0.82034E-18   -0.36956E-18
      1      14.114    0.22408E+00   -0.98297E+00   -0.62946E-18   -0.27497E-18
      1      14.107    0.26285E+00   -0.98297E+00   -0.54115E-18   -0.43994E-18
      1      14.100    0.30468E+00   -0.98296E+00   -0.90900E-19    0.15061E-18
      1      14.094    0.34953E+00   -0.98296E+00    0.89255E-19   -0.18770E-18
      1      14.087    0.39738E+00   -0.98296E+00   -0.33464E-18   -0.64085E-18
      1      14.080    0.44819E+00   -0.98296E+00   -0.26331E-18   -0.16545E-18
      1      14.004    0.61547E+00   -0.98295E+00   -0.51976E-18   -0.74845E-18
      1      13.927    0.76925E+00   -0.98294E+00   -0.88307E-18   -0.24505E-18
      1      13.850    0.91555E+00   -0.98293E+00   -0.14464E-18   -0.61954E-18
      1      13.773    0.10571E+01   -0.98292E+00   -0.61444E-18   -0.80080E-18
      1      13.697    0.11953E+01   -0.98290E+00   -0.68520E-18   -0.16492E-17
      1      13.620    0.13311E+01   -0.98288E+00   -0.12515E-17   -0.79056E-18
      1      13.543    0.14650E+01   -0.98285E+00   -0.67362E-18   -0.47311E-18
      1      13.467    0.15975E+01   -0.98283E+00   -0.79491E-18   -0.72257E-18
      1      13.390    0.17288E+01   -0.98280E+00   -0.38824E-18   -0.41411E-18
      1      13.313    0.18592E+01   -0.98276E+00   -0.10627E-17    0.57907E-19
      1      13.237    0.19887E+01   -0.98272E+00   -0.10545E-17    0.48143E-18
      1      13.160    0.21176E+01   -0.98268E+00   -0.11927E-17    0.80962E-19
      1      13.083    0.22458E+01   -0.98263E+00   -0.77441E-18   -0.11865E-17
      1      13.006    0.23734E+01   -0.98258E+00   -0.69345E-18   -0.74708E-18
      1      12.930    0.25005E+01   -0.98252E+00   -0.96288E-18   -0.44492E-18
      1      12.853    0.26271E+01   -0.98246E+00   -0.11066E-17   -0.13479E-18
      1      12.776    0.27533E+01   -0.98239E+00   -0.12923E-17    0.46537E-18
      1      12.700    0.28790E+01   -0.98232E+00   -0.75091E-18    0.52266E-19
      1      12.623    0.30043E+01   -0.98224E+00   -0.85968E-18   -0.77232E-19
      1      12.546    0.31293E+01   -0.98216E+00   -0.77069E-18    0.30588E-18
      1      12.469    0.32538E+01   -0.98208E+00   -0.77435E-18   -0.73545E-18
      1      12.393    0.33779E+01   -0.98199E+00   -0.21911E-18    0.13541E-18
      1      12.316    0.35016E+01   -0.98189E+00   -0.12480E-17    0.23396E-19
      1      12.239    0.36250E+01   -0.98179E+00   -0.71236E-18    0.54769E-18
      1      12.163    0.37479E+01   -0.98168E+00   -0.10072E-17    0.18280E-17
      1      12.086    0.38705E+01   -0.98157E+00   -0.21119E-18   -0.21202E-17
      1      12.009    0.39926E+01   -0.98146E+00   -0.10341E-17   -0.88459E-19
      1      11.933    0.41144E+01   -0.98134E+00   -0.11101E-17   -0.27856E-18
      1      11.856    0.42357E+01   -0.98121E+00   -0.28419E-18   -0.10821E-18
      1      11.779    0.43566E+01   -0.98108E+00   -0.11400E-17   -0.90771E-18
      1      11.702    0.44771E+01   -0.98094E+00    0.60455E-19   -0.13625E-17
      1      11.626    0.45972E+01   -0.98080E+00   -0.27737E-18   -0.96690E-18
      1      11.549    0.47169E+01   -0.98065E+00   -0.69370E-18    0.41528E-18
      1      11.472    0.48360E+01   -0.98050E+00   -0.10764E-17    0.74324E-18
      1      11.396    0.49548E+01   -0.98034E+00   -0.11650E-17    0.52923E-18
      1      11.319    0.50731E+01   -0.98018E+00   -0.13129E-17   -0.75768E-18
      1      11.242    0.51909E+01   -0.98001E+00   -0.25451E-18   -0.10877E-17
      1      11.165    0.53082E+01   -0.97984E+00   -0.85621E-18    0.10864E-18
      1      11.089    0.54251E+01   -0.97966E+00   -0.77272E-20   -0.10547E-17
      1      11.012    0.55414E+01   -0.97947E+00   -0.40187E-18    0.31514E-18
      1      10.935    0.56573E+01   -0.97929E+00   -0.68430E-18    0.21229E-17
      1      10.859    0.57727E+01   -0.97909E+00   -0.78313E-18    0.77339E-18
      1      10.782    0.58875E+01   -0.97889E+00   -0.48286E-18   -0.54362E-18
      1      10.705    0.60018E+01   -0.97868E+00   -0.68306E-18    0.17163E-17
      1      10.629    0.61156E+01   -0.97847E+00   -0.21159E-18    0.11357E-17
      1      10.552    0.62288E+01   -0.97825E+00   -0.78180E-18   -0.33060E-18
      1      10.475    0.63415E+01   -0.97803E+00   -0.94794E-18   -0.18719E-18
      1      10.398    0.64536E+01   -0.97780E+00   -0.75387E-18    0.85365E-18
      1      10.322    0.65651E+01   -0.97757E+00   -0.11623E-17    0.10166E-18
      1      10.245    0.66761E+01   -0.97733E+00   -0.89755E-18    0.68329E-19
      1      10.168    0.67865E+01   -0.97709E+00   -0.76702E-18    0.16016E-17
      1      10.092    0.68962E+01   -0.97684E+00   -0.83165E-18    0.16515E-17
      1      10.015    0.70054E+01   -0.97658E+00   -0.80271E-18    0.10062E-17
      1       9.938    0.71140E+01   -0.97632E+00   -0.33687E-18    0.16022E-17
      1       9.862    0.72219E+01   -0.97605E+00   -0.44864E-18    0.14477E-17
      1       9.785    0.73292E+01   -0.97578E+00   -0.59957E-18    0.41892E-18
      1       9.708    0.74359E+01   -0.97550E+00   -0.87726E-19    0.12583E-17
      1       9.631    0.75420E+01   -0.97521E+00   -0.10023E-17    0.11615E-17
      1       9.555    0.76474E+01   -0.97492E+00   -0.99890E-18    0.27331E-17
      1       9.478    0.77521E+01   -0.97462E+00   -0.15925E-17    0.11523E-17
      1       9.401    0.78562E+01   -0.97432E+00   -0.41552E-18    0.68397E-18
      1       9.325    0.79596E+01   -0.97401E+00   -0.49773E-18    0.36431E-18
      1       9.248    0.80623E+01   -0.97369E+00   -0.10190E-17    0.22197E-17
      1       9.171    0.81643E+01   -0.97337E+00    0.65349E-18    0.21425E-17
      1       9.094    0.82657E+01   -0.97305E+00    0.23891E-18    0.13912E-17
      1       9.018    0.83663E+01   -0.97271E+00    0.13349E-18    0.24257E-17
      1       8.941    0.84663E+01   -0.97237E+00   -0.38947E-18   -0.41941E-18
      1       8.864    0.85655E+01   -0.97202E+00    0.77423E-18    0.27105E-18
      1       8.788    0.86640E+01   -0.97167E+00    0.85652E-18    0.17817E-17
      1       8.711    0.87619E+01   -0.97131E+00    0.74893E-18    0.15155E-17
      1       8.634    0.88589E+01   -0.97094E+00    0.92660E-18    0.10679E-17
      1       8.558    0.89553E+01   -0.97057E+00    0.11239E-17    0.19457E-17
      1       8.481    0.90509E+01   -0.97019E+00   -0.28688E-18    0.17693E-17
      1       8.404    0.91458E+01   -0.96980E+00    0.25777E-18    0.11232E-17
      1       8.327    0.92399E+01   -0.96941E+00    0.32758E-18    0.19750E-17
      1       8.251    0.93333E+01   -0.96901E+00    0.43131E-18    0.51424E-18
      1       8.174    0.94259E+01   -0.96860E+00    0.73677E-18   -0.37756E-18
      1       8.097    0.95178E+01   -0.96819E+00    0.10012E-17    0.11369E-18
      1       8.021    0.96089E+01   -0.96777E+00    0.13849E-17    0.15667E-17
      1       7.944    0.96992E+01   -0.96734E+00    0.15156E-17    0.79307E-18
      1       7.867    0.97888E+01   -0.96690E+00    0.10290E-17    0.18993E-17
      1       7.790    0.98776E+01   -0.96645E+00    0.13663E-17    0.61385E-19
      1       7.714    0.99656E+01   -0.96600E+00    0.96111E-18    0.79383E-18
      1       7.637    0.10053E+02   -0.96554E+00    0.81497E-18    0.13751E-17
      1       7.560    0.10139E+02   -0.96508E+00    0.91400E-18    0.68693E-18
      1       7.484    0.10225E+02   -0.96460E+00    0.24703E-17    0.22300E-19
      1       7.407    0.10310E+02   -0.96412E+00    0.71908E-18    0.15775E-17
      1       7.330    0.10394E+02   -0.96363E+00    0.11539E-17    0.18482E-17
      1       7.254    0.10477E+02   -0.96313E+00    0.14682E-17    0.25640E-17
      1       7.177    0.10560E+02   -0.96262E+00    0.67110E-18    0.51748E-18
      1       7.100    0.10642E+02   -0.96210E+00    0.62196E-18    0.12733E-17
      1       7.023    0.10723E+02   -0.96158E+00    0.11400E-18    0.14425E-17
      1       6.947    0.10803E+02   -0.96105E+00    0.18609E-18    0.23934E-17
      1       6.870    0.10883E+02   -0.96051E+00    0.78089E-18    0.19873E-17
      1       6.793    0.10962E+02   -0.95996E+00    0.24347E-17    0.18696E-17
      1       6.717    0.11040E+02   -0.95940E+00    0.12449E-17    0.11469E-17
      1       6.640    0.11117E+02   -0.95883E+00    0.35038E-18    0.10123E-17
      1       6.563    0.11193E+02   -0.95826E+00   -0.13785E-18    0.24870E-17
      1       6.486    0.11269E+02   -0.95767E+00    0.49582E-18    0.23127E-17
      1       6.410    0.11344E+02   -0.95708E+00    0.12112E-17    0.26487E-17
      1       6.333    0.11418E+02   -0.95648E+00    0.20314E-17    0.36503E-17
      1       6.256    0.11492E+02   -0.95586E+00    0.44083E-18    0.26053E-17
      1       6.180    0.11565E+02   -0.95524E+00    0.14822E-17    0.32434E-17
      1       6.103    0.11637E+02   -0.95461E+00    0.82952E-18    0.50395E-17
      1       6.026    0.11708E+02   -0.95397E+00    0.10524E-17    0.23587E-17
      1       5.950    0.11778E+02   -0.95333E+00    0.30798E-17    0.26508E-17
      1       5.873    0.11848E+02   -0.95267E+00    0.21315E-17    0.20675E-17
      1       5.796    0.11917E+02   -0.95200E+00    0.15618E-17    0.34102E-17
      1       5.719    0.11985E+02   -0.95132E+00    0.16108E-17    0.14506E-17
      1       5.643    0.12052E+02   -0.95063E+00    0.69100E-18    0.22250E-17
      1       5.566    0.12119E+02   -0.94994E+00    0.10089E-17    0.28750E-17
      1       5.489    0.12184E+02   -0.94923E+00    0.15598E-17    0.34102E-17
      1       5.413    0.12249E+02   -0.94851E+00    0.23798E-17    0.33530E-17
      1       5.336    0.12313E+02   -0.94779E+00    0.12084E-17    0.36137E-17
      1       5.259    0.12375E+02   -0.94705E+00    0.66868E-18    0.30734E-17
      1       5.183    0.12437E+02   -0.94630E+00    0.99051E-18    0.24902E-17
      1       5.106    0.12498E+02   -0.94555E+00    0.16821E-17    0.44106E-17
      1       5.029    0.12558E+02   -0.94478E+00    0.26642E-17    0.28520E-17
      1       4.952    0.12617E+02   -0.94400E+00    0.16898E-17    0.12076E-17
      1       4.876    0.12675E+02   -0.94321E+00    0.23748E-17    0.22783E-17
      1       4.799    0.12731E+02   -0.94241E+00    0.20992E-17    0.28333E-17
      1       4.722    0.12787E+02   -0.94160E+00    0.93267E-18    0.33629E-17
      1       4.646    0.12841E+02   -0.94078E+00   -0.13907E-17    0.19832E-17
      1       4.569    0.12893E+02   -0.93995E+00    0.31098E-17    0.27029E-17
      1       4.492    0.12945E+02   -0.93911E+00    0.26350E-17    0.14991E-17
      1       4.415    0.12995E+02   -0.93826E+00    0.45611E-17    0.49033E-17
      1       4.339    0.13044E+02   -0.93740E+00    0.33605E-17   -0.13785E-18
      1       4.262    0.13091E+02   -0.93653E+00    0.36006E-17    0.10340E-17
      1       4.185    0.13136E+02   -0.93565E+00    0.29625E-17    0.84087E-18
      1       4.109    0.13180E+02   -0.93476E+00    0.11046E-17    0.13574E-17
      1       4.032    0.13222E+02   -0.93386E+00    0.35888E-17    0.18621E-17
      1       3.955    0.13261E+02   -0.93295E+00    0.32286E-17   -0.14898E-19
      1       3.879    0.13299E+02   -0.93202E+00    0.10107E-17    0.90347E-18
      1       3.802    0.13334E+02   -0.93109E+00   -0.26145E-18    0.27400E-17
      1       3.725    0.13367E+02   -0.93015E+00    0.42573E-17    0.14692E-17
      1       3.648    0.13397E+02   -0.92920E+00    0.13723E-17    0.52779E-18
      1       3.572    0.13424E+02   -0.92823E+00    0.55748E-17    0.26066E-19
      1       3.495    0.13448E+02   -0.92726E+00    0.13572E-17    0.14408E-17
      1       3.418    0.13468E+02   -0.92627E+00    0.40861E-17    0.31887E-18
      1       3.342    0.13485E+02   -0.92527E+00    0.31516E-17    0.36772E-18
      1       3.265    0.13497E+02   -0.92426E+00    0.67744E-17    0.19364E-18
      1       3.188    0.13506E+02   -0.92324E+00    0.44975E-17   -0.24827E-17
      1       3.111    0.13509E+02   -0.92221E+00    0.59915E-17    0.21325E-18
      1       3.035    0.13508E+02   -0.92116E+00    0.64183E-17    0.90273E-18
      1       2.958    0.13501E+02   -0.92010E+00    0.29189E-17    0.35243E-18
      1       2.881    0.13488E+02   -0.91903E+00    0.48694E-17   -0.24679E-17
      1       2.805    0.13470E+02   -0.91794E+00    0.93207E-17   -0.18216E-17
      1       2.728    0.13445E+02   -0.91683E+00    0.35447E-17   -0.12358E-17
      1       2.651    0.13413E+02   -0.91571E+00    0.95690E-17   -0.19858E-18
      1       2.575    0.13373E+02   -0.91457E+00    0.21732E-17   -0.15023E-17
      1       2.498    0.13327E+02   -0.91342E+00   -0.10386E-17   -0.35467E-19
      1       2.421    0.13272E+02   -0.91225E+00    0.33617E-17   -0.71717E-18
      1       2.344    0.13210E+02   -0.91106E+00    0.86594E-17   -0.66478E-19
      1       2.268    0.13138E+02   -0.90986E+00    0.85470E-17   -0.27436E-18
      1       2.191    0.13058E+02   -0.90863E+00   -0.63667E-19   -0.21861E-17
      1       2.114    0.12969E+02   -0.90739E+00    0.34327E-17   -0.27704E-17
      1       2.038    0.12870E+02   -0.90613E+00    0.64581E-17   -0.31247E-17
      1       1.961    0.12761E+02   -0.90485E+00    0.98726E-17   -0.22867E-17
      1       1.884    0.12641E+02   -0.90355E+00    0.91251E-17   -0.49586E-18
      1       1.808    0.12510E+02   -0.90224E+00    0.58060E-17   -0.16500E-17
      1       1.731    0.12367E+02   -0.90090E+00    0.86409E-17   -0.28548E-17
      1       1.654    0.12213E+02   -0.89954E+00    0.30346E-17   -0.32189E-17
      1       1.577    0.12046E+02   -0.89816E+00    0.37278E-17   -0.29977E-17
      1       1.501    0.11865E+02   -0.89677E+00    0.36292E-17   -0.35601E-17
      1       1.424    0.11670E+02   -0.89535E+00    0.52102E-17   -0.24324E-17
      1       1.347    0.11460E+02   -0.89391E+00    0.93140E-17   -0.37686E-17
      1       1.271    0.11234E+02   -0.89244E+00    0.11099E-16   -0.27398E-17
      1       1.194    0.10991E+02   -0.89096E+00    0.33039E-17   -0.11172E-17
      1       1.117    0.10729E+02   -0.88945E+00    0.15246E-17   -0.29583E-17
      1       1.040    0.10448E+02   -0.88792E+00    0.86164E-17   -0.21236E-17
      1       0.964    0.10145E+02   -0.88637E+00   -0.19428E-17   -0.40675E-17
      1       0.887    0.98178E+01   -0.88479E+00    0.24746E-17   -0.40557E-17
      1       0.810    0.94644E+01   -0.88318E+00    0.99099E-17   -0.27007E-17
      1       0.734    0.90815E+01   -0.88155E+00    0.74443E-17   -0.31233E-17
      1       0.657    0.86651E+01   -0.87990E+00    0.87408E-17   -0.20831E-17
      1       0.580    0.82101E+01   -0.87821E+00    0.11436E-16   -0.23193E-17
      1       0.504    0.77095E+01   -0.87650E+00    0.81655E-17   -0.26022E-17
      1       0.427    0.71538E+01   -0.87475E+00    0.61618E-17   -0.27590E-17
      1       0.350    0.65291E+01   -0.87298E+00    0.13588E-16   -0.51440E-17
      1       0.273    0.58131E+01   -0.87117E+00    0.65648E-17   -0.26049E-17
      1       0.197    0.49669E+01   -0.86932E+00    0.68291E-17   -0.37889E-17
      1       0.120    0.39071E+01   -0.86744E+00    0.24307E-17   -0.28242E-17
