   3N SYSTEM INCLUSIVE  PHOTODESINTEGRATION
        DETECTED PARTICLE: 1- PROTON
        NOT DETECTED PARTICLES:2-NEUTRON  3-NEUTRON

      OMEGA 0.30000E+02
     MTTWE1,MTTWE2,MTTWE3=    1   -1   -1
     TH1LAB,PHI1LAB=    10.000     0.000
   Unit of cross sections ... fm**2/(MeV*sr**2)
      I       E1      CROSS           AX           AY           AZ
      1      16.019    0.19428E-06   -0.67869E+00    0.14214E-18    0.21753E-18
      1      16.006    0.25162E-03   -0.67871E+00    0.10613E-16    0.24251E-16
      1      15.999    0.65463E-03   -0.67869E+00    0.83947E-17    0.21570E-16
      1      15.993    0.12852E-02   -0.67865E+00    0.67908E-17    0.15954E-16
      1      15.986    0.21587E-02   -0.67860E+00    0.59399E-17    0.12493E-16
      1      15.979    0.32845E-02   -0.67855E+00    0.55019E-17    0.10669E-16
      1      15.973    0.46682E-02   -0.67848E+00    0.49253E-17    0.93268E-17
      1      15.966    0.63131E-02   -0.67842E+00    0.43703E-17    0.92786E-17
      1      15.959    0.82204E-02   -0.67835E+00    0.39387E-17    0.68676E-17
      1      15.953    0.10390E-01   -0.67827E+00    0.34396E-17    0.66017E-17
      1      15.946    0.12823E-01   -0.67819E+00    0.37900E-17    0.56102E-17
      1      15.939    0.15516E-01   -0.67811E+00    0.35420E-17    0.53608E-17
      1      15.933    0.18469E-01   -0.67803E+00    0.32709E-17    0.40852E-17
      1      15.926    0.21679E-01   -0.67795E+00    0.34969E-17    0.27430E-17
      1      15.919    0.25145E-01   -0.67786E+00    0.34316E-17    0.32740E-17
      1      15.913    0.28864E-01   -0.67777E+00    0.32114E-17    0.37863E-17
      1      15.906    0.32834E-01   -0.67768E+00    0.29470E-17    0.34500E-17
      1      15.899    0.37053E-01   -0.67759E+00    0.30085E-17    0.33936E-17
      1      15.813    0.52109E-01   -0.67740E+00    0.28105E-17    0.30866E-17
      1      15.726    0.65726E-01   -0.67714E+00    0.28862E-17    0.43899E-17
      1      15.639    0.78566E-01   -0.67682E+00    0.33737E-17    0.30408E-17
      1      15.553    0.90914E-01   -0.67645E+00    0.34450E-17    0.38903E-17
      1      15.466    0.10292E+00   -0.67602E+00    0.35765E-17    0.31313E-17
      1      15.379    0.11468E+00   -0.67554E+00    0.31798E-17    0.27736E-17
      1      15.292    0.12625E+00   -0.67502E+00    0.38513E-17    0.16249E-17
      1      15.206    0.13767E+00   -0.67444E+00    0.39118E-17    0.38360E-17
      1      15.119    0.14897E+00   -0.67382E+00    0.31250E-17    0.59023E-18
      1      15.032    0.16017E+00   -0.67314E+00    0.31304E-17    0.21599E-17
      1      14.946    0.17130E+00   -0.67241E+00    0.37453E-17    0.22507E-17
      1      14.859    0.18236E+00   -0.67163E+00    0.35083E-17    0.22021E-17
      1      14.772    0.19336E+00   -0.67080E+00    0.31771E-17    0.52911E-18
      1      14.686    0.20432E+00   -0.66992E+00    0.32066E-17    0.80109E-18
      1      14.599    0.21524E+00   -0.66899E+00    0.32522E-17    0.86533E-18
      1      14.512    0.22613E+00   -0.66801E+00    0.35787E-17    0.54040E-18
      1      14.425    0.23699E+00   -0.66698E+00    0.31700E-17    0.45201E-18
      1      14.339    0.24783E+00   -0.66590E+00    0.29093E-17    0.48933E-18
      1      14.252    0.25865E+00   -0.66477E+00    0.32165E-17    0.55046E-18
      1      14.165    0.26945E+00   -0.66359E+00    0.32347E-17    0.22366E-17
      1      14.079    0.28024E+00   -0.66237E+00    0.33072E-17    0.11337E-17
      1      13.992    0.29102E+00   -0.66109E+00    0.32780E-17    0.11344E-17
      1      13.905    0.30179E+00   -0.65977E+00    0.31922E-17    0.10899E-17
      1      13.819    0.31256E+00   -0.65840E+00    0.33919E-17    0.99188E-18
      1      13.732    0.32332E+00   -0.65699E+00    0.31307E-17   -0.54336E-19
      1      13.645    0.33408E+00   -0.65553E+00    0.28622E-17   -0.11774E-17
      1      13.558    0.34485E+00   -0.65402E+00    0.34437E-17    0.12120E-17
      1      13.472    0.35561E+00   -0.65247E+00    0.33381E-17    0.42370E-22
      1      13.385    0.36638E+00   -0.65088E+00    0.31374E-17    0.69614E-18
      1      13.298    0.37715E+00   -0.64924E+00    0.36298E-17   -0.11501E-18
      1      13.212    0.38793E+00   -0.64756E+00    0.34003E-17    0.10692E-17
      1      13.125    0.39872E+00   -0.64584E+00    0.30676E-17    0.13741E-17
      1      13.038    0.40952E+00   -0.64408E+00    0.26979E-17    0.51984E-18
      1      12.952    0.42032E+00   -0.64227E+00    0.29757E-17   -0.76106E-18
      1      12.865    0.43114E+00   -0.64043E+00    0.27687E-17   -0.47968E-19
      1      12.778    0.44197E+00   -0.63855E+00    0.30906E-17    0.21159E-17
      1      12.691    0.45282E+00   -0.63663E+00    0.33172E-17   -0.30512E-18
      1      12.605    0.46368E+00   -0.63468E+00    0.37958E-17    0.34035E-18
      1      12.518    0.47455E+00   -0.63269E+00    0.31059E-17    0.89172E-18
      1      12.431    0.48544E+00   -0.63066E+00    0.33349E-17   -0.16469E-18
      1      12.345    0.49635E+00   -0.62860E+00    0.27981E-17    0.96539E-18
      1      12.258    0.50728E+00   -0.62650E+00    0.28120E-17   -0.78565E-18
      1      12.171    0.51822E+00   -0.62437E+00    0.29233E-17   -0.27313E-18
      1      12.085    0.52919E+00   -0.62220E+00    0.25986E-17    0.16169E-17
      1      11.998    0.54017E+00   -0.62001E+00    0.26585E-17    0.17253E-17
      1      11.911    0.55118E+00   -0.61778E+00    0.23303E-17   -0.79801E-18
      1      11.824    0.56221E+00   -0.61552E+00    0.31715E-17    0.22131E-17
      1      11.738    0.57327E+00   -0.61324E+00    0.30195E-17    0.17509E-17
      1      11.651    0.58434E+00   -0.61092E+00    0.24620E-17    0.75269E-18
      1      11.564    0.59544E+00   -0.60858E+00    0.21780E-17    0.81358E-18
      1      11.478    0.60657E+00   -0.60620E+00    0.24346E-17   -0.71936E-18
      1      11.391    0.61772E+00   -0.60380E+00    0.23769E-17   -0.67428E-19
      1      11.304    0.62890E+00   -0.60138E+00    0.20473E-17    0.18688E-17
      1      11.218    0.64010E+00   -0.59892E+00    0.30871E-17    0.64757E-18
      1      11.131    0.65133E+00   -0.59645E+00    0.33605E-17    0.41248E-18
      1      11.044    0.66260E+00   -0.59394E+00    0.36547E-17    0.15274E-17
      1      10.957    0.67389E+00   -0.59142E+00    0.34818E-17    0.16543E-17
      1      10.871    0.68521E+00   -0.58886E+00    0.18390E-17   -0.66127E-18
      1      10.784    0.69656E+00   -0.58629E+00    0.42849E-17    0.80304E-18
      1      10.697    0.70795E+00   -0.58369E+00    0.26739E-17    0.13231E-17
      1      10.611    0.71936E+00   -0.58107E+00    0.48452E-17    0.19248E-17
      1      10.524    0.73081E+00   -0.57843E+00    0.64288E-17    0.11184E-17
      1      10.437    0.74230E+00   -0.57577E+00    0.29176E-17    0.19307E-17
      1      10.351    0.75382E+00   -0.57308E+00    0.49722E-17    0.15690E-17
      1      10.264    0.76538E+00   -0.57038E+00    0.62666E-17   -0.68249E-19
      1      10.177    0.77697E+00   -0.56765E+00    0.42661E-17    0.24047E-18
      1      10.090    0.78861E+00   -0.56491E+00    0.60055E-17    0.21254E-17
      1      10.004    0.80028E+00   -0.56214E+00    0.55178E-17    0.14267E-17
      1       9.917    0.81199E+00   -0.55935E+00    0.77066E-17    0.22340E-17
      1       9.830    0.82375E+00   -0.55655E+00    0.53675E-17    0.14558E-17
      1       9.744    0.83554E+00   -0.55373E+00    0.50505E-17    0.17682E-17
      1       9.657    0.84739E+00   -0.55089E+00    0.66280E-17    0.22498E-17
      1       9.570    0.85927E+00   -0.54803E+00    0.55526E-17    0.12870E-17
      1       9.484    0.87120E+00   -0.54515E+00    0.67743E-17    0.25942E-17
      1       9.397    0.88318E+00   -0.54226E+00    0.53211E-17    0.23032E-17
      1       9.310    0.89521E+00   -0.53935E+00    0.58866E-17    0.29295E-17
      1       9.223    0.90728E+00   -0.53642E+00    0.59156E-17    0.32345E-17
      1       9.137    0.91941E+00   -0.53348E+00    0.67973E-17    0.66486E-18
      1       9.050    0.93159E+00   -0.53052E+00    0.47117E-17    0.33299E-18
      1       8.963    0.94382E+00   -0.52754E+00    0.43118E-17    0.71620E-18
      1       8.877    0.95611E+00   -0.52456E+00    0.63682E-17    0.26775E-17
      1       8.790    0.96845E+00   -0.52155E+00    0.55614E-17    0.13919E-17
      1       8.703    0.98085E+00   -0.51853E+00    0.80316E-17    0.18804E-17
      1       8.617    0.99332E+00   -0.51550E+00    0.57154E-17    0.25109E-17
      1       8.530    0.10058E+01   -0.51245E+00    0.29348E-17    0.16920E-17
      1       8.443    0.10184E+01   -0.50939E+00    0.96637E-17    0.37252E-17
      1       8.356    0.10311E+01   -0.50631E+00    0.72796E-17    0.12213E-17
      1       8.270    0.10438E+01   -0.50323E+00    0.70038E-17    0.36179E-18
      1       8.183    0.10566E+01   -0.50013E+00    0.10271E-16    0.27492E-17
      1       8.096    0.10694E+01   -0.49701E+00    0.67757E-17    0.11742E-17
      1       8.010    0.10824E+01   -0.49389E+00    0.53408E-17    0.18789E-17
      1       7.923    0.10953E+01   -0.49075E+00    0.63338E-17    0.13615E-17
      1       7.836    0.11084E+01   -0.48761E+00    0.67786E-17    0.38610E-17
      1       7.750    0.11216E+01   -0.48445E+00    0.75732E-17    0.46119E-17
      1       7.663    0.11348E+01   -0.48129E+00    0.56031E-17    0.54117E-17
      1       7.576    0.11481E+01   -0.47811E+00    0.68052E-17    0.27991E-17
      1       7.489    0.11615E+01   -0.47492E+00    0.90160E-17    0.17811E-17
      1       7.403    0.11749E+01   -0.47173E+00    0.87147E-17    0.29616E-17
      1       7.316    0.11885E+01   -0.46853E+00    0.89674E-17    0.36195E-17
      1       7.229    0.12021E+01   -0.46532E+00    0.49720E-17    0.27161E-17
      1       7.143    0.12158E+01   -0.46210E+00    0.97539E-17    0.13217E-17
      1       7.056    0.12296E+01   -0.45888E+00    0.76066E-17    0.24939E-17
      1       6.969    0.12435E+01   -0.45565E+00    0.10627E-16    0.19401E-17
      1       6.883    0.12575E+01   -0.45242E+00    0.10713E-16    0.38774E-17
      1       6.796    0.12715E+01   -0.44918E+00    0.79514E-17    0.39486E-17
      1       6.709    0.12856E+01   -0.44594E+00    0.43668E-17    0.53393E-17
      1       6.622    0.12999E+01   -0.44269E+00    0.26016E-17    0.30096E-17
      1       6.536    0.13141E+01   -0.43944E+00    0.11320E-16    0.43381E-17
      1       6.449    0.13285E+01   -0.43618E+00    0.12687E-16    0.44566E-17
      1       6.362    0.13430E+01   -0.43293E+00    0.72465E-17    0.38494E-17
      1       6.276    0.13575E+01   -0.42967E+00    0.69224E-17    0.39306E-17
      1       6.189    0.13721E+01   -0.42642E+00    0.95853E-17    0.48353E-17
      1       6.102    0.13868E+01   -0.42316E+00    0.73911E-17    0.60115E-17
      1       6.016    0.14015E+01   -0.41990E+00    0.80473E-17    0.53506E-17
      1       5.929    0.14163E+01   -0.41664E+00    0.10654E-16    0.32273E-17
      1       5.842    0.14312E+01   -0.41339E+00    0.14005E-16    0.30297E-17
      1       5.755    0.14461E+01   -0.41014E+00    0.80142E-17    0.48157E-17
      1       5.669    0.14611E+01   -0.40689E+00    0.93625E-17    0.26482E-17
      1       5.582    0.14761E+01   -0.40364E+00    0.13708E-16    0.49836E-17
      1       5.495    0.14911E+01   -0.40041E+00    0.12082E-16    0.30273E-17
      1       5.409    0.15062E+01   -0.39717E+00    0.11382E-16    0.50018E-17
      1       5.322    0.15213E+01   -0.39394E+00    0.12376E-16    0.48797E-17
      1       5.235    0.15364E+01   -0.39072E+00    0.13614E-16    0.51203E-17
      1       5.149    0.15515E+01   -0.38751E+00    0.15417E-16    0.47546E-17
      1       5.062    0.15667E+01   -0.38431E+00    0.11933E-16    0.43063E-17
      1       4.975    0.15817E+01   -0.38112E+00    0.16476E-16    0.42086E-17
      1       4.888    0.15968E+01   -0.37793E+00    0.19270E-16    0.41768E-17
      1       4.802    0.16118E+01   -0.37475E+00    0.16790E-16    0.59586E-17
      1       4.715    0.16267E+01   -0.37159E+00    0.10662E-16    0.47834E-17
      1       4.628    0.16416E+01   -0.36843E+00    0.18024E-16    0.49558E-17
      1       4.542    0.16563E+01   -0.36529E+00    0.20922E-16    0.57294E-17
      1       4.455    0.16709E+01   -0.36215E+00    0.15110E-16    0.41212E-17
      1       4.368    0.16853E+01   -0.35902E+00    0.12634E-16    0.36059E-17
      1       4.282    0.16995E+01   -0.35591E+00    0.18731E-16    0.63817E-17
      1       4.195    0.17135E+01   -0.35280E+00    0.25613E-16    0.48160E-17
      1       4.108    0.17273E+01   -0.34971E+00    0.18208E-16    0.40760E-17
      1       4.021    0.17408E+01   -0.34662E+00    0.13493E-16    0.51959E-17
      1       3.935    0.17539E+01   -0.34354E+00    0.24315E-16    0.28649E-17
      1       3.848    0.17667E+01   -0.34047E+00    0.12367E-16    0.66096E-17
      1       3.761    0.17791E+01   -0.33740E+00    0.16474E-16    0.28121E-17
      1       3.675    0.17911E+01   -0.33435E+00    0.20443E-16    0.53216E-17
      1       3.588    0.18026E+01   -0.33130E+00    0.11568E-16    0.37687E-17
      1       3.501    0.18135E+01   -0.32826E+00    0.20509E-16    0.58273E-17
      1       3.415    0.18239E+01   -0.32522E+00    0.29312E-16    0.45487E-17
      1       3.328    0.18337E+01   -0.32220E+00    0.26499E-16    0.28978E-17
      1       3.241    0.18428E+01   -0.31918E+00    0.15035E-16    0.32519E-17
      1       3.154    0.18512E+01   -0.31617E+00    0.23838E-16    0.50975E-17
      1       3.068    0.18588E+01   -0.31317E+00    0.24737E-16    0.58061E-17
      1       2.981    0.18657E+01   -0.31017E+00    0.23020E-16    0.45830E-17
      1       2.894    0.18716E+01   -0.30719E+00    0.23071E-16    0.50549E-17
      1       2.808    0.18766E+01   -0.30422E+00    0.21550E-16    0.40654E-17
      1       2.721    0.18807E+01   -0.30125E+00    0.20826E-16    0.14482E-17
      1       2.634    0.18836E+01   -0.29830E+00    0.20195E-16    0.33948E-17
      1       2.548    0.18855E+01   -0.29535E+00    0.18262E-16    0.53233E-17
      1       2.461    0.18861E+01   -0.29242E+00    0.25045E-16    0.37751E-17
      1       2.374    0.18855E+01   -0.28950E+00    0.28407E-16    0.27934E-17
      1       2.287    0.18835E+01   -0.28658E+00    0.23513E-16    0.55873E-17
      1       2.201    0.18800E+01   -0.28368E+00    0.29612E-16    0.29288E-17
      1       2.114    0.18749E+01   -0.28079E+00    0.31310E-16    0.40590E-17
      1       2.027    0.18682E+01   -0.27792E+00    0.21314E-16    0.30173E-17
      1       1.941    0.18597E+01   -0.27505E+00    0.21108E-16    0.39251E-17
      1       1.854    0.18493E+01   -0.27220E+00    0.19912E-16    0.25438E-17
      1       1.767    0.18368E+01   -0.26935E+00    0.22937E-16    0.45389E-17
      1       1.681    0.18221E+01   -0.26652E+00    0.19246E-16    0.13392E-17
      1       1.594    0.18050E+01   -0.26370E+00    0.22675E-16    0.18588E-17
      1       1.507    0.17854E+01   -0.26089E+00    0.29038E-16    0.11253E-17
      1       1.420    0.17629E+01   -0.25810E+00    0.32415E-16    0.25441E-17
      1       1.334    0.17373E+01   -0.25531E+00    0.20305E-16    0.21933E-17
      1       1.247    0.17084E+01   -0.25254E+00    0.29426E-16    0.25165E-17
      1       1.160    0.16758E+01   -0.24977E+00    0.33781E-16    0.47882E-17
      1       1.074    0.16392E+01   -0.24702E+00    0.23021E-16    0.33200E-17
      1       0.987    0.15980E+01   -0.24427E+00    0.26002E-16    0.26177E-17
      1       0.900    0.15518E+01   -0.24154E+00    0.39394E-16    0.30723E-17
      1       0.814    0.14997E+01   -0.23881E+00    0.27494E-16    0.37500E-17
      1       0.727    0.14411E+01   -0.23609E+00    0.25765E-16    0.38394E-17
      1       0.640    0.13748E+01   -0.23338E+00    0.36371E-16    0.33581E-18
      1       0.553    0.12993E+01   -0.23067E+00    0.36816E-16    0.17348E-17
      1       0.467    0.12127E+01   -0.22797E+00    0.32005E-16    0.18532E-17
      1       0.380    0.11121E+01   -0.22527E+00    0.31358E-16    0.36555E-17
      1       0.293    0.99280E+00   -0.22257E+00    0.32626E-16    0.16850E-17
      1       0.207    0.84654E+00   -0.21988E+00    0.34876E-16    0.37156E-17
      1       0.120    0.65502E+00   -0.21719E+00    0.33949E-16    0.27861E-17
