   3N SYSTEM INCLUSIVE  PHOTODESINTEGRATION
        DETECTED PARTICLE: 1- PROTON
        NOT DETECTED PARTICLES:2-NEUTRON  3-NEUTRON

      OMEGA 0.30000E+02
     MTTWE1,MTTWE2,MTTWE3=    1   -1   -1
     TH1LAB,PHI1LAB=    50.000     0.000
   Unit of cross sections ... fm**2/(MeV*sr**2)
      I       E1      CROSS           AX           AY           AZ
      1      15.363    0.21037E-05   -0.96804E+00    0.23881E-19    0.30306E-18
      1      15.350    0.27195E-02   -0.96804E+00   -0.33340E-18   -0.48407E-18
      1      15.343    0.70693E-02   -0.96804E+00   -0.83081E-19    0.18417E-18
      1      15.336    0.13870E-01   -0.96803E+00   -0.24502E-18   -0.37519E-18
      1      15.330    0.23284E-01   -0.96803E+00   -0.33130E-19   -0.64578E-18
      1      15.323    0.35410E-01   -0.96803E+00   -0.21947E-18   -0.34980E-18
      1      15.316    0.50306E-01   -0.96802E+00    0.30818E-18   -0.48125E-18
      1      15.310    0.68003E-01   -0.96802E+00   -0.32239E-18    0.46581E-19
      1      15.303    0.88514E-01   -0.96801E+00    0.39808E-19    0.41348E-18
      1      15.296    0.11184E+00   -0.96801E+00   -0.18896E-18    0.16174E-18
      1      15.290    0.13797E+00   -0.96800E+00   -0.29195E-18    0.78643E-18
      1      15.283    0.16690E+00   -0.96800E+00   -0.43912E-18    0.28123E-18
      1      15.276    0.19860E+00   -0.96799E+00    0.25598E-18   -0.55330E-18
      1      15.270    0.23305E+00   -0.96798E+00   -0.96714E-19    0.67547E-19
      1      15.263    0.27023E+00   -0.96798E+00    0.30139E-19    0.93838E-19
      1      15.256    0.31011E+00   -0.96797E+00   -0.23684E-18   -0.14167E-18
      1      15.250    0.35267E+00   -0.96796E+00   -0.62587E-18   -0.42145E-18
      1      15.243    0.39788E+00   -0.96796E+00   -0.61772E-18   -0.10552E-18
      1      15.160    0.55477E+00   -0.96794E+00   -0.65894E-18   -0.96379E-18
      1      15.077    0.69738E+00   -0.96792E+00   -0.32059E-18   -0.69450E-18
      1      14.994    0.83216E+00   -0.96789E+00   -0.37529E-18   -0.42306E-18
      1      14.911    0.96192E+00   -0.96786E+00   -0.31061E-18   -0.23458E-18
      1      14.828    0.10881E+01   -0.96782E+00   -0.14944E-18   -0.32167E-18
      1      14.744    0.12117E+01   -0.96778E+00   -0.50151E-18    0.72376E-19
      1      14.661    0.13333E+01   -0.96773E+00   -0.15580E-20    0.21657E-18
      1      14.578    0.14532E+01   -0.96768E+00   -0.96136E-21    0.54268E-18
      1      14.495    0.15717E+01   -0.96762E+00   -0.12820E-18    0.88493E-18
      1      14.412    0.16891E+01   -0.96756E+00   -0.48902E-18   -0.97537E-18
      1      14.329    0.18054E+01   -0.96749E+00    0.31219E-19   -0.45532E-18
      1      14.246    0.19209E+01   -0.96741E+00   -0.38781E-18   -0.12236E-17
      1      14.163    0.20355E+01   -0.96733E+00   -0.11063E-18   -0.97254E-18
      1      14.080    0.21493E+01   -0.96724E+00   -0.24068E-18   -0.11133E-17
      1      13.997    0.22625E+01   -0.96715E+00   -0.36198E-18    0.15435E-17
      1      13.913    0.23750E+01   -0.96705E+00    0.66175E-18   -0.11120E-17
      1      13.830    0.24868E+01   -0.96694E+00    0.34982E-18   -0.85093E-18
      1      13.747    0.25981E+01   -0.96683E+00    0.18369E-18    0.63268E-18
      1      13.664    0.27087E+01   -0.96671E+00    0.57156E-18   -0.27929E-18
      1      13.581    0.28188E+01   -0.96659E+00    0.53321E-18   -0.10580E-17
      1      13.498    0.29283E+01   -0.96646E+00    0.50766E-18   -0.28030E-18
      1      13.415    0.30372E+01   -0.96632E+00    0.32580E-18   -0.43018E-19
      1      13.332    0.31456E+01   -0.96618E+00    0.67667E-18    0.17858E-18
      1      13.249    0.32534E+01   -0.96603E+00    0.73435E-18    0.69823E-18
      1      13.166    0.33607E+01   -0.96588E+00    0.51699E-18   -0.12862E-17
      1      13.083    0.34674E+01   -0.96571E+00    0.10247E-17   -0.19040E-17
      1      12.999    0.35735E+01   -0.96555E+00    0.61844E-18   -0.18551E-17
      1      12.916    0.36791E+01   -0.96537E+00    0.63988E-18   -0.80317E-18
      1      12.833    0.37841E+01   -0.96519E+00    0.71186E-18   -0.11708E-17
      1      12.750    0.38886E+01   -0.96501E+00    0.59747E-18   -0.14754E-17
      1      12.667    0.39925E+01   -0.96481E+00    0.47768E-18   -0.94859E-18
      1      12.584    0.40958E+01   -0.96462E+00    0.10865E-17   -0.10889E-17
      1      12.501    0.41986E+01   -0.96441E+00    0.12693E-17   -0.12095E-17
      1      12.418    0.43007E+01   -0.96420E+00    0.12702E-17   -0.11646E-17
      1      12.335    0.44023E+01   -0.96398E+00    0.13583E-17   -0.62460E-18
      1      12.252    0.45033E+01   -0.96376E+00    0.16241E-17   -0.84211E-18
      1      12.169    0.46037E+01   -0.96353E+00    0.16386E-17   -0.31513E-17
      1      12.085    0.47035E+01   -0.96329E+00    0.16609E-17   -0.13121E-17
      1      12.002    0.48027E+01   -0.96305E+00    0.12469E-17   -0.19621E-17
      1      11.919    0.49012E+01   -0.96280E+00    0.14127E-17   -0.21159E-17
      1      11.836    0.49992E+01   -0.96254E+00    0.12834E-17   -0.17602E-17
      1      11.753    0.50965E+01   -0.96228E+00    0.12334E-17   -0.15356E-17
      1      11.670    0.51932E+01   -0.96201E+00    0.12687E-17   -0.61855E-18
      1      11.587    0.52893E+01   -0.96174E+00    0.12466E-17    0.10249E-17
      1      11.504    0.53847E+01   -0.96146E+00    0.11312E-17   -0.45880E-18
      1      11.421    0.54795E+01   -0.96117E+00    0.11843E-17    0.10686E-17
      1      11.338    0.55736E+01   -0.96088E+00    0.15787E-17   -0.15128E-17
      1      11.255    0.56671E+01   -0.96058E+00    0.15211E-17   -0.83149E-18
      1      11.171    0.57599E+01   -0.96027E+00    0.19974E-17   -0.24847E-17
      1      11.088    0.58520E+01   -0.95996E+00    0.12605E-17   -0.13918E-18
      1      11.005    0.59435E+01   -0.95964E+00    0.19496E-17   -0.18656E-18
      1      10.922    0.60343E+01   -0.95931E+00    0.12566E-17   -0.22435E-17
      1      10.839    0.61244E+01   -0.95898E+00    0.10666E-17   -0.13864E-17
      1      10.756    0.62138E+01   -0.95864E+00    0.14330E-17   -0.67257E-18
      1      10.673    0.63026E+01   -0.95829E+00    0.17137E-17   -0.12185E-17
      1      10.590    0.63906E+01   -0.95794E+00    0.52676E-18   -0.21410E-17
      1      10.507    0.64780E+01   -0.95758E+00    0.15165E-17   -0.83416E-18
      1      10.424    0.65646E+01   -0.95721E+00    0.67740E-18   -0.14823E-17
      1      10.340    0.66505E+01   -0.95684E+00    0.49981E-18    0.84214E-18
      1      10.257    0.67357E+01   -0.95646E+00    0.12426E-17   -0.11569E-18
      1      10.174    0.68203E+01   -0.95607E+00    0.10726E-17   -0.17067E-17
      1      10.091    0.69040E+01   -0.95567E+00    0.61405E-18   -0.76609E-18
      1      10.008    0.69871E+01   -0.95527E+00    0.17964E-17   -0.20786E-17
      1       9.925    0.70695E+01   -0.95486E+00    0.98515E-18   -0.12585E-17
      1       9.842    0.71511E+01   -0.95445E+00    0.22278E-17   -0.16085E-17
      1       9.759    0.72320E+01   -0.95402E+00    0.18074E-17   -0.10131E-17
      1       9.676    0.73121E+01   -0.95359E+00    0.14415E-17   -0.89758E-18
      1       9.593    0.73915E+01   -0.95315E+00    0.14280E-17   -0.12703E-17
      1       9.510    0.74702E+01   -0.95271E+00    0.83124E-18   -0.72756E-18
      1       9.426    0.75482E+01   -0.95225E+00    0.16876E-17   -0.11235E-17
      1       9.343    0.76254E+01   -0.95179E+00    0.10128E-17   -0.15961E-17
      1       9.260    0.77018E+01   -0.95132E+00    0.16165E-17   -0.10698E-17
      1       9.177    0.77775E+01   -0.95084E+00    0.17672E-17   -0.28836E-17
      1       9.094    0.78525E+01   -0.95036E+00    0.16930E-17   -0.16784E-17
      1       9.011    0.79267E+01   -0.94986E+00    0.23554E-17   -0.17828E-17
      1       8.928    0.80001E+01   -0.94936E+00    0.30906E-17   -0.11178E-17
      1       8.845    0.80728E+01   -0.94885E+00    0.12302E-17   -0.17016E-17
      1       8.762    0.81448E+01   -0.94833E+00    0.20250E-17   -0.24386E-17
      1       8.679    0.82160E+01   -0.94780E+00    0.14767E-17   -0.40968E-17
      1       8.596    0.82864E+01   -0.94727E+00    0.15096E-17   -0.10850E-17
      1       8.512    0.83561E+01   -0.94672E+00    0.26635E-17   -0.11008E-17
      1       8.429    0.84251E+01   -0.94617E+00    0.31901E-17   -0.18908E-17
      1       8.346    0.84933E+01   -0.94560E+00    0.34582E-17    0.67830E-18
      1       8.263    0.85607E+01   -0.94503E+00    0.30011E-17   -0.15013E-17
      1       8.180    0.86274E+01   -0.94445E+00    0.24822E-17   -0.11678E-17
      1       8.097    0.86934E+01   -0.94386E+00    0.49410E-17   -0.30197E-17
      1       8.014    0.87586E+01   -0.94326E+00    0.32614E-17   -0.26529E-17
      1       7.931    0.88230E+01   -0.94265E+00    0.28008E-17   -0.21196E-17
      1       7.848    0.88868E+01   -0.94203E+00    0.29754E-17    0.11569E-18
      1       7.765    0.89497E+01   -0.94140E+00    0.38483E-17   -0.15758E-17
      1       7.681    0.90120E+01   -0.94076E+00    0.32193E-17   -0.33251E-18
      1       7.598    0.90735E+01   -0.94011E+00    0.44448E-17    0.81105E-20
      1       7.515    0.91343E+01   -0.93945E+00    0.33412E-17   -0.80352E-18
      1       7.432    0.91944E+01   -0.93878E+00    0.46766E-17    0.78715E-18
      1       7.349    0.92537E+01   -0.93810E+00    0.24074E-17   -0.11569E-18
      1       7.266    0.93124E+01   -0.93741E+00    0.55751E-17   -0.11897E-17
      1       7.183    0.93703E+01   -0.93671E+00    0.40994E-17   -0.15402E-17
      1       7.100    0.94275E+01   -0.93600E+00    0.27978E-17    0.39671E-18
      1       7.017    0.94840E+01   -0.93528E+00    0.37727E-17    0.88918E-19
      1       6.934    0.95397E+01   -0.93455E+00    0.25207E-17    0.64748E-20
      1       6.851    0.95948E+01   -0.93380E+00    0.39380E-17    0.50440E-18
      1       6.767    0.96491E+01   -0.93305E+00    0.42931E-17   -0.19862E-17
      1       6.684    0.97027E+01   -0.93228E+00    0.60788E-17   -0.13305E-17
      1       6.601    0.97556E+01   -0.93151E+00    0.16640E-17   -0.49049E-18
      1       6.518    0.98077E+01   -0.93072E+00    0.52947E-17   -0.21129E-17
      1       6.435    0.98591E+01   -0.92992E+00    0.49138E-17   -0.20826E-17
      1       6.352    0.99098E+01   -0.92911E+00    0.55691E-17   -0.99613E-18
      1       6.269    0.99596E+01   -0.92828E+00    0.36316E-17   -0.52591E-18
      1       6.186    0.10009E+02   -0.92745E+00    0.77102E-17   -0.34013E-17
      1       6.103    0.10057E+02   -0.92660E+00    0.60512E-17   -0.11109E-17
      1       6.020    0.10105E+02   -0.92574E+00    0.46330E-17    0.26744E-18
      1       5.937    0.10151E+02   -0.92487E+00    0.51838E-17   -0.26759E-17
      1       5.853    0.10197E+02   -0.92399E+00    0.48545E-17   -0.30251E-17
      1       5.770    0.10242E+02   -0.92310E+00    0.74681E-17   -0.17541E-17
      1       5.687    0.10286E+02   -0.92219E+00    0.79607E-17   -0.21552E-17
      1       5.604    0.10329E+02   -0.92127E+00    0.74384E-17   -0.42015E-17
      1       5.521    0.10372E+02   -0.92034E+00    0.54108E-17   -0.32454E-17
      1       5.438    0.10413E+02   -0.91940E+00    0.31066E-17   -0.27720E-17
      1       5.355    0.10453E+02   -0.91844E+00    0.33889E-17   -0.36473E-17
      1       5.272    0.10492E+02   -0.91747E+00    0.59596E-17   -0.10932E-17
      1       5.189    0.10531E+02   -0.91649E+00    0.50388E-17   -0.24732E-17
      1       5.106    0.10568E+02   -0.91550E+00    0.59519E-17   -0.34606E-17
      1       5.023    0.10604E+02   -0.91449E+00    0.79394E-17   -0.39605E-19
      1       4.939    0.10639E+02   -0.91347E+00    0.60753E-17   -0.14090E-17
      1       4.856    0.10672E+02   -0.91244E+00    0.50085E-17   -0.10808E-17
      1       4.773    0.10705E+02   -0.91140E+00    0.65563E-17   -0.54605E-18
      1       4.690    0.10736E+02   -0.91035E+00    0.33895E-17   -0.11137E-17
      1       4.607    0.10765E+02   -0.90928E+00    0.90544E-17   -0.30275E-17
      1       4.524    0.10793E+02   -0.90820E+00    0.69452E-17   -0.98053E-18
      1       4.441    0.10819E+02   -0.90711E+00    0.93989E-17   -0.36366E-17
      1       4.358    0.10844E+02   -0.90601E+00    0.43461E-17   -0.19864E-17
      1       4.275    0.10867E+02   -0.90489E+00    0.63078E-17   -0.17331E-17
      1       4.192    0.10887E+02   -0.90376E+00    0.77931E-17   -0.58666E-18
      1       4.108    0.10906E+02   -0.90261E+00    0.49252E-17   -0.67247E-18
      1       4.025    0.10922E+02   -0.90146E+00    0.74286E-17   -0.21820E-17
      1       3.942    0.10936E+02   -0.90029E+00    0.58794E-17   -0.19355E-17
      1       3.859    0.10946E+02   -0.89910E+00    0.73591E-17   -0.14403E-17
      1       3.776    0.10955E+02   -0.89790E+00    0.89426E-17   -0.27312E-17
      1       3.693    0.10959E+02   -0.89668E+00    0.68957E-17   -0.12592E-17
      1       3.610    0.10961E+02   -0.89545E+00    0.55345E-17   -0.11703E-17
      1       3.527    0.10959E+02   -0.89420E+00    0.79809E-17   -0.88701E-18
      1       3.444    0.10953E+02   -0.89294E+00    0.68978E-17   -0.12092E-17
      1       3.361    0.10944E+02   -0.89166E+00    0.71932E-17   -0.38585E-18
      1       3.278    0.10930E+02   -0.89036E+00    0.10619E-16   -0.15309E-17
      1       3.194    0.10912E+02   -0.88904E+00    0.95805E-17   -0.11130E-17
      1       3.111    0.10889E+02   -0.88770E+00    0.75103E-17   -0.44349E-18
      1       3.028    0.10861E+02   -0.88634E+00    0.62117E-17   -0.35972E-18
      1       2.945    0.10828E+02   -0.88496E+00    0.99578E-17   -0.17107E-19
      1       2.862    0.10790E+02   -0.88357E+00    0.12386E-16   -0.21998E-17
      1       2.779    0.10746E+02   -0.88215E+00    0.10044E-16   -0.41776E-18
      1       2.696    0.10696E+02   -0.88071E+00    0.10514E-16    0.70521E-19
      1       2.613    0.10641E+02   -0.87925E+00    0.77536E-17   -0.31086E-18
      1       2.530    0.10579E+02   -0.87777E+00    0.10847E-16   -0.11974E-17
      1       2.447    0.10511E+02   -0.87627E+00    0.97051E-17   -0.42519E-18
      1       2.364    0.10436E+02   -0.87475E+00    0.79104E-17   -0.22607E-17
      1       2.280    0.10354E+02   -0.87321E+00    0.97131E-17   -0.27508E-18
      1       2.197    0.10265E+02   -0.87164E+00    0.95049E-17   -0.71493E-18
      1       2.114    0.10169E+02   -0.87006E+00    0.56034E-17   -0.98025E-18
      1       2.031    0.10064E+02   -0.86845E+00    0.11532E-16   -0.22686E-17
      1       1.948    0.99508E+01   -0.86681E+00    0.11722E-16   -0.29150E-17
      1       1.865    0.98290E+01   -0.86516E+00    0.70011E-17   -0.83354E-18
      1       1.782    0.96979E+01   -0.86348E+00    0.14850E-16   -0.20225E-17
      1       1.699    0.95572E+01   -0.86178E+00    0.94164E-17   -0.14656E-18
      1       1.616    0.94063E+01   -0.86005E+00    0.97294E-17   -0.97387E-18
      1       1.533    0.92445E+01   -0.85830E+00    0.10799E-16   -0.94987E-18
      1       1.449    0.90712E+01   -0.85653E+00    0.11170E-16   -0.94401E-18
      1       1.366    0.88855E+01   -0.85473E+00    0.14406E-16    0.17329E-18
      1       1.283    0.86865E+01   -0.85291E+00    0.11119E-16   -0.10058E-17
      1       1.200    0.84733E+01   -0.85106E+00    0.15469E-16   -0.30117E-18
      1       1.117    0.82446E+01   -0.84918E+00    0.19168E-16    0.16350E-18
      1       1.034    0.79989E+01   -0.84727E+00    0.12178E-16   -0.24494E-18
      1       0.951    0.77346E+01   -0.84534E+00    0.14053E-16   -0.18454E-17
      1       0.868    0.74495E+01   -0.84337E+00    0.13040E-16   -0.12073E-17
      1       0.785    0.71411E+01   -0.84138E+00    0.14986E-16   -0.92070E-18
      1       0.702    0.68061E+01   -0.83936E+00    0.18974E-16   -0.13009E-17
      1       0.619    0.64404E+01   -0.83730E+00    0.12726E-16   -0.15534E-17
      1       0.535    0.60381E+01   -0.83521E+00    0.14723E-16   -0.36324E-17
      1       0.452    0.55916E+01   -0.83308E+00    0.98107E-17   -0.82681E-19
      1       0.369    0.50891E+01   -0.83092E+00    0.68644E-17   -0.31892E-17
      1       0.286    0.45121E+01   -0.82871E+00    0.15415E-16   -0.35517E-17
      1       0.203    0.38272E+01   -0.82647E+00    0.11831E-16    0.30383E-18
      1       0.120    0.29611E+01   -0.82418E+00    0.15453E-16   -0.14847E-17
