   3N SYSTEM INCLUSIVE  PHOTODESINTEGRATION
        DETECTED PARTICLE: 1- PROTON
        NOT DETECTED PARTICLES:2-NEUTRON  3-NEUTRON

      OMEGA 0.30000E+02
     MTTWE1,MTTWE2,MTTWE3=    1   -1   -1
     TH1LAB,PHI1LAB=   170.000     0.000
   Unit of cross sections ... fm**2/(MeV*sr**2)
      I       E1      CROSS           AX           AY           AZ
      1      12.588    0.71186E-07   -0.64329E+00    0.29193E-18    0.12409E-18
      1      12.574    0.91098E-04   -0.64301E+00    0.52075E-18    0.54781E-18
      1      12.568    0.23576E-03   -0.64284E+00    0.54340E-18    0.23111E-18
      1      12.561    0.46110E-03   -0.64271E+00    0.17377E-18    0.43096E-18
      1      12.554    0.77209E-03   -0.64260E+00    0.16259E-18    0.67786E-18
      1      12.548    0.11716E-02   -0.64251E+00    0.58997E-18    0.65018E-18
      1      12.541    0.16613E-02   -0.64243E+00   -0.22942E-17   -0.50765E-18
      1      12.534    0.22419E-02   -0.64235E+00   -0.16650E-17   -0.88173E-18
      1      12.528    0.29136E-02   -0.64228E+00   -0.19107E-17   -0.12747E-17
      1      12.521    0.36764E-02   -0.64220E+00   -0.10889E-17   -0.14066E-17
      1      12.514    0.45298E-02   -0.64213E+00   -0.13487E-17   -0.88209E-18
      1      12.508    0.54733E-02   -0.64205E+00   -0.11412E-17   -0.89239E-18
      1      12.501    0.65062E-02   -0.64197E+00   -0.96006E-18   -0.25746E-17
      1      12.494    0.76277E-02   -0.64190E+00   -0.15253E-17   -0.16849E-17
      1      12.488    0.88372E-02   -0.64181E+00   -0.20221E-17   -0.50927E-18
      1      12.481    0.10134E-01   -0.64173E+00   -0.21082E-17   -0.17967E-17
      1      12.474    0.11516E-01   -0.64164E+00   -0.19269E-17   -0.24988E-17
      1      12.468    0.12984E-01   -0.64155E+00   -0.22055E-17   -0.18244E-18
      1      12.400    0.17446E-01   -0.64142E+00   -0.20138E-17   -0.10371E-17
      1      12.332    0.21617E-01   -0.64122E+00   -0.18701E-17   -0.72003E-18
      1      12.264    0.25628E-01   -0.64097E+00   -0.21164E-17   -0.86209E-18
      1      12.196    0.29541E-01   -0.64066E+00   -0.18425E-17   -0.13286E-17
      1      12.129    0.33390E-01   -0.64029E+00   -0.15667E-17   -0.69982E-18
      1      12.061    0.37199E-01   -0.63986E+00   -0.19381E-17   -0.12886E-17
      1      11.993    0.40981E-01   -0.63936E+00   -0.19042E-17   -0.21682E-17
      1      11.925    0.44747E-01   -0.63879E+00   -0.17759E-17   -0.58563E-18
      1      11.857    0.48505E-01   -0.63815E+00   -0.14518E-17   -0.89318E-18
      1      11.789    0.52262E-01   -0.63743E+00   -0.10306E-17    0.79358E-19
      1      11.721    0.56022E-01   -0.63664E+00   -0.21682E-17   -0.17007E-17
      1      11.654    0.59789E-01   -0.63577E+00   -0.17799E-17   -0.97369E-18
      1      11.586    0.63566E-01   -0.63482E+00   -0.19144E-17   -0.16548E-17
      1      11.518    0.67358E-01   -0.63378E+00   -0.14956E-17   -0.19606E-17
      1      11.450    0.71166E-01   -0.63267E+00   -0.13536E-17   -0.21072E-17
      1      11.382    0.74993E-01   -0.63146E+00   -0.20305E-17   -0.18230E-17
      1      11.314    0.78841E-01   -0.63018E+00   -0.25269E-17   -0.13287E-17
      1      11.247    0.82712E-01   -0.62881E+00   -0.18984E-17   -0.18379E-17
      1      11.179    0.86609E-01   -0.62735E+00   -0.18928E-17   -0.19939E-17
      1      11.111    0.90533E-01   -0.62581E+00   -0.25549E-17   -0.71977E-18
      1      11.043    0.94486E-01   -0.62418E+00   -0.28653E-17   -0.11144E-17
      1      10.975    0.98471E-01   -0.62247E+00   -0.21643E-17   -0.10136E-17
      1      10.907    0.10249E+00   -0.62067E+00   -0.24907E-17   -0.18379E-17
      1      10.839    0.10654E+00   -0.61879E+00   -0.12227E-17   -0.27945E-17
      1      10.772    0.11063E+00   -0.61682E+00   -0.19597E-17   -0.19111E-17
      1      10.704    0.11475E+00   -0.61478E+00   -0.32100E-17   -0.21612E-17
      1      10.636    0.11892E+00   -0.61265E+00   -0.17207E-17   -0.28589E-17
      1      10.568    0.12312E+00   -0.61044E+00   -0.11411E-17   -0.34611E-17
      1      10.500    0.12737E+00   -0.60815E+00   -0.19779E-17   -0.36920E-17
      1      10.432    0.13166E+00   -0.60578E+00   -0.16311E-17   -0.32718E-17
      1      10.365    0.13600E+00   -0.60334E+00   -0.18226E-17   -0.39663E-17
      1      10.297    0.14039E+00   -0.60082E+00   -0.14215E-17   -0.25967E-17
      1      10.229    0.14483E+00   -0.59822E+00   -0.14996E-17   -0.12865E-17
      1      10.161    0.14931E+00   -0.59556E+00   -0.62195E-18   -0.28197E-17
      1      10.093    0.15385E+00   -0.59282E+00   -0.36986E-18   -0.35983E-17
      1      10.025    0.15845E+00   -0.59001E+00   -0.11723E-17   -0.14285E-17
      1       9.958    0.16310E+00   -0.58713E+00   -0.19484E-18   -0.19395E-17
      1       9.890    0.16780E+00   -0.58419E+00   -0.22042E-18   -0.45732E-17
      1       9.822    0.17257E+00   -0.58118E+00   -0.81723E-19   -0.26852E-17
      1       9.754    0.17740E+00   -0.57811E+00    0.13693E-18   -0.31093E-17
      1       9.686    0.18228E+00   -0.57498E+00    0.88574E-18   -0.28453E-17
      1       9.618    0.18724E+00   -0.57179E+00    0.84575E-18   -0.30205E-17
      1       9.550    0.19225E+00   -0.56855E+00    0.39099E-18   -0.87337E-18
      1       9.483    0.19734E+00   -0.56525E+00    0.48643E-18   -0.18630E-17
      1       9.415    0.20249E+00   -0.56189E+00   -0.48734E-18   -0.37343E-17
      1       9.347    0.20771E+00   -0.55849E+00   -0.11449E-17   -0.42770E-17
      1       9.279    0.21301E+00   -0.55504E+00   -0.56909E-18   -0.29360E-17
      1       9.211    0.21837E+00   -0.55154E+00    0.66901E-18   -0.41857E-17
      1       9.143    0.22381E+00   -0.54799E+00    0.20890E-17   -0.17803E-17
      1       9.076    0.22933E+00   -0.54441E+00    0.11294E-17   -0.34497E-17
      1       9.008    0.23492E+00   -0.54078E+00    0.16589E-17   -0.40169E-17
      1       8.940    0.24059E+00   -0.53712E+00    0.22360E-17   -0.30395E-17
      1       8.872    0.24635E+00   -0.53341E+00    0.25991E-17   -0.34085E-17
      1       8.804    0.25218E+00   -0.52968E+00    0.41529E-17   -0.38417E-17
      1       8.736    0.25810E+00   -0.52591E+00    0.22127E-17   -0.53463E-17
      1       8.668    0.26411E+00   -0.52211E+00    0.37177E-17   -0.57210E-17
      1       8.601    0.27020E+00   -0.51828E+00    0.18381E-17   -0.47757E-17
      1       8.533    0.27637E+00   -0.51442E+00    0.47596E-17   -0.41107E-17
      1       8.465    0.28264E+00   -0.51054E+00   -0.52903E-18   -0.50179E-17
      1       8.397    0.28900E+00   -0.50663E+00    0.60234E-17   -0.34592E-17
      1       8.329    0.29546E+00   -0.50270E+00    0.39648E-17   -0.34491E-17
      1       8.261    0.30200E+00   -0.49876E+00    0.38636E-17   -0.40621E-17
      1       8.194    0.30865E+00   -0.49479E+00    0.44318E-17   -0.34177E-17
      1       8.126    0.31539E+00   -0.49081E+00    0.70257E-17   -0.46800E-17
      1       8.058    0.32223E+00   -0.48681E+00    0.41261E-17   -0.26726E-17
      1       7.990    0.32917E+00   -0.48280E+00    0.25541E-17   -0.40004E-17
      1       7.922    0.33621E+00   -0.47877E+00    0.25924E-17   -0.27826E-17
      1       7.854    0.34336E+00   -0.47474E+00    0.65958E-17   -0.28770E-17
      1       7.786    0.35061E+00   -0.47070E+00    0.48498E-17   -0.27614E-17
      1       7.719    0.35797E+00   -0.46665E+00    0.35027E-17   -0.60694E-18
      1       7.651    0.36544E+00   -0.46259E+00    0.49103E-17   -0.27500E-17
      1       7.583    0.37302E+00   -0.45853E+00    0.49731E-17   -0.16557E-17
      1       7.515    0.38071E+00   -0.45447E+00    0.48727E-17   -0.12169E-17
      1       7.447    0.38851E+00   -0.45040E+00    0.88764E-17   -0.24875E-17
      1       7.379    0.39644E+00   -0.44633E+00    0.48002E-17   -0.85323E-18
      1       7.312    0.40448E+00   -0.44226E+00    0.80297E-17   -0.37723E-18
      1       7.244    0.41263E+00   -0.43820E+00    0.46682E-17   -0.53359E-18
      1       7.176    0.42091E+00   -0.43413E+00    0.38680E-17   -0.26515E-17
      1       7.108    0.42932E+00   -0.43007E+00    0.88689E-17   -0.13367E-17
      1       7.040    0.43784E+00   -0.42602E+00    0.81826E-17   -0.11873E-18
      1       6.972    0.44650E+00   -0.42197E+00    0.31439E-17   -0.18733E-17
      1       6.904    0.45528E+00   -0.41793E+00    0.55743E-17   -0.14912E-17
      1       6.837    0.46419E+00   -0.41389E+00    0.22860E-18    0.26291E-18
      1       6.769    0.47323E+00   -0.40986E+00    0.51677E-17   -0.37793E-19
      1       6.701    0.48241E+00   -0.40584E+00    0.44234E-17    0.13786E-17
      1       6.633    0.49172E+00   -0.40184E+00    0.40010E-17    0.30800E-18
      1       6.565    0.50118E+00   -0.39784E+00    0.13285E-16    0.14112E-17
      1       6.497    0.51077E+00   -0.39386E+00    0.98389E-17    0.90399E-18
      1       6.430    0.52050E+00   -0.38989E+00    0.38072E-17    0.63012E-18
      1       6.362    0.53038E+00   -0.38593E+00    0.80617E-17    0.24459E-17
      1       6.294    0.54040E+00   -0.38199E+00    0.50679E-17    0.93526E-19
      1       6.226    0.55057E+00   -0.37806E+00    0.89443E-17    0.20418E-17
      1       6.158    0.56089E+00   -0.37415E+00    0.55078E-17    0.16170E-17
      1       6.090    0.57136E+00   -0.37026E+00    0.11682E-16    0.22352E-17
      1       6.023    0.58199E+00   -0.36638E+00    0.37059E-17    0.25655E-17
      1       5.955    0.59277E+00   -0.36253E+00    0.57763E-17    0.33386E-18
      1       5.887    0.60371E+00   -0.35869E+00    0.77815E-17    0.10906E-17
      1       5.819    0.61481E+00   -0.35487E+00    0.88440E-17    0.23132E-17
      1       5.751    0.62607E+00   -0.35108E+00    0.96319E-17   -0.89199E-20
      1       5.683    0.63750E+00   -0.34730E+00    0.50200E-17    0.62394E-18
      1       5.615    0.64909E+00   -0.34355E+00    0.16935E-16    0.14033E-17
      1       5.548    0.66085E+00   -0.33982E+00    0.11908E-16    0.11834E-17
      1       5.480    0.67277E+00   -0.33611E+00    0.85720E-17    0.17055E-17
      1       5.412    0.68487E+00   -0.33243E+00    0.13970E-16    0.22075E-17
      1       5.344    0.69715E+00   -0.32877E+00    0.81038E-17    0.26841E-17
      1       5.276    0.70959E+00   -0.32513E+00    0.14289E-16    0.32206E-17
      1       5.208    0.72221E+00   -0.32153E+00    0.61931E-17    0.10994E-17
      1       5.141    0.73501E+00   -0.31795E+00    0.10496E-16    0.27202E-17
      1       5.073    0.74799E+00   -0.31439E+00    0.17007E-16    0.27570E-17
      1       5.005    0.76114E+00   -0.31086E+00    0.14533E-16    0.30662E-17
      1       4.937    0.77448E+00   -0.30737E+00    0.12761E-16    0.22444E-17
      1       4.869    0.78799E+00   -0.30389E+00    0.23659E-16    0.29432E-17
      1       4.801    0.80168E+00   -0.30045E+00    0.14777E-16    0.30812E-17
      1       4.733    0.81555E+00   -0.29704E+00    0.13366E-16    0.26709E-17
      1       4.666    0.82960E+00   -0.29365E+00    0.10194E-16    0.40285E-17
      1       4.598    0.84382E+00   -0.29030E+00    0.18194E-16    0.34299E-17
      1       4.530    0.85822E+00   -0.28697E+00    0.92462E-17    0.55111E-17
      1       4.462    0.87279E+00   -0.28368E+00    0.66370E-17    0.44713E-17
      1       4.394    0.88754E+00   -0.28042E+00    0.12532E-16    0.37088E-17
      1       4.326    0.90246E+00   -0.27718E+00    0.17638E-16    0.36835E-17
      1       4.259    0.91754E+00   -0.27398E+00    0.97818E-17    0.30732E-17
      1       4.191    0.93278E+00   -0.27081E+00    0.15644E-16    0.26285E-17
      1       4.123    0.94818E+00   -0.26767E+00    0.19914E-16    0.41385E-17
      1       4.055    0.96374E+00   -0.26456E+00    0.17134E-16    0.28597E-17
      1       3.987    0.97944E+00   -0.26149E+00    0.20378E-16    0.35226E-17
      1       3.919    0.99529E+00   -0.25845E+00    0.16577E-16    0.16851E-17
      1       3.851    0.10113E+01   -0.25544E+00    0.12722E-16    0.36192E-17
      1       3.784    0.10274E+01   -0.25246E+00    0.20134E-16    0.52260E-17
      1       3.716    0.10436E+01   -0.24951E+00    0.24426E-16    0.24866E-17
      1       3.648    0.10599E+01   -0.24660E+00    0.22650E-16    0.34192E-17
      1       3.580    0.10764E+01   -0.24372E+00    0.14504E-16    0.42753E-17
      1       3.512    0.10929E+01   -0.24088E+00    0.16368E-16    0.52022E-17
      1       3.444    0.11095E+01   -0.23806E+00    0.16539E-16    0.39564E-17
      1       3.377    0.11261E+01   -0.23528E+00    0.21639E-16    0.27771E-17
      1       3.309    0.11428E+01   -0.23254E+00    0.16153E-16    0.44653E-17
      1       3.241    0.11595E+01   -0.22983E+00    0.13450E-16    0.50150E-17
      1       3.173    0.11763E+01   -0.22715E+00    0.16341E-16    0.40829E-17
      1       3.105    0.11929E+01   -0.22450E+00    0.22108E-16    0.37011E-17
      1       3.037    0.12096E+01   -0.22188E+00    0.12223E-16    0.29393E-17
      1       2.969    0.12261E+01   -0.21930E+00    0.12742E-16    0.24664E-17
      1       2.902    0.12425E+01   -0.21674E+00    0.17434E-16    0.16167E-17
      1       2.834    0.12588E+01   -0.21422E+00    0.22483E-16    0.18672E-17
      1       2.766    0.12749E+01   -0.21172E+00    0.22807E-16    0.40790E-17
      1       2.698    0.12908E+01   -0.20925E+00    0.17495E-16    0.24628E-17
      1       2.630    0.13064E+01   -0.20681E+00    0.13870E-16    0.18593E-17
      1       2.562    0.13217E+01   -0.20440E+00    0.26488E-16    0.16187E-17
      1       2.495    0.13366E+01   -0.20201E+00    0.25503E-16    0.33819E-17
      1       2.427    0.13511E+01   -0.19965E+00    0.16976E-16    0.21509E-17
      1       2.359    0.13651E+01   -0.19730E+00    0.22510E-16    0.12512E-17
      1       2.291    0.13785E+01   -0.19498E+00    0.24869E-16    0.15379E-17
      1       2.223    0.13913E+01   -0.19268E+00    0.26424E-16    0.13131E-17
      1       2.155    0.14035E+01   -0.19039E+00    0.26146E-16    0.14409E-17
      1       2.088    0.14149E+01   -0.18813E+00    0.23875E-16    0.92087E-18
      1       2.020    0.14254E+01   -0.18587E+00    0.15497E-16    0.10521E-17
      1       1.952    0.14351E+01   -0.18364E+00    0.25938E-16    0.37443E-18
      1       1.884    0.14437E+01   -0.18142E+00    0.24858E-16    0.55699E-18
      1       1.816    0.14513E+01   -0.17921E+00    0.27535E-16   -0.74763E-18
      1       1.748    0.14577E+01   -0.17702E+00    0.29747E-16    0.13252E-17
      1       1.680    0.14629E+01   -0.17484E+00    0.20289E-16   -0.74428E-19
      1       1.613    0.14666E+01   -0.17268E+00    0.25119E-16    0.12709E-17
      1       1.545    0.14689E+01   -0.17053E+00    0.18866E-16    0.19132E-17
      1       1.477    0.14695E+01   -0.16840E+00    0.22693E-16    0.14281E-17
      1       1.409    0.14684E+01   -0.16628E+00    0.22883E-16    0.32706E-17
      1       1.341    0.14654E+01   -0.16417E+00    0.33783E-16    0.26143E-17
      1       1.273    0.14603E+01   -0.16208E+00    0.26786E-16    0.16415E-17
      1       1.206    0.14529E+01   -0.16000E+00    0.22090E-16    0.15221E-17
      1       1.138    0.14431E+01   -0.15794E+00    0.24366E-16    0.43420E-17
      1       1.070    0.14307E+01   -0.15589E+00    0.18273E-16    0.33559E-17
      1       1.002    0.14153E+01   -0.15386E+00    0.17074E-16    0.32322E-17
      1       0.934    0.13967E+01   -0.15184E+00    0.22753E-16    0.47920E-17
      1       0.866    0.13745E+01   -0.14984E+00    0.24128E-16    0.19961E-17
      1       0.798    0.13483E+01   -0.14785E+00    0.27612E-16    0.24149E-17
      1       0.731    0.13177E+01   -0.14587E+00    0.29226E-16    0.20456E-17
      1       0.663    0.12821E+01   -0.14391E+00    0.29077E-16    0.30382E-17
      1       0.595    0.12408E+01   -0.14197E+00    0.27366E-16    0.27765E-17
      1       0.527    0.11928E+01   -0.14003E+00    0.38494E-16    0.22970E-17
      1       0.459    0.11370E+01   -0.13812E+00    0.30876E-16    0.34367E-17
      1       0.391    0.10719E+01   -0.13621E+00    0.34604E-16    0.26064E-17
      1       0.324    0.99511E+00   -0.13432E+00    0.34470E-16    0.38885E-17
      1       0.256    0.90323E+00   -0.13244E+00    0.23159E-16    0.27851E-17
      1       0.188    0.79042E+00   -0.13057E+00    0.22006E-16    0.36427E-17
      1       0.120    0.64503E+00   -0.12871E+00    0.22106E-16    0.23531E-17
