   Unit of cross sections ... fm**2/(MeV*sr**2)
      I       SLANGE      CROSS          E1         E2         E3
      1       0.506    0.8525E-08       46.706     0.008    44.827
      2       1.002    0.3165E-07       46.210     0.030    45.300
      3       1.502    0.6693E-07       45.711     0.066    45.763
      4       2.005    0.1119E-06       45.211     0.116    46.214
      5       2.503    0.1631E-06       44.716     0.177    46.647
      6       3.003    0.2191E-06       44.221     0.250    47.069
      7       3.505    0.2778E-06       43.727     0.334    47.480
      8       4.001    0.3363E-06       43.240     0.427    47.874
      9       4.505    0.3951E-06       42.747     0.531    48.262
     10       5.002    0.4512E-06       42.263     0.643    48.634
     11       5.506    0.5051E-06       41.774     0.766    49.000
     12       6.002    0.5546E-06       41.294     0.895    49.350
     13       6.506    0.6008E-06       40.811     1.034    49.695
     14       7.008    0.6424E-06       40.330     1.181    50.029
     15       7.501    0.6788E-06       39.861     1.332    50.347
     16       8.008    0.7118E-06       39.381     1.494    50.666
     17       8.505    0.7399E-06       38.912     1.659    50.968
     18       9.007    0.7642E-06       38.441     1.833    51.266
     19       9.507    0.7847E-06       37.974     2.012    51.554
     20      10.004    0.8016E-06       37.512     2.196    51.831
     21      10.506    0.8155E-06       37.048     2.388    52.104
     22      11.005    0.8266E-06       36.590     2.583    52.367
     23      11.508    0.8351E-06       36.129     2.786    52.625
     24      12.008    0.8413E-06       35.674     2.993    52.873
     25      12.503    0.8454E-06       35.226     3.202    53.112
     26      13.002    0.8477E-06       34.776     3.418    53.346
     27      13.506    0.8485E-06       34.324     3.641    53.575
     28      14.004    0.8481E-06       33.879     3.866    53.795
     29      14.507    0.8466E-06       33.433     4.097    54.011
     30      15.003    0.8444E-06       32.994     4.329    54.217
     31      15.504    0.8417E-06       32.553     4.568    54.419
     32      16.008    0.8388E-06       32.112     4.812    54.615
     33      16.506    0.8358E-06       31.679     5.058    54.803
     34      17.008    0.8332E-06       31.245     5.309    54.987
     35      17.503    0.8310E-06       30.818     5.560    55.162
     36      18.000    0.8294E-06       30.392     5.816    55.333
     37      18.501    0.8287E-06       29.964     6.077    55.498
     38      19.005    0.8290E-06       29.537     6.344    55.660
     39      19.501    0.8305E-06       29.118     6.610    55.813
     40      20.001    0.8333E-06       28.698     6.880    55.962
     41      20.502    0.8377E-06       28.279     7.156    56.106
     42      21.006    0.8436E-06       27.859     7.435    56.245
     43      21.503    0.8511E-06       27.449     7.714    56.377
     44      22.001    0.8603E-06       27.039     7.997    56.504
     45      22.502    0.8713E-06       26.629     8.284    56.627
     46      23.004    0.8842E-06       26.219     8.575    56.746
     47      23.509    0.8989E-06       25.810     8.871    56.859
     48      24.005    0.9152E-06       25.410     9.164    56.966
     49      24.503    0.9331E-06       25.010     9.461    57.068
     50      25.002    0.9528E-06       24.612     9.762    57.166
     51      25.503    0.9741E-06       24.214    10.067    57.260
     52      26.006    0.9968E-06       23.817    10.375    57.348
     53      26.510    0.1021E-05       23.420    10.687    57.433
     54      27.005    0.1046E-05       23.034    10.996    57.511
     55      27.501    0.1072E-05       22.648    11.307    57.584
     56      28.009    0.1099E-05       22.255    11.630    57.655
     57      28.508    0.1126E-05       21.872    11.948    57.720
     58      29.007    0.1153E-05       21.490    12.270    57.780
     59      29.507    0.1181E-05       21.109    12.595    57.836
     60      30.009    0.1208E-05       20.730    12.923    57.887
     61      30.511    0.1234E-05       20.352    13.253    57.934
     62      31.002    0.1259E-05       19.984    13.580    57.976
     63      31.506    0.1283E-05       19.610    13.916    58.014
     64      32.010    0.1306E-05       19.237    14.255    58.048
     65      32.504    0.1326E-05       18.874    14.590    58.076
     66      33.009    0.1344E-05       18.504    14.934    58.101
     67      33.503    0.1358E-05       18.145    15.274    58.121
     68      34.009    0.1371E-05       17.780    15.624    58.137
     69      34.504    0.1379E-05       17.424    15.968    58.148
     70      35.010    0.1385E-05       17.063    16.322    58.155
     71      35.505    0.1387E-05       16.711    16.671    58.157
     72      36.000    0.1385E-05       16.362    17.022    58.155
     73      36.507    0.1380E-05       16.008    17.383    58.149
     74      37.002    0.1372E-05       15.663    17.739    58.138
     75      37.507    0.1360E-05       15.313    18.104    58.123
     76      38.002    0.1345E-05       14.973    18.463    58.104
     77      38.507    0.1328E-05       14.628    18.832    58.079
     78      39.001    0.1308E-05       14.294    19.195    58.051
     79      39.505    0.1286E-05       13.954    19.568    58.018
     80      40.009    0.1262E-05       13.617    19.942    57.981
     81      40.500    0.1237E-05       13.291    20.310    57.939
     82      41.003    0.1211E-05       12.960    20.688    57.893
     83      41.504    0.1184E-05       12.631    21.067    57.842
     84      42.004    0.1156E-05       12.306    21.447    57.787
     85      42.504    0.1129E-05       11.984    21.829    57.727
     86      43.002    0.1102E-05       11.665    22.212    57.663
     87      43.511    0.1074E-05       11.343    22.605    57.592
     88      44.007    0.1049E-05       11.030    22.990    57.519
     89      44.502    0.1024E-05       10.721    23.377    57.442
     90      45.006    0.9994E-06       10.409    23.773    57.358
     91      45.509    0.9765E-06       10.100    24.170    57.270
     92      46.010    0.9551E-06        9.795    24.568    57.177
     93      46.510    0.9352E-06        9.494    24.966    57.079
     94      47.008    0.9171E-06        9.197    25.366    56.978
     95      47.504    0.9006E-06        8.903    25.766    56.871
     96      48.009    0.8857E-06        8.607    26.175    56.758
     97      48.501    0.8729E-06        8.321    26.576    56.643
     98      49.002    0.8616E-06        8.034    26.986    56.521
     99      49.501    0.8521E-06        7.750    27.396    56.394
    100      50.008    0.8443E-06        7.465    27.815    56.259
    101      50.502    0.8383E-06        7.191    28.226    56.123
    102      51.004    0.8338E-06        6.915    28.645    55.980
    103      51.503    0.8308E-06        6.643    29.065    55.832
    104      52.000    0.8291E-06        6.377    29.484    55.679
    105      52.504    0.8287E-06        6.110    29.912    55.519
    106      53.005    0.8293E-06        5.848    30.339    55.353
    107      53.504    0.8307E-06        5.591    30.766    55.183
    108      54.009    0.8329E-06        5.334    31.201    55.005
    109      54.501    0.8355E-06        5.088    31.626    54.826
    110      55.009    0.8385E-06        4.837    32.069    54.634
    111      55.504    0.8414E-06        4.597    32.501    54.442
    112      56.005    0.8441E-06        4.357    32.941    54.241
    113      56.502    0.8464E-06        4.124    33.381    54.035
    114      57.005    0.8479E-06        3.892    33.827    53.821
    115      57.504    0.8485E-06        3.667    34.272    53.601
    116      58.008    0.8479E-06        3.443    34.724    53.373
    117      58.508    0.8457E-06        3.227    35.174    53.139
    118      59.003    0.8419E-06        3.016    35.623    52.901
    119      59.503    0.8359E-06        2.809    36.078    52.653
    120      60.008    0.8276E-06        2.605    36.539    52.396
    121      60.507    0.8169E-06        2.409    36.998    52.133
    122      61.000    0.8035E-06        2.220    37.454    51.866
    123      61.507    0.7866E-06        2.032    37.924    51.584
    124      62.007    0.7666E-06        1.852    38.391    51.297
    125      62.502    0.7430E-06        1.680    38.855    51.005
    126      63.008    0.7149E-06        1.511    39.332    50.697
    127      63.508    0.6829E-06        1.350    39.805    50.385
    128      64.001    0.6469E-06        1.198    40.274    50.067
    129      64.504    0.6058E-06        1.051    40.755    49.734
    130      65.000    0.5608E-06        0.913    41.232    49.395
    131      65.505    0.5109E-06        0.781    41.719    49.040
    132      66.003    0.4581E-06        0.658    42.202    48.680
    133      66.501    0.4023E-06        0.545    42.686    48.309
    134      67.006    0.3435E-06        0.439    43.180    47.921
    135      67.502    0.2848E-06        0.344    43.668    47.528
    136      68.005    0.2259E-06        0.259    44.163    47.118
    137      68.507    0.1694E-06        0.185    44.659    46.696
    138      69.006    0.1174E-06        0.122    45.154    46.264
    139      69.503    0.7207E-07        0.072    45.649    45.820
    140      70.004    0.3539E-07        0.034    46.148    45.358
    141      70.501    0.1060E-07        0.010    46.645    44.885
    142      71.002    0.1493E-09        0.000    47.146    44.394
