   3N SYSTEM INCLUSIVE  PHOTODESINTEGRATION
        DETECTED PARTICLE: 1- PROTON
        NOT DETECTED PARTICLES:2-NEUTRON  3-NEUTRON

      OMEGA 0.10000E+03
     MTTWE1,MTTWE2,MTTWE3=    1   -1   -1
     TH1LAB,PHI1LAB=   170.000     0.000
   Unit of cross sections ... fm**2/(MeV*sr**2)
      I       E1      CROSS           AX           AY           AZ
      1      48.682    0.77873E-08   -0.40105E-01   -0.15684E-17    0.40357E-16
      1      48.668    0.99209E-05   -0.40079E-01   -0.66417E-18    0.21588E-16
      1      48.662    0.25621E-04   -0.40065E-01   -0.64823E-18    0.16754E-16
      1      48.655    0.50036E-04   -0.40054E-01   -0.37255E-18    0.28309E-16
      1      48.648    0.83688E-04   -0.40045E-01   -0.29177E-18    0.24940E-16
      1      48.642    0.12687E-03   -0.40037E-01   -0.20024E-18    0.24512E-16
      1      48.635    0.17975E-03   -0.40030E-01   -0.26086E-18    0.29901E-16
      1      48.628    0.24241E-03   -0.40023E-01   -0.14934E-18    0.26355E-16
      1      48.622    0.31486E-03   -0.40016E-01   -0.13208E-19    0.22830E-16
      1      48.615    0.39708E-03   -0.40010E-01   -0.12268E-18    0.25486E-16
      1      48.608    0.48904E-03   -0.40004E-01   -0.23953E-18    0.20924E-16
      1      48.602    0.59068E-03   -0.39997E-01   -0.94148E-19    0.21781E-16
      1      48.595    0.70192E-03   -0.39991E-01   -0.39017E-19    0.21761E-16
      1      48.588    0.82268E-03   -0.39986E-01    0.17319E-19    0.20197E-16
      1      48.582    0.95289E-03   -0.39980E-01   -0.85066E-19    0.21316E-16
      1      48.575    0.10925E-02   -0.39974E-01   -0.22710E-18    0.20230E-16
      1      48.568    0.12413E-02   -0.39969E-01   -0.10459E-18    0.20701E-16
      1      48.562    0.13993E-02   -0.39963E-01   -0.19979E-18    0.19391E-16
      1      48.295    0.26440E-02   -0.39947E-01   -0.19015E-18    0.21290E-16
      1      48.029    0.35768E-02   -0.39920E-01   -0.21256E-18    0.20669E-16
      1      47.763    0.43904E-02   -0.39884E-01   -0.20190E-18    0.16945E-16
      1      47.497    0.51382E-02   -0.39838E-01   -0.16302E-18    0.18833E-16
      1      47.231    0.58442E-02   -0.39783E-01   -0.19277E-18    0.16028E-16
      1      46.965    0.65218E-02   -0.39720E-01   -0.25057E-18    0.19215E-16
      1      46.698    0.71794E-02   -0.39649E-01   -0.22480E-18    0.17839E-16
      1      46.432    0.78228E-02   -0.39570E-01   -0.22937E-18    0.18458E-16
      1      46.166    0.84561E-02   -0.39482E-01   -0.13045E-18    0.18986E-16
      1      45.900    0.90827E-02   -0.39386E-01   -0.13075E-18    0.19321E-16
      1      45.634    0.97049E-02   -0.39281E-01   -0.17827E-18    0.15161E-16
      1      45.368    0.10325E-01   -0.39168E-01   -0.15685E-18    0.18716E-16
      1      45.101    0.10945E-01   -0.39046E-01   -0.74959E-19    0.18990E-16
      1      44.835    0.11566E-01   -0.38914E-01   -0.11575E-18    0.19233E-16
      1      44.569    0.12189E-01   -0.38774E-01   -0.11353E-18    0.15420E-16
      1      44.303    0.12817E-01   -0.38624E-01   -0.78947E-19    0.18123E-16
      1      44.037    0.13449E-01   -0.38464E-01   -0.95646E-19    0.19958E-16
      1      43.771    0.14087E-01   -0.38296E-01   -0.11211E-18    0.16983E-16
      1      43.504    0.14732E-01   -0.38117E-01   -0.17296E-18    0.18744E-16
      1      43.238    0.15385E-01   -0.37930E-01    0.18622E-21    0.16290E-16
      1      42.972    0.16047E-01   -0.37733E-01   -0.79645E-19    0.17854E-16
      1      42.706    0.16718E-01   -0.37527E-01   -0.11020E-18    0.17457E-16
      1      42.440    0.17399E-01   -0.37313E-01   -0.96702E-20    0.18643E-16
      1      42.174    0.18092E-01   -0.37090E-01   -0.35623E-19    0.14199E-16
      1      41.907    0.18796E-01   -0.36860E-01   -0.51341E-19    0.14755E-16
      1      41.641    0.19514E-01   -0.36622E-01   -0.55611E-19    0.14215E-16
      1      41.375    0.20244E-01   -0.36376E-01    0.83937E-19    0.13950E-16
      1      41.109    0.20988E-01   -0.36124E-01    0.12016E-18    0.12580E-16
      1      40.843    0.21748E-01   -0.35866E-01   -0.83632E-20    0.17726E-16
      1      40.577    0.22522E-01   -0.35601E-01   -0.58961E-20    0.14443E-16
      1      40.311    0.23313E-01   -0.35330E-01   -0.11058E-18    0.13249E-16
      1      40.044    0.24121E-01   -0.35054E-01   -0.12696E-18    0.14365E-16
      1      39.778    0.24946E-01   -0.34773E-01    0.11465E-18    0.13787E-16
      1      39.512    0.25790E-01   -0.34487E-01   -0.10292E-18    0.13853E-16
      1      39.246    0.26653E-01   -0.34197E-01   -0.29369E-19    0.13035E-16
      1      38.980    0.27534E-01   -0.33902E-01   -0.32315E-18    0.14600E-16
      1      38.714    0.28437E-01   -0.33604E-01    0.10385E-18    0.12356E-16
      1      38.447    0.29359E-01   -0.33303E-01   -0.81168E-20    0.15707E-16
      1      38.181    0.30303E-01   -0.32999E-01    0.12920E-19    0.14395E-16
      1      37.915    0.31268E-01   -0.32693E-01    0.28942E-18    0.11769E-16
      1      37.649    0.32256E-01   -0.32385E-01    0.45404E-19    0.11531E-16
      1      37.383    0.33266E-01   -0.32075E-01   -0.15757E-18    0.10988E-16
      1      37.117    0.34298E-01   -0.31764E-01    0.52154E-20    0.15077E-16
      1      36.850    0.35354E-01   -0.31453E-01    0.56191E-21    0.12112E-16
      1      36.584    0.36433E-01   -0.31142E-01   -0.17137E-18    0.11050E-16
      1      36.318    0.37535E-01   -0.30831E-01    0.28143E-19    0.11821E-16
      1      36.052    0.38660E-01   -0.30520E-01    0.60072E-19    0.11418E-16
      1      35.786    0.39809E-01   -0.30211E-01    0.16394E-18    0.10226E-16
      1      35.520    0.40981E-01   -0.29904E-01    0.58134E-18    0.10368E-16
      1      35.253    0.42177E-01   -0.29598E-01    0.63347E-19    0.96168E-17
      1      34.987    0.43396E-01   -0.29294E-01    0.20676E-18    0.11706E-16
      1      34.721    0.44638E-01   -0.28993E-01   -0.27433E-18    0.12937E-16
      1      34.455    0.45903E-01   -0.28694E-01   -0.14979E-18    0.10665E-16
      1      34.189    0.47190E-01   -0.28399E-01   -0.19076E-18    0.10261E-16
      1      33.923    0.48499E-01   -0.28106E-01    0.22896E-18    0.10418E-16
      1      33.656    0.49831E-01   -0.27817E-01   -0.84044E-19    0.95833E-17
      1      33.390    0.51183E-01   -0.27532E-01    0.20944E-18    0.88728E-17
      1      33.124    0.52556E-01   -0.27250E-01   -0.11283E-18    0.95525E-17
      1      32.858    0.53949E-01   -0.26973E-01    0.11934E-18    0.11236E-16
      1      32.592    0.55361E-01   -0.26699E-01    0.73434E-19    0.10599E-16
      1      32.326    0.56792E-01   -0.26430E-01   -0.47334E-19    0.10914E-16
      1      32.059    0.58242E-01   -0.26166E-01    0.16926E-18    0.97992E-17
      1      31.793    0.59708E-01   -0.25906E-01    0.60762E-20    0.99283E-17
      1      31.527    0.61192E-01   -0.25650E-01   -0.21608E-18    0.10667E-16
      1      31.261    0.62690E-01   -0.25400E-01   -0.21067E-18    0.11529E-16
      1      30.995    0.64204E-01   -0.25154E-01   -0.32100E-18    0.11469E-16
      1      30.729    0.65731E-01   -0.24914E-01    0.14909E-18    0.91886E-17
      1      30.463    0.67271E-01   -0.24679E-01    0.31305E-18    0.99767E-17
      1      30.196    0.68822E-01   -0.24449E-01    0.73869E-18    0.11906E-16
      1      29.930    0.70384E-01   -0.24224E-01    0.16057E-18    0.91655E-17
      1      29.664    0.71955E-01   -0.24005E-01    0.79947E-19    0.94728E-17
      1      29.398    0.73535E-01   -0.23792E-01    0.23656E-18    0.93044E-17
      1      29.132    0.75122E-01   -0.23584E-01   -0.66797E-19    0.96115E-17
      1      28.866    0.76714E-01   -0.23382E-01    0.23755E-18    0.10250E-16
      1      28.599    0.78312E-01   -0.23186E-01    0.33862E-18    0.86241E-17
      1      28.333    0.79912E-01   -0.22995E-01   -0.54657E-18    0.11427E-16
      1      28.067    0.81515E-01   -0.22810E-01    0.38533E-20    0.10332E-16
      1      27.801    0.83119E-01   -0.22630E-01   -0.85799E-19    0.99534E-17
      1      27.535    0.84723E-01   -0.22457E-01    0.38300E-18    0.92244E-17
      1      27.269    0.86326E-01   -0.22289E-01    0.62611E-18    0.10695E-16
      1      27.002    0.87925E-01   -0.22127E-01    0.45722E-18    0.90874E-17
      1      26.736    0.89521E-01   -0.21970E-01    0.53145E-20    0.10036E-16
      1      26.470    0.91112E-01   -0.21819E-01    0.53000E-18    0.74938E-17
      1      26.204    0.92696E-01   -0.21674E-01    0.15210E-18    0.75994E-17
      1      25.938    0.94273E-01   -0.21534E-01    0.52879E-18    0.10782E-16
      1      25.672    0.95840E-01   -0.21399E-01    0.70418E-18    0.10286E-16
      1      25.405    0.97398E-01   -0.21270E-01    0.21174E-18    0.81259E-17
      1      25.139    0.98944E-01   -0.21146E-01   -0.13184E-18    0.72163E-17
      1      24.873    0.10048E+00   -0.21028E-01    0.22029E-18    0.11269E-16
      1      24.607    0.10200E+00   -0.20915E-01   -0.51666E-18    0.93139E-17
      1      24.341    0.10350E+00   -0.20808E-01    0.10334E-17    0.91962E-17
      1      24.075    0.10499E+00   -0.20705E-01    0.28109E-19    0.86501E-17
      1      23.808    0.10646E+00   -0.20608E-01    0.30044E-18    0.98262E-17
      1      23.542    0.10792E+00   -0.20516E-01    0.81969E-18    0.79959E-17
      1      23.276    0.10935E+00   -0.20430E-01    0.47098E-19    0.63756E-17
      1      23.010    0.11076E+00   -0.20348E-01    0.14022E-17    0.81640E-17
      1      22.744    0.11215E+00   -0.20272E-01    0.54751E-18    0.10477E-16
      1      22.478    0.11352E+00   -0.20201E-01    0.28356E-18    0.10805E-16
      1      22.211    0.11487E+00   -0.20135E-01    0.43967E-18    0.10885E-16
      1      21.945    0.11619E+00   -0.20074E-01    0.50942E-18    0.10442E-16
      1      21.679    0.11748E+00   -0.20018E-01    0.53320E-18    0.10892E-16
      1      21.413    0.11875E+00   -0.19967E-01    0.69594E-18    0.11661E-16
      1      21.147    0.11999E+00   -0.19921E-01    0.20757E-18    0.11640E-16
      1      20.881    0.12120E+00   -0.19881E-01   -0.35166E-18    0.81667E-17
      1      20.614    0.12239E+00   -0.19846E-01    0.41643E-18    0.87489E-17
      1      20.348    0.12354E+00   -0.19815E-01    0.38948E-18    0.97431E-17
      1      20.082    0.12467E+00   -0.19790E-01    0.15375E-17    0.89779E-17
      1      19.816    0.12576E+00   -0.19770E-01    0.61841E-18    0.81959E-17
      1      19.550    0.12682E+00   -0.19754E-01   -0.46164E-18    0.85909E-17
      1      19.284    0.12786E+00   -0.19744E-01    0.93575E-19    0.10600E-16
      1      19.018    0.12886E+00   -0.19739E-01    0.47778E-18    0.10860E-16
      1      18.751    0.12983E+00   -0.19739E-01    0.58896E-18    0.97372E-17
      1      18.485    0.13076E+00   -0.19744E-01    0.80390E-18    0.98542E-17
      1      18.219    0.13166E+00   -0.19754E-01    0.10335E-17    0.82199E-17
      1      17.953    0.13253E+00   -0.19769E-01    0.93515E-18    0.11209E-16
      1      17.687    0.13337E+00   -0.19789E-01    0.11681E-17    0.10292E-16
      1      17.421    0.13417E+00   -0.19813E-01    0.53258E-18    0.90506E-17
      1      17.154    0.13494E+00   -0.19843E-01    0.10720E-17    0.89942E-17
      1      16.888    0.13568E+00   -0.19878E-01    0.25574E-18    0.10487E-16
      1      16.622    0.13638E+00   -0.19917E-01    0.11163E-18    0.10403E-16
      1      16.356    0.13705E+00   -0.19962E-01    0.94432E-18    0.11938E-16
      1      16.090    0.13768E+00   -0.20011E-01    0.11573E-17    0.97872E-17
      1      15.824    0.13828E+00   -0.20066E-01    0.11319E-17    0.10420E-16
      1      15.557    0.13884E+00   -0.20125E-01    0.12082E-17    0.85627E-17
      1      15.291    0.13937E+00   -0.20190E-01    0.15156E-17    0.10801E-16
      1      15.025    0.13987E+00   -0.20259E-01    0.11137E-17    0.10729E-16
      1      14.759    0.14033E+00   -0.20333E-01   -0.11196E-18    0.99571E-17
      1      14.493    0.14076E+00   -0.20413E-01    0.10531E-17    0.12068E-16
      1      14.227    0.14115E+00   -0.20497E-01    0.17051E-17    0.13460E-16
      1      13.960    0.14151E+00   -0.20587E-01    0.36869E-18    0.11078E-16
      1      13.694    0.14183E+00   -0.20682E-01    0.18604E-17    0.90821E-17
      1      13.428    0.14212E+00   -0.20782E-01    0.14942E-17    0.94788E-17
      1      13.162    0.14238E+00   -0.20888E-01    0.13155E-17    0.12169E-16
      1      12.896    0.14260E+00   -0.20999E-01    0.18563E-17    0.11298E-16
      1      12.630    0.14278E+00   -0.21116E-01    0.18480E-17    0.11982E-16
      1      12.363    0.14293E+00   -0.21238E-01    0.17211E-17    0.95834E-17
      1      12.097    0.14305E+00   -0.21366E-01    0.23073E-17    0.10980E-16
      1      11.831    0.14313E+00   -0.21500E-01    0.20111E-17    0.10466E-16
      1      11.565    0.14318E+00   -0.21640E-01    0.28033E-17    0.96863E-17
      1      11.299    0.14319E+00   -0.21786E-01    0.18817E-18    0.11493E-16
      1      11.033    0.14317E+00   -0.21938E-01    0.27298E-17    0.97128E-17
      1      10.766    0.14310E+00   -0.22095E-01    0.14222E-17    0.11072E-16
      1      10.500    0.14300E+00   -0.22258E-01    0.16514E-17    0.12468E-16
      1      10.234    0.14285E+00   -0.22425E-01    0.17616E-17    0.11622E-16
      1       9.968    0.14266E+00   -0.22595E-01    0.19983E-17    0.12402E-16
      1       9.702    0.14242E+00   -0.22768E-01    0.21705E-17    0.11641E-16
      1       9.436    0.14212E+00   -0.22942E-01    0.27428E-17    0.92397E-17
      1       9.170    0.14177E+00   -0.23115E-01    0.33498E-17    0.11241E-16
      1       8.903    0.14135E+00   -0.23287E-01    0.24066E-17    0.89006E-17
      1       8.637    0.14086E+00   -0.23456E-01    0.22277E-17    0.10233E-16
      1       8.371    0.14029E+00   -0.23622E-01    0.31203E-17    0.88254E-17
      1       8.105    0.13965E+00   -0.23783E-01    0.24115E-17    0.10977E-16
      1       7.839    0.13893E+00   -0.23939E-01    0.41960E-17    0.96969E-17
      1       7.573    0.13812E+00   -0.24089E-01    0.22308E-17    0.92716E-17
      1       7.306    0.13722E+00   -0.24235E-01    0.34419E-17    0.10074E-16
      1       7.040    0.13623E+00   -0.24375E-01    0.30558E-17    0.90992E-17
      1       6.774    0.13515E+00   -0.24509E-01    0.37561E-17    0.97901E-17
      1       6.508    0.13396E+00   -0.24638E-01    0.32881E-17    0.83432E-17
      1       6.242    0.13267E+00   -0.24762E-01    0.29827E-17    0.82470E-17
      1       5.976    0.13127E+00   -0.24879E-01    0.32210E-17    0.83785E-17
      1       5.709    0.12975E+00   -0.24992E-01    0.57158E-17    0.81050E-17
      1       5.443    0.12811E+00   -0.25098E-01    0.29908E-17    0.10200E-16
      1       5.177    0.12634E+00   -0.25198E-01    0.34250E-17    0.78627E-17
      1       4.911    0.12443E+00   -0.25293E-01    0.50087E-17    0.85105E-17
      1       4.645    0.12237E+00   -0.25382E-01    0.63902E-17    0.83173E-17
      1       4.379    0.12015E+00   -0.25464E-01    0.41599E-17    0.94504E-17
      1       4.112    0.11776E+00   -0.25540E-01    0.32084E-17    0.67364E-17
      1       3.846    0.11518E+00   -0.25610E-01    0.46040E-17    0.80478E-17
      1       3.580    0.11239E+00   -0.25673E-01    0.56477E-17    0.94559E-17
      1       3.314    0.10938E+00   -0.25730E-01    0.53714E-17    0.68905E-17
      1       3.048    0.10611E+00   -0.25779E-01    0.71776E-17    0.68534E-17
      1       2.782    0.10256E+00   -0.25820E-01    0.44817E-17    0.75230E-17
      1       2.515    0.98691E-01   -0.25853E-01    0.42521E-17    0.81240E-17
      1       2.249    0.94449E-01   -0.25878E-01    0.64079E-17    0.63290E-17
      1       1.983    0.89773E-01   -0.25893E-01    0.63968E-17    0.75820E-17
      1       1.717    0.84578E-01   -0.25898E-01    0.72202E-17    0.88214E-17
      1       1.451    0.78744E-01   -0.25891E-01    0.67163E-17    0.74853E-17
      1       1.185    0.72096E-01   -0.25872E-01    0.79221E-17    0.70603E-17
      1       0.918    0.64348E-01   -0.25840E-01    0.81918E-17    0.48029E-17
      1       0.652    0.54996E-01   -0.25793E-01    0.65705E-17    0.66426E-17
      1       0.386    0.42938E-01   -0.25731E-01    0.92688E-17    0.67860E-17
      1       0.120    0.24315E-01   -0.25656E-01    0.87326E-17    0.66504E-17
