   3N SYSTEM INCLUSIVE  PHOTODESINTEGRATION
        DETECTED PARTICLE: 1- PROTON
        NOT DETECTED PARTICLES:2-NEUTRON  3-NEUTRON

      OMEGA 0.30000E+02
     MTTWE1,MTTWE2,MTTWE3=    1   -1   -1
     TH1LAB,PHI1LAB=   130.000     0.000
   Unit of cross sections ... fm**2/(MeV*sr**2)
      I       E1      CROSS           AX           AY           AZ
      1      13.126    0.10480E-05   -0.98043E+00   -0.19224E-18    0.25060E-18
      1      13.112    0.13439E-02   -0.98042E+00   -0.11983E-18   -0.15384E-18
      1      13.106    0.34807E-02   -0.98041E+00    0.82293E-19    0.83648E-18
      1      13.099    0.68114E-02   -0.98041E+00   -0.10785E-18    0.56853E-18
      1      13.092    0.11411E-01   -0.98040E+00    0.22403E-18    0.62845E-18
      1      13.086    0.17322E-01   -0.98040E+00    0.30877E-18   -0.74486E-20
      1      13.079    0.24570E-01   -0.98039E+00    0.19354E-18    0.14505E-18
      1      13.072    0.33166E-01   -0.98039E+00    0.83489E-18   -0.19979E-18
      1      13.066    0.43115E-01   -0.98038E+00    0.99137E-18    0.54532E-18
      1      13.059    0.54414E-01   -0.98038E+00    0.75120E-18    0.19549E-18
      1      13.052    0.67059E-01   -0.98038E+00    0.56640E-18    0.57574E-18
      1      13.046    0.81039E-01   -0.98037E+00    0.14800E-17    0.50420E-18
      1      13.039    0.96347E-01   -0.98037E+00    0.44666E-18    0.41122E-18
      1      13.032    0.11297E+00   -0.98036E+00    0.94057E-18    0.51936E-18
      1      13.026    0.13089E+00   -0.98036E+00    0.38703E-18   -0.22125E-18
      1      13.019    0.15011E+00   -0.98035E+00    0.75366E-18    0.16310E-17
      1      13.012    0.17060E+00   -0.98034E+00    0.49527E-18    0.11789E-17
      1      13.006    0.19235E+00   -0.98034E+00    0.67669E-18    0.18015E-18
      1      12.935    0.26033E+00   -0.98032E+00    0.55608E-18    0.17470E-17
      1      12.864    0.32349E+00   -0.98031E+00    0.67971E-18    0.52274E-18
      1      12.793    0.38396E+00   -0.98028E+00    0.57853E-18    0.10350E-17
      1      12.722    0.44272E+00   -0.98026E+00   -0.21793E-18    0.12525E-17
      1      12.652    0.50032E+00   -0.98022E+00   -0.33249E-19    0.14519E-17
      1      12.581    0.55710E+00   -0.98018E+00    0.28320E-18    0.10910E-18
      1      12.510    0.61327E+00   -0.98013E+00    0.70944E-20   -0.90455E-19
      1      12.439    0.66898E+00   -0.98008E+00    0.80161E-18    0.13343E-18
      1      12.368    0.72433E+00   -0.98001E+00    0.33579E-18    0.12844E-18
      1      12.298    0.77941E+00   -0.97994E+00    0.58117E-19   -0.44195E-18
      1      12.227    0.83427E+00   -0.97986E+00    0.24256E-18   -0.68806E-18
      1      12.156    0.88894E+00   -0.97977E+00    0.80529E-18   -0.11061E-17
      1      12.085    0.94347E+00   -0.97968E+00    0.48646E-18   -0.38673E-18
      1      12.014    0.99787E+00   -0.97957E+00    0.11548E-18    0.21141E-18
      1      11.944    0.10522E+01   -0.97945E+00    0.78563E-18    0.88045E-19
      1      11.873    0.11064E+01   -0.97933E+00    0.78030E-18    0.14095E-17
      1      11.802    0.11605E+01   -0.97919E+00    0.75329E-18    0.33698E-18
      1      11.731    0.12145E+01   -0.97904E+00    0.11702E-17   -0.49108E-18
      1      11.660    0.12685E+01   -0.97889E+00    0.38913E-18    0.19088E-18
      1      11.590    0.13225E+01   -0.97872E+00    0.11886E-17    0.41594E-18
      1      11.519    0.13763E+01   -0.97854E+00    0.45713E-18   -0.93299E-19
      1      11.448    0.14301E+01   -0.97836E+00    0.71632E-18   -0.75551E-18
      1      11.377    0.14839E+01   -0.97816E+00    0.50551E-18   -0.42520E-18
      1      11.306    0.15376E+01   -0.97795E+00    0.11374E-19    0.66416E-18
      1      11.236    0.15912E+01   -0.97773E+00    0.52943E-18    0.45520E-18
      1      11.165    0.16448E+01   -0.97750E+00    0.67068E-19    0.11261E-17
      1      11.094    0.16983E+01   -0.97726E+00    0.35479E-18    0.55980E-18
      1      11.023    0.17518E+01   -0.97700E+00    0.59045E-19    0.15781E-17
      1      10.952    0.18052E+01   -0.97674E+00    0.14144E-18    0.15784E-17
      1      10.882    0.18586E+01   -0.97646E+00    0.43045E-18   -0.71567E-18
      1      10.811    0.19119E+01   -0.97617E+00    0.18549E-18   -0.47446E-19
      1      10.740    0.19651E+01   -0.97588E+00    0.26700E-18    0.13971E-17
      1      10.669    0.20183E+01   -0.97557E+00    0.13533E-18   -0.30062E-18
      1      10.598    0.20714E+01   -0.97524E+00    0.14707E-18   -0.58129E-19
      1      10.528    0.21244E+01   -0.97491E+00   -0.56208E-19    0.92138E-18
      1      10.457    0.21774E+01   -0.97457E+00    0.75984E-19    0.45101E-18
      1      10.386    0.22303E+01   -0.97421E+00    0.58716E-18   -0.72114E-19
      1      10.315    0.22831E+01   -0.97384E+00    0.41665E-18   -0.57769E-18
      1      10.244    0.23358E+01   -0.97346E+00    0.11958E-17   -0.13608E-17
      1      10.174    0.23884E+01   -0.97307E+00    0.95736E-18   -0.16652E-18
      1      10.103    0.24410E+01   -0.97266E+00    0.10888E-17    0.18990E-17
      1      10.032    0.24934E+01   -0.97225E+00    0.10132E-17   -0.63606E-18
      1       9.961    0.25458E+01   -0.97182E+00    0.13059E-17    0.86124E-18
      1       9.890    0.25981E+01   -0.97138E+00    0.47878E-18    0.10819E-17
      1       9.820    0.26502E+01   -0.97093E+00    0.10061E-17    0.12979E-17
      1       9.749    0.27023E+01   -0.97046E+00    0.13033E-17    0.21808E-18
      1       9.678    0.27542E+01   -0.96999E+00    0.14414E-17   -0.12582E-17
      1       9.607    0.28061E+01   -0.96950E+00    0.16194E-17    0.13992E-18
      1       9.536    0.28578E+01   -0.96900E+00    0.11028E-17    0.15243E-17
      1       9.466    0.29095E+01   -0.96848E+00    0.96425E-18   -0.32750E-18
      1       9.395    0.29610E+01   -0.96796E+00    0.19715E-17   -0.55954E-19
      1       9.324    0.30123E+01   -0.96742E+00    0.11165E-17   -0.61009E-18
      1       9.253    0.30636E+01   -0.96687E+00    0.17759E-17   -0.19108E-17
      1       9.182    0.31147E+01   -0.96630E+00    0.30211E-17   -0.22096E-17
      1       9.112    0.31657E+01   -0.96573E+00    0.20392E-17   -0.18164E-17
      1       9.041    0.32166E+01   -0.96514E+00    0.21106E-17   -0.27838E-19
      1       8.970    0.32673E+01   -0.96454E+00    0.25316E-17   -0.22437E-17
      1       8.899    0.33179E+01   -0.96392E+00    0.14657E-17   -0.82480E-18
      1       8.828    0.33683E+01   -0.96330E+00    0.27789E-17   -0.19092E-17
      1       8.758    0.34186E+01   -0.96266E+00    0.27805E-17    0.49054E-18
      1       8.687    0.34688E+01   -0.96201E+00    0.20898E-17   -0.62338E-18
      1       8.616    0.35188E+01   -0.96134E+00    0.31498E-17   -0.13146E-17
      1       8.545    0.35686E+01   -0.96066E+00    0.28930E-17   -0.19084E-17
      1       8.474    0.36183E+01   -0.95997E+00    0.22367E-17   -0.95620E-18
      1       8.404    0.36678E+01   -0.95927E+00    0.26818E-17   -0.20711E-17
      1       8.333    0.37172E+01   -0.95855E+00    0.24092E-17   -0.19497E-17
      1       8.262    0.37664E+01   -0.95782E+00    0.21157E-17   -0.11550E-17
      1       8.191    0.38155E+01   -0.95707E+00    0.35552E-17   -0.13164E-17
      1       8.120    0.38643E+01   -0.95631E+00    0.30600E-17   -0.13684E-17
      1       8.050    0.39131E+01   -0.95554E+00    0.39560E-17   -0.20789E-17
      1       7.979    0.39616E+01   -0.95475E+00    0.30327E-17   -0.12344E-17
      1       7.908    0.40099E+01   -0.95395E+00    0.35490E-17   -0.18649E-17
      1       7.837    0.40581E+01   -0.95314E+00    0.19408E-17   -0.51335E-18
      1       7.766    0.41061E+01   -0.95231E+00    0.13056E-17   -0.72510E-18
      1       7.696    0.41540E+01   -0.95147E+00    0.32949E-17   -0.35481E-18
      1       7.625    0.42016E+01   -0.95061E+00    0.36811E-17   -0.11530E-17
      1       7.554    0.42491E+01   -0.94974E+00    0.37775E-17   -0.12646E-17
      1       7.483    0.42964E+01   -0.94886E+00    0.29902E-17   -0.71068E-18
      1       7.412    0.43434E+01   -0.94796E+00    0.36254E-17   -0.99104E-18
      1       7.342    0.43903E+01   -0.94704E+00    0.29630E-17   -0.12956E-17
      1       7.271    0.44371E+01   -0.94611E+00    0.32195E-17   -0.54262E-18
      1       7.200    0.44836E+01   -0.94517E+00    0.32999E-17   -0.18689E-17
      1       7.129    0.45299E+01   -0.94421E+00    0.36924E-17   -0.18623E-17
      1       7.058    0.45761E+01   -0.94323E+00    0.41098E-17   -0.26405E-17
      1       6.988    0.46220E+01   -0.94224E+00    0.46724E-17   -0.28437E-17
      1       6.917    0.46678E+01   -0.94124E+00    0.44599E-17   -0.15668E-17
      1       6.846    0.47133E+01   -0.94022E+00    0.30158E-17   -0.96580E-18
      1       6.775    0.47587E+01   -0.93918E+00    0.34265E-17   -0.10096E-17
      1       6.704    0.48039E+01   -0.93813E+00    0.46673E-17   -0.20489E-17
      1       6.634    0.48489E+01   -0.93706E+00    0.34141E-17   -0.15600E-17
      1       6.563    0.48937E+01   -0.93598E+00    0.40416E-17   -0.44251E-18
      1       6.492    0.49383E+01   -0.93488E+00    0.46205E-17   -0.16427E-17
      1       6.421    0.49827E+01   -0.93376E+00    0.43362E-17   -0.90930E-18
      1       6.350    0.50269E+01   -0.93263E+00    0.45344E-17   -0.18844E-18
      1       6.280    0.50710E+01   -0.93148E+00    0.42787E-17   -0.12300E-17
      1       6.209    0.51149E+01   -0.93031E+00    0.27154E-17    0.23547E-18
      1       6.138    0.51586E+01   -0.92913E+00    0.36831E-17   -0.34492E-18
      1       6.067    0.52021E+01   -0.92793E+00    0.41635E-17   -0.46069E-18
      1       5.996    0.52454E+01   -0.92671E+00    0.47127E-17    0.84876E-18
      1       5.926    0.52885E+01   -0.92548E+00    0.51498E-17   -0.47161E-18
      1       5.855    0.53315E+01   -0.92423E+00    0.24680E-17   -0.11057E-17
      1       5.784    0.53743E+01   -0.92297E+00    0.24902E-17   -0.39038E-18
      1       5.713    0.54170E+01   -0.92168E+00    0.53095E-17   -0.11491E-17
      1       5.642    0.54594E+01   -0.92039E+00    0.57838E-17    0.43638E-18
      1       5.572    0.55017E+01   -0.91907E+00    0.38843E-17    0.11370E-17
      1       5.501    0.55438E+01   -0.91774E+00    0.29066E-17    0.16908E-18
      1       5.430    0.55858E+01   -0.91638E+00    0.30554E-17    0.92027E-19
      1       5.359    0.56275E+01   -0.91502E+00    0.75614E-17    0.10062E-17
      1       5.288    0.56691E+01   -0.91363E+00    0.41136E-17    0.10390E-17
      1       5.218    0.57105E+01   -0.91223E+00    0.35633E-17    0.68490E-18
      1       5.147    0.57516E+01   -0.91081E+00    0.48508E-17   -0.12899E-17
      1       5.076    0.57926E+01   -0.90938E+00    0.55964E-17    0.78421E-18
      1       5.005    0.58334E+01   -0.90792E+00    0.38251E-17    0.69282E-19
      1       4.934    0.58739E+01   -0.90645E+00    0.53743E-17    0.35667E-17
      1       4.864    0.59142E+01   -0.90497E+00    0.42657E-17   -0.51784E-18
      1       4.793    0.59543E+01   -0.90346E+00    0.14367E-17    0.15414E-17
      1       4.722    0.59941E+01   -0.90194E+00    0.76045E-17    0.23930E-17
      1       4.651    0.60336E+01   -0.90041E+00    0.23191E-17    0.73760E-18
      1       4.580    0.60728E+01   -0.89885E+00    0.55185E-17   -0.82829E-19
      1       4.510    0.61117E+01   -0.89728E+00    0.22325E-17    0.10487E-17
      1       4.439    0.61503E+01   -0.89569E+00    0.30522E-17   -0.77424E-18
      1       4.368    0.61885E+01   -0.89409E+00    0.79941E-17   -0.12713E-17
      1       4.297    0.62263E+01   -0.89247E+00    0.62515E-17    0.61637E-19
      1       4.226    0.62637E+01   -0.89083E+00    0.33305E-17    0.99586E-19
      1       4.156    0.63006E+01   -0.88917E+00    0.80870E-17    0.75673E-18
      1       4.085    0.63371E+01   -0.88750E+00    0.71378E-17   -0.10280E-17
      1       4.014    0.63731E+01   -0.88582E+00    0.78759E-17    0.93742E-18
      1       3.943    0.64085E+01   -0.88412E+00    0.33949E-17   -0.94302E-18
      1       3.872    0.64434E+01   -0.88240E+00    0.32708E-17    0.12363E-18
      1       3.802    0.64776E+01   -0.88067E+00    0.48819E-17    0.60768E-18
      1       3.731    0.65112E+01   -0.87892E+00    0.46580E-17   -0.45563E-18
      1       3.660    0.65440E+01   -0.87716E+00    0.51944E-17    0.73262E-18
      1       3.589    0.65760E+01   -0.87538E+00    0.53508E-17    0.13085E-17
      1       3.518    0.66071E+01   -0.87359E+00    0.86525E-17   -0.85532E-18
      1       3.448    0.66373E+01   -0.87179E+00    0.82130E-17   -0.31440E-18
      1       3.377    0.66664E+01   -0.86997E+00    0.83899E-17   -0.14978E-17
      1       3.306    0.66943E+01   -0.86813E+00    0.88577E-17   -0.63988E-18
      1       3.235    0.67209E+01   -0.86629E+00    0.53414E-17   -0.19651E-17
      1       3.164    0.67460E+01   -0.86443E+00    0.43984E-17   -0.50776E-18
      1       3.094    0.67696E+01   -0.86255E+00    0.72912E-17   -0.90291E-18
      1       3.023    0.67915E+01   -0.86066E+00    0.93783E-17   -0.21537E-17
      1       2.952    0.68115E+01   -0.85875E+00    0.72023E-17   -0.20866E-17
      1       2.881    0.68295E+01   -0.85683E+00    0.67399E-17   -0.31939E-17
      1       2.810    0.68453E+01   -0.85489E+00    0.12435E-16   -0.22274E-18
      1       2.740    0.68587E+01   -0.85294E+00    0.84083E-17   -0.14793E-17
      1       2.669    0.68694E+01   -0.85097E+00    0.45874E-17   -0.17383E-18
      1       2.598    0.68773E+01   -0.84898E+00    0.75336E-17   -0.12212E-18
      1       2.527    0.68820E+01   -0.84698E+00    0.96181E-17   -0.16928E-17
      1       2.456    0.68834E+01   -0.84495E+00    0.81165E-17   -0.25303E-18
      1       2.386    0.68812E+01   -0.84290E+00    0.94591E-17   -0.13378E-17
      1       2.315    0.68752E+01   -0.84083E+00    0.68297E-17   -0.26820E-18
      1       2.244    0.68651E+01   -0.83874E+00    0.12036E-16   -0.37620E-18
      1       2.173    0.68508E+01   -0.83663E+00    0.45743E-17   -0.11297E-17
      1       2.102    0.68318E+01   -0.83449E+00    0.83109E-17    0.48759E-18
      1       2.032    0.68081E+01   -0.83232E+00    0.11726E-16    0.30287E-18
      1       1.961    0.67794E+01   -0.83013E+00    0.53638E-17    0.25894E-17
      1       1.890    0.67453E+01   -0.82791E+00    0.77423E-17   -0.18370E-18
      1       1.819    0.67057E+01   -0.82567E+00    0.81049E-17    0.59980E-18
      1       1.748    0.66602E+01   -0.82340E+00    0.86699E-17   -0.85740E-18
      1       1.678    0.66086E+01   -0.82110E+00    0.15011E-16   -0.29880E-18
      1       1.607    0.65506E+01   -0.81878E+00    0.10135E-16   -0.84397E-18
      1       1.536    0.64857E+01   -0.81643E+00    0.57589E-17   -0.38782E-18
      1       1.465    0.64137E+01   -0.81405E+00    0.10042E-16   -0.21418E-18
      1       1.394    0.63341E+01   -0.81164E+00    0.85386E-17   -0.34037E-17
      1       1.324    0.62464E+01   -0.80920E+00    0.11303E-16   -0.14403E-17
      1       1.253    0.61503E+01   -0.80673E+00    0.15358E-16   -0.12599E-17
      1       1.182    0.60450E+01   -0.80423E+00    0.86946E-17    0.10242E-17
      1       1.111    0.59301E+01   -0.80171E+00    0.12183E-16   -0.20008E-17
      1       1.040    0.58046E+01   -0.79915E+00    0.81967E-17   -0.32570E-18
      1       0.970    0.56678E+01   -0.79656E+00    0.84896E-17    0.92683E-18
      1       0.899    0.55187E+01   -0.79394E+00    0.65752E-17    0.11260E-18
      1       0.828    0.53561E+01   -0.79128E+00    0.87558E-17   -0.68421E-19
      1       0.757    0.51786E+01   -0.78860E+00    0.11663E-16   -0.25372E-17
      1       0.686    0.49843E+01   -0.78588E+00    0.12909E-16   -0.14518E-17
      1       0.616    0.47711E+01   -0.78312E+00    0.15006E-16   -0.11155E-17
      1       0.545    0.45361E+01   -0.78033E+00    0.78509E-17   -0.22519E-17
      1       0.474    0.42755E+01   -0.77751E+00    0.87618E-17   -0.32420E-17
      1       0.403    0.39842E+01   -0.77464E+00    0.69872E-17   -0.11547E-17
      1       0.332    0.36547E+01   -0.77174E+00    0.17831E-16   -0.11558E-17
      1       0.262    0.32751E+01   -0.76879E+00    0.87662E-17   -0.39259E-18
      1       0.191    0.28251E+01   -0.76581E+00    0.13096E-16   -0.25411E-17
      1       0.120    0.22628E+01   -0.76277E+00    0.16164E-16   -0.87776E-18
