   3N SYSTEM INCLUSIVE  PHOTODESINTEGRATION
        DETECTED PARTICLE: 1- PROTON
        NOT DETECTED PARTICLES:2-NEUTRON  3-NEUTRON

      OMEGA 0.30000E+02
     MTTWE1,MTTWE2,MTTWE3=    1   -1   -1
     TH1LAB,PHI1LAB=   170.000     0.000
   Unit of cross sections ... fm**2/(MeV*sr**2)
      I       E1      CROSS           AX           AY           AZ
      1      12.588    0.69870E-07   -0.67950E+00    0.41529E-18    0.22727E-18
      1      12.574    0.89423E-04   -0.67922E+00    0.17275E-18   -0.18878E-17
      1      12.568    0.23143E-03   -0.67905E+00   -0.25299E-17   -0.41072E-17
      1      12.561    0.45264E-03   -0.67892E+00   -0.20110E-17   -0.34355E-17
      1      12.554    0.75794E-03   -0.67882E+00   -0.53512E-17   -0.74619E-17
      1      12.548    0.11502E-02   -0.67873E+00   -0.53560E-17   -0.50262E-17
      1      12.541    0.16309E-02   -0.67865E+00   -0.47966E-17   -0.37722E-17
      1      12.534    0.22008E-02   -0.67857E+00   -0.35005E-17   -0.53554E-17
      1      12.528    0.28602E-02   -0.67849E+00   -0.37134E-17   -0.30012E-17
      1      12.521    0.36090E-02   -0.67842E+00   -0.38069E-17   -0.28742E-17
      1      12.514    0.44467E-02   -0.67834E+00   -0.31985E-17   -0.27328E-17
      1      12.508    0.53728E-02   -0.67827E+00   -0.29450E-17   -0.26414E-17
      1      12.501    0.63867E-02   -0.67819E+00   -0.28223E-17   -0.25110E-17
      1      12.494    0.74875E-02   -0.67811E+00   -0.31265E-17   -0.15208E-17
      1      12.488    0.86746E-02   -0.67803E+00   -0.33654E-17   -0.99872E-18
      1      12.481    0.99470E-02   -0.67795E+00   -0.24785E-17   -0.22487E-17
      1      12.474    0.11304E-01   -0.67786E+00   -0.30242E-17   -0.90975E-18
      1      12.468    0.12744E-01   -0.67777E+00   -0.31420E-17   -0.48423E-18
      1      12.400    0.17123E-01   -0.67764E+00   -0.29888E-17    0.69754E-18
      1      12.332    0.21215E-01   -0.67745E+00   -0.34860E-17    0.45912E-18
      1      12.264    0.25150E-01   -0.67720E+00   -0.33973E-17    0.11619E-17
      1      12.196    0.28987E-01   -0.67690E+00   -0.31475E-17   -0.20381E-18
      1      12.129    0.32761E-01   -0.67654E+00   -0.31770E-17    0.19320E-17
      1      12.061    0.36493E-01   -0.67612E+00   -0.29084E-17    0.89774E-19
      1      11.993    0.40198E-01   -0.67563E+00   -0.30225E-17    0.69317E-18
      1      11.925    0.43886E-01   -0.67508E+00   -0.21627E-17    0.18680E-17
      1      11.857    0.47565E-01   -0.67445E+00   -0.24051E-17    0.73590E-18
      1      11.789    0.51241E-01   -0.67375E+00   -0.20568E-17   -0.96088E-19
      1      11.721    0.54918E-01   -0.67298E+00   -0.23631E-17    0.12612E-17
      1      11.654    0.58600E-01   -0.67213E+00   -0.14257E-17   -0.13401E-18
      1      11.586    0.62291E-01   -0.67119E+00   -0.20765E-17    0.27023E-18
      1      11.518    0.65994E-01   -0.67018E+00   -0.18146E-17    0.75115E-18
      1      11.450    0.69711E-01   -0.66908E+00   -0.24206E-17    0.18597E-17
      1      11.382    0.73444E-01   -0.66790E+00   -0.20679E-17    0.15678E-17
      1      11.314    0.77195E-01   -0.66664E+00   -0.13850E-17    0.12671E-17
      1      11.247    0.80968E-01   -0.66529E+00   -0.16078E-17    0.14868E-17
      1      11.179    0.84762E-01   -0.66385E+00   -0.23798E-17    0.15533E-17
      1      11.111    0.88581E-01   -0.66233E+00   -0.13809E-17    0.78176E-18
      1      11.043    0.92426E-01   -0.66072E+00   -0.19935E-17    0.17265E-17
      1      10.975    0.96299E-01   -0.65903E+00   -0.13555E-17    0.27566E-18
      1      10.907    0.10020E+00   -0.65725E+00   -0.19377E-17    0.16266E-17
      1      10.839    0.10413E+00   -0.65538E+00   -0.11275E-17    0.24589E-17
      1      10.772    0.10810E+00   -0.65343E+00   -0.11768E-17    0.16651E-17
      1      10.704    0.11210E+00   -0.65139E+00   -0.15127E-17    0.12834E-17
      1      10.636    0.11614E+00   -0.64927E+00   -0.19601E-17    0.49736E-18
      1      10.568    0.12021E+00   -0.64706E+00   -0.19488E-17    0.85628E-19
      1      10.500    0.12433E+00   -0.64478E+00   -0.22672E-17    0.13827E-17
      1      10.432    0.12848E+00   -0.64240E+00   -0.22111E-17    0.38566E-18
      1      10.365    0.13268E+00   -0.63995E+00   -0.12420E-17    0.20686E-19
      1      10.297    0.13692E+00   -0.63742E+00   -0.11865E-17    0.45158E-18
      1      10.229    0.14120E+00   -0.63481E+00   -0.12298E-17   -0.17302E-17
      1      10.161    0.14554E+00   -0.63211E+00   -0.20554E-17   -0.39751E-18
      1      10.093    0.14992E+00   -0.62935E+00   -0.90015E-18   -0.91799E-18
      1      10.025    0.15435E+00   -0.62650E+00   -0.78708E-18    0.30464E-18
      1       9.958    0.15884E+00   -0.62358E+00   -0.30534E-18   -0.79549E-18
      1       9.890    0.16338E+00   -0.62059E+00   -0.98872E-18    0.40225E-18
      1       9.822    0.16797E+00   -0.61753E+00   -0.15358E-17   -0.39992E-18
      1       9.754    0.17262E+00   -0.61440E+00    0.57962E-19    0.87332E-18
      1       9.686    0.17733E+00   -0.61120E+00   -0.18586E-17    0.99617E-18
      1       9.618    0.18210E+00   -0.60794E+00   -0.13204E-17    0.32182E-18
      1       9.550    0.18693E+00   -0.60461E+00   -0.95229E-18   -0.76294E-19
      1       9.483    0.19183E+00   -0.60122E+00   -0.78179E-18    0.97471E-18
      1       9.415    0.19679E+00   -0.59776E+00   -0.15550E-17    0.15757E-17
      1       9.347    0.20181E+00   -0.59425E+00    0.24423E-17    0.12481E-17
      1       9.279    0.20691E+00   -0.59069E+00    0.43735E-18    0.50038E-18
      1       9.211    0.21207E+00   -0.58706E+00    0.96631E-18   -0.40025E-18
      1       9.143    0.21731E+00   -0.58339E+00    0.56280E-18    0.12808E-17
      1       9.076    0.22262E+00   -0.57966E+00    0.15127E-17    0.94995E-18
      1       9.008    0.22800E+00   -0.57588E+00    0.60584E-18    0.15122E-17
      1       8.940    0.23347E+00   -0.57206E+00    0.30105E-17   -0.78985E-18
      1       8.872    0.23900E+00   -0.56819E+00    0.17568E-18   -0.18590E-20
      1       8.804    0.24462E+00   -0.56428E+00    0.12823E-17   -0.13354E-17
      1       8.736    0.25033E+00   -0.56032E+00    0.10493E-17    0.28362E-19
      1       8.668    0.25611E+00   -0.55633E+00   -0.12975E-17   -0.78064E-18
      1       8.601    0.26198E+00   -0.55230E+00    0.49648E-18    0.43157E-18
      1       8.533    0.26794E+00   -0.54823E+00    0.56769E-18    0.11168E-17
      1       8.465    0.27398E+00   -0.54413E+00    0.17293E-17   -0.92355E-18
      1       8.397    0.28012E+00   -0.54000E+00    0.28577E-18   -0.13686E-17
      1       8.329    0.28635E+00   -0.53584E+00    0.18601E-17   -0.12452E-17
      1       8.261    0.29267E+00   -0.53165E+00    0.52143E-18   -0.51985E-18
      1       8.194    0.29909E+00   -0.52743E+00    0.37805E-17   -0.12128E-17
      1       8.126    0.30560E+00   -0.52319E+00    0.11603E-17    0.11245E-17
      1       8.058    0.31222E+00   -0.51892E+00    0.21706E-17   -0.12671E-17
      1       7.990    0.31894E+00   -0.51464E+00    0.43295E-17   -0.70598E-18
      1       7.922    0.32576E+00   -0.51033E+00    0.16164E-17   -0.84555E-18
      1       7.854    0.33268E+00   -0.50601E+00    0.41592E-17   -0.55504E-18
      1       7.786    0.33971E+00   -0.50167E+00    0.40045E-17   -0.14885E-17
      1       7.719    0.34686E+00   -0.49732E+00    0.86086E-17    0.26354E-18
      1       7.651    0.35411E+00   -0.49295E+00    0.78270E-17    0.34371E-19
      1       7.583    0.36147E+00   -0.48858E+00    0.36618E-17   -0.65397E-18
      1       7.515    0.36895E+00   -0.48419E+00    0.32354E-17   -0.62269E-18
      1       7.447    0.37655E+00   -0.47980E+00    0.55548E-17   -0.12191E-17
      1       7.379    0.38426E+00   -0.47540E+00    0.48484E-17   -0.16394E-17
      1       7.312    0.39210E+00   -0.47099E+00    0.48816E-17   -0.28885E-17
      1       7.244    0.40005E+00   -0.46659E+00    0.48329E-17   -0.23962E-17
      1       7.176    0.40814E+00   -0.46217E+00    0.58293E-17   -0.33890E-17
      1       7.108    0.41635E+00   -0.45776E+00    0.33991E-17   -0.18455E-17
      1       7.040    0.42469E+00   -0.45335E+00    0.52216E-17   -0.20752E-17
      1       6.972    0.43315E+00   -0.44894E+00    0.42852E-17   -0.35000E-18
      1       6.904    0.44176E+00   -0.44454E+00    0.29945E-17   -0.13961E-17
      1       6.837    0.45049E+00   -0.44014E+00    0.72087E-17   -0.10647E-17
      1       6.769    0.45937E+00   -0.43574E+00    0.91967E-17   -0.56254E-19
      1       6.701    0.46838E+00   -0.43135E+00    0.59051E-17   -0.20778E-17
      1       6.633    0.47754E+00   -0.42697E+00    0.76357E-17    0.83857E-18
      1       6.565    0.48684E+00   -0.42260E+00    0.47499E-17   -0.13848E-17
      1       6.497    0.49629E+00   -0.41824E+00    0.79965E-17   -0.10557E-18
      1       6.430    0.50588E+00   -0.41389E+00    0.10574E-16   -0.91041E-18
      1       6.362    0.51563E+00   -0.40955E+00    0.62331E-17    0.16411E-17
      1       6.294    0.52552E+00   -0.40523E+00    0.95395E-17   -0.11267E-18
      1       6.226    0.53558E+00   -0.40092E+00    0.10079E-16    0.14060E-17
      1       6.158    0.54579E+00   -0.39662E+00    0.10432E-16    0.49147E-18
      1       6.090    0.55616E+00   -0.39235E+00    0.90881E-17   -0.23164E-18
      1       6.023    0.56669E+00   -0.38809E+00    0.80062E-17    0.35069E-18
      1       5.955    0.57739E+00   -0.38385E+00    0.42311E-17   -0.34935E-18
      1       5.887    0.58825E+00   -0.37963E+00    0.12756E-16    0.39837E-18
      1       5.819    0.59929E+00   -0.37543E+00    0.11137E-16    0.38064E-18
      1       5.751    0.61049E+00   -0.37126E+00    0.98628E-17    0.44529E-18
      1       5.683    0.62187E+00   -0.36710E+00    0.10711E-16    0.16645E-17
      1       5.615    0.63342E+00   -0.36297E+00    0.15545E-16    0.16668E-17
      1       5.548    0.64515E+00   -0.35886E+00    0.11351E-16   -0.21275E-18
      1       5.480    0.65705E+00   -0.35478E+00    0.20408E-16    0.10991E-17
      1       5.412    0.66914E+00   -0.35073E+00    0.13785E-16    0.86828E-18
      1       5.344    0.68142E+00   -0.34670E+00    0.11687E-16    0.67696E-18
      1       5.276    0.69387E+00   -0.34270E+00    0.10171E-16    0.74729E-18
      1       5.208    0.70652E+00   -0.33873E+00    0.11115E-16    0.32858E-18
      1       5.141    0.71935E+00   -0.33478E+00    0.12398E-16   -0.86955E-18
      1       5.073    0.73236E+00   -0.33087E+00    0.13340E-16    0.13683E-17
      1       5.005    0.74557E+00   -0.32699E+00    0.13011E-16   -0.38341E-19
      1       4.937    0.75897E+00   -0.32314E+00    0.14657E-16    0.10320E-17
      1       4.869    0.77256E+00   -0.31932E+00    0.11021E-16    0.13820E-17
      1       4.801    0.78634E+00   -0.31553E+00    0.16564E-16    0.76549E-18
      1       4.733    0.80030E+00   -0.31178E+00    0.18715E-16    0.19713E-17
      1       4.666    0.81446E+00   -0.30806E+00    0.18854E-16    0.57781E-18
      1       4.598    0.82881E+00   -0.30437E+00    0.18604E-16    0.61763E-18
      1       4.530    0.84334E+00   -0.30071E+00    0.16860E-16    0.76784E-18
      1       4.462    0.85806E+00   -0.29709E+00    0.16089E-16    0.69256E-18
      1       4.394    0.87296E+00   -0.29351E+00    0.17413E-16    0.12150E-17
      1       4.326    0.88805E+00   -0.28996E+00    0.20478E-16    0.65802E-18
      1       4.259    0.90331E+00   -0.28645E+00    0.15607E-16    0.30504E-17
      1       4.191    0.91874E+00   -0.28297E+00    0.90670E-17    0.23824E-17
      1       4.123    0.93435E+00   -0.27953E+00    0.17397E-16    0.91794E-18
      1       4.055    0.95012E+00   -0.27612E+00    0.16469E-16    0.19471E-17
      1       3.987    0.96605E+00   -0.27275E+00    0.13430E-16    0.28067E-17
      1       3.919    0.98214E+00   -0.26942E+00    0.18442E-16    0.35859E-17
      1       3.851    0.99837E+00   -0.26613E+00    0.17666E-16    0.67347E-18
      1       3.784    0.10147E+01   -0.26287E+00    0.23096E-16    0.18285E-17
      1       3.716    0.10312E+01   -0.25965E+00    0.17592E-16    0.15156E-17
      1       3.648    0.10479E+01   -0.25647E+00    0.18367E-16    0.99497E-18
      1       3.580    0.10646E+01   -0.25333E+00    0.22565E-16    0.75582E-18
      1       3.512    0.10814E+01   -0.25022E+00    0.15040E-16    0.17806E-17
      1       3.444    0.10983E+01   -0.24716E+00    0.19118E-16    0.23207E-17
      1       3.377    0.11153E+01   -0.24413E+00    0.25200E-16    0.23647E-17
      1       3.309    0.11324E+01   -0.24114E+00    0.22977E-16    0.12120E-17
      1       3.241    0.11494E+01   -0.23819E+00    0.16488E-16    0.20921E-17
      1       3.173    0.11665E+01   -0.23527E+00    0.26462E-16    0.19548E-17
      1       3.105    0.11835E+01   -0.23240E+00    0.19143E-16    0.23125E-17
      1       3.037    0.12005E+01   -0.22955E+00    0.26663E-16    0.15472E-17
      1       2.969    0.12175E+01   -0.22675E+00    0.30419E-16    0.12311E-17
      1       2.902    0.12343E+01   -0.22398E+00    0.25302E-16    0.23428E-18
      1       2.834    0.12510E+01   -0.22124E+00    0.24915E-16   -0.59073E-18
      1       2.766    0.12675E+01   -0.21854E+00    0.25438E-16    0.50212E-19
      1       2.698    0.12838E+01   -0.21587E+00    0.28160E-16    0.61707E-18
      1       2.630    0.12998E+01   -0.21324E+00    0.32666E-16    0.80802E-18
      1       2.562    0.13155E+01   -0.21063E+00    0.23981E-16   -0.24544E-18
      1       2.495    0.13309E+01   -0.20806E+00    0.24057E-16   -0.10897E-17
      1       2.427    0.13458E+01   -0.20552E+00    0.24879E-16    0.10895E-18
      1       2.359    0.13603E+01   -0.20300E+00    0.32212E-16    0.28650E-18
      1       2.291    0.13742E+01   -0.20050E+00    0.27685E-16   -0.89946E-18
      1       2.223    0.13874E+01   -0.19804E+00    0.28396E-16    0.13320E-17
      1       2.155    0.14001E+01   -0.19559E+00    0.27182E-16    0.39808E-18
      1       2.088    0.14119E+01   -0.19316E+00    0.25155E-16    0.14638E-17
      1       2.020    0.14229E+01   -0.19076E+00    0.35466E-16    0.59409E-19
      1       1.952    0.14331E+01   -0.18838E+00    0.26777E-16   -0.29371E-18
      1       1.884    0.14422E+01   -0.18601E+00    0.30589E-16   -0.12117E-17
      1       1.816    0.14502E+01   -0.18367E+00    0.32973E-16   -0.19424E-17
      1       1.748    0.14571E+01   -0.18134E+00    0.26584E-16   -0.27351E-18
      1       1.680    0.14627E+01   -0.17903E+00    0.32651E-16   -0.65878E-18
      1       1.613    0.14669E+01   -0.17674E+00    0.30414E-16   -0.11945E-17
      1       1.545    0.14696E+01   -0.17447E+00    0.25276E-16    0.36420E-18
      1       1.477    0.14706E+01   -0.17221E+00    0.28994E-16    0.77509E-18
      1       1.409    0.14699E+01   -0.16998E+00    0.25484E-16    0.57858E-18
      1       1.341    0.14673E+01   -0.16776E+00    0.27745E-16   -0.11921E-17
      1       1.273    0.14626E+01   -0.16556E+00    0.28093E-16   -0.67681E-18
      1       1.206    0.14557E+01   -0.16338E+00    0.40910E-16    0.27678E-17
      1       1.138    0.14462E+01   -0.16121E+00    0.33792E-16   -0.46502E-18
      1       1.070    0.14341E+01   -0.15907E+00    0.25223E-16    0.71317E-19
      1       1.002    0.14190E+01   -0.15694E+00    0.28315E-16   -0.70630E-18
      1       0.934    0.14007E+01   -0.15483E+00    0.26225E-16   -0.96923E-18
      1       0.866    0.13788E+01   -0.15273E+00    0.22865E-16    0.56439E-19
      1       0.798    0.13529E+01   -0.15066E+00    0.40083E-16    0.27138E-18
      1       0.731    0.13225E+01   -0.14860E+00    0.26052E-16   -0.14850E-17
      1       0.663    0.12870E+01   -0.14656E+00    0.21115E-16   -0.30453E-18
      1       0.595    0.12458E+01   -0.14453E+00    0.40062E-16    0.36727E-18
      1       0.527    0.11978E+01   -0.14253E+00    0.42709E-16    0.69903E-18
      1       0.459    0.11421E+01   -0.14053E+00    0.43283E-16    0.29293E-17
      1       0.391    0.10768E+01   -0.13856E+00    0.35403E-16   -0.51451E-19
      1       0.324    0.99987E+00   -0.13660E+00    0.30762E-16    0.11728E-17
      1       0.256    0.90771E+00   -0.13465E+00    0.31654E-16   -0.11414E-17
      1       0.188    0.79447E+00   -0.13272E+00    0.39336E-16   -0.16161E-19
      1       0.120    0.64844E+00   -0.13080E+00    0.38491E-16   -0.89114E-18
