   3N SYSTEM INCLUSIVE  PHOTODESINTEGRATION
        DETECTED PARTICLE: 1- PROTON
        NOT DETECTED PARTICLES:2-NEUTRON  3-NEUTRON

      OMEGA 0.30000E+02
     MTTWE1,MTTWE2,MTTWE3=    1   -1   -1
     TH1LAB,PHI1LAB=   170.000     0.000
   Unit of cross sections ... fm**2/(MeV*sr**2)
      I       E1      CROSS           AX           AY           AZ
      1      12.588    0.72277E-07   -0.63418E+00    0.33874E-19   -0.58186E-18
      1      12.574    0.92490E-04   -0.63391E+00    0.52680E-17   -0.55439E-17
      1      12.568    0.23935E-03   -0.63374E+00    0.38822E-17   -0.51577E-17
      1      12.561    0.46812E-03   -0.63362E+00    0.29203E-17   -0.34248E-17
      1      12.554    0.78383E-03   -0.63353E+00    0.24651E-17   -0.28847E-17
      1      12.548    0.11894E-02   -0.63345E+00    0.10255E-17   -0.22438E-17
      1      12.541    0.16865E-02   -0.63337E+00    0.42718E-18   -0.26530E-17
      1      12.534    0.22758E-02   -0.63330E+00    0.50037E-18   -0.25696E-17
      1      12.528    0.29577E-02   -0.63323E+00    0.59917E-18   -0.41828E-17
      1      12.521    0.37319E-02   -0.63316E+00    0.87028E-18   -0.47518E-17
      1      12.514    0.45981E-02   -0.63310E+00    0.91370E-18   -0.39410E-17
      1      12.508    0.55557E-02   -0.63303E+00    0.81003E-18   -0.21165E-17
      1      12.501    0.66041E-02   -0.63296E+00    0.71314E-18   -0.18738E-17
      1      12.494    0.77424E-02   -0.63289E+00    0.35985E-18   -0.17984E-17
      1      12.488    0.89698E-02   -0.63282E+00    0.74562E-18   -0.18616E-17
      1      12.481    0.10286E-01   -0.63274E+00    0.16412E-17   -0.19385E-17
      1      12.474    0.11689E-01   -0.63266E+00    0.14507E-17   -0.18305E-17
      1      12.468    0.13178E-01   -0.63258E+00    0.89569E-18   -0.17003E-17
      1      12.400    0.17706E-01   -0.63245E+00    0.98311E-18   -0.12820E-17
      1      12.332    0.21939E-01   -0.63228E+00    0.72869E-18   -0.21289E-17
      1      12.264    0.26009E-01   -0.63205E+00    0.80351E-18   -0.52649E-18
      1      12.196    0.29980E-01   -0.63176E+00    0.60744E-18   -0.82291E-18
      1      12.129    0.33885E-01   -0.63142E+00    0.11743E-18   -0.28198E-18
      1      12.061    0.37748E-01   -0.63102E+00   -0.13128E-19   -0.73072E-18
      1      11.993    0.41584E-01   -0.63055E+00    0.37382E-18    0.10384E-17
      1      11.925    0.45404E-01   -0.63002E+00    0.50493E-18   -0.12309E-17
      1      11.857    0.49214E-01   -0.62942E+00    0.71722E-18   -0.43678E-18
      1      11.789    0.53023E-01   -0.62875E+00    0.83968E-18    0.10173E-17
      1      11.721    0.56834E-01   -0.62800E+00   -0.19010E-18    0.11220E-17
      1      11.654    0.60652E-01   -0.62718E+00    0.56090E-18    0.10516E-17
      1      11.586    0.64480E-01   -0.62629E+00    0.23213E-18    0.33060E-19
      1      11.518    0.68321E-01   -0.62531E+00    0.55022E-18    0.27524E-17
      1      11.450    0.72177E-01   -0.62425E+00    0.65967E-18    0.29770E-18
      1      11.382    0.76053E-01   -0.62312E+00    0.46526E-19    0.11183E-17
      1      11.314    0.79948E-01   -0.62190E+00    0.58877E-18    0.20944E-17
      1      11.247    0.83867E-01   -0.62060E+00    0.91216E-18    0.75803E-18
      1      11.179    0.87809E-01   -0.61922E+00    0.51603E-18    0.20912E-17
      1      11.111    0.91779E-01   -0.61776E+00    0.35131E-18    0.15723E-17
      1      11.043    0.95777E-01   -0.61621E+00    0.97386E-18    0.14283E-17
      1      10.975    0.99805E-01   -0.61458E+00    0.15751E-17    0.96600E-18
      1      10.907    0.10386E+00   -0.61287E+00    0.31301E-18   -0.19242E-18
      1      10.839    0.10796E+00   -0.61108E+00    0.51793E-18    0.10207E-17
      1      10.772    0.11209E+00   -0.60921E+00    0.12502E-17    0.24806E-17
      1      10.704    0.11625E+00   -0.60726E+00    0.16461E-17    0.19807E-17
      1      10.636    0.12046E+00   -0.60523E+00    0.10599E-17    0.96276E-18
      1      10.568    0.12470E+00   -0.60313E+00    0.12638E-17    0.13515E-17
      1      10.500    0.12899E+00   -0.60094E+00    0.16134E-17    0.23265E-17
      1      10.432    0.13332E+00   -0.59868E+00    0.69434E-18    0.62079E-18
      1      10.365    0.13769E+00   -0.59634E+00    0.10999E-17    0.10011E-17
      1      10.297    0.14211E+00   -0.59393E+00    0.71059E-18    0.11179E-17
      1      10.229    0.14659E+00   -0.59145E+00    0.86335E-18    0.32258E-17
      1      10.161    0.15111E+00   -0.58890E+00    0.10693E-17    0.22685E-17
      1      10.093    0.15568E+00   -0.58627E+00    0.16418E-17    0.14655E-17
      1      10.025    0.16030E+00   -0.58358E+00    0.92945E-18    0.82406E-18
      1       9.958    0.16498E+00   -0.58082E+00    0.14380E-17    0.25015E-17
      1       9.890    0.16972E+00   -0.57800E+00    0.20342E-17    0.26454E-17
      1       9.822    0.17451E+00   -0.57511E+00    0.15807E-17    0.31146E-17
      1       9.754    0.17936E+00   -0.57216E+00    0.43666E-18    0.30104E-17
      1       9.686    0.18428E+00   -0.56915E+00    0.54245E-18    0.39789E-17
      1       9.618    0.18925E+00   -0.56608E+00   -0.57268E-18    0.21409E-17
      1       9.550    0.19429E+00   -0.56296E+00    0.11891E-17    0.15424E-17
      1       9.483    0.19940E+00   -0.55978E+00    0.15408E-17    0.40020E-17
      1       9.415    0.20457E+00   -0.55655E+00    0.25417E-17    0.10398E-17
      1       9.347    0.20981E+00   -0.55326E+00    0.22200E-17    0.24315E-17
      1       9.279    0.21513E+00   -0.54993E+00    0.39419E-17    0.22452E-17
      1       9.211    0.22051E+00   -0.54655E+00    0.30795E-17   -0.46030E-18
      1       9.143    0.22597E+00   -0.54313E+00    0.17511E-17    0.46846E-18
      1       9.076    0.23150E+00   -0.53966E+00    0.28798E-17    0.21287E-18
      1       9.008    0.23711E+00   -0.53615E+00    0.27177E-17    0.39962E-18
      1       8.940    0.24279E+00   -0.53261E+00    0.14543E-17   -0.11251E-17
      1       8.872    0.24856E+00   -0.52902E+00    0.21811E-17    0.63953E-18
      1       8.804    0.25440E+00   -0.52540E+00    0.27770E-17    0.19415E-17
      1       8.736    0.26033E+00   -0.52174E+00    0.37446E-17    0.92260E-18
      1       8.668    0.26635E+00   -0.51806E+00    0.33851E-17    0.30874E-18
      1       8.601    0.27244E+00   -0.51434E+00    0.13067E-17    0.13001E-17
      1       8.533    0.27863E+00   -0.51059E+00    0.22133E-17    0.20384E-17
      1       8.465    0.28490E+00   -0.50682E+00    0.13659E-17    0.30438E-17
      1       8.397    0.29127E+00   -0.50302E+00    0.89247E-18    0.13957E-17
      1       8.329    0.29772E+00   -0.49920E+00    0.48141E-17    0.36210E-18
      1       8.261    0.30427E+00   -0.49535E+00    0.20035E-17    0.25575E-17
      1       8.194    0.31092E+00   -0.49149E+00    0.34624E-17    0.16821E-17
      1       8.126    0.31766E+00   -0.48761E+00    0.56858E-17   -0.78504E-18
      1       8.058    0.32450E+00   -0.48371E+00    0.37505E-17    0.16446E-17
      1       7.990    0.33144E+00   -0.47979E+00    0.18476E-17    0.13462E-18
      1       7.922    0.33848E+00   -0.47586E+00    0.49403E-17   -0.27085E-18
      1       7.854    0.34563E+00   -0.47192E+00    0.38201E-17    0.15056E-17
      1       7.786    0.35288E+00   -0.46797E+00    0.29837E-17   -0.24498E-18
      1       7.719    0.36023E+00   -0.46401E+00    0.80125E-17    0.22128E-17
      1       7.651    0.36770E+00   -0.46004E+00    0.40996E-17    0.20131E-17
      1       7.583    0.37527E+00   -0.45606E+00    0.45784E-17    0.10200E-17
      1       7.515    0.38296E+00   -0.45208E+00    0.30079E-17    0.17316E-17
      1       7.447    0.39076E+00   -0.44809E+00    0.10214E-16    0.13410E-17
      1       7.379    0.39867E+00   -0.44411E+00    0.43680E-17   -0.95601E-19
      1       7.312    0.40671E+00   -0.44011E+00    0.36288E-17    0.46784E-18
      1       7.244    0.41486E+00   -0.43612E+00    0.80166E-17    0.44716E-18
      1       7.176    0.42313E+00   -0.43213E+00    0.55917E-17    0.24329E-17
      1       7.108    0.43152E+00   -0.42814E+00    0.36897E-17    0.71154E-19
      1       7.040    0.44004E+00   -0.42415E+00    0.89506E-17    0.94693E-18
      1       6.972    0.44868E+00   -0.42017E+00    0.72493E-17    0.12901E-17
      1       6.904    0.45745E+00   -0.41619E+00    0.79266E-17    0.12326E-17
      1       6.837    0.46636E+00   -0.41222E+00    0.93148E-17    0.13933E-18
      1       6.769    0.47539E+00   -0.40825E+00    0.12604E-16    0.73890E-19
      1       6.701    0.48456E+00   -0.40429E+00    0.87200E-17    0.45781E-18
      1       6.633    0.49386E+00   -0.40034E+00    0.64162E-17    0.57731E-18
      1       6.565    0.50330E+00   -0.39640E+00    0.70490E-17    0.15067E-17
      1       6.497    0.51288E+00   -0.39247E+00    0.82815E-17    0.58516E-18
      1       6.430    0.52260E+00   -0.38855E+00    0.49080E-17    0.13497E-17
      1       6.362    0.53246E+00   -0.38464E+00    0.93200E-17    0.86525E-18
      1       6.294    0.54248E+00   -0.38075E+00    0.78413E-17    0.11560E-17
      1       6.226    0.55263E+00   -0.37687E+00    0.13288E-16    0.11105E-17
      1       6.158    0.56294E+00   -0.37300E+00    0.86590E-17    0.33977E-18
      1       6.090    0.57340E+00   -0.36915E+00    0.11692E-16    0.30170E-17
      1       6.023    0.58402E+00   -0.36532E+00    0.49944E-17    0.28818E-17
      1       5.955    0.59479E+00   -0.36150E+00    0.10825E-16    0.23171E-17
      1       5.887    0.60572E+00   -0.35770E+00    0.49973E-17    0.29348E-17
      1       5.819    0.61681E+00   -0.35392E+00    0.11094E-16    0.35362E-17
      1       5.751    0.62806E+00   -0.35016E+00    0.12100E-16    0.72399E-18
      1       5.683    0.63947E+00   -0.34642E+00    0.10284E-16    0.24589E-17
      1       5.615    0.65105E+00   -0.34270E+00    0.11885E-16    0.27739E-17
      1       5.548    0.66280E+00   -0.33900E+00    0.12654E-16    0.34166E-17
      1       5.480    0.67472E+00   -0.33532E+00    0.10942E-16    0.24710E-17
      1       5.412    0.68681E+00   -0.33166E+00    0.11267E-16    0.17089E-17
      1       5.344    0.69907E+00   -0.32803E+00    0.20072E-16    0.66743E-18
      1       5.276    0.71151E+00   -0.32442E+00    0.10146E-16    0.19946E-17
      1       5.208    0.72412E+00   -0.32084E+00    0.13389E-16    0.29692E-17
      1       5.141    0.73691E+00   -0.31728E+00    0.12623E-16    0.33303E-17
      1       5.073    0.74988E+00   -0.31375E+00    0.10777E-16    0.32456E-17
      1       5.005    0.76303E+00   -0.31025E+00    0.14386E-16    0.45187E-18
      1       4.937    0.77636E+00   -0.30677E+00    0.10899E-16   -0.22936E-19
      1       4.869    0.78986E+00   -0.30331E+00    0.14950E-16    0.20984E-17
      1       4.801    0.80355E+00   -0.29989E+00    0.69341E-17    0.10930E-18
      1       4.733    0.81742E+00   -0.29649E+00    0.14025E-16   -0.97136E-18
      1       4.666    0.83146E+00   -0.29313E+00    0.14009E-16    0.15605E-18
      1       4.598    0.84568E+00   -0.28979E+00    0.14475E-16    0.19566E-19
      1       4.530    0.86008E+00   -0.28648E+00    0.19709E-16    0.94508E-18
      1       4.462    0.87465E+00   -0.28320E+00    0.12329E-16   -0.87033E-18
      1       4.394    0.88940E+00   -0.27995E+00    0.18367E-16   -0.73696E-18
      1       4.326    0.90431E+00   -0.27672E+00    0.97510E-17   -0.78727E-18
      1       4.259    0.91939E+00   -0.27353E+00    0.11809E-16   -0.18526E-18
      1       4.191    0.93464E+00   -0.27037E+00    0.10396E-16   -0.65260E-18
      1       4.123    0.95004E+00   -0.26725E+00    0.18018E-16   -0.79713E-19
      1       4.055    0.96560E+00   -0.26415E+00    0.20096E-16   -0.53899E-18
      1       3.987    0.98131E+00   -0.26108E+00    0.18861E-16   -0.28113E-18
      1       3.919    0.99716E+00   -0.25805E+00    0.13569E-16    0.28289E-18
      1       3.851    0.10131E+01   -0.25504E+00    0.11890E-16    0.46031E-18
      1       3.784    0.10293E+01   -0.25207E+00    0.22555E-16   -0.29242E-17
      1       3.716    0.10455E+01   -0.24914E+00    0.16357E-16   -0.10354E-17
      1       3.648    0.10618E+01   -0.24623E+00    0.20559E-16   -0.23401E-17
      1       3.580    0.10783E+01   -0.24336E+00    0.27222E-16   -0.96275E-18
      1       3.512    0.10948E+01   -0.24052E+00    0.14687E-16   -0.30356E-17
      1       3.444    0.11114E+01   -0.23771E+00    0.19314E-16   -0.74170E-18
      1       3.377    0.11281E+01   -0.23494E+00    0.23616E-16   -0.80338E-18
      1       3.309    0.11448E+01   -0.23220E+00    0.32466E-16   -0.10745E-18
      1       3.241    0.11615E+01   -0.22949E+00    0.16040E-16    0.67861E-18
      1       3.173    0.11782E+01   -0.22681E+00    0.18966E-16    0.44601E-18
      1       3.105    0.11949E+01   -0.22417E+00    0.20589E-16   -0.86500E-18
      1       3.037    0.12116E+01   -0.22155E+00    0.25887E-16    0.38105E-18
      1       2.969    0.12281E+01   -0.21897E+00    0.15565E-16    0.27338E-18
      1       2.902    0.12446E+01   -0.21642E+00    0.25808E-16   -0.25930E-19
      1       2.834    0.12609E+01   -0.21390E+00    0.18815E-16    0.78817E-18
      1       2.766    0.12770E+01   -0.21140E+00    0.31419E-16   -0.50222E-18
      1       2.698    0.12929E+01   -0.20894E+00    0.27145E-16   -0.32107E-20
      1       2.630    0.13085E+01   -0.20650E+00    0.26305E-16    0.12475E-17
      1       2.562    0.13238E+01   -0.20409E+00    0.31391E-16    0.71552E-18
      1       2.495    0.13387E+01   -0.20170E+00    0.27113E-16    0.21784E-17
      1       2.427    0.13532E+01   -0.19934E+00    0.26013E-16    0.29160E-17
      1       2.359    0.13672E+01   -0.19700E+00    0.27858E-16    0.18446E-17
      1       2.291    0.13807E+01   -0.19468E+00    0.28888E-16   -0.16185E-18
      1       2.223    0.13935E+01   -0.19238E+00    0.36662E-16   -0.53894E-19
      1       2.155    0.14057E+01   -0.19009E+00    0.20551E-16    0.46044E-18
      1       2.088    0.14171E+01   -0.18783E+00    0.27255E-16    0.41143E-18
      1       2.020    0.14276E+01   -0.18558E+00    0.25996E-16    0.16810E-17
      1       1.952    0.14373E+01   -0.18335E+00    0.32330E-16    0.26405E-17
      1       1.884    0.14459E+01   -0.18113E+00    0.26058E-16    0.17746E-17
      1       1.816    0.14535E+01   -0.17892E+00    0.22588E-16    0.19448E-17
      1       1.748    0.14599E+01   -0.17673E+00    0.42521E-16    0.20562E-17
      1       1.680    0.14651E+01   -0.17456E+00    0.30039E-16    0.24055E-17
      1       1.613    0.14688E+01   -0.17240E+00    0.34609E-16    0.21978E-17
      1       1.545    0.14711E+01   -0.17025E+00    0.30981E-16    0.21027E-17
      1       1.477    0.14717E+01   -0.16812E+00    0.31541E-16    0.34106E-18
      1       1.409    0.14706E+01   -0.16600E+00    0.28133E-16    0.14086E-17
      1       1.341    0.14675E+01   -0.16390E+00    0.31450E-16    0.62292E-18
      1       1.273    0.14624E+01   -0.16181E+00    0.19759E-16    0.19178E-17
      1       1.206    0.14550E+01   -0.15974E+00    0.23051E-16    0.30520E-17
      1       1.138    0.14452E+01   -0.15768E+00    0.30934E-16    0.36913E-17
      1       1.070    0.14327E+01   -0.15563E+00    0.30206E-16    0.34289E-17
      1       1.002    0.14173E+01   -0.15360E+00    0.29375E-16    0.25253E-17
      1       0.934    0.13987E+01   -0.15159E+00    0.28820E-16    0.30913E-17
      1       0.866    0.13764E+01   -0.14959E+00    0.28700E-16    0.15652E-17
      1       0.798    0.13502E+01   -0.14760E+00    0.26863E-16    0.17562E-17
      1       0.731    0.13196E+01   -0.14563E+00    0.32384E-16   -0.25861E-18
      1       0.663    0.12839E+01   -0.14367E+00    0.24409E-16    0.74728E-19
      1       0.595    0.12425E+01   -0.14173E+00    0.39603E-16   -0.71279E-18
      1       0.527    0.11945E+01   -0.13980E+00    0.30501E-16   -0.51767E-18
      1       0.459    0.11386E+01   -0.13788E+00    0.32691E-16    0.13914E-17
      1       0.391    0.10734E+01   -0.13598E+00    0.28095E-16    0.57536E-18
      1       0.324    0.99647E+00   -0.13409E+00    0.34132E-16   -0.55507E-18
      1       0.256    0.90445E+00   -0.13221E+00    0.24378E-16   -0.29055E-18
      1       0.188    0.79148E+00   -0.13035E+00    0.31407E-16    0.37611E-18
      1       0.120    0.64590E+00   -0.12849E+00    0.34024E-16   -0.46613E-18
