   3N SYSTEM INCLUSIVE  PHOTODESINTEGRATION
        DETECTED PARTICLE: 1- PROTON
        NOT DETECTED PARTICLES:2-NEUTRON  3-NEUTRON

      OMEGA 0.10000E+03
     MTTWE1,MTTWE2,MTTWE3=    1   -1   -1
     TH1LAB,PHI1LAB=    10.000     0.000
   Unit of cross sections ... fm**2/(MeV*sr**2)
      I       E1      CROSS           AX           AY           AZ
      1      72.117    0.38753E-07   -0.17061E+00    0.13670E-18    0.44737E-16
      1      72.104    0.50410E-04   -0.17056E+00    0.80340E-18    0.27496E-16
      1      72.097    0.13141E-03   -0.17053E+00    0.87485E-18    0.19925E-16
      1      72.091    0.25836E-03   -0.17051E+00   -0.34789E-18    0.16691E-16
      1      72.084    0.43451E-03   -0.17049E+00   -0.42561E-18    0.12846E-16
      1      72.077    0.66187E-03   -0.17047E+00    0.17231E-18    0.20727E-16
      1      72.071    0.94169E-03   -0.17045E+00    0.25585E-18    0.22862E-16
      1      72.064    0.12747E-02   -0.17044E+00    0.70670E-19    0.22875E-16
      1      72.057    0.16613E-02   -0.17042E+00    0.78797E-19    0.21179E-16
      1      72.051    0.21017E-02   -0.17040E+00    0.18237E-18    0.21259E-16
      1      72.044    0.25959E-02   -0.17038E+00    0.81807E-19    0.18955E-16
      1      72.037    0.31436E-02   -0.17037E+00    0.16010E-18    0.19922E-16
      1      72.031    0.37447E-02   -0.17035E+00    0.51248E-18    0.20080E-16
      1      72.024    0.43988E-02   -0.17033E+00    0.29994E-18    0.18274E-16
      1      72.017    0.51057E-02   -0.17032E+00    0.25575E-18    0.18523E-16
      1      72.011    0.58650E-02   -0.17030E+00    0.20181E-18    0.18546E-16
      1      72.004    0.66762E-02   -0.17028E+00    0.22429E-18    0.17206E-16
      1      71.997    0.75389E-02   -0.17026E+00    0.34982E-18    0.15201E-16
      1      71.602    0.16354E-01   -0.17019E+00    0.60611E-18    0.16519E-16
      1      71.207    0.22500E-01   -0.17006E+00    0.80643E-18    0.18677E-16
      1      70.812    0.27728E-01   -0.16991E+00    0.48212E-18    0.18374E-16
      1      70.417    0.32453E-01   -0.16971E+00    0.53529E-18    0.16629E-16
      1      70.023    0.36853E-01   -0.16949E+00    0.56416E-18    0.17554E-16
      1      69.628    0.41024E-01   -0.16922E+00    0.72954E-18    0.17313E-16
      1      69.233    0.45026E-01   -0.16892E+00    0.50537E-18    0.17867E-16
      1      68.838    0.48899E-01   -0.16859E+00    0.68892E-18    0.17176E-16
      1      68.443    0.52670E-01   -0.16821E+00    0.73071E-18    0.17491E-16
      1      68.048    0.56360E-01   -0.16780E+00    0.88550E-18    0.18405E-16
      1      67.653    0.59987E-01   -0.16735E+00    0.80609E-18    0.17011E-16
      1      67.258    0.63561E-01   -0.16686E+00    0.81609E-18    0.18221E-16
      1      66.863    0.67093E-01   -0.16634E+00    0.77897E-18    0.18817E-16
      1      66.468    0.70592E-01   -0.16577E+00    0.79371E-18    0.18841E-16
      1      66.073    0.74065E-01   -0.16517E+00    0.10626E-17    0.16564E-16
      1      65.678    0.77516E-01   -0.16454E+00    0.89455E-18    0.18244E-16
      1      65.283    0.80951E-01   -0.16386E+00    0.81938E-18    0.16969E-16
      1      64.888    0.84374E-01   -0.16316E+00    0.78619E-18    0.15567E-16
      1      64.494    0.87787E-01   -0.16242E+00    0.80545E-18    0.16846E-16
      1      64.099    0.91194E-01   -0.16165E+00    0.82357E-18    0.16974E-16
      1      63.704    0.94597E-01   -0.16085E+00    0.85653E-18    0.16823E-16
      1      63.309    0.97998E-01   -0.16002E+00    0.89815E-18    0.15430E-16
      1      62.914    0.10140E+00   -0.15917E+00    0.76578E-18    0.16346E-16
      1      62.519    0.10480E+00   -0.15829E+00    0.76258E-18    0.18511E-16
      1      62.124    0.10820E+00   -0.15738E+00    0.94966E-18    0.16143E-16
      1      61.729    0.11161E+00   -0.15646E+00    0.97779E-18    0.19141E-16
      1      61.334    0.11502E+00   -0.15551E+00    0.73835E-18    0.15810E-16
      1      60.939    0.11843E+00   -0.15455E+00    0.10789E-17    0.16686E-16
      1      60.544    0.12184E+00   -0.15358E+00    0.71303E-18    0.18142E-16
      1      60.149    0.12526E+00   -0.15259E+00    0.72123E-18    0.17218E-16
      1      59.754    0.12869E+00   -0.15158E+00    0.73885E-18    0.16080E-16
      1      59.359    0.13211E+00   -0.15057E+00    0.10638E-17    0.13981E-16
      1      58.965    0.13555E+00   -0.14956E+00    0.96415E-18    0.16916E-16
      1      58.570    0.13898E+00   -0.14853E+00    0.71882E-18    0.16358E-16
      1      58.175    0.14241E+00   -0.14751E+00    0.10441E-17    0.16335E-16
      1      57.780    0.14585E+00   -0.14648E+00    0.91221E-18    0.16060E-16
      1      57.385    0.14929E+00   -0.14545E+00    0.95597E-18    0.16587E-16
      1      56.990    0.15272E+00   -0.14442E+00    0.92736E-18    0.14812E-16
      1      56.595    0.15615E+00   -0.14339E+00    0.13230E-17    0.15915E-16
      1      56.200    0.15958E+00   -0.14237E+00    0.68781E-18    0.16691E-16
      1      55.805    0.16301E+00   -0.14135E+00    0.89605E-18    0.13553E-16
      1      55.410    0.16642E+00   -0.14034E+00    0.49914E-18    0.14125E-16
      1      55.015    0.16983E+00   -0.13933E+00    0.13142E-17    0.13953E-16
      1      54.620    0.17323E+00   -0.13834E+00    0.24377E-18    0.15959E-16
      1      54.225    0.17662E+00   -0.13735E+00    0.89400E-18    0.15513E-16
      1      53.830    0.17999E+00   -0.13637E+00    0.71018E-18    0.14880E-16
      1      53.435    0.18335E+00   -0.13541E+00    0.94267E-18    0.14070E-16
      1      53.041    0.18669E+00   -0.13446E+00    0.56645E-18    0.13463E-16
      1      52.646    0.19002E+00   -0.13352E+00    0.78680E-18    0.17930E-16
      1      52.251    0.19332E+00   -0.13259E+00    0.11321E-17    0.16210E-16
      1      51.856    0.19660E+00   -0.13168E+00    0.11917E-17    0.14035E-16
      1      51.461    0.19985E+00   -0.13078E+00    0.88570E-18    0.17688E-16
      1      51.066    0.20308E+00   -0.12990E+00    0.97751E-18    0.14544E-16
      1      50.671    0.20628E+00   -0.12903E+00    0.10150E-17    0.14353E-16
      1      50.276    0.20945E+00   -0.12818E+00    0.17303E-17    0.14650E-16
      1      49.881    0.21259E+00   -0.12735E+00    0.12007E-17    0.14160E-16
      1      49.486    0.21570E+00   -0.12652E+00    0.77481E-18    0.13802E-16
      1      49.091    0.21877E+00   -0.12572E+00    0.11045E-17    0.17412E-16
      1      48.696    0.22181E+00   -0.12493E+00    0.10043E-17    0.14063E-16
      1      48.301    0.22482E+00   -0.12416E+00    0.10097E-17    0.13722E-16
      1      47.906    0.22779E+00   -0.12340E+00    0.10234E-17    0.14520E-16
      1      47.512    0.23072E+00   -0.12265E+00    0.75523E-18    0.13347E-16
      1      47.117    0.23361E+00   -0.12192E+00    0.10781E-17    0.12786E-16
      1      46.722    0.23646E+00   -0.12121E+00    0.11155E-17    0.15248E-16
      1      46.327    0.23927E+00   -0.12051E+00    0.93271E-18    0.14593E-16
      1      45.932    0.24204E+00   -0.11983E+00    0.13261E-17    0.14244E-16
      1      45.537    0.24476E+00   -0.11916E+00    0.12145E-17    0.15385E-16
      1      45.142    0.24745E+00   -0.11850E+00    0.11750E-17    0.14308E-16
      1      44.747    0.25009E+00   -0.11786E+00    0.12334E-17    0.14177E-16
      1      44.352    0.25268E+00   -0.11723E+00    0.15584E-17    0.12141E-16
      1      43.957    0.25523E+00   -0.11662E+00    0.14273E-17    0.12520E-16
      1      43.562    0.25774E+00   -0.11602E+00    0.16460E-17    0.13552E-16
      1      43.167    0.26020E+00   -0.11544E+00    0.13791E-17    0.13135E-16
      1      42.772    0.26261E+00   -0.11486E+00    0.15124E-17    0.14310E-16
      1      42.377    0.26498E+00   -0.11431E+00    0.11477E-17    0.14328E-16
      1      41.983    0.26730E+00   -0.11376E+00    0.54717E-18    0.12079E-16
      1      41.588    0.26957E+00   -0.11323E+00    0.11772E-17    0.14875E-16
      1      41.193    0.27179E+00   -0.11271E+00    0.11412E-17    0.14455E-16
      1      40.798    0.27396E+00   -0.11220E+00    0.13657E-17    0.15992E-16
      1      40.403    0.27608E+00   -0.11170E+00    0.59741E-18    0.14087E-16
      1      40.008    0.27815E+00   -0.11122E+00    0.15039E-17    0.14492E-16
      1      39.613    0.28017E+00   -0.11075E+00    0.16487E-17    0.12826E-16
      1      39.218    0.28214E+00   -0.11029E+00    0.14966E-17    0.14516E-16
      1      38.823    0.28406E+00   -0.10984E+00    0.15449E-17    0.13683E-16
      1      38.428    0.28593E+00   -0.10940E+00    0.12321E-17    0.13737E-16
      1      38.033    0.28774E+00   -0.10897E+00    0.18783E-17    0.14915E-16
      1      37.638    0.28950E+00   -0.10856E+00    0.16314E-17    0.12577E-16
      1      37.243    0.29121E+00   -0.10815E+00    0.13572E-17    0.12851E-16
      1      36.848    0.29286E+00   -0.10776E+00    0.12133E-17    0.12031E-16
      1      36.454    0.29445E+00   -0.10737E+00    0.17116E-17    0.14521E-16
      1      36.059    0.29600E+00   -0.10700E+00    0.15907E-17    0.14311E-16
      1      35.664    0.29748E+00   -0.10663E+00    0.12236E-17    0.13670E-16
      1      35.269    0.29891E+00   -0.10628E+00    0.93788E-18    0.12183E-16
      1      34.874    0.30028E+00   -0.10593E+00    0.14619E-17    0.14265E-16
      1      34.479    0.30160E+00   -0.10560E+00    0.10025E-17    0.12648E-16
      1      34.084    0.30285E+00   -0.10527E+00    0.15301E-17    0.12186E-16
      1      33.689    0.30405E+00   -0.10496E+00    0.64823E-18    0.14386E-16
      1      33.294    0.30519E+00   -0.10465E+00    0.14189E-17    0.14036E-16
      1      32.899    0.30627E+00   -0.10436E+00    0.11224E-17    0.15867E-16
      1      32.504    0.30729E+00   -0.10407E+00    0.11849E-17    0.13813E-16
      1      32.109    0.30826E+00   -0.10379E+00    0.11472E-17    0.15103E-16
      1      31.714    0.30916E+00   -0.10352E+00    0.16909E-17    0.14210E-16
      1      31.319    0.30999E+00   -0.10326E+00    0.18413E-17    0.13178E-16
      1      30.925    0.31077E+00   -0.10301E+00    0.19088E-17    0.13676E-16
      1      30.530    0.31149E+00   -0.10277E+00    0.11636E-17    0.16629E-16
      1      30.135    0.31214E+00   -0.10254E+00    0.20096E-17    0.13578E-16
      1      29.740    0.31273E+00   -0.10231E+00    0.13257E-17    0.14377E-16
      1      29.345    0.31326E+00   -0.10210E+00    0.97555E-18    0.14776E-16
      1      28.950    0.31372E+00   -0.10189E+00    0.11051E-17    0.13857E-16
      1      28.555    0.31412E+00   -0.10169E+00    0.18161E-17    0.13356E-16
      1      28.160    0.31446E+00   -0.10150E+00    0.22223E-17    0.15154E-16
      1      27.765    0.31473E+00   -0.10132E+00    0.16826E-17    0.14792E-16
      1      27.370    0.31494E+00   -0.10115E+00    0.27922E-17    0.15947E-16
      1      26.975    0.31508E+00   -0.10098E+00    0.20060E-17    0.15864E-16
      1      26.580    0.31516E+00   -0.10083E+00    0.19920E-17    0.16241E-16
      1      26.185    0.31517E+00   -0.10068E+00    0.14197E-17    0.17855E-16
      1      25.790    0.31512E+00   -0.10054E+00    0.23577E-17    0.12211E-16
      1      25.395    0.31500E+00   -0.10041E+00    0.23978E-17    0.14287E-16
      1      25.001    0.31481E+00   -0.10029E+00    0.15797E-17    0.16924E-16
      1      24.606    0.31456E+00   -0.10017E+00    0.10399E-17    0.16299E-16
      1      24.211    0.31424E+00   -0.10006E+00    0.27236E-17    0.15246E-16
      1      23.816    0.31385E+00   -0.99965E-01    0.19992E-17    0.17072E-16
      1      23.421    0.31339E+00   -0.99873E-01    0.18640E-17    0.16770E-16
      1      23.026    0.31286E+00   -0.99789E-01    0.22033E-17    0.16075E-16
      1      22.631    0.31226E+00   -0.99713E-01    0.21834E-17    0.15264E-16
      1      22.236    0.31159E+00   -0.99644E-01    0.87902E-18    0.14589E-16
      1      21.841    0.31085E+00   -0.99583E-01    0.18470E-17    0.15099E-16
      1      21.446    0.31003E+00   -0.99530E-01    0.22293E-17    0.14241E-16
      1      21.051    0.30912E+00   -0.99485E-01    0.17238E-17    0.13628E-16
      1      20.656    0.30814E+00   -0.99448E-01    0.16706E-17    0.13771E-16
      1      20.261    0.30706E+00   -0.99419E-01    0.13781E-17    0.15681E-16
      1      19.866    0.30590E+00   -0.99397E-01    0.15436E-17    0.14169E-16
      1      19.472    0.30465E+00   -0.99384E-01    0.27472E-17    0.16060E-16
      1      19.077    0.30331E+00   -0.99379E-01    0.17406E-17    0.15219E-16
      1      18.682    0.30187E+00   -0.99381E-01    0.25086E-17    0.15349E-16
      1      18.287    0.30034E+00   -0.99392E-01    0.28827E-17    0.16898E-16
      1      17.892    0.29870E+00   -0.99411E-01    0.19087E-17    0.13509E-16
      1      17.497    0.29698E+00   -0.99438E-01    0.15613E-17    0.16446E-16
      1      17.102    0.29515E+00   -0.99472E-01    0.29381E-17    0.15402E-16
      1      16.707    0.29322E+00   -0.99515E-01    0.26413E-17    0.15428E-16
      1      16.312    0.29119E+00   -0.99565E-01    0.16288E-17    0.14579E-16
      1      15.917    0.28905E+00   -0.99623E-01    0.29257E-17    0.15461E-16
      1      15.522    0.28681E+00   -0.99689E-01    0.36830E-17    0.15091E-16
      1      15.127    0.28447E+00   -0.99763E-01    0.20397E-17    0.15422E-16
      1      14.732    0.28201E+00   -0.99844E-01    0.22120E-17    0.14710E-16
      1      14.337    0.27945E+00   -0.99933E-01    0.32044E-17    0.14621E-16
      1      13.943    0.27678E+00   -0.10003E+00    0.51404E-17    0.17143E-16
      1      13.548    0.27399E+00   -0.10013E+00    0.21013E-17    0.14411E-16
      1      13.153    0.27109E+00   -0.10024E+00    0.40747E-17    0.15151E-16
      1      12.758    0.26807E+00   -0.10036E+00    0.28456E-17    0.18297E-16
      1      12.363    0.26493E+00   -0.10048E+00    0.38908E-17    0.14448E-16
      1      11.968    0.26167E+00   -0.10061E+00    0.45717E-17    0.15420E-16
      1      11.573    0.25828E+00   -0.10074E+00    0.41059E-17    0.15484E-16
      1      11.178    0.25477E+00   -0.10088E+00    0.43923E-17    0.15085E-16
      1      10.783    0.25112E+00   -0.10103E+00    0.44195E-17    0.17073E-16
      1      10.388    0.24734E+00   -0.10117E+00    0.60419E-17    0.15019E-16
      1       9.993    0.24342E+00   -0.10133E+00    0.33909E-17    0.14955E-16
      1       9.598    0.23935E+00   -0.10148E+00    0.37537E-17    0.15903E-16
      1       9.203    0.23514E+00   -0.10164E+00    0.48388E-17    0.14866E-16
      1       8.808    0.23077E+00   -0.10180E+00    0.41821E-17    0.14946E-16
      1       8.414    0.22625E+00   -0.10197E+00    0.51577E-17    0.13615E-16
      1       8.019    0.22155E+00   -0.10214E+00    0.58752E-17    0.14892E-16
      1       7.624    0.21669E+00   -0.10230E+00    0.51985E-17    0.14947E-16
      1       7.229    0.21164E+00   -0.10247E+00    0.43430E-17    0.14802E-16
      1       6.834    0.20639E+00   -0.10264E+00    0.71410E-17    0.15731E-16
      1       6.439    0.20094E+00   -0.10281E+00    0.53881E-17    0.14526E-16
      1       6.044    0.19527E+00   -0.10298E+00    0.73974E-17    0.14054E-16
      1       5.649    0.18935E+00   -0.10313E+00    0.58018E-17    0.15971E-16
      1       5.254    0.18317E+00   -0.10328E+00    0.44022E-17    0.13693E-16
      1       4.859    0.17669E+00   -0.10342E+00    0.68244E-17    0.16293E-16
      1       4.464    0.16989E+00   -0.10355E+00    0.83431E-17    0.14717E-16
      1       4.069    0.16272E+00   -0.10365E+00    0.64538E-17    0.11913E-16
      1       3.674    0.15513E+00   -0.10372E+00    0.88493E-17    0.13998E-16
      1       3.279    0.14705E+00   -0.10378E+00    0.78994E-17    0.14646E-16
      1       2.885    0.13839E+00   -0.10380E+00    0.10090E-16    0.17224E-16
      1       2.490    0.12905E+00   -0.10380E+00    0.80026E-17    0.15008E-16
      1       2.095    0.11884E+00   -0.10378E+00    0.99400E-17    0.11860E-16
      1       1.700    0.10751E+00   -0.10374E+00    0.96573E-17    0.13987E-16
      1       1.305    0.94619E-01   -0.10367E+00    0.93067E-17    0.13026E-16
      1       0.910    0.79384E-01   -0.10357E+00    0.10876E-16    0.15593E-16
      1       0.515    0.59996E-01   -0.10343E+00    0.76191E-17    0.13777E-16
      1       0.120    0.29064E-01   -0.10319E+00    0.11446E-16    0.11517E-16
