   3N SYSTEM INCLUSIVE  PHOTODESINTEGRATION
        DETECTED PARTICLE: 1- PROTON
        NOT DETECTED PARTICLES:2-NEUTRON  3-NEUTRON

      OMEGA 0.30000E+02
     MTTWE1,MTTWE2,MTTWE3=    1   -1   -1
     TH1LAB,PHI1LAB=    10.000     0.000
   Unit of cross sections ... fm**2/(MeV*sr**2)
      I       E1      CROSS           AX           AY           AZ
      1      16.019    0.19456E-06   -0.67988E+00   -0.11300E-18   -0.10315E-17
      1      16.006    0.25199E-03   -0.67990E+00   -0.54341E-18   -0.13697E-17
      1      15.999    0.65562E-03   -0.67988E+00   -0.84800E-18   -0.14626E-17
      1      15.993    0.12871E-02   -0.67984E+00   -0.44929E-18   -0.94534E-18
      1      15.986    0.21620E-02   -0.67980E+00   -0.21369E-18   -0.98739E-18
      1      15.979    0.32896E-02   -0.67974E+00   -0.28356E-18   -0.21678E-17
      1      15.973    0.46756E-02   -0.67968E+00   -0.80736E-19   -0.98485E-18
      1      15.966    0.63231E-02   -0.67961E+00    0.50597E-18   -0.13776E-17
      1      15.959    0.82335E-02   -0.67954E+00   -0.11919E-18   -0.21383E-17
      1      15.953    0.10407E-01   -0.67947E+00    0.47111E-19   -0.11575E-17
      1      15.946    0.12843E-01   -0.67939E+00   -0.62105E-19   -0.12419E-17
      1      15.939    0.15541E-01   -0.67931E+00   -0.10448E-18   -0.12893E-17
      1      15.933    0.18499E-01   -0.67923E+00   -0.38035E-18   -0.10928E-17
      1      15.926    0.21714E-01   -0.67915E+00   -0.11925E-18   -0.16750E-17
      1      15.919    0.25186E-01   -0.67906E+00    0.83244E-19   -0.13544E-17
      1      15.913    0.28911E-01   -0.67898E+00    0.10569E-18   -0.87697E-18
      1      15.906    0.32888E-01   -0.67889E+00   -0.13075E-18   -0.65171E-18
      1      15.899    0.37114E-01   -0.67880E+00    0.81994E-19    0.29032E-18
      1      15.813    0.52194E-01   -0.67861E+00   -0.19234E-18   -0.60636E-18
      1      15.726    0.65833E-01   -0.67836E+00   -0.68518E-19   -0.54576E-18
      1      15.639    0.78693E-01   -0.67804E+00    0.19948E-18   -0.13325E-17
      1      15.553    0.91060E-01   -0.67767E+00    0.76152E-19    0.15979E-18
      1      15.466    0.10308E+00   -0.67725E+00    0.25140E-19    0.21602E-19
      1      15.379    0.11486E+00   -0.67679E+00    0.24303E-18    0.11732E-18
      1      15.292    0.12644E+00   -0.67627E+00   -0.20694E-18    0.12984E-17
      1      15.206    0.13788E+00   -0.67570E+00    0.21450E-18    0.11905E-18
      1      15.119    0.14919E+00   -0.67508E+00    0.27895E-18    0.11728E-17
      1      15.032    0.16041E+00   -0.67442E+00    0.90737E-19    0.11848E-17
      1      14.946    0.17155E+00   -0.67370E+00    0.94141E-19    0.75146E-18
      1      14.859    0.18262E+00   -0.67293E+00   -0.79576E-19    0.16197E-17
      1      14.772    0.19364E+00   -0.67212E+00   -0.10290E-18    0.13192E-17
      1      14.686    0.20461E+00   -0.67125E+00   -0.23799E-19    0.17505E-17
      1      14.599    0.21554E+00   -0.67034E+00    0.30157E-18    0.79772E-18
      1      14.512    0.22644E+00   -0.66937E+00   -0.10841E-18    0.16040E-17
      1      14.425    0.23731E+00   -0.66836E+00    0.18025E-18    0.66891E-18
      1      14.339    0.24815E+00   -0.66729E+00   -0.35786E-18    0.17555E-17
      1      14.252    0.25898E+00   -0.66618E+00   -0.15948E-18    0.18612E-17
      1      14.165    0.26978E+00   -0.66502E+00   -0.55908E-19    0.19425E-17
      1      14.079    0.28058E+00   -0.66381E+00   -0.56627E-19    0.10783E-17
      1      13.992    0.29136E+00   -0.66255E+00   -0.12540E-18    0.68595E-18
      1      13.905    0.30214E+00   -0.66125E+00   -0.52223E-18    0.22634E-18
      1      13.819    0.31291E+00   -0.65990E+00   -0.29958E-18    0.13040E-17
      1      13.732    0.32367E+00   -0.65850E+00   -0.30264E-19    0.14424E-18
      1      13.645    0.33444E+00   -0.65706E+00    0.12121E-18    0.50790E-18
      1      13.558    0.34520E+00   -0.65558E+00   -0.55979E-19   -0.20180E-18
      1      13.472    0.35597E+00   -0.65405E+00    0.51593E-19   -0.26541E-18
      1      13.385    0.36673E+00   -0.65247E+00   -0.97435E-19   -0.20630E-18
      1      13.298    0.37750E+00   -0.65086E+00   -0.21286E-18    0.21392E-18
      1      13.212    0.38828E+00   -0.64920E+00   -0.44390E-18    0.76168E-18
      1      13.125    0.39907E+00   -0.64750E+00    0.22668E-18   -0.58136E-18
      1      13.038    0.40986E+00   -0.64576E+00   -0.19959E-18    0.27278E-18
      1      12.952    0.42066E+00   -0.64397E+00    0.71003E-18   -0.10319E-17
      1      12.865    0.43148E+00   -0.64215E+00    0.85528E-18   -0.11051E-17
      1      12.778    0.44230E+00   -0.64029E+00   -0.27243E-19   -0.17532E-17
      1      12.691    0.45314E+00   -0.63840E+00    0.77532E-18   -0.14766E-17
      1      12.605    0.46399E+00   -0.63646E+00    0.23678E-18   -0.72731E-18
      1      12.518    0.47486E+00   -0.63449E+00    0.91510E-18   -0.88207E-18
      1      12.431    0.48574E+00   -0.63248E+00   -0.48310E-18   -0.22783E-17
      1      12.345    0.49665E+00   -0.63043E+00    0.66691E-18   -0.71962E-18
      1      12.258    0.50756E+00   -0.62836E+00    0.98345E-18   -0.11500E-17
      1      12.171    0.51850E+00   -0.62624E+00    0.86662E-18   -0.56359E-18
      1      12.085    0.52946E+00   -0.62410E+00    0.11793E-17   -0.59868E-18
      1      11.998    0.54043E+00   -0.62192E+00    0.11916E-17   -0.10828E-17
      1      11.911    0.55143E+00   -0.61971E+00    0.13986E-17   -0.19226E-17
      1      11.824    0.56245E+00   -0.61747E+00    0.18544E-17   -0.93394E-18
      1      11.738    0.57350E+00   -0.61520E+00    0.28365E-17   -0.56294E-18
      1      11.651    0.58456E+00   -0.61290E+00    0.17422E-17   -0.11764E-17
      1      11.564    0.59565E+00   -0.61057E+00    0.15076E-17   -0.15370E-17
      1      11.478    0.60677E+00   -0.60821E+00    0.18137E-17   -0.59474E-18
      1      11.391    0.61791E+00   -0.60582E+00    0.18801E-18    0.63713E-18
      1      11.304    0.62908E+00   -0.60340E+00    0.20202E-17   -0.10082E-17
      1      11.218    0.64028E+00   -0.60096E+00    0.21086E-17   -0.84282E-18
      1      11.131    0.65150E+00   -0.59850E+00    0.25968E-17   -0.13638E-17
      1      11.044    0.66275E+00   -0.59600E+00    0.36477E-17   -0.32026E-18
      1      10.957    0.67404E+00   -0.59349E+00    0.14505E-17   -0.83005E-18
      1      10.871    0.68535E+00   -0.59094E+00    0.33340E-17   -0.99058E-18
      1      10.784    0.69669E+00   -0.58838E+00    0.29779E-17    0.47364E-18
      1      10.697    0.70807E+00   -0.58579E+00    0.27859E-17   -0.19709E-17
      1      10.611    0.71948E+00   -0.58317E+00    0.28270E-17   -0.55295E-18
      1      10.524    0.73093E+00   -0.58054E+00    0.36625E-17   -0.21166E-17
      1      10.437    0.74241E+00   -0.57788E+00    0.16789E-17   -0.20772E-17
      1      10.351    0.75393E+00   -0.57520E+00    0.37268E-17   -0.19937E-17
      1      10.264    0.76548E+00   -0.57249E+00    0.27369E-17   -0.18376E-17
      1      10.177    0.77707E+00   -0.56977E+00    0.49773E-17   -0.12767E-17
      1      10.090    0.78871E+00   -0.56702E+00    0.41952E-17    0.38172E-18
      1      10.004    0.80038E+00   -0.56426E+00    0.34787E-17   -0.16126E-17
      1       9.917    0.81209E+00   -0.56147E+00    0.32607E-17   -0.23359E-18
      1       9.830    0.82385E+00   -0.55866E+00    0.37877E-17   -0.53311E-18
      1       9.744    0.83565E+00   -0.55584E+00    0.25370E-17   -0.36666E-17
      1       9.657    0.84750E+00   -0.55299E+00    0.51393E-17   -0.11140E-17
      1       9.570    0.85939E+00   -0.55013E+00    0.56802E-17   -0.19678E-17
      1       9.484    0.87133E+00   -0.54725E+00    0.56272E-17   -0.17252E-17
      1       9.397    0.88332E+00   -0.54435E+00    0.10203E-17   -0.35632E-17
      1       9.310    0.89535E+00   -0.54143E+00    0.34150E-17   -0.14027E-17
      1       9.223    0.90744E+00   -0.53849E+00    0.39383E-17   -0.41806E-18
      1       9.137    0.91958E+00   -0.53554E+00    0.44913E-17   -0.11942E-17
      1       9.050    0.93178E+00   -0.53257E+00    0.46266E-17   -0.13716E-17
      1       8.963    0.94403E+00   -0.52959E+00    0.62378E-17   -0.11777E-17
      1       8.877    0.95634E+00   -0.52658E+00    0.46467E-17    0.44133E-18
      1       8.790    0.96870E+00   -0.52357E+00    0.49687E-17   -0.26327E-18
      1       8.703    0.98113E+00   -0.52053E+00    0.49233E-17   -0.19284E-17
      1       8.617    0.99362E+00   -0.51748E+00    0.37475E-17    0.21857E-18
      1       8.530    0.10062E+01   -0.51442E+00    0.59480E-17   -0.62067E-18
      1       8.443    0.10188E+01   -0.51134E+00    0.64570E-17    0.19822E-18
      1       8.356    0.10315E+01   -0.50825E+00    0.38582E-17   -0.59537E-18
      1       8.270    0.10442E+01   -0.50515E+00    0.54227E-17   -0.21517E-17
      1       8.183    0.10570E+01   -0.50203E+00    0.78357E-17   -0.34941E-18
      1       8.096    0.10699E+01   -0.49890E+00    0.68547E-17   -0.15215E-17
      1       8.010    0.10829E+01   -0.49575E+00    0.54980E-17    0.70637E-18
      1       7.923    0.10959E+01   -0.49260E+00    0.74250E-17    0.24150E-19
      1       7.836    0.11091E+01   -0.48943E+00    0.62078E-17    0.26969E-18
      1       7.750    0.11223E+01   -0.48625E+00    0.61054E-17    0.54854E-18
      1       7.663    0.11355E+01   -0.48306E+00    0.55253E-17    0.10315E-18
      1       7.576    0.11489E+01   -0.47986E+00    0.65829E-17    0.72934E-18
      1       7.489    0.11623E+01   -0.47665E+00    0.80681E-17    0.65678E-18
      1       7.403    0.11759E+01   -0.47344E+00    0.56381E-17    0.85274E-18
      1       7.316    0.11895E+01   -0.47021E+00    0.28951E-17    0.15955E-18
      1       7.229    0.12032E+01   -0.46698E+00    0.51554E-17   -0.80718E-19
      1       7.143    0.12170E+01   -0.46373E+00    0.47732E-17    0.91735E-18
      1       7.056    0.12308E+01   -0.46048E+00    0.86951E-17    0.12270E-17
      1       6.969    0.12448E+01   -0.45723E+00    0.62598E-17    0.16427E-17
      1       6.883    0.12588E+01   -0.45397E+00    0.85630E-17    0.24908E-17
      1       6.796    0.12730E+01   -0.45070E+00    0.10845E-16    0.15919E-17
      1       6.709    0.12872E+01   -0.44743E+00    0.27174E-17   -0.69528E-18
      1       6.622    0.13015E+01   -0.44415E+00    0.71753E-17    0.15127E-17
      1       6.536    0.13159E+01   -0.44087E+00    0.58335E-17    0.11041E-17
      1       6.449    0.13303E+01   -0.43759E+00    0.94178E-17    0.26330E-17
      1       6.362    0.13449E+01   -0.43431E+00    0.10430E-16    0.16979E-17
      1       6.276    0.13595E+01   -0.43102E+00    0.80773E-17    0.17715E-17
      1       6.189    0.13742E+01   -0.42773E+00    0.97383E-17    0.90769E-18
      1       6.102    0.13890E+01   -0.42445E+00    0.14060E-16    0.20049E-17
      1       6.016    0.14039E+01   -0.42116E+00    0.11743E-16    0.90958E-18
      1       5.929    0.14188E+01   -0.41787E+00    0.80049E-17    0.11162E-17
      1       5.842    0.14338E+01   -0.41459E+00    0.16712E-16   -0.12301E-17
      1       5.755    0.14488E+01   -0.41131E+00    0.75783E-17    0.56088E-18
      1       5.669    0.14639E+01   -0.40803E+00    0.88209E-17    0.10516E-17
      1       5.582    0.14791E+01   -0.40475E+00    0.13815E-16    0.10907E-17
      1       5.495    0.14943E+01   -0.40148E+00    0.96027E-17    0.32738E-18
      1       5.409    0.15095E+01   -0.39822E+00    0.98619E-17    0.36798E-17
      1       5.322    0.15247E+01   -0.39496E+00    0.11034E-16    0.71575E-18
      1       5.235    0.15400E+01   -0.39171E+00    0.16736E-16   -0.10308E-17
      1       5.149    0.15553E+01   -0.38847E+00    0.91119E-17    0.70901E-18
      1       5.062    0.15706E+01   -0.38524E+00    0.11907E-16    0.60925E-18
      1       4.975    0.15858E+01   -0.38201E+00    0.97015E-17    0.17916E-17
      1       4.888    0.16010E+01   -0.37880E+00    0.13205E-16    0.22092E-17
      1       4.802    0.16162E+01   -0.37559E+00    0.20997E-16   -0.62901E-18
      1       4.715    0.16313E+01   -0.37240E+00    0.17155E-16    0.90709E-18
      1       4.628    0.16463E+01   -0.36921E+00    0.16198E-16    0.21434E-17
      1       4.542    0.16612E+01   -0.36604E+00    0.10431E-16    0.13092E-17
      1       4.455    0.16759E+01   -0.36288E+00    0.11862E-16    0.71810E-18
      1       4.368    0.16905E+01   -0.35972E+00    0.17584E-16    0.79342E-18
      1       4.282    0.17050E+01   -0.35658E+00    0.15559E-16    0.14288E-17
      1       4.195    0.17191E+01   -0.35344E+00    0.14739E-16    0.13373E-18
      1       4.108    0.17331E+01   -0.35032E+00    0.16202E-16    0.50646E-18
      1       4.021    0.17468E+01   -0.34720E+00    0.15814E-16   -0.44669E-18
      1       3.935    0.17601E+01   -0.34410E+00    0.13891E-16    0.78735E-18
      1       3.848    0.17731E+01   -0.34100E+00    0.21536E-16    0.10269E-17
      1       3.761    0.17857E+01   -0.33791E+00    0.15665E-16    0.36174E-17
      1       3.675    0.17978E+01   -0.33483E+00    0.21149E-16    0.25386E-17
      1       3.588    0.18095E+01   -0.33175E+00    0.18013E-16    0.21651E-17
      1       3.501    0.18206E+01   -0.32869E+00    0.14809E-16    0.15380E-17
      1       3.415    0.18312E+01   -0.32563E+00    0.16258E-16    0.11697E-17
      1       3.328    0.18412E+01   -0.32258E+00    0.16837E-16    0.18017E-17
      1       3.241    0.18505E+01   -0.31954E+00    0.20327E-16   -0.56492E-18
      1       3.154    0.18591E+01   -0.31651E+00    0.17497E-16    0.46087E-18
      1       3.068    0.18669E+01   -0.31348E+00    0.21272E-16    0.18660E-17
      1       2.981    0.18739E+01   -0.31047E+00    0.15184E-16    0.20547E-17
      1       2.894    0.18800E+01   -0.30746E+00    0.21434E-16    0.21382E-17
      1       2.808    0.18852E+01   -0.30446E+00    0.22039E-16    0.13846E-17
      1       2.721    0.18894E+01   -0.30148E+00    0.13156E-16    0.19098E-17
      1       2.634    0.18925E+01   -0.29850E+00    0.27276E-16    0.20217E-17
      1       2.548    0.18945E+01   -0.29554E+00    0.22614E-16    0.44402E-17
      1       2.461    0.18953E+01   -0.29258E+00    0.26793E-16    0.14905E-17
      1       2.374    0.18948E+01   -0.28964E+00    0.31808E-16    0.35536E-17
      1       2.287    0.18929E+01   -0.28671E+00    0.22829E-16    0.20465E-17
      1       2.201    0.18895E+01   -0.28379E+00    0.21191E-16    0.16166E-17
      1       2.114    0.18846E+01   -0.28088E+00    0.29433E-16    0.21253E-18
      1       2.027    0.18780E+01   -0.27799E+00    0.25344E-16    0.13474E-17
      1       1.941    0.18696E+01   -0.27510E+00    0.26517E-16    0.11828E-17
      1       1.854    0.18592E+01   -0.27223E+00    0.28907E-16    0.23829E-17
      1       1.767    0.18468E+01   -0.26937E+00    0.37121E-16   -0.52653E-18
      1       1.681    0.18322E+01   -0.26653E+00    0.26581E-16    0.15187E-17
      1       1.594    0.18151E+01   -0.26369E+00    0.29617E-16    0.11752E-17
      1       1.507    0.17954E+01   -0.26087E+00    0.23113E-16    0.62998E-18
      1       1.420    0.17729E+01   -0.25806E+00    0.24427E-16    0.21508E-17
      1       1.334    0.17473E+01   -0.25526E+00    0.28621E-16    0.17085E-17
      1       1.247    0.17184E+01   -0.25247E+00    0.19002E-16    0.47053E-17
      1       1.160    0.16857E+01   -0.24969E+00    0.29620E-16    0.19729E-17
      1       1.074    0.16490E+01   -0.24693E+00    0.37450E-16    0.96588E-18
      1       0.987    0.16076E+01   -0.24417E+00    0.29818E-16    0.22158E-17
      1       0.900    0.15612E+01   -0.24142E+00    0.32188E-16    0.24938E-17
      1       0.814    0.15089E+01   -0.23868E+00    0.31293E-16    0.25603E-17
      1       0.727    0.14500E+01   -0.23595E+00    0.29160E-16    0.23532E-17
      1       0.640    0.13833E+01   -0.23323E+00    0.31336E-16    0.19709E-17
      1       0.553    0.13075E+01   -0.23051E+00    0.26169E-16    0.32106E-17
      1       0.467    0.12204E+01   -0.22780E+00    0.28959E-16    0.33975E-17
      1       0.380    0.11192E+01   -0.22510E+00    0.30786E-16    0.32667E-17
      1       0.293    0.99915E+00   -0.22240E+00    0.35865E-16    0.16610E-17
      1       0.207    0.85198E+00   -0.21970E+00    0.29760E-16    0.21680E-17
      1       0.120    0.65925E+00   -0.21700E+00    0.31961E-16    0.10416E-17
