   3N SYSTEM INCLUSIVE  PHOTODESINTEGRATION
        DETECTED PARTICLE: 1- PROTON
        NOT DETECTED PARTICLES:2-NEUTRON  3-NEUTRON

      OMEGA 0.30000E+02
     MTTWE1,MTTWE2,MTTWE3=    1   -1   -1
     TH1LAB,PHI1LAB=    10.000     0.000
   Unit of cross sections ... fm**2/(MeV*sr**2)
      I       E1      CROSS           AX           AY           AZ
      1      16.019    0.13367E-06   -0.69014E+00    0.12145E-18    0.38576E-18
      1      16.006    0.17364E-03   -0.69018E+00   -0.79423E-19   -0.24032E-18
      1      15.999    0.45247E-03   -0.69018E+00    0.30193E-17    0.61402E-17
      1      15.993    0.88926E-03   -0.69017E+00    0.26904E-17    0.80889E-17
      1      15.986    0.14950E-02   -0.69014E+00    0.22967E-17    0.56701E-17
      1      15.979    0.22764E-02   -0.69011E+00    0.24497E-17    0.54748E-17
      1      15.973    0.32375E-02   -0.69008E+00    0.19251E-17    0.48606E-17
      1      15.966    0.43808E-02   -0.69004E+00    0.18565E-17    0.48183E-17
      1      15.959    0.57073E-02   -0.69000E+00    0.21708E-17    0.50441E-17
      1      15.953    0.72174E-02   -0.68996E+00    0.15480E-17    0.76109E-17
      1      15.946    0.89108E-02   -0.68992E+00    0.13155E-17    0.61951E-17
      1      15.939    0.10787E-01   -0.68988E+00    0.18565E-17    0.54012E-17
      1      15.933    0.12844E-01   -0.68983E+00    0.16141E-17    0.62074E-17
      1      15.926    0.15082E-01   -0.68979E+00    0.15639E-17    0.52683E-17
      1      15.919    0.17499E-01   -0.68974E+00    0.11144E-17    0.45390E-17
      1      15.913    0.20093E-01   -0.68969E+00    0.10823E-17    0.46039E-17
      1      15.906    0.22863E-01   -0.68964E+00    0.88653E-18    0.45268E-17
      1      15.899    0.25807E-01   -0.68959E+00    0.10634E-17    0.26303E-17
      1      15.813    0.36298E-01   -0.68949E+00    0.62773E-18    0.29932E-17
      1      15.726    0.45784E-01   -0.68934E+00    0.95163E-18    0.28130E-17
      1      15.639    0.54725E-01   -0.68916E+00    0.95535E-18    0.32131E-17
      1      15.553    0.63318E-01   -0.68894E+00    0.58324E-18    0.35797E-17
      1      15.466    0.71670E-01   -0.68870E+00    0.86994E-18    0.32406E-17
      1      15.379    0.79843E-01   -0.68842E+00    0.73716E-18    0.26665E-17
      1      15.292    0.87880E-01   -0.68811E+00    0.77508E-18    0.26755E-17
      1      15.206    0.95810E-01   -0.68778E+00    0.44917E-18    0.20240E-17
      1      15.119    0.10365E+00   -0.68741E+00    0.62673E-18    0.27676E-17
      1      15.032    0.11143E+00   -0.68700E+00    0.43072E-18    0.30998E-17
      1      14.946    0.11914E+00   -0.68656E+00    0.50972E-18    0.17479E-17
      1      14.859    0.12680E+00   -0.68609E+00    0.24714E-18    0.25313E-17
      1      14.772    0.13442E+00   -0.68558E+00   -0.85672E-19    0.35116E-17
      1      14.686    0.14200E+00   -0.68503E+00    0.32840E-18    0.36862E-17
      1      14.599    0.14956E+00   -0.68444E+00    0.10916E-17    0.34848E-17
      1      14.512    0.15708E+00   -0.68382E+00   -0.14267E-18    0.33745E-17
      1      14.425    0.16458E+00   -0.68316E+00    0.40940E-18    0.45078E-17
      1      14.339    0.17207E+00   -0.68246E+00    0.89845E-19    0.24933E-17
      1      14.252    0.17953E+00   -0.68172E+00   -0.19212E-18    0.23644E-17
      1      14.165    0.18698E+00   -0.68094E+00    0.36787E-18    0.29108E-17
      1      14.079    0.19442E+00   -0.68011E+00    0.40044E-18    0.37854E-17
      1      13.992    0.20185E+00   -0.67925E+00    0.42897E-18    0.34664E-17
      1      13.905    0.20928E+00   -0.67835E+00    0.58290E-18    0.23169E-17
      1      13.819    0.21669E+00   -0.67740E+00    0.78604E-19    0.16583E-17
      1      13.732    0.22411E+00   -0.67642E+00    0.53225E-18    0.19053E-17
      1      13.645    0.23152E+00   -0.67539E+00    0.99123E-19    0.29392E-17
      1      13.558    0.23893E+00   -0.67431E+00    0.39197E-18    0.34679E-17
      1      13.472    0.24634E+00   -0.67320E+00   -0.16186E-18    0.22489E-17
      1      13.385    0.25375E+00   -0.67204E+00    0.34060E-18    0.22925E-17
      1      13.298    0.26116E+00   -0.67083E+00    0.24096E-18    0.16629E-17
      1      13.212    0.26859E+00   -0.66958E+00    0.83916E-18    0.20946E-17
      1      13.125    0.27602E+00   -0.66829E+00    0.16559E-18    0.19827E-17
      1      13.038    0.28345E+00   -0.66695E+00    0.56435E-18    0.14301E-17
      1      12.952    0.29090E+00   -0.66557E+00    0.11111E-17    0.10126E-17
      1      12.865    0.29836E+00   -0.66414E+00    0.11519E-17    0.10186E-17
      1      12.778    0.30583E+00   -0.66266E+00    0.11548E-17    0.18565E-17
      1      12.691    0.31331E+00   -0.66114E+00    0.17063E-17    0.25831E-17
      1      12.605    0.32081E+00   -0.65957E+00    0.10638E-17    0.23804E-17
      1      12.518    0.32832E+00   -0.65796E+00    0.78681E-18    0.30115E-17
      1      12.431    0.33586E+00   -0.65630E+00    0.11678E-17    0.17237E-17
      1      12.345    0.34341E+00   -0.65459E+00    0.11031E-17    0.11573E-17
      1      12.258    0.35099E+00   -0.65284E+00    0.17502E-17    0.96515E-18
      1      12.171    0.35858E+00   -0.65103E+00    0.97442E-18    0.86852E-18
      1      12.085    0.36620E+00   -0.64918E+00    0.40339E-18   -0.28915E-18
      1      11.998    0.37385E+00   -0.64729E+00    0.12280E-17    0.22842E-17
      1      11.911    0.38152E+00   -0.64534E+00    0.96301E-18    0.13015E-17
      1      11.824    0.38923E+00   -0.64335E+00    0.29703E-17    0.19809E-17
      1      11.738    0.39696E+00   -0.64131E+00    0.22338E-17    0.14960E-17
      1      11.651    0.40472E+00   -0.63922E+00    0.13599E-17    0.27727E-17
      1      11.564    0.41252E+00   -0.63709E+00    0.58630E-19    0.24725E-17
      1      11.478    0.42035E+00   -0.63490E+00    0.19768E-17    0.27272E-17
      1      11.391    0.42822E+00   -0.63267E+00    0.17992E-17    0.99118E-18
      1      11.304    0.43612E+00   -0.63040E+00    0.18642E-17    0.22892E-17
      1      11.218    0.44407E+00   -0.62807E+00    0.25509E-17    0.21406E-17
      1      11.131    0.45206E+00   -0.62570E+00    0.17369E-17    0.14015E-17
      1      11.044    0.46009E+00   -0.62329E+00    0.24253E-17    0.20285E-17
      1      10.957    0.46816E+00   -0.62082E+00    0.36601E-17    0.27988E-17
      1      10.871    0.47628E+00   -0.61831E+00    0.24037E-17    0.12083E-17
      1      10.784    0.48445E+00   -0.61575E+00    0.33280E-17    0.15471E-17
      1      10.697    0.49267E+00   -0.61315E+00    0.25651E-17    0.34405E-17
      1      10.611    0.50094E+00   -0.61050E+00    0.28441E-17    0.17383E-17
      1      10.524    0.50927E+00   -0.60781E+00    0.23095E-17    0.11285E-17
      1      10.437    0.51765E+00   -0.60507E+00    0.21024E-17    0.32989E-17
      1      10.351    0.52608E+00   -0.60229E+00    0.37855E-17    0.31311E-17
      1      10.264    0.53458E+00   -0.59946E+00    0.21757E-17    0.24535E-17
      1      10.177    0.54314E+00   -0.59659E+00    0.32050E-17    0.20813E-17
      1      10.090    0.55175E+00   -0.59367E+00    0.33166E-17    0.13122E-17
      1      10.004    0.56044E+00   -0.59071E+00    0.52922E-17    0.28239E-17
      1       9.917    0.56919E+00   -0.58771E+00    0.36676E-17    0.24582E-17
      1       9.830    0.57801E+00   -0.58467E+00    0.34255E-17    0.28202E-17
      1       9.744    0.58690E+00   -0.58159E+00    0.49894E-17    0.25506E-17
      1       9.657    0.59586E+00   -0.57847E+00    0.43611E-17    0.25521E-17
      1       9.570    0.60490E+00   -0.57530E+00    0.31838E-17    0.22385E-17
      1       9.484    0.61401E+00   -0.57210E+00    0.51397E-17    0.28350E-17
      1       9.397    0.62320E+00   -0.56886E+00    0.57192E-17    0.12821E-17
      1       9.310    0.63247E+00   -0.56558E+00    0.37810E-17    0.23257E-17
      1       9.223    0.64182E+00   -0.56226E+00    0.21368E-17    0.15908E-17
      1       9.137    0.65126E+00   -0.55891E+00    0.73664E-17    0.38363E-17
      1       9.050    0.66079E+00   -0.55552E+00    0.62464E-17    0.29914E-17
      1       8.963    0.67040E+00   -0.55209E+00    0.83580E-17    0.32369E-17
      1       8.877    0.68010E+00   -0.54864E+00    0.30621E-17    0.30788E-17
      1       8.790    0.68990E+00   -0.54514E+00    0.51044E-17    0.24551E-17
      1       8.703    0.69979E+00   -0.54162E+00    0.86186E-17    0.84298E-18
      1       8.617    0.70978E+00   -0.53807E+00    0.66758E-17    0.91970E-18
      1       8.530    0.71987E+00   -0.53448E+00    0.32986E-17    0.12933E-17
      1       8.443    0.73007E+00   -0.53087E+00    0.91817E-17    0.86356E-18
      1       8.356    0.74036E+00   -0.52722E+00    0.38734E-17    0.16251E-17
      1       8.270    0.75077E+00   -0.52356E+00    0.65748E-17    0.13858E-17
      1       8.183    0.76128E+00   -0.51986E+00    0.34882E-17    0.31513E-17
      1       8.096    0.77190E+00   -0.51614E+00    0.64774E-17    0.22849E-17
      1       8.010    0.78264E+00   -0.51240E+00    0.26760E-17    0.23593E-17
      1       7.923    0.79349E+00   -0.50863E+00    0.43157E-17    0.25170E-17
      1       7.836    0.80446E+00   -0.50484E+00    0.81275E-17    0.14957E-17
      1       7.750    0.81555E+00   -0.50104E+00    0.49852E-17    0.27540E-18
      1       7.663    0.82677E+00   -0.49721E+00    0.52489E-17    0.32776E-17
      1       7.576    0.83810E+00   -0.49337E+00    0.70378E-17    0.17118E-17
      1       7.489    0.84956E+00   -0.48951E+00    0.41110E-17    0.10508E-17
      1       7.403    0.86115E+00   -0.48563E+00    0.36550E-17    0.12029E-17
      1       7.316    0.87286E+00   -0.48174E+00    0.50043E-17    0.73945E-18
      1       7.229    0.88471E+00   -0.47784E+00    0.97203E-17   -0.12699E-18
      1       7.143    0.89668E+00   -0.47393E+00    0.13037E-16   -0.39375E-18
      1       7.056    0.90879E+00   -0.47001E+00    0.42934E-17    0.19954E-17
      1       6.969    0.92103E+00   -0.46608E+00    0.68828E-17    0.10275E-17
      1       6.883    0.93340E+00   -0.46214E+00    0.11274E-16    0.15306E-17
      1       6.796    0.94590E+00   -0.45819E+00    0.48118E-17    0.10715E-17
      1       6.709    0.95854E+00   -0.45425E+00    0.62958E-17   -0.33044E-18
      1       6.622    0.97131E+00   -0.45029E+00    0.88842E-17    0.20142E-17
      1       6.536    0.98421E+00   -0.44634E+00    0.15165E-16    0.15908E-17
      1       6.449    0.99724E+00   -0.44238E+00    0.13383E-16    0.23052E-17
      1       6.362    0.10104E+01   -0.43843E+00    0.12079E-16    0.29542E-17
      1       6.276    0.10237E+01   -0.43448E+00    0.88404E-17    0.88337E-18
      1       6.189    0.10371E+01   -0.43053E+00    0.56566E-17    0.46207E-18
      1       6.102    0.10506E+01   -0.42658E+00    0.12348E-16    0.14541E-17
      1       6.016    0.10643E+01   -0.42264E+00    0.69681E-17    0.25847E-17
      1       5.929    0.10781E+01   -0.41871E+00    0.12823E-16    0.78491E-19
      1       5.842    0.10920E+01   -0.41478E+00    0.15543E-16    0.23251E-17
      1       5.755    0.11060E+01   -0.41086E+00    0.14445E-16    0.18939E-17
      1       5.669    0.11201E+01   -0.40696E+00    0.11069E-16    0.18570E-17
      1       5.582    0.11343E+01   -0.40306E+00    0.76926E-17    0.32410E-17
      1       5.495    0.11486E+01   -0.39918E+00    0.78620E-17    0.26791E-17
      1       5.409    0.11630E+01   -0.39532E+00    0.18183E-16    0.17591E-17
      1       5.322    0.11774E+01   -0.39146E+00    0.96901E-17   -0.81509E-19
      1       5.235    0.11920E+01   -0.38763E+00    0.17795E-16    0.19002E-17
      1       5.149    0.12066E+01   -0.38381E+00    0.15420E-16    0.20811E-17
      1       5.062    0.12213E+01   -0.38001E+00    0.17009E-16    0.20978E-17
      1       4.975    0.12360E+01   -0.37623E+00    0.21633E-16    0.15036E-17
      1       4.888    0.12507E+01   -0.37247E+00    0.21157E-16    0.34380E-17
      1       4.802    0.12655E+01   -0.36873E+00    0.20220E-16    0.75422E-18
      1       4.715    0.12802E+01   -0.36501E+00    0.13748E-16    0.13987E-17
      1       4.628    0.12950E+01   -0.36132E+00    0.11901E-16    0.18639E-17
      1       4.542    0.13096E+01   -0.35764E+00    0.14263E-16    0.13569E-17
      1       4.455    0.13243E+01   -0.35399E+00    0.16948E-16    0.14542E-17
      1       4.368    0.13388E+01   -0.35035E+00    0.11532E-16    0.13001E-17
      1       4.282    0.13533E+01   -0.34675E+00    0.16101E-16    0.35937E-18
      1       4.195    0.13676E+01   -0.34316E+00    0.20304E-16   -0.14197E-18
      1       4.108    0.13818E+01   -0.33960E+00    0.14822E-16    0.33094E-17
      1       4.021    0.13958E+01   -0.33605E+00    0.15076E-16    0.20675E-17
      1       3.935    0.14095E+01   -0.33253E+00    0.17982E-16    0.42233E-18
      1       3.848    0.14230E+01   -0.32903E+00    0.24818E-16    0.25028E-17
      1       3.761    0.14363E+01   -0.32555E+00    0.18373E-16    0.21391E-17
      1       3.675    0.14492E+01   -0.32209E+00    0.25159E-16    0.19571E-17
      1       3.588    0.14617E+01   -0.31865E+00    0.16854E-16    0.97732E-18
      1       3.501    0.14738E+01   -0.31523E+00    0.22087E-16    0.26691E-17
      1       3.415    0.14855E+01   -0.31182E+00    0.20878E-16    0.15812E-17
      1       3.328    0.14967E+01   -0.30844E+00    0.19863E-16   -0.85269E-18
      1       3.241    0.15074E+01   -0.30507E+00    0.24272E-16   -0.15078E-17
      1       3.154    0.15175E+01   -0.30173E+00    0.22208E-16   -0.39822E-18
      1       3.068    0.15270E+01   -0.29840E+00    0.26214E-16    0.19562E-17
      1       2.981    0.15358E+01   -0.29509E+00    0.21425E-16   -0.14056E-17
      1       2.894    0.15439E+01   -0.29181E+00    0.29265E-16    0.16147E-17
      1       2.808    0.15512E+01   -0.28854E+00    0.31797E-16   -0.36227E-18
      1       2.721    0.15576E+01   -0.28529E+00    0.16092E-16   -0.78460E-18
      1       2.634    0.15632E+01   -0.28207E+00    0.21834E-16    0.10982E-17
      1       2.548    0.15678E+01   -0.27886E+00    0.31276E-16    0.93164E-18
      1       2.461    0.15714E+01   -0.27568E+00    0.22742E-16   -0.66661E-18
      1       2.374    0.15739E+01   -0.27252E+00    0.25854E-16   -0.13806E-18
      1       2.287    0.15752E+01   -0.26938E+00    0.24551E-16   -0.55919E-18
      1       2.201    0.15752E+01   -0.26626E+00    0.26871E-16    0.16108E-17
      1       2.114    0.15739E+01   -0.26316E+00    0.30438E-16   -0.20196E-17
      1       2.027    0.15711E+01   -0.26009E+00    0.33389E-16    0.55568E-18
      1       1.941    0.15668E+01   -0.25704E+00    0.31112E-16    0.28924E-18
      1       1.854    0.15607E+01   -0.25401E+00    0.30007E-16   -0.10019E-17
      1       1.767    0.15529E+01   -0.25101E+00    0.26135E-16   -0.17355E-17
      1       1.681    0.15431E+01   -0.24802E+00    0.30610E-16   -0.69930E-18
      1       1.594    0.15311E+01   -0.24506E+00    0.34849E-16   -0.22527E-18
      1       1.507    0.15169E+01   -0.24213E+00    0.29145E-16    0.74787E-18
      1       1.420    0.15002E+01   -0.23921E+00    0.29197E-16   -0.96047E-18
      1       1.334    0.14807E+01   -0.23632E+00    0.37953E-16    0.15883E-17
      1       1.247    0.14583E+01   -0.23344E+00    0.24538E-16    0.60582E-18
      1       1.160    0.14326E+01   -0.23059E+00    0.27684E-16    0.19402E-17
      1       1.074    0.14032E+01   -0.22776E+00    0.31946E-16    0.84082E-18
      1       0.987    0.13699E+01   -0.22495E+00    0.24675E-16    0.14514E-17
      1       0.900    0.13320E+01   -0.22216E+00    0.24867E-16    0.92012E-18
      1       0.814    0.12890E+01   -0.21940E+00    0.31817E-16    0.13315E-17
      1       0.727    0.12402E+01   -0.21665E+00    0.37587E-16    0.23426E-17
      1       0.640    0.11845E+01   -0.21392E+00    0.37175E-16   -0.10059E-17
      1       0.553    0.11208E+01   -0.21122E+00    0.26093E-16   -0.61334E-18
      1       0.467    0.10472E+01   -0.20853E+00    0.42226E-16    0.83111E-18
      1       0.380    0.96132E+00   -0.20585E+00    0.36308E-16    0.39111E-18
      1       0.293    0.85901E+00   -0.20319E+00    0.26682E-16    0.11802E-17
      1       0.207    0.73310E+00   -0.20054E+00    0.35920E-16   -0.67523E-18
      1       0.120    0.56770E+00   -0.19789E+00    0.30949E-16   -0.95589E-18
