   3N SYSTEM INCLUSIVE  PHOTODESINTEGRATION
        DETECTED PARTICLE: 1- PROTON
        NOT DETECTED PARTICLES:2-NEUTRON  3-NEUTRON

      OMEGA 0.30000E+02
     MTTWE1,MTTWE2,MTTWE3=    1   -1   -1
     TH1LAB,PHI1LAB=    50.000     0.000
   Unit of cross sections ... fm**2/(MeV*sr**2)
      I       E1      CROSS           AX           AY           AZ
      1      15.363    0.15368E-05   -0.97712E+00    0.13732E-18   -0.10140E-20
      1      15.350    0.19927E-02   -0.97713E+00    0.17501E-19    0.30752E-18
      1      15.343    0.51878E-02   -0.97713E+00   -0.18745E-18    0.27369E-18
      1      15.336    0.10189E-01   -0.97714E+00   -0.37611E-18    0.79634E-18
      1      15.330    0.17120E-01   -0.97714E+00   -0.25038E-20    0.27986E-18
      1      15.323    0.26055E-01   -0.97714E+00    0.98455E-19    0.10522E-18
      1      15.316    0.37040E-01   -0.97714E+00   -0.23909E-18    0.72290E-18
      1      15.310    0.50099E-01   -0.97714E+00    0.38105E-18    0.33949E-19
      1      15.303    0.65245E-01   -0.97714E+00    0.44430E-18   -0.75803E-19
      1      15.296    0.82479E-01   -0.97714E+00    0.35488E-19    0.40995E-18
      1      15.290    0.10180E+00   -0.97714E+00   -0.10529E-18   -0.49002E-18
      1      15.283    0.12319E+00   -0.97714E+00    0.25704E-18    0.76345E-19
      1      15.276    0.14665E+00   -0.97714E+00    0.12822E-18   -0.23413E-18
      1      15.270    0.17215E+00   -0.97713E+00    0.43570E-18   -0.66075E-19
      1      15.263    0.19968E+00   -0.97713E+00    0.16873E-18   -0.72871E-18
      1      15.256    0.22922E+00   -0.97713E+00   -0.22406E-18   -0.20959E-18
      1      15.250    0.26076E+00   -0.97713E+00   -0.20460E-18   -0.32278E-18
      1      15.243    0.29427E+00   -0.97713E+00   -0.38997E-18   -0.32448E-18
      1      15.160    0.41038E+00   -0.97712E+00   -0.11934E-18   -0.92915E-18
      1      15.077    0.51593E+00   -0.97711E+00    0.16317E-19    0.35502E-18
      1      14.994    0.61568E+00   -0.97710E+00   -0.28425E-18   -0.46695E-18
      1      14.911    0.71171E+00   -0.97709E+00   -0.61768E-18   -0.38636E-18
      1      14.828    0.80513E+00   -0.97707E+00   -0.24328E-18    0.15576E-19
      1      14.744    0.89660E+00   -0.97706E+00   -0.45811E-18   -0.38406E-18
      1      14.661    0.98657E+00   -0.97703E+00   -0.34143E-18   -0.26211E-18
      1      14.578    0.10753E+01   -0.97701E+00   -0.27854E-18   -0.71575E-18
      1      14.495    0.11631E+01   -0.97698E+00   -0.66988E-19   -0.77448E-18
      1      14.412    0.12500E+01   -0.97695E+00   -0.65733E-19   -0.88131E-18
      1      14.329    0.13362E+01   -0.97691E+00    0.37804E-19   -0.29894E-18
      1      14.246    0.14217E+01   -0.97688E+00    0.28789E-18   -0.12556E-17
      1      14.163    0.15067E+01   -0.97683E+00    0.10932E-18   -0.41155E-18
      1      14.080    0.15911E+01   -0.97679E+00   -0.20160E-18    0.48424E-18
      1      13.997    0.16751E+01   -0.97673E+00   -0.20434E-18   -0.10376E-17
      1      13.913    0.17586E+01   -0.97668E+00   -0.31997E-19   -0.10195E-17
      1      13.830    0.18417E+01   -0.97662E+00   -0.33211E-18   -0.24118E-18
      1      13.747    0.19244E+01   -0.97655E+00    0.11132E-18   -0.66169E-18
      1      13.664    0.20067E+01   -0.97648E+00    0.47378E-19   -0.30050E-18
      1      13.581    0.20886E+01   -0.97641E+00    0.12030E-18    0.58913E-18
      1      13.498    0.21702E+01   -0.97633E+00    0.27145E-19    0.11822E-18
      1      13.415    0.22514E+01   -0.97625E+00    0.12761E-18   -0.12124E-17
      1      13.332    0.23323E+01   -0.97616E+00    0.27665E-18   -0.87651E-18
      1      13.249    0.24128E+01   -0.97606E+00    0.40086E-19   -0.98256E-18
      1      13.166    0.24930E+01   -0.97597E+00    0.31669E-19   -0.19045E-18
      1      13.083    0.25729E+01   -0.97586E+00    0.22255E-18   -0.16848E-17
      1      12.999    0.26524E+01   -0.97575E+00    0.35315E-18   -0.12487E-17
      1      12.916    0.27316E+01   -0.97564E+00    0.66261E-18   -0.16156E-17
      1      12.833    0.28105E+01   -0.97551E+00    0.28016E-18   -0.23551E-17
      1      12.750    0.28890E+01   -0.97539E+00    0.57012E-18   -0.10074E-17
      1      12.667    0.29672E+01   -0.97526E+00    0.53340E-18   -0.10334E-17
      1      12.584    0.30451E+01   -0.97512E+00    0.63658E-18   -0.86015E-18
      1      12.501    0.31227E+01   -0.97497E+00    0.34573E-18   -0.84188E-18
      1      12.418    0.31999E+01   -0.97482E+00    0.62722E-18    0.30212E-19
      1      12.335    0.32767E+01   -0.97466E+00    0.34441E-18   -0.23799E-17
      1      12.252    0.33533E+01   -0.97450E+00   -0.60166E-19   -0.20516E-17
      1      12.169    0.34295E+01   -0.97433E+00    0.26595E-18   -0.13819E-18
      1      12.085    0.35053E+01   -0.97415E+00    0.15028E-18   -0.72682E-18
      1      12.002    0.35808E+01   -0.97397E+00   -0.52528E-18   -0.11888E-18
      1      11.919    0.36559E+01   -0.97378E+00   -0.10191E-19   -0.76012E-18
      1      11.836    0.37307E+01   -0.97358E+00    0.42953E-18   -0.52237E-18
      1      11.753    0.38051E+01   -0.97338E+00    0.32644E-18    0.20891E-18
      1      11.670    0.38791E+01   -0.97317E+00   -0.38202E-18   -0.84904E-18
      1      11.587    0.39528E+01   -0.97295E+00   -0.41799E-18    0.10170E-17
      1      11.504    0.40261E+01   -0.97272E+00    0.14341E-18    0.73928E-18
      1      11.421    0.40990E+01   -0.97249E+00    0.24273E-19    0.12086E-17
      1      11.338    0.41716E+01   -0.97225E+00    0.55508E-18   -0.15331E-17
      1      11.255    0.42438E+01   -0.97200E+00   -0.61379E-18   -0.56296E-18
      1      11.171    0.43156E+01   -0.97174E+00    0.31633E-18   -0.60787E-18
      1      11.088    0.43870E+01   -0.97148E+00    0.31732E-18   -0.67587E-18
      1      11.005    0.44580E+01   -0.97121E+00    0.52359E-18    0.66642E-18
      1      10.922    0.45286E+01   -0.97092E+00   -0.30695E-18   -0.24666E-19
      1      10.839    0.45988E+01   -0.97063E+00    0.27889E-19    0.10948E-18
      1      10.756    0.46686E+01   -0.97034E+00   -0.43826E-18    0.84526E-18
      1      10.673    0.47381E+01   -0.97003E+00   -0.57391E-18   -0.63007E-18
      1      10.590    0.48071E+01   -0.96971E+00    0.21240E-19    0.20065E-18
      1      10.507    0.48756E+01   -0.96939E+00   -0.14079E-18   -0.58036E-18
      1      10.424    0.49438E+01   -0.96905E+00    0.74673E-18   -0.45112E-18
      1      10.340    0.50116E+01   -0.96871E+00    0.42715E-18   -0.16272E-18
      1      10.257    0.50789E+01   -0.96836E+00    0.52821E-18   -0.88349E-18
      1      10.174    0.51458E+01   -0.96799E+00   -0.45922E-18   -0.10472E-17
      1      10.091    0.52123E+01   -0.96762E+00    0.15695E-18   -0.16185E-17
      1      10.008    0.52783E+01   -0.96724E+00    0.34489E-18   -0.34437E-18
      1       9.925    0.53440E+01   -0.96685E+00    0.16311E-18   -0.42077E-18
      1       9.842    0.54091E+01   -0.96644E+00   -0.77978E-19   -0.78761E-18
      1       9.759    0.54739E+01   -0.96603E+00    0.47805E-18   -0.42379E-18
      1       9.676    0.55381E+01   -0.96561E+00   -0.34243E-18   -0.15340E-17
      1       9.593    0.56020E+01   -0.96517E+00    0.34164E-18   -0.26963E-17
      1       9.510    0.56654E+01   -0.96473E+00    0.51185E-18   -0.14026E-17
      1       9.426    0.57283E+01   -0.96427E+00    0.55704E-18   -0.29158E-18
      1       9.343    0.57908E+01   -0.96381E+00   -0.38011E-19   -0.92080E-18
      1       9.260    0.58528E+01   -0.96333E+00   -0.38719E-18   -0.15641E-17
      1       9.177    0.59143E+01   -0.96284E+00    0.58511E-18   -0.10948E-17
      1       9.094    0.59754E+01   -0.96234E+00    0.76398E-18   -0.80793E-18
      1       9.011    0.60360E+01   -0.96183E+00    0.91691E-18   -0.12229E-17
      1       8.928    0.60962E+01   -0.96130E+00    0.51472E-18   -0.21362E-17
      1       8.845    0.61558E+01   -0.96077E+00    0.60718E-18   -0.86580E-18
      1       8.762    0.62150E+01   -0.96022E+00    0.50240E-18   -0.17499E-17
      1       8.679    0.62737E+01   -0.95966E+00    0.13983E-17   -0.16758E-17
      1       8.596    0.63320E+01   -0.95909E+00    0.45517E-18   -0.13480E-17
      1       8.512    0.63897E+01   -0.95850E+00    0.20172E-17   -0.29846E-18
      1       8.429    0.64470E+01   -0.95790E+00    0.20823E-17    0.63365E-19
      1       8.346    0.65038E+01   -0.95729E+00    0.10555E-17   -0.21165E-17
      1       8.263    0.65601E+01   -0.95666E+00    0.53161E-18   -0.10312E-17
      1       8.180    0.66159E+01   -0.95603E+00    0.16504E-17   -0.19461E-17
      1       8.097    0.66713E+01   -0.95537E+00    0.13182E-17   -0.21793E-17
      1       8.014    0.67261E+01   -0.95471E+00    0.12294E-17   -0.10488E-17
      1       7.931    0.67805E+01   -0.95403E+00    0.13814E-17   -0.75258E-18
      1       7.848    0.68344E+01   -0.95334E+00    0.35302E-17   -0.13655E-17
      1       7.765    0.68879E+01   -0.95263E+00    0.12744E-17    0.87954E-18
      1       7.681    0.69408E+01   -0.95191E+00    0.36465E-17    0.35156E-19
      1       7.598    0.69933E+01   -0.95118E+00    0.17770E-17   -0.15399E-17
      1       7.515    0.70453E+01   -0.95043E+00    0.30063E-17   -0.82944E-18
      1       7.432    0.70969E+01   -0.94967E+00    0.10509E-17    0.92012E-18
      1       7.349    0.71480E+01   -0.94889E+00    0.11039E-17    0.11440E-17
      1       7.266    0.71986E+01   -0.94810E+00    0.34885E-17   -0.97261E-18
      1       7.183    0.72487E+01   -0.94729E+00    0.24159E-17   -0.23407E-17
      1       7.100    0.72984E+01   -0.94647E+00    0.46955E-17    0.44774E-18
      1       7.017    0.73476E+01   -0.94563E+00    0.34929E-17   -0.10846E-17
      1       6.934    0.73963E+01   -0.94478E+00   -0.37084E-18   -0.49619E-18
      1       6.851    0.74446E+01   -0.94392E+00    0.26615E-17    0.92660E-19
      1       6.767    0.74924E+01   -0.94303E+00    0.11634E-17   -0.40671E-18
      1       6.684    0.75397E+01   -0.94214E+00    0.33602E-17   -0.14356E-17
      1       6.601    0.75865E+01   -0.94123E+00    0.20167E-17   -0.20436E-17
      1       6.518    0.76328E+01   -0.94030E+00    0.20258E-17   -0.38420E-17
      1       6.435    0.76786E+01   -0.93936E+00    0.34991E-17   -0.81698E-18
      1       6.352    0.77239E+01   -0.93840E+00    0.21420E-17   -0.25962E-17
      1       6.269    0.77686E+01   -0.93743E+00    0.45303E-17   -0.18777E-17
      1       6.186    0.78128E+01   -0.93644E+00    0.26512E-17   -0.11970E-17
      1       6.103    0.78565E+01   -0.93543E+00    0.26280E-17   -0.17497E-17
      1       6.020    0.78996E+01   -0.93441E+00    0.27293E-17   -0.65059E-18
      1       5.937    0.79421E+01   -0.93338E+00    0.33559E-17   -0.43504E-18
      1       5.853    0.79840E+01   -0.93232E+00    0.22982E-17   -0.52929E-18
      1       5.770    0.80252E+01   -0.93126E+00    0.27858E-17   -0.30370E-18
      1       5.687    0.80659E+01   -0.93017E+00    0.30076E-17    0.82039E-18
      1       5.604    0.81058E+01   -0.92907E+00    0.24388E-17   -0.13274E-17
      1       5.521    0.81451E+01   -0.92796E+00    0.37901E-17   -0.16711E-18
      1       5.438    0.81836E+01   -0.92683E+00    0.10032E-17   -0.37948E-18
      1       5.355    0.82214E+01   -0.92568E+00   -0.11879E-18   -0.12324E-18
      1       5.272    0.82584E+01   -0.92452E+00    0.51956E-17   -0.76289E-18
      1       5.189    0.82946E+01   -0.92334E+00    0.16279E-17   -0.15419E-17
      1       5.106    0.83300E+01   -0.92214E+00    0.27962E-17   -0.31583E-17
      1       5.023    0.83644E+01   -0.92093E+00    0.16726E-17   -0.23989E-17
      1       4.939    0.83980E+01   -0.91971E+00    0.14163E-17   -0.25385E-17
      1       4.856    0.84306E+01   -0.91847E+00    0.29275E-17   -0.18176E-17
      1       4.773    0.84622E+01   -0.91721E+00    0.20586E-17   -0.28854E-17
      1       4.690    0.84927E+01   -0.91594E+00    0.40215E-17   -0.16596E-17
      1       4.607    0.85221E+01   -0.91466E+00    0.31018E-17   -0.26268E-17
      1       4.524    0.85502E+01   -0.91336E+00    0.27152E-17   -0.14228E-17
      1       4.441    0.85770E+01   -0.91204E+00    0.54580E-17   -0.25786E-17
      1       4.358    0.86024E+01   -0.91071E+00    0.39749E-17   -0.10822E-17
      1       4.275    0.86263E+01   -0.90936E+00    0.30307E-17   -0.86694E-18
      1       4.192    0.86486E+01   -0.90800E+00    0.43824E-17   -0.43057E-18
      1       4.108    0.86691E+01   -0.90663E+00    0.18861E-17   -0.11897E-17
      1       4.025    0.86878E+01   -0.90523E+00    0.18078E-17   -0.11161E-17
      1       3.942    0.87045E+01   -0.90382E+00    0.10095E-17   -0.25546E-17
      1       3.859    0.87190E+01   -0.90240E+00    0.13912E-17   -0.14891E-17
      1       3.776    0.87313E+01   -0.90096E+00    0.40290E-17   -0.22835E-17
      1       3.693    0.87411E+01   -0.89950E+00    0.47182E-17   -0.12948E-17
      1       3.610    0.87482E+01   -0.89803E+00    0.34181E-17   -0.11751E-17
      1       3.527    0.87525E+01   -0.89653E+00    0.60613E-17   -0.22258E-17
      1       3.444    0.87537E+01   -0.89502E+00    0.49937E-17   -0.37255E-17
      1       3.361    0.87518E+01   -0.89349E+00    0.38047E-17   -0.34478E-17
      1       3.278    0.87464E+01   -0.89194E+00    0.62157E-17   -0.42799E-17
      1       3.194    0.87374E+01   -0.89037E+00    0.51105E-17   -0.37857E-17
      1       3.111    0.87246E+01   -0.88877E+00    0.41600E-17   -0.38374E-17
      1       3.028    0.87078E+01   -0.88716E+00    0.31898E-17   -0.37313E-17
      1       2.945    0.86869E+01   -0.88553E+00    0.56483E-17   -0.34973E-17
      1       2.862    0.86617E+01   -0.88387E+00    0.72033E-17   -0.23132E-17
      1       2.779    0.86319E+01   -0.88219E+00    0.60487E-17   -0.23739E-17
      1       2.696    0.85973E+01   -0.88049E+00    0.59692E-17   -0.27860E-17
      1       2.613    0.85579E+01   -0.87877E+00    0.51017E-17   -0.27978E-17
      1       2.530    0.85133E+01   -0.87702E+00    0.53248E-17   -0.29229E-17
      1       2.447    0.84634E+01   -0.87525E+00    0.41106E-17   -0.40894E-17
      1       2.364    0.84079E+01   -0.87346E+00    0.90161E-17   -0.43534E-17
      1       2.280    0.83467E+01   -0.87165E+00    0.64815E-17   -0.27760E-17
      1       2.197    0.82794E+01   -0.86981E+00    0.38731E-17   -0.49497E-17
      1       2.114    0.82058E+01   -0.86795E+00    0.56887E-17   -0.36438E-17
      1       2.031    0.81256E+01   -0.86606E+00    0.80878E-17   -0.37163E-17
      1       1.948    0.80386E+01   -0.86415E+00    0.66387E-17   -0.43547E-17
      1       1.865    0.79443E+01   -0.86222E+00    0.28608E-17   -0.53250E-17
      1       1.782    0.78424E+01   -0.86027E+00    0.66863E-17   -0.16122E-17
      1       1.699    0.77325E+01   -0.85829E+00   -0.17930E-18   -0.57756E-17
      1       1.616    0.76141E+01   -0.85628E+00    0.74490E-17   -0.29226E-17
      1       1.533    0.74868E+01   -0.85426E+00    0.60296E-17   -0.33226E-17
      1       1.449    0.73499E+01   -0.85220E+00    0.70573E-18   -0.59203E-17
      1       1.366    0.72027E+01   -0.85012E+00    0.77128E-17   -0.32434E-17
      1       1.283    0.70446E+01   -0.84802E+00    0.33705E-17   -0.36317E-17
      1       1.200    0.68747E+01   -0.84589E+00    0.76694E-17   -0.33857E-17
      1       1.117    0.66919E+01   -0.84373E+00    0.11372E-16   -0.11138E-17
      1       1.034    0.64951E+01   -0.84155E+00    0.75465E-17   -0.11650E-17
      1       0.951    0.62829E+01   -0.83933E+00    0.51243E-17   -0.15076E-17
      1       0.868    0.60535E+01   -0.83709E+00    0.70431E-17   -0.45489E-17
      1       0.785    0.58049E+01   -0.83482E+00    0.94888E-17   -0.34883E-17
      1       0.702    0.55345E+01   -0.83252E+00    0.54066E-17   -0.29449E-17
      1       0.619    0.52388E+01   -0.83019E+00    0.98768E-17   -0.41081E-17
      1       0.535    0.49132E+01   -0.82783E+00   -0.11771E-17   -0.18541E-17
      1       0.452    0.45513E+01   -0.82544E+00    0.61227E-17   -0.46199E-17
      1       0.369    0.41435E+01   -0.82302E+00    0.75807E-17   -0.24020E-17
      1       0.286    0.36747E+01   -0.82056E+00    0.82162E-17   -0.36128E-17
      1       0.203    0.31177E+01   -0.81806E+00    0.50599E-17   -0.41084E-17
      1       0.120    0.24126E+01   -0.81551E+00    0.58233E-17   -0.20836E-17
