   3N SYSTEM INCLUSIVE  PHOTODESINTEGRATION
        DETECTED PARTICLE: 1- PROTON
        NOT DETECTED PARTICLES:2-NEUTRON  3-NEUTRON

      OMEGA 0.10000E+03
     MTTWE1,MTTWE2,MTTWE3=    1   -1   -1
     TH1LAB,PHI1LAB=    90.000     0.000
   Unit of cross sections ... fm**2/(MeV*sr**2)
      I       E1      CROSS           AX           AY           AZ
      1      59.252    0.37761E-07   -0.77897E+00   -0.38982E-18   -0.38308E-19
      1      59.238    0.48648E-04   -0.77891E+00    0.34517E-18    0.44652E-18
      1      59.232    0.12626E-03   -0.77888E+00    0.49279E-18    0.43485E-18
      1      59.225    0.24747E-03   -0.77885E+00    0.12973E-18   -0.13639E-17
      1      59.218    0.41511E-03   -0.77883E+00    0.67310E-18    0.87478E-19
      1      59.212    0.63089E-03   -0.77880E+00   -0.68105E-18   -0.16044E-17
      1      59.205    0.89581E-03   -0.77878E+00    0.18595E-19   -0.62108E-18
      1      59.198    0.12104E-02   -0.77876E+00    0.19676E-18   -0.49685E-18
      1      59.192    0.15749E-02   -0.77874E+00    0.11440E-18    0.12565E-18
      1      59.185    0.19894E-02   -0.77871E+00   -0.15276E-18    0.14116E-18
      1      59.178    0.24537E-02   -0.77869E+00    0.28030E-18   -0.11960E-17
      1      59.172    0.29676E-02   -0.77867E+00    0.87903E-19   -0.11788E-18
      1      59.165    0.35308E-02   -0.77865E+00    0.11411E-17    0.32808E-18
      1      59.158    0.41430E-02   -0.77863E+00   -0.10150E-17    0.31019E-18
      1      59.152    0.48037E-02   -0.77861E+00   -0.15261E-18    0.25965E-18
      1      59.145    0.55127E-02   -0.77859E+00   -0.41951E-18    0.52875E-18
      1      59.138    0.62694E-02   -0.77857E+00   -0.20576E-18    0.94405E-18
      1      59.132    0.70734E-02   -0.77854E+00    0.39007E-20    0.55439E-18
      1      58.808    0.14291E-01   -0.77848E+00    0.18535E-18   -0.15228E-18
      1      58.483    0.19501E-01   -0.77836E+00    0.39323E-18    0.26407E-18
      1      58.159    0.23980E-01   -0.77820E+00   -0.54472E-19    0.10702E-18
      1      57.835    0.28051E-01   -0.77798E+00    0.90193E-18    0.16766E-17
      1      57.511    0.31859E-01   -0.77772E+00   -0.38108E-18    0.21175E-17
      1      57.186    0.35479E-01   -0.77741E+00   -0.11215E-17    0.15055E-17
      1      56.862    0.38961E-01   -0.77705E+00   -0.10859E-17    0.11207E-19
      1      56.538    0.42336E-01   -0.77664E+00   -0.77809E-18    0.16474E-17
      1      56.214    0.45627E-01   -0.77618E+00   -0.12744E-17    0.19032E-18
      1      55.889    0.48851E-01   -0.77567E+00   -0.17203E-17    0.16270E-18
      1      55.565    0.52020E-01   -0.77510E+00   -0.37429E-18    0.80016E-18
      1      55.241    0.55144E-01   -0.77448E+00    0.13671E-18    0.11119E-17
      1      54.917    0.58232E-01   -0.77379E+00   -0.64925E-19    0.15636E-17
      1      54.592    0.61290E-01   -0.77305E+00   -0.10937E-18    0.12062E-17
      1      54.268    0.64322E-01   -0.77224E+00   -0.24439E-18    0.66745E-18
      1      53.944    0.67334E-01   -0.77137E+00    0.38353E-18    0.41548E-18
      1      53.620    0.70329E-01   -0.77043E+00   -0.88911E-18    0.20811E-18
      1      53.295    0.73310E-01   -0.76942E+00   -0.38707E-18    0.11562E-17
      1      52.971    0.76280E-01   -0.76835E+00    0.85998E-19    0.62863E-18
      1      52.647    0.79240E-01   -0.76720E+00    0.12186E-17    0.11111E-17
      1      52.323    0.82194E-01   -0.76599E+00    0.41536E-18    0.11186E-17
      1      51.999    0.85142E-01   -0.76470E+00    0.90906E-18   -0.29143E-18
      1      51.674    0.88086E-01   -0.76335E+00    0.20976E-18    0.33636E-18
      1      51.350    0.91028E-01   -0.76192E+00    0.64877E-18    0.35399E-19
      1      51.026    0.93968E-01   -0.76042E+00   -0.38022E-18   -0.81634E-18
      1      50.702    0.96908E-01   -0.75885E+00    0.63486E-20    0.13980E-17
      1      50.377    0.99849E-01   -0.75721E+00    0.32503E-18    0.58866E-18
      1      50.053    0.10279E+00   -0.75551E+00   -0.61310E-18    0.45006E-18
      1      49.729    0.10574E+00   -0.75374E+00    0.53651E-18    0.14303E-17
      1      49.405    0.10869E+00   -0.75190E+00    0.53830E-18   -0.35784E-18
      1      49.080    0.11164E+00   -0.75000E+00   -0.16093E-18    0.17384E-17
      1      48.756    0.11460E+00   -0.74804E+00    0.47295E-21   -0.93534E-18
      1      48.432    0.11756E+00   -0.74603E+00    0.74280E-18    0.14250E-17
      1      48.108    0.12053E+00   -0.74396E+00    0.85775E-18    0.67855E-18
      1      47.783    0.12351E+00   -0.74183E+00   -0.68499E-18   -0.14676E-17
      1      47.459    0.12649E+00   -0.73965E+00   -0.23990E-19   -0.13133E-17
      1      47.135    0.12948E+00   -0.73743E+00   -0.68162E-18   -0.33107E-17
      1      46.811    0.13248E+00   -0.73516E+00   -0.12278E-17   -0.20927E-17
      1      46.486    0.13548E+00   -0.73284E+00   -0.12967E-17   -0.15449E-17
      1      46.162    0.13849E+00   -0.73049E+00   -0.92100E-18   -0.24981E-17
      1      45.838    0.14150E+00   -0.72809E+00   -0.17282E-17   -0.23681E-17
      1      45.514    0.14452E+00   -0.72567E+00   -0.34317E-18    0.90741E-19
      1      45.189    0.14755E+00   -0.72321E+00    0.33628E-18   -0.20520E-17
      1      44.865    0.15058E+00   -0.72072E+00   -0.17067E-17   -0.21266E-17
      1      44.541    0.15361E+00   -0.71821E+00   -0.15794E-17   -0.36278E-17
      1      44.217    0.15664E+00   -0.71567E+00   -0.16152E-17   -0.67719E-18
      1      43.892    0.15968E+00   -0.71311E+00   -0.22977E-17   -0.21631E-17
      1      43.568    0.16272E+00   -0.71053E+00   -0.13606E-17   -0.36801E-17
      1      43.244    0.16575E+00   -0.70794E+00   -0.12746E-17   -0.13717E-17
      1      42.920    0.16878E+00   -0.70534E+00   -0.26184E-17   -0.19963E-17
      1      42.596    0.17181E+00   -0.70272E+00   -0.12672E-17   -0.32254E-17
      1      42.271    0.17483E+00   -0.70010E+00   -0.30611E-17   -0.17649E-17
      1      41.947    0.17785E+00   -0.69747E+00   -0.20346E-17   -0.18674E-17
      1      41.623    0.18086E+00   -0.69484E+00   -0.22158E-17   -0.24640E-17
      1      41.299    0.18385E+00   -0.69221E+00   -0.17876E-17    0.14183E-18
      1      40.974    0.18684E+00   -0.68958E+00   -0.25173E-17   -0.21122E-17
      1      40.650    0.18981E+00   -0.68696E+00   -0.18800E-17    0.24545E-18
      1      40.326    0.19277E+00   -0.68434E+00   -0.20086E-17   -0.25282E-17
      1      40.002    0.19571E+00   -0.68173E+00   -0.33024E-17   -0.44807E-17
      1      39.677    0.19864E+00   -0.67913E+00   -0.31338E-17   -0.64029E-18
      1      39.353    0.20154E+00   -0.67654E+00   -0.30058E-17   -0.13104E-17
      1      39.029    0.20443E+00   -0.67397E+00   -0.34699E-17   -0.11440E-17
      1      38.705    0.20729E+00   -0.67142E+00   -0.40456E-17   -0.17505E-18
      1      38.380    0.21014E+00   -0.66888E+00   -0.55141E-17   -0.93909E-18
      1      38.056    0.21296E+00   -0.66637E+00   -0.36079E-17   -0.89687E-18
      1      37.732    0.21575E+00   -0.66388E+00   -0.39156E-17   -0.14400E-17
      1      37.408    0.21852E+00   -0.66141E+00   -0.49350E-17   -0.24172E-17
      1      37.083    0.22126E+00   -0.65897E+00   -0.38831E-17    0.35521E-18
      1      36.759    0.22397E+00   -0.65656E+00   -0.25042E-17   -0.37551E-18
      1      36.435    0.22666E+00   -0.65417E+00   -0.32687E-17   -0.14893E-17
      1      36.111    0.22931E+00   -0.65182E+00   -0.31927E-17   -0.25552E-17
      1      35.786    0.23194E+00   -0.64950E+00   -0.35287E-17   -0.28856E-17
      1      35.462    0.23453E+00   -0.64721E+00   -0.36606E-17   -0.20386E-17
      1      35.138    0.23709E+00   -0.64496E+00   -0.40326E-17   -0.20024E-17
      1      34.814    0.23962E+00   -0.64275E+00   -0.54582E-17   -0.52127E-18
      1      34.490    0.24211E+00   -0.64057E+00   -0.48105E-17   -0.10405E-17
      1      34.165    0.24457E+00   -0.63843E+00   -0.44278E-17   -0.45369E-18
      1      33.841    0.24699E+00   -0.63634E+00   -0.50391E-17   -0.28201E-17
      1      33.517    0.24938E+00   -0.63428E+00   -0.36214E-17    0.11621E-17
      1      33.193    0.25173E+00   -0.63227E+00   -0.44105E-17   -0.28156E-18
      1      32.868    0.25405E+00   -0.63030E+00   -0.56533E-17   -0.15594E-17
      1      32.544    0.25633E+00   -0.62838E+00   -0.41211E-17   -0.90070E-18
      1      32.220    0.25857E+00   -0.62650E+00   -0.46929E-17   -0.24528E-17
      1      31.896    0.26077E+00   -0.62467E+00   -0.60075E-17   -0.47215E-17
      1      31.571    0.26294E+00   -0.62289E+00   -0.48899E-17   -0.27633E-17
      1      31.247    0.26506E+00   -0.62115E+00   -0.52388E-17    0.11600E-17
      1      30.923    0.26715E+00   -0.61946E+00   -0.55674E-17    0.70353E-19
      1      30.599    0.26919E+00   -0.61782E+00   -0.48045E-17   -0.10361E-17
      1      30.274    0.27119E+00   -0.61622E+00   -0.60338E-17   -0.16049E-17
      1      29.950    0.27315E+00   -0.61468E+00   -0.44803E-17   -0.19070E-17
      1      29.626    0.27507E+00   -0.61318E+00   -0.52576E-17   -0.13023E-17
      1      29.302    0.27694E+00   -0.61173E+00   -0.42176E-17   -0.71331E-18
      1      28.977    0.27878E+00   -0.61034E+00   -0.32318E-17   -0.47805E-18
      1      28.653    0.28057E+00   -0.60899E+00   -0.42232E-17   -0.25558E-17
      1      28.329    0.28231E+00   -0.60769E+00   -0.43144E-17   -0.35756E-17
      1      28.005    0.28401E+00   -0.60644E+00   -0.55801E-17   -0.60442E-18
      1      27.680    0.28567E+00   -0.60524E+00   -0.43447E-17    0.15337E-18
      1      27.356    0.28728E+00   -0.60409E+00   -0.47561E-17    0.23901E-18
      1      27.032    0.28885E+00   -0.60299E+00   -0.51448E-17   -0.17170E-17
      1      26.708    0.29037E+00   -0.60194E+00   -0.47544E-17    0.10222E-17
      1      26.383    0.29185E+00   -0.60094E+00   -0.58099E-17   -0.18558E-18
      1      26.059    0.29329E+00   -0.59999E+00   -0.61930E-17    0.54750E-19
      1      25.735    0.29468E+00   -0.59909E+00   -0.49298E-17    0.21778E-18
      1      25.411    0.29602E+00   -0.59824E+00   -0.50888E-17   -0.19124E-17
      1      25.087    0.29732E+00   -0.59743E+00   -0.33291E-17   -0.22770E-17
      1      24.762    0.29857E+00   -0.59668E+00   -0.42527E-17   -0.39314E-17
      1      24.438    0.29978E+00   -0.59598E+00   -0.59055E-17   -0.15784E-17
      1      24.114    0.30094E+00   -0.59532E+00   -0.64045E-17   -0.31517E-17
      1      23.790    0.30205E+00   -0.59472E+00   -0.61475E-17   -0.19106E-17
      1      23.465    0.30313E+00   -0.59416E+00   -0.56887E-17   -0.38603E-18
      1      23.141    0.30415E+00   -0.59366E+00   -0.53251E-17   -0.29587E-17
      1      22.817    0.30513E+00   -0.59320E+00   -0.61270E-17   -0.86880E-19
      1      22.493    0.30606E+00   -0.59279E+00   -0.61720E-17   -0.38196E-17
      1      22.168    0.30695E+00   -0.59243E+00   -0.58192E-17    0.10028E-17
      1      21.844    0.30779E+00   -0.59212E+00   -0.68639E-17   -0.11479E-17
      1      21.520    0.30859E+00   -0.59186E+00   -0.54507E-17   -0.43437E-17
      1      21.196    0.30934E+00   -0.59164E+00   -0.53425E-17   -0.35757E-17
      1      20.871    0.31004E+00   -0.59147E+00   -0.55612E-17   -0.24983E-18
      1      20.547    0.31070E+00   -0.59135E+00   -0.52301E-17   -0.35615E-17
      1      20.223    0.31131E+00   -0.59128E+00   -0.54528E-17   -0.32329E-18
      1      19.899    0.31188E+00   -0.59126E+00   -0.59679E-17   -0.12471E-17
      1      19.574    0.31240E+00   -0.59128E+00   -0.59574E-17   -0.21311E-17
      1      19.250    0.31287E+00   -0.59135E+00   -0.37006E-17    0.13684E-17
      1      18.926    0.31330E+00   -0.59147E+00   -0.54436E-17   -0.17521E-17
      1      18.602    0.31368E+00   -0.59163E+00   -0.72006E-17   -0.27077E-17
      1      18.277    0.31401E+00   -0.59185E+00   -0.24338E-17   -0.36052E-18
      1      17.953    0.31430E+00   -0.59211E+00   -0.19921E-17   -0.47692E-18
      1      17.629    0.31454E+00   -0.59242E+00   -0.20259E-17   -0.96571E-18
      1      17.305    0.31474E+00   -0.59277E+00   -0.29663E-17   -0.14955E-17
      1      16.981    0.31488E+00   -0.59318E+00   -0.28157E-17   -0.85464E-18
      1      16.656    0.31498E+00   -0.59363E+00   -0.35287E-17    0.12977E-17
      1      16.332    0.31503E+00   -0.59412E+00   -0.91954E-18   -0.10305E-17
      1      16.008    0.31503E+00   -0.59466E+00    0.43520E-18   -0.83600E-19
      1      15.684    0.31497E+00   -0.59525E+00    0.27167E-18    0.17130E-17
      1      15.359    0.31486E+00   -0.59588E+00   -0.26634E-17    0.63019E-18
      1      15.035    0.31469E+00   -0.59655E+00    0.41399E-18   -0.30606E-18
      1      14.711    0.31445E+00   -0.59726E+00   -0.19445E-17   -0.91077E-18
      1      14.387    0.31414E+00   -0.59800E+00    0.85012E-19   -0.35107E-17
      1      14.062    0.31374E+00   -0.59876E+00   -0.13296E-18   -0.48990E-19
      1      13.738    0.31325E+00   -0.59955E+00    0.96411E-18   -0.11369E-18
      1      13.414    0.31267E+00   -0.60035E+00   -0.25525E-17    0.67775E-18
      1      13.090    0.31198E+00   -0.60117E+00    0.14778E-17   -0.34348E-17
      1      12.765    0.31117E+00   -0.60200E+00   -0.11530E-18   -0.19301E-17
      1      12.441    0.31025E+00   -0.60284E+00    0.24944E-17   -0.46438E-17
      1      12.117    0.30920E+00   -0.60368E+00    0.32977E-17   -0.34767E-18
      1      11.793    0.30802E+00   -0.60453E+00    0.31229E-17    0.17246E-17
      1      11.468    0.30670E+00   -0.60538E+00    0.48645E-17    0.13157E-17
      1      11.144    0.30525E+00   -0.60623E+00    0.99935E-18    0.15049E-18
      1      10.820    0.30365E+00   -0.60708E+00    0.44124E-17    0.21411E-18
      1      10.496    0.30191E+00   -0.60794E+00    0.33582E-18    0.13065E-17
      1      10.171    0.30001E+00   -0.60879E+00    0.34885E-17   -0.13081E-17
      1       9.847    0.29795E+00   -0.60965E+00    0.15072E-17   -0.98253E-18
      1       9.523    0.29573E+00   -0.61050E+00    0.21311E-17   -0.18572E-17
      1       9.199    0.29335E+00   -0.61135E+00    0.20541E-17    0.71741E-18
      1       8.874    0.29078E+00   -0.61219E+00    0.46481E-17    0.16708E-18
      1       8.550    0.28803E+00   -0.61302E+00    0.36895E-17    0.31797E-18
      1       8.226    0.28509E+00   -0.61385E+00    0.22472E-17    0.13909E-17
      1       7.902    0.28195E+00   -0.61467E+00    0.32437E-17   -0.83714E-18
      1       7.578    0.27860E+00   -0.61547E+00    0.31423E-17   -0.22761E-18
      1       7.253    0.27503E+00   -0.61625E+00    0.18523E-17   -0.13863E-17
      1       6.929    0.27123E+00   -0.61701E+00    0.68458E-18   -0.64220E-18
      1       6.605    0.26718E+00   -0.61775E+00    0.20975E-17    0.71545E-18
      1       6.281    0.26287E+00   -0.61846E+00    0.36038E-17   -0.58555E-18
      1       5.956    0.25829E+00   -0.61914E+00    0.30077E-17    0.66606E-18
      1       5.632    0.25341E+00   -0.61977E+00    0.25168E-17   -0.11389E-17
      1       5.308    0.24820E+00   -0.62037E+00    0.48635E-17    0.18815E-17
      1       4.984    0.24266E+00   -0.62092E+00    0.46598E-17    0.25827E-17
      1       4.659    0.23675E+00   -0.62141E+00    0.19346E-17   -0.12386E-17
      1       4.335    0.23043E+00   -0.62185E+00    0.49391E-17    0.29240E-17
      1       4.011    0.22366E+00   -0.62223E+00    0.26000E-17   -0.81686E-19
      1       3.687    0.21640E+00   -0.62253E+00    0.53520E-17   -0.11070E-17
      1       3.362    0.20859E+00   -0.62276E+00    0.55521E-17   -0.99093E-18
      1       3.038    0.20014E+00   -0.62290E+00    0.32511E-17   -0.18694E-17
      1       2.714    0.19096E+00   -0.62295E+00    0.45905E-17    0.83307E-18
      1       2.390    0.18093E+00   -0.62288E+00    0.25268E-17   -0.43140E-18
      1       2.065    0.16986E+00   -0.62269E+00    0.21376E-17    0.23477E-17
      1       1.741    0.15752E+00   -0.62234E+00    0.43955E-17   -0.12011E-17
      1       1.417    0.14355E+00   -0.62182E+00    0.31030E-17    0.20887E-18
      1       1.093    0.12737E+00   -0.62109E+00    0.17535E-17    0.31049E-17
      1       0.768    0.10794E+00   -0.62013E+00    0.52367E-17    0.19520E-17
      1       0.444    0.82957E-01   -0.61893E+00    0.74698E-17    0.52885E-18
      1       0.120    0.43595E-01   -0.61750E+00    0.64091E-17    0.17179E-17
