   3N SYSTEM INCLUSIVE  PHOTODESINTEGRATION
        DETECTED PARTICLE: 1- PROTON
        NOT DETECTED PARTICLES:2-NEUTRON  3-NEUTRON

      OMEGA 0.30000E+02
     MTTWE1,MTTWE2,MTTWE3=    1   -1   -1
     TH1LAB,PHI1LAB=   170.000     0.000
   Unit of cross sections ... fm**2/(MeV*sr**2)
      I       E1      CROSS           AX           AY           AZ
      1      12.588    0.71226E-07   -0.64375E+00    0.20550E-18   -0.70121E-18
      1      12.574    0.91149E-04   -0.64346E+00    0.37915E-18    0.94631E-18
      1      12.568    0.23589E-03   -0.64329E+00    0.25289E-18    0.10801E-16
      1      12.561    0.46135E-03   -0.64316E+00    0.32943E-18    0.84514E-17
      1      12.554    0.77252E-03   -0.64306E+00    0.38145E-18    0.10504E-18
      1      12.548    0.11723E-02   -0.64297E+00    0.69176E-18    0.47435E-17
      1      12.541    0.16622E-02   -0.64289E+00    0.45909E-18    0.44686E-17
      1      12.534    0.22431E-02   -0.64281E+00    0.36805E-18    0.33151E-17
      1      12.528    0.29152E-02   -0.64274E+00    0.49026E-18    0.54434E-17
      1      12.521    0.36784E-02   -0.64266E+00   -0.17337E-18    0.30635E-17
      1      12.514    0.45323E-02   -0.64259E+00    0.14990E-19    0.25261E-17
      1      12.508    0.54763E-02   -0.64252E+00   -0.22411E-18    0.49663E-17
      1      12.501    0.65097E-02   -0.64244E+00   -0.86152E-19    0.22055E-17
      1      12.494    0.76319E-02   -0.64236E+00   -0.31355E-18    0.33588E-17
      1      12.488    0.88419E-02   -0.64228E+00   -0.76547E-18    0.27383E-17
      1      12.481    0.10139E-01   -0.64220E+00    0.17199E-19    0.32285E-17
      1      12.474    0.11522E-01   -0.64211E+00   -0.64497E-18    0.18974E-17
      1      12.468    0.12991E-01   -0.64202E+00   -0.80851E-18    0.27285E-17
      1      12.400    0.17455E-01   -0.64189E+00   -0.92381E-18    0.19687E-18
      1      12.332    0.21628E-01   -0.64170E+00   -0.66500E-18    0.16234E-17
      1      12.264    0.25641E-01   -0.64145E+00   -0.13289E-17    0.16532E-17
      1      12.196    0.29556E-01   -0.64114E+00   -0.91209E-18    0.25986E-17
      1      12.129    0.33407E-01   -0.64078E+00   -0.11356E-17    0.42317E-17
      1      12.061    0.37217E-01   -0.64035E+00   -0.85764E-18    0.20870E-17
      1      11.993    0.41000E-01   -0.63985E+00   -0.81245E-18    0.35045E-17
      1      11.925    0.44768E-01   -0.63929E+00   -0.11770E-17    0.22006E-17
      1      11.857    0.48527E-01   -0.63865E+00   -0.73135E-18    0.22938E-17
      1      11.789    0.52285E-01   -0.63794E+00   -0.92853E-18    0.10877E-17
      1      11.721    0.56045E-01   -0.63715E+00   -0.94755E-18    0.24475E-17
      1      11.654    0.59813E-01   -0.63629E+00   -0.11657E-17    0.20565E-17
      1      11.586    0.63592E-01   -0.63534E+00   -0.76992E-18    0.16404E-17
      1      11.518    0.67384E-01   -0.63431E+00   -0.11400E-17    0.21735E-17
      1      11.450    0.71192E-01   -0.63320E+00   -0.13887E-17    0.20608E-17
      1      11.382    0.75019E-01   -0.63201E+00   -0.13432E-17    0.27638E-17
      1      11.314    0.78867E-01   -0.63073E+00   -0.12818E-17    0.24126E-17
      1      11.247    0.82738E-01   -0.62937E+00   -0.44334E-18    0.17290E-17
      1      11.179    0.86634E-01   -0.62792E+00   -0.75302E-18    0.14482E-17
      1      11.111    0.90558E-01   -0.62638E+00   -0.35048E-19    0.15173E-17
      1      11.043    0.94510E-01   -0.62476E+00   -0.80357E-18    0.72129E-18
      1      10.975    0.98493E-01   -0.62306E+00    0.80622E-19    0.15116E-17
      1      10.907    0.10251E+00   -0.62127E+00   -0.10569E-17    0.10065E-17
      1      10.839    0.10656E+00   -0.61940E+00   -0.30095E-18    0.11705E-17
      1      10.772    0.11064E+00   -0.61744E+00   -0.61956E-18    0.68495E-18
      1      10.704    0.11477E+00   -0.61540E+00    0.22390E-18    0.81916E-18
      1      10.636    0.11893E+00   -0.61328E+00   -0.13420E-17    0.90689E-18
      1      10.568    0.12313E+00   -0.61108E+00   -0.99425E-18    0.21725E-17
      1      10.500    0.12738E+00   -0.60880E+00    0.49669E-18    0.42537E-18
      1      10.432    0.13167E+00   -0.60645E+00   -0.29820E-18    0.39752E-18
      1      10.365    0.13601E+00   -0.60401E+00    0.98976E-18    0.13313E-17
      1      10.297    0.14039E+00   -0.60150E+00    0.56209E-18    0.82017E-18
      1      10.229    0.14482E+00   -0.59891E+00   -0.38256E-20    0.52972E-18
      1      10.161    0.14931E+00   -0.59625E+00    0.79578E-18    0.17919E-17
      1      10.093    0.15384E+00   -0.59352E+00    0.13637E-17    0.58303E-18
      1      10.025    0.15843E+00   -0.59072E+00    0.11111E-17    0.29346E-17
      1       9.958    0.16308E+00   -0.58786E+00    0.24977E-19    0.20497E-17
      1       9.890    0.16778E+00   -0.58492E+00    0.74715E-18    0.19025E-17
      1       9.822    0.17254E+00   -0.58192E+00    0.18314E-17    0.16306E-17
      1       9.754    0.17737E+00   -0.57886E+00    0.71724E-18   -0.10002E-17
      1       9.686    0.18225E+00   -0.57573E+00    0.30777E-17    0.88331E-18
      1       9.618    0.18720E+00   -0.57255E+00    0.91034E-18    0.13419E-17
      1       9.550    0.19221E+00   -0.56931E+00    0.36885E-18    0.12067E-17
      1       9.483    0.19729E+00   -0.56602E+00    0.85118E-18    0.16609E-17
      1       9.415    0.20243E+00   -0.56267E+00    0.27062E-17   -0.66590E-18
      1       9.347    0.20765E+00   -0.55927E+00    0.27403E-17    0.26164E-18
      1       9.279    0.21294E+00   -0.55583E+00    0.17953E-17    0.68769E-18
      1       9.211    0.21830E+00   -0.55233E+00    0.21446E-17    0.15920E-17
      1       9.143    0.22373E+00   -0.54879E+00    0.14931E-17    0.19089E-17
      1       9.076    0.22924E+00   -0.54521E+00    0.30339E-17    0.10471E-17
      1       9.008    0.23483E+00   -0.54159E+00    0.19344E-17    0.10579E-17
      1       8.940    0.24049E+00   -0.53792E+00    0.22819E-17   -0.70015E-19
      1       8.872    0.24624E+00   -0.53422E+00    0.38588E-17   -0.27533E-18
      1       8.804    0.25207E+00   -0.53049E+00    0.33413E-17    0.55176E-18
      1       8.736    0.25798E+00   -0.52672E+00    0.32432E-17   -0.17038E-20
      1       8.668    0.26398E+00   -0.52292E+00    0.29966E-17    0.49176E-18
      1       8.601    0.27006E+00   -0.51909E+00    0.24480E-17    0.18154E-17
      1       8.533    0.27623E+00   -0.51524E+00    0.41748E-17    0.33223E-18
      1       8.465    0.28249E+00   -0.51136E+00    0.21989E-17   -0.10628E-17
      1       8.397    0.28884E+00   -0.50745E+00    0.63335E-17    0.45376E-18
      1       8.329    0.29529E+00   -0.50352E+00    0.66432E-17    0.46773E-18
      1       8.261    0.30183E+00   -0.49957E+00    0.69840E-17   -0.13572E-17
      1       8.194    0.30846E+00   -0.49560E+00    0.33787E-17    0.14142E-18
      1       8.126    0.31519E+00   -0.49162E+00    0.34790E-17   -0.91082E-18
      1       8.058    0.32203E+00   -0.48762E+00    0.68220E-17   -0.10124E-19
      1       7.990    0.32896E+00   -0.48361E+00    0.12573E-17   -0.61757E-18
      1       7.922    0.33600E+00   -0.47958E+00    0.70112E-17   -0.40682E-18
      1       7.854    0.34313E+00   -0.47554E+00    0.45695E-17    0.32434E-18
      1       7.786    0.35038E+00   -0.47149E+00    0.10339E-16   -0.78319E-18
      1       7.719    0.35773E+00   -0.46744E+00    0.63198E-17    0.39115E-18
      1       7.651    0.36519E+00   -0.46338E+00    0.62189E-17   -0.68231E-18
      1       7.583    0.37277E+00   -0.45931E+00    0.50113E-17    0.19355E-18
      1       7.515    0.38045E+00   -0.45524E+00    0.49825E-17    0.63356E-18
      1       7.447    0.38825E+00   -0.45117E+00    0.17641E-17    0.93540E-18
      1       7.379    0.39616E+00   -0.44710E+00    0.46654E-17   -0.38159E-18
      1       7.312    0.40420E+00   -0.44302E+00    0.49036E-17    0.15750E-18
      1       7.244    0.41235E+00   -0.43895E+00    0.59685E-17    0.12212E-17
      1       7.176    0.42062E+00   -0.43488E+00    0.27162E-17    0.20584E-17
      1       7.108    0.42902E+00   -0.43081E+00    0.60168E-17    0.11937E-17
      1       7.040    0.43754E+00   -0.42675E+00    0.10339E-16    0.11617E-17
      1       6.972    0.44618E+00   -0.42269E+00    0.57145E-17    0.76458E-18
      1       6.904    0.45496E+00   -0.41864E+00    0.76610E-17    0.21652E-17
      1       6.837    0.46387E+00   -0.41459E+00    0.49741E-17    0.21909E-17
      1       6.769    0.47290E+00   -0.41056E+00    0.67673E-17    0.16733E-17
      1       6.701    0.48208E+00   -0.40653E+00    0.46396E-17    0.11308E-17
      1       6.633    0.49139E+00   -0.40252E+00    0.10810E-16    0.13129E-17
      1       6.565    0.50083E+00   -0.39851E+00    0.95107E-17    0.29138E-17
      1       6.497    0.51042E+00   -0.39452E+00    0.52723E-17    0.20990E-17
      1       6.430    0.52015E+00   -0.39054E+00    0.72376E-17    0.35168E-17
      1       6.362    0.53002E+00   -0.38657E+00    0.60967E-17    0.32760E-17
      1       6.294    0.54004E+00   -0.38262E+00    0.12701E-16    0.30342E-17
      1       6.226    0.55021E+00   -0.37868E+00    0.79167E-17    0.31671E-17
      1       6.158    0.56052E+00   -0.37476E+00    0.68053E-17    0.30594E-17
      1       6.090    0.57099E+00   -0.37086E+00    0.69845E-17    0.36922E-17
      1       6.023    0.58162E+00   -0.36697E+00    0.13575E-16    0.22253E-17
      1       5.955    0.59240E+00   -0.36311E+00    0.83817E-17    0.43741E-17
      1       5.887    0.60333E+00   -0.35926E+00    0.12468E-16    0.32311E-17
      1       5.819    0.61443E+00   -0.35543E+00    0.10501E-16    0.56989E-17
      1       5.751    0.62569E+00   -0.35163E+00    0.10332E-16    0.41736E-17
      1       5.683    0.63712E+00   -0.34784E+00    0.10511E-16    0.22249E-17
      1       5.615    0.64871E+00   -0.34408E+00    0.78670E-17    0.14450E-17
      1       5.548    0.66047E+00   -0.34034E+00    0.14960E-16    0.24994E-17
      1       5.480    0.67240E+00   -0.33662E+00    0.13733E-16    0.17097E-17
      1       5.412    0.68450E+00   -0.33292E+00    0.17809E-16    0.24395E-17
      1       5.344    0.69677E+00   -0.32926E+00    0.11123E-16    0.29555E-17
      1       5.276    0.70922E+00   -0.32561E+00    0.17901E-16    0.38090E-17
      1       5.208    0.72184E+00   -0.32199E+00    0.12928E-16    0.34717E-17
      1       5.141    0.73464E+00   -0.31840E+00    0.62000E-17    0.22892E-17
      1       5.073    0.74762E+00   -0.31484E+00    0.12526E-16    0.25243E-17
      1       5.005    0.76078E+00   -0.31130E+00    0.17032E-16    0.23249E-17
      1       4.937    0.77412E+00   -0.30779E+00    0.18935E-16    0.21271E-17
      1       4.869    0.78763E+00   -0.30431E+00    0.14725E-16    0.19765E-17
      1       4.801    0.80133E+00   -0.30086E+00    0.15746E-16    0.35366E-17
      1       4.733    0.81520E+00   -0.29744E+00    0.17910E-16    0.19140E-17
      1       4.666    0.82925E+00   -0.29404E+00    0.86844E-17    0.15518E-17
      1       4.598    0.84348E+00   -0.29068E+00    0.13509E-16    0.21369E-17
      1       4.530    0.85789E+00   -0.28734E+00    0.15060E-16    0.12978E-17
      1       4.462    0.87247E+00   -0.28404E+00    0.22153E-16    0.27626E-17
      1       4.394    0.88722E+00   -0.28077E+00    0.10029E-16    0.22711E-17
      1       4.326    0.90214E+00   -0.27752E+00    0.15633E-16    0.40327E-18
      1       4.259    0.91723E+00   -0.27431E+00    0.18471E-16    0.14741E-17
      1       4.191    0.93248E+00   -0.27113E+00    0.12475E-16    0.82214E-18
      1       4.123    0.94789E+00   -0.26799E+00    0.66523E-17    0.10139E-17
      1       4.055    0.96346E+00   -0.26487E+00    0.16884E-16    0.18840E-17
      1       3.987    0.97917E+00   -0.26179E+00    0.19183E-16    0.25880E-17
      1       3.919    0.99502E+00   -0.25873E+00    0.22492E-16    0.22967E-17
      1       3.851    0.10110E+01   -0.25572E+00    0.23496E-16    0.10876E-17
      1       3.784    0.10271E+01   -0.25273E+00    0.18065E-16    0.28546E-17
      1       3.716    0.10434E+01   -0.24978E+00    0.22253E-16    0.27151E-17
      1       3.648    0.10597E+01   -0.24686E+00    0.29331E-16    0.28361E-17
      1       3.580    0.10762E+01   -0.24397E+00    0.16749E-16    0.77756E-18
      1       3.512    0.10927E+01   -0.24112E+00    0.23425E-16    0.11124E-17
      1       3.444    0.11093E+01   -0.23830E+00    0.19346E-16    0.14485E-17
      1       3.377    0.11260E+01   -0.23551E+00    0.18579E-16    0.15391E-17
      1       3.309    0.11427E+01   -0.23276E+00    0.26993E-16    0.11755E-17
      1       3.241    0.11594E+01   -0.23004E+00    0.23017E-16    0.33979E-17
      1       3.173    0.11761E+01   -0.22735E+00    0.21941E-16    0.44815E-17
      1       3.105    0.11928E+01   -0.22470E+00    0.22318E-16    0.36044E-17
      1       3.037    0.12094E+01   -0.22208E+00    0.23046E-16    0.27823E-17
      1       2.969    0.12260E+01   -0.21949E+00    0.21930E-16    0.44740E-17
      1       2.902    0.12424E+01   -0.21692E+00    0.25095E-16    0.38679E-17
      1       2.834    0.12587E+01   -0.21439E+00    0.20551E-16    0.28923E-17
      1       2.766    0.12748E+01   -0.21189E+00    0.27947E-16    0.31671E-17
      1       2.698    0.12907E+01   -0.20942E+00    0.24290E-16    0.34265E-17
      1       2.630    0.13063E+01   -0.20697E+00    0.21835E-16    0.45185E-17
      1       2.562    0.13216E+01   -0.20455E+00    0.23487E-16    0.37076E-17
      1       2.495    0.13365E+01   -0.20216E+00    0.16643E-16    0.38554E-17
      1       2.427    0.13510E+01   -0.19979E+00    0.23640E-16    0.34026E-17
      1       2.359    0.13650E+01   -0.19744E+00    0.25695E-16    0.37649E-17
      1       2.291    0.13785E+01   -0.19511E+00    0.27001E-16    0.36613E-17
      1       2.223    0.13914E+01   -0.19281E+00    0.20568E-16    0.21193E-17
      1       2.155    0.14035E+01   -0.19052E+00    0.28886E-16    0.45313E-17
      1       2.088    0.14149E+01   -0.18824E+00    0.23782E-16    0.39464E-17
      1       2.020    0.14255E+01   -0.18599E+00    0.28935E-16    0.39530E-17
      1       1.952    0.14352E+01   -0.18375E+00    0.17055E-16    0.39520E-17
      1       1.884    0.14438E+01   -0.18152E+00    0.35712E-16    0.50507E-17
      1       1.816    0.14514E+01   -0.17931E+00    0.27441E-16    0.40964E-17
      1       1.748    0.14579E+01   -0.17712E+00    0.29331E-16    0.40070E-17
      1       1.680    0.14630E+01   -0.17493E+00    0.28852E-16    0.56563E-17
      1       1.613    0.14668E+01   -0.17277E+00    0.29495E-16    0.47393E-17
      1       1.545    0.14690E+01   -0.17062E+00    0.23409E-16    0.37783E-17
      1       1.477    0.14697E+01   -0.16848E+00    0.33675E-16    0.58365E-17
      1       1.409    0.14686E+01   -0.16635E+00    0.22496E-16    0.46012E-17
      1       1.341    0.14656E+01   -0.16424E+00    0.26659E-16    0.57590E-17
      1       1.273    0.14605E+01   -0.16215E+00    0.24934E-16    0.64225E-17
      1       1.206    0.14532E+01   -0.16007E+00    0.31616E-16    0.68594E-17
      1       1.138    0.14434E+01   -0.15800E+00    0.26529E-16    0.64556E-17
      1       1.070    0.14309E+01   -0.15595E+00    0.33375E-16    0.56278E-17
      1       1.002    0.14155E+01   -0.15392E+00    0.37362E-16    0.59559E-17
      1       0.934    0.13969E+01   -0.15190E+00    0.30098E-16    0.65196E-17
      1       0.866    0.13747E+01   -0.14989E+00    0.28933E-16    0.43975E-17
      1       0.798    0.13486E+01   -0.14790E+00    0.30874E-16    0.54298E-17
      1       0.731    0.13180E+01   -0.14592E+00    0.34759E-16    0.56310E-17
      1       0.663    0.12824E+01   -0.14396E+00    0.41232E-16    0.46142E-17
      1       0.595    0.12411E+01   -0.14201E+00    0.31835E-16    0.42726E-17
      1       0.527    0.11931E+01   -0.14008E+00    0.37066E-16    0.52093E-17
      1       0.459    0.11373E+01   -0.13816E+00    0.32195E-16    0.41846E-17
      1       0.391    0.10722E+01   -0.13625E+00    0.27277E-16    0.33099E-17
      1       0.324    0.99536E+00   -0.13435E+00    0.32202E-16    0.42884E-17
      1       0.256    0.90346E+00   -0.13247E+00    0.43541E-16    0.47691E-17
      1       0.188    0.79063E+00   -0.13060E+00    0.31275E-16    0.23460E-17
      1       0.120    0.64520E+00   -0.12874E+00    0.35439E-16    0.21893E-17
