   Unit of cross sections ... fm**2/(MeV*sr**2)
      I       SLANGE      CROSS          E1         E2         E3
      1       0.502    0.4888E-08       31.250     0.006    60.284
      2       1.001    0.1989E-07       31.749     0.025    59.767
      3       1.504    0.4580E-07       32.251     0.056    59.233
      4       2.005    0.8259E-07       32.750     0.100    58.690
      5       2.502    0.1302E-06       33.244     0.157    58.139
      6       3.004    0.1895E-06       33.741     0.227    57.571
      7       3.504    0.2596E-06       34.234     0.311    56.995
      8       4.001    0.3397E-06       34.721     0.408    56.411
      9       4.503    0.4306E-06       35.210     0.520    55.810
     10       5.003    0.5294E-06       35.694     0.646    55.200
     11       5.500    0.6335E-06       36.172     0.785    54.584
     12       6.003    0.7411E-06       36.650     0.939    53.951
     13       6.504    0.8469E-06       37.122     1.108    53.310
     14       7.004    0.9473E-06       37.587     1.291    52.662
     15       7.502    0.1039E-05       38.045     1.487    52.008
     16       8.006    0.1121E-05       38.502     1.700    51.338
     17       8.503    0.1190E-05       38.945     1.924    50.671
     18       9.006    0.1249E-05       39.386     2.165    49.988
     19       9.501    0.1296E-05       39.813     2.417    49.310
     20      10.004    0.1335E-05       40.238     2.686    48.616
     21      10.500    0.1366E-05       40.649     2.964    47.927
     22      11.004    0.1393E-05       41.056     3.260    47.224
     23      11.501    0.1414E-05       41.449     3.565    46.526
     24      12.007    0.1431E-05       41.838     3.889    45.813
     25      12.507    0.1442E-05       42.212     4.220    45.108
     26      13.002    0.1444E-05       42.572     4.560    44.409
     27      13.505    0.1437E-05       42.927     4.917    43.696
     28      14.004    0.1422E-05       43.268     5.281    42.991
     29      14.506    0.1399E-05       43.599     5.657    42.284
     30      15.002    0.1371E-05       43.915     6.040    41.585
     31      15.502    0.1337E-05       44.222     6.434    40.884
     32      16.004    0.1301E-05       44.519     6.840    40.181
     33      16.503    0.1265E-05       44.802     7.251    39.488
     34      17.005    0.1231E-05       45.074     7.672    38.793
     35      17.503    0.1200E-05       45.333     8.098    38.109
     36      18.005    0.1173E-05       45.583     8.533    37.424
     37      18.503    0.1151E-05       45.818     8.972    36.750
     38      19.006    0.1134E-05       46.044     9.421    36.075
     39      19.504    0.1123E-05       46.257     9.872    35.412
     40      20.007    0.1118E-05       46.460    10.331    34.749
     41      20.506    0.1119E-05       46.651    10.792    34.097
     42      21.001    0.1127E-05       46.829    11.254    33.457
     43      21.500    0.1142E-05       46.998    11.724    32.818
     44      22.004    0.1164E-05       47.158    12.202    32.180
     45      22.504    0.1195E-05       47.306    12.680    31.554
     46      23.000    0.1236E-05       47.443    13.156    30.941
     47      23.500    0.1289E-05       47.571    13.640    30.329
     48      24.005    0.1354E-05       47.690    14.131    29.720
     49      24.506    0.1432E-05       47.798    14.619    29.123
     50      25.002    0.1524E-05       47.896    15.106    28.538
     51      25.503    0.1631E-05       47.986    15.598    27.956
     52      26.008    0.1755E-05       48.067    16.097    27.377
     53      26.508    0.1892E-05       48.138    16.592    26.810
     54      27.003    0.2040E-05       48.200    17.083    26.256
     55      27.503    0.2199E-05       48.254    17.580    25.706
     56      28.006    0.2364E-05       48.301    18.081    25.158
     57      28.505    0.2526E-05       48.338    18.578    24.623
     58      29.007    0.2680E-05       48.368    19.080    24.092
     59      29.504    0.2816E-05       48.390    19.577    23.573
     60      30.005    0.2927E-05       48.405    20.077    23.058
     61      30.500    0.3007E-05       48.412    20.572    22.556
     62      31.009    0.3052E-05       48.412    21.080    22.048
     63      31.501    0.3060E-05       48.405    21.573    21.562
     64      32.007    0.3033E-05       48.390    22.079    21.071
     65      32.507    0.2977E-05       48.369    22.578    20.593
     66      33.000    0.2900E-05       48.342    23.071    20.127
     67      33.507    0.2804E-05       48.307    23.576    19.657
     68      34.007    0.2700E-05       48.267    24.074    19.199
     69      34.510    0.2592E-05       48.219    24.575    18.745
     70      35.006    0.2487E-05       48.167    25.069    18.305
     71      35.505    0.2386E-05       48.108    25.564    17.868
     72      36.008    0.2293E-05       48.043    26.062    17.435
     73      36.502    0.2210E-05       47.973    26.552    17.015
     74      37.000    0.2138E-05       47.897    27.044    16.599
     75      37.501    0.2077E-05       47.815    27.538    16.187
     76      38.004    0.2026E-05       47.727    28.033    15.780
     77      38.510    0.1988E-05       47.633    28.530    15.376
     78      39.008    0.1961E-05       47.536    29.019    14.985
     79      39.508    0.1945E-05       47.433    29.508    14.599
     80      40.000    0.1940E-05       47.326    29.989    14.225
     81      40.505    0.1946E-05       47.212    30.481    13.847
     82      41.002    0.1962E-05       47.095    30.964    13.481
     83      41.501    0.1987E-05       46.972    31.447    13.120
     84      42.002    0.2023E-05       46.845    31.932    12.763
     85      42.506    0.2068E-05       46.712    32.417    12.411
     86      43.011    0.2124E-05       46.573    32.904    12.063
     87      43.507    0.2187E-05       46.433    33.380    11.727
     88      44.005    0.2260E-05       46.288    33.856    11.396
     89      44.505    0.2342E-05       46.138    34.333    11.069
     90      45.007    0.2434E-05       45.983    34.811    10.746
     91      45.511    0.2536E-05       45.823    35.288    10.429
     92      46.005    0.2647E-05       45.663    35.755    10.122
     93      46.500    0.2770E-05       45.497    36.222     9.821
     94      47.009    0.2907E-05       45.323    36.700     9.517
     95      47.507    0.3055E-05       45.149    37.167     9.224
     96      48.007    0.3216E-05       44.970    37.634     8.936
     97      48.509    0.3392E-05       44.787    38.100     8.653
     98      49.011    0.3583E-05       44.599    38.567     8.374
     99      49.504    0.3785E-05       44.411    39.022     8.107
    100      50.009    0.4008E-05       44.215    39.487     7.838
    101      50.503    0.4244E-05       44.019    39.941     7.579
    102      51.010    0.4503E-05       43.815    40.405     7.320
    103      51.507    0.4775E-05       43.611    40.858     7.071
    104      52.004    0.5065E-05       43.403    41.310     6.827
    105      52.503    0.5373E-05       43.191    41.761     6.588
    106      53.002    0.5699E-05       42.975    42.212     6.353
    107      53.502    0.6042E-05       42.756    42.661     6.124
    108      54.003    0.6403E-05       42.532    43.109     5.899
    109      54.504    0.6781E-05       42.305    43.556     5.679
    110      55.006    0.7176E-05       42.075    44.002     5.464
    111      55.508    0.7589E-05       41.840    44.446     5.254
    112      56.011    0.8019E-05       41.602    44.889     5.049
    113      56.503    0.8456E-05       41.367    45.320     4.853
    114      57.006    0.8921E-05       41.122    45.760     4.658
    115      57.510    0.9402E-05       40.873    46.199     4.468
    116      58.002    0.9887E-05       40.628    46.625     4.287
    117      58.507    0.1040E-04       40.373    47.060     4.107
    118      59.011    0.1093E-04       40.114    47.494     3.932
    119      59.504    0.1145E-04       39.859    47.915     3.766
    120      60.008    0.1201E-04       39.594    48.344     3.601
    121      60.501    0.1257E-04       39.333    48.762     3.446
    122      61.005    0.1316E-04       39.062    49.187     3.291
    123      61.509    0.1376E-04       38.788    49.610     3.142
    124      62.001    0.1436E-04       38.518    50.021     3.001
    125      62.504    0.1499E-04       38.238    50.440     2.862
    126      63.007    0.1563E-04       37.955    50.856     2.729
    127      63.510    0.1628E-04       37.670    51.270     2.600
    128      64.001    0.1692E-04       37.388    51.671     2.480
    129      64.502    0.1757E-04       37.098    52.080     2.362
    130      65.003    0.1821E-04       36.804    52.486     2.250
    131      65.503    0.1885E-04       36.508    52.889     2.143
    132      66.003    0.1947E-04       36.210    53.290     2.041
    133      66.502    0.2007E-04       35.909    53.687     1.944
    134      67.011    0.2066E-04       35.598    54.091     1.851
    135      67.508    0.2121E-04       35.292    54.483     1.765
    136      68.004    0.2173E-04       34.984    54.871     1.685
    137      68.510    0.2223E-04       34.666    55.265     1.608
    138      69.004    0.2268E-04       34.354    55.647     1.539
    139      69.508    0.2310E-04       34.032    56.035     1.473
    140      70.010    0.2348E-04       33.707    56.419     1.413
    141      70.500    0.2381E-04       33.389    56.791     1.360
    142      71.011    0.2411E-04       33.053    57.177     1.310
    143      71.510    0.2435E-04       32.723    57.550     1.267
    144      72.006    0.2454E-04       32.391    57.919     1.230
    145      72.501    0.2469E-04       32.057    58.285     1.198
    146      73.006    0.2478E-04       31.714    58.655     1.172
    147      73.509    0.2481E-04       31.369    59.020     1.151
    148      74.009    0.2479E-04       31.022    59.382     1.136
    149      74.508    0.2471E-04       30.674    59.739     1.126
    150      75.005    0.2457E-04       30.325    60.092     1.123
    151      75.511    0.2438E-04       29.966    60.449     1.126
    152      76.003    0.2414E-04       29.613    60.792     1.134
    153      76.504    0.2385E-04       29.252    61.139     1.149
    154      77.003    0.2351E-04       28.889    61.482     1.169
    155      77.510    0.2313E-04       28.517    61.826     1.197
    156      78.003    0.2272E-04       28.152    62.158     1.230
    157      78.505    0.2226E-04       27.778    62.493     1.269
    158      79.004    0.2178E-04       27.403    62.822     1.315
    159      79.510    0.2125E-04       27.020    63.152     1.368
    160      80.003    0.2071E-04       26.643    63.470     1.427
    161      80.503    0.2014E-04       26.258    63.789     1.493
    162      81.000    0.1954E-04       25.872    64.103     1.565
    163      81.504    0.1892E-04       25.478    64.416     1.646
    164      82.005    0.1828E-04       25.083    64.724     1.733
    165      82.502    0.1763E-04       24.688    65.026     1.826
    166      83.005    0.1696E-04       24.285    65.327     1.928
    167      83.504    0.1629E-04       23.881    65.621     2.037
    168      84.010    0.1561E-04       23.470    65.915     2.155
    169      84.501    0.1495E-04       23.067    66.196     2.278
    170      85.008    0.1427E-04       22.648    66.480     2.412
    171      85.501    0.1362E-04       22.237    66.752     2.551
    172      86.008    0.1297E-04       21.811    67.028     2.702
    173      86.501    0.1236E-04       21.393    67.290     2.857
    174      87.008    0.1176E-04       20.960    67.554     3.026
    175      87.501    0.1121E-04       20.536    67.805     3.199
    176      88.007    0.1069E-04       20.097    68.057     3.385
    177      88.508    0.1022E-04       19.660    68.301     3.580
    178      89.003    0.9804E-05       19.224    68.535     3.781
    179      89.501    0.9439E-05       18.781    68.765     3.994
    180      90.003    0.9132E-05       18.333    68.989     4.218
    181      90.507    0.8886E-05       17.878    69.207     4.455
    182      91.004    0.8709E-05       17.426    69.415     4.699
    183      91.504    0.8600E-05       16.969    69.616     4.955
    184      92.005    0.8567E-05       16.507    69.809     5.224
    185      92.508    0.8614E-05       16.040    69.995     5.506
    186      93.003    0.8746E-05       15.576    70.169     5.795
    187      93.507    0.8975E-05       15.100    70.336     6.103
    188      94.003    0.9301E-05       14.629    70.492     6.419
    189      94.507    0.9741E-05       14.147    70.639     6.754
    190      95.003    0.1029E-04       13.669    70.773     7.098
    191      95.506    0.1096E-04       13.182    70.897     7.461
    192      96.000    0.1173E-04       12.701    71.006     7.833
    193      96.500    0.1260E-04       12.210    71.105     8.225
    194      97.005    0.1353E-04       11.712    71.190     8.638
    195      97.501    0.1442E-04       11.221    71.259     9.060
    196      98.002    0.1518E-04       10.724    71.313     9.503
    197      98.506    0.1566E-04       10.221    71.351     9.968
    198      99.000    0.1572E-04        9.727    71.371    10.442
    199      99.505    0.1528E-04        9.223    71.372    10.945
    200     100.006    0.1435E-04        8.722    71.354    11.464
    201     100.503    0.1304E-04        8.226    71.315    11.999
    202     101.004    0.1152E-04        7.729    71.253    12.557
    203     101.501    0.9980E-05        7.239    71.169    13.131
    204     102.002    0.8533E-05        6.751    71.060    13.729
    205     102.506    0.7255E-05        6.265    70.925    14.349
    206     103.002    0.6197E-05        5.795    70.766    14.979
    207     103.503    0.5326E-05        5.330    70.579    15.631
    208     104.005    0.4631E-05        4.877    70.364    16.299
    209     104.502    0.4086E-05        4.442    70.123    16.975
    210     105.002    0.3654E-05        4.020    69.855    17.665
    211     105.501    0.3310E-05        3.617    69.561    18.361
    212     106.005    0.3026E-05        3.230    69.239    19.072
    213     106.501    0.2789E-05        2.870    68.898    19.772
    214     107.005    0.2573E-05        2.526    68.529    20.484
    215     107.503    0.2371E-05        2.210    68.145    21.185
    216     108.001    0.2171E-05        1.917    67.743    21.881
    217     108.500    0.1967E-05        1.646    67.323    22.571
    218     109.002    0.1756E-05        1.398    66.887    23.255
    219     109.501    0.1544E-05        1.175    66.441    23.925
    220     110.003    0.1333E-05        0.973    65.981    24.587
    221     110.504    0.1128E-05        0.793    65.514    25.233
    222     111.001    0.9333E-06        0.635    65.042    25.863
    223     111.503    0.7504E-06        0.496    64.559    26.484
    224     112.003    0.5841E-06        0.377    64.074    27.089
    225     112.506    0.4350E-06        0.275    63.581    27.683
    226     113.007    0.3068E-06        0.191    63.088    28.261
    227     113.504    0.2007E-06        0.124    62.596    28.820
    228     114.004    0.1165E-06        0.072    62.098    29.370
    229     114.507    0.5532E-07        0.034    61.597    29.909
    230     115.005    0.1750E-07        0.011    61.099    30.430
    231     115.505    0.1029E-08        0.001    60.599    30.940
