   3N SYSTEM INCLUSIVE  PHOTODESINTEGRATION
        DETECTED PARTICLE: 1- PROTON
        NOT DETECTED PARTICLES:2-NEUTRON  3-NEUTRON

      OMEGA 0.30000E+02
     MTTWE1,MTTWE2,MTTWE3=    1   -1   -1
     TH1LAB,PHI1LAB=   130.000     0.000
   Unit of cross sections ... fm**2/(MeV*sr**2)
      I       E1      CROSS           AX           AY           AZ
      1      13.126    0.10761E-05   -0.98401E+00    0.92054E-19    0.58485E-19
      1      13.112    0.13800E-02   -0.98400E+00   -0.11093E-18    0.17819E-18
      1      13.106    0.35746E-02   -0.98400E+00   -0.20094E-18    0.57747E-19
      1      13.099    0.69954E-02   -0.98399E+00   -0.32973E-19   -0.10176E-18
      1      13.092    0.11719E-01   -0.98399E+00   -0.39957E-18    0.39568E-18
      1      13.086    0.17791E-01   -0.98399E+00   -0.17068E-18   -0.54141E-18
      1      13.079    0.25235E-01   -0.98398E+00   -0.37643E-18   -0.72218E-18
      1      13.072    0.34064E-01   -0.98398E+00   -0.14310E-20   -0.77306E-18
      1      13.066    0.44283E-01   -0.98397E+00   -0.20091E-18   -0.35953E-18
      1      13.059    0.55888E-01   -0.98397E+00    0.49921E-18   -0.11702E-17
      1      13.052    0.68875E-01   -0.98397E+00   -0.11751E-18   -0.13565E-17
      1      13.046    0.83235E-01   -0.98396E+00    0.20324E-18   -0.80415E-18
      1      13.039    0.98956E-01   -0.98396E+00    0.10740E-18    0.46928E-18
      1      13.032    0.11603E+00   -0.98395E+00   -0.55183E-19    0.34969E-18
      1      13.026    0.13444E+00   -0.98395E+00    0.17851E-18   -0.53174E-18
      1      13.019    0.15417E+00   -0.98394E+00    0.17731E-18    0.30044E-18
      1      13.012    0.17521E+00   -0.98394E+00    0.25883E-18    0.84111E-19
      1      13.006    0.19756E+00   -0.98393E+00    0.20326E-18   -0.10896E-17
      1      12.935    0.26737E+00   -0.98392E+00    0.57693E-18   -0.25502E-18
      1      12.864    0.33222E+00   -0.98391E+00    0.96195E-19   -0.60345E-18
      1      12.793    0.39430E+00   -0.98389E+00    0.16377E-18    0.28764E-18
      1      12.722    0.45462E+00   -0.98386E+00    0.75343E-18    0.22156E-18
      1      12.652    0.51374E+00   -0.98383E+00   -0.34190E-18    0.39589E-19
      1      12.581    0.57200E+00   -0.98380E+00    0.18591E-18    0.49224E-18
      1      12.510    0.62964E+00   -0.98375E+00    0.56174E-18   -0.55181E-18
      1      12.439    0.68679E+00   -0.98371E+00    0.31000E-18   -0.18420E-18
      1      12.368    0.74357E+00   -0.98365E+00    0.15462E-18   -0.31141E-18
      1      12.298    0.80005E+00   -0.98359E+00   -0.18603E-18    0.39600E-19
      1      12.227    0.85630E+00   -0.98352E+00   -0.20446E-19   -0.19579E-19
      1      12.156    0.91236E+00   -0.98344E+00   -0.46999E-18    0.14324E-17
      1      12.085    0.96825E+00   -0.98335E+00   -0.87715E-18    0.17057E-18
      1      12.014    0.10240E+01   -0.98326E+00   -0.20411E-18    0.63481E-18
      1      11.944    0.10797E+01   -0.98316E+00    0.13787E-18    0.13985E-17
      1      11.873    0.11352E+01   -0.98305E+00   -0.48286E-19    0.33277E-18
      1      11.802    0.11906E+01   -0.98293E+00   -0.22844E-19    0.11216E-17
      1      11.731    0.12460E+01   -0.98280E+00   -0.10239E-18    0.42619E-18
      1      11.660    0.13013E+01   -0.98266E+00   -0.76285E-18    0.18923E-17
      1      11.590    0.13565E+01   -0.98251E+00   -0.31736E-19    0.81031E-18
      1      11.519    0.14116E+01   -0.98235E+00   -0.21015E-18    0.75053E-18
      1      11.448    0.14667E+01   -0.98219E+00   -0.18524E-18   -0.42969E-18
      1      11.377    0.15217E+01   -0.98201E+00    0.68725E-18   -0.76039E-19
      1      11.306    0.15767E+01   -0.98182E+00    0.45050E-18    0.15804E-17
      1      11.236    0.16315E+01   -0.98163E+00    0.77886E-18    0.95889E-18
      1      11.165    0.16864E+01   -0.98142E+00    0.24720E-18    0.81011E-18
      1      11.094    0.17411E+01   -0.98120E+00    0.89233E-18    0.41314E-18
      1      11.023    0.17958E+01   -0.98098E+00    0.28508E-18   -0.37894E-18
      1      10.952    0.18504E+01   -0.98074E+00    0.42958E-19    0.86581E-18
      1      10.882    0.19050E+01   -0.98049E+00    0.31323E-18    0.21473E-17
      1      10.811    0.19595E+01   -0.98023E+00    0.75329E-18    0.53394E-18
      1      10.740    0.20139E+01   -0.97996E+00    0.10283E-17   -0.24716E-18
      1      10.669    0.20682E+01   -0.97969E+00    0.59873E-18   -0.10933E-17
      1      10.598    0.21225E+01   -0.97939E+00    0.12148E-17    0.19868E-17
      1      10.528    0.21766E+01   -0.97909E+00    0.95466E-18    0.16480E-17
      1      10.457    0.22307E+01   -0.97878E+00    0.56056E-18    0.70019E-18
      1      10.386    0.22848E+01   -0.97846E+00    0.53979E-18    0.13364E-17
      1      10.315    0.23387E+01   -0.97812E+00    0.44694E-18    0.20628E-18
      1      10.244    0.23925E+01   -0.97778E+00    0.30238E-18    0.18086E-17
      1      10.174    0.24462E+01   -0.97742E+00    0.15238E-17    0.19853E-17
      1      10.103    0.24999E+01   -0.97705E+00    0.69801E-18    0.60738E-18
      1      10.032    0.25534E+01   -0.97667E+00    0.71448E-18    0.16069E-17
      1       9.961    0.26069E+01   -0.97628E+00    0.25574E-18    0.15906E-17
      1       9.890    0.26602E+01   -0.97587E+00    0.11288E-17    0.22596E-17
      1       9.820    0.27134E+01   -0.97546E+00    0.12138E-17    0.18425E-18
      1       9.749    0.27665E+01   -0.97503E+00    0.12556E-17    0.70881E-18
      1       9.678    0.28195E+01   -0.97459E+00    0.10452E-17    0.34489E-18
      1       9.607    0.28724E+01   -0.97414E+00    0.13348E-17    0.28382E-18
      1       9.536    0.29252E+01   -0.97368E+00    0.95959E-18    0.17025E-17
      1       9.466    0.29778E+01   -0.97320E+00    0.56527E-18    0.52713E-18
      1       9.395    0.30303E+01   -0.97271E+00    0.81491E-18    0.10439E-17
      1       9.324    0.30827E+01   -0.97221E+00    0.15304E-17    0.59035E-18
      1       9.253    0.31349E+01   -0.97170E+00    0.41794E-18    0.78150E-18
      1       9.182    0.31871E+01   -0.97117E+00    0.74154E-18    0.48492E-18
      1       9.112    0.32390E+01   -0.97064E+00    0.16529E-17    0.41129E-18
      1       9.041    0.32909E+01   -0.97009E+00    0.23432E-17    0.26925E-18
      1       8.970    0.33425E+01   -0.96952E+00    0.90909E-18    0.51801E-18
      1       8.899    0.33941E+01   -0.96895E+00    0.19337E-17    0.95100E-18
      1       8.828    0.34455E+01   -0.96836E+00    0.21671E-17    0.36273E-19
      1       8.758    0.34967E+01   -0.96776E+00    0.99676E-18    0.60029E-18
      1       8.687    0.35478E+01   -0.96714E+00    0.16758E-17    0.17145E-17
      1       8.616    0.35987E+01   -0.96651E+00    0.22794E-17    0.14914E-17
      1       8.545    0.36495E+01   -0.96587E+00   -0.19587E-18    0.17264E-17
      1       8.474    0.37001E+01   -0.96521E+00    0.18276E-17    0.15981E-17
      1       8.404    0.37505E+01   -0.96454E+00    0.85873E-18    0.15142E-17
      1       8.333    0.38008E+01   -0.96386E+00    0.37979E-19    0.18823E-17
      1       8.262    0.38509E+01   -0.96316E+00    0.12775E-17    0.43284E-18
      1       8.191    0.39008E+01   -0.96245E+00    0.22855E-17    0.15294E-17
      1       8.120    0.39505E+01   -0.96173E+00    0.17028E-17    0.19844E-17
      1       8.050    0.40001E+01   -0.96099E+00    0.30519E-17    0.14219E-17
      1       7.979    0.40495E+01   -0.96024E+00    0.24823E-17   -0.10269E-18
      1       7.908    0.40987E+01   -0.95947E+00    0.30800E-17    0.98890E-18
      1       7.837    0.41478E+01   -0.95868E+00    0.54940E-18    0.11331E-17
      1       7.766    0.41966E+01   -0.95789E+00    0.27760E-17    0.21580E-17
      1       7.696    0.42453E+01   -0.95707E+00    0.30448E-17    0.89152E-18
      1       7.625    0.42938E+01   -0.95625E+00    0.40574E-17    0.85138E-18
      1       7.554    0.43420E+01   -0.95540E+00    0.33723E-17    0.70309E-18
      1       7.483    0.43901E+01   -0.95455E+00    0.36247E-17    0.26426E-17
      1       7.412    0.44380E+01   -0.95367E+00    0.34385E-17   -0.51133E-19
      1       7.342    0.44857E+01   -0.95278E+00    0.38690E-17    0.14952E-18
      1       7.271    0.45333E+01   -0.95188E+00    0.52995E-17    0.65062E-18
      1       7.200    0.45806E+01   -0.95096E+00    0.32235E-17    0.11719E-17
      1       7.129    0.46277E+01   -0.95002E+00    0.44568E-17    0.58152E-18
      1       7.058    0.46746E+01   -0.94907E+00    0.42884E-17   -0.51704E-18
      1       6.988    0.47213E+01   -0.94810E+00    0.44557E-17    0.23246E-18
      1       6.917    0.47678E+01   -0.94711E+00    0.35803E-17   -0.51137E-18
      1       6.846    0.48142E+01   -0.94611E+00    0.41936E-17   -0.40340E-18
      1       6.775    0.48603E+01   -0.94509E+00    0.44507E-17   -0.32347E-18
      1       6.704    0.49062E+01   -0.94406E+00    0.31662E-17    0.51587E-19
      1       6.634    0.49519E+01   -0.94300E+00    0.44665E-17    0.34557E-18
      1       6.563    0.49975E+01   -0.94193E+00    0.35688E-17    0.56791E-19
      1       6.492    0.50428E+01   -0.94085E+00    0.50376E-17   -0.13665E-18
      1       6.421    0.50880E+01   -0.93974E+00    0.24954E-17   -0.38665E-18
      1       6.350    0.51329E+01   -0.93862E+00    0.36530E-17    0.17243E-17
      1       6.280    0.51777E+01   -0.93748E+00    0.37646E-17    0.63419E-18
      1       6.209    0.52222E+01   -0.93632E+00    0.12205E-17    0.77770E-18
      1       6.138    0.52666E+01   -0.93515E+00    0.43382E-17    0.84622E-18
      1       6.067    0.53108E+01   -0.93395E+00    0.45908E-17    0.18516E-17
      1       5.996    0.53548E+01   -0.93274E+00    0.36295E-17    0.33327E-18
      1       5.926    0.53986E+01   -0.93151E+00    0.60501E-17    0.27038E-18
      1       5.855    0.54423E+01   -0.93027E+00    0.49858E-17    0.17008E-17
      1       5.784    0.54857E+01   -0.92900E+00    0.53255E-17    0.96083E-18
      1       5.713    0.55290E+01   -0.92772E+00    0.14874E-17    0.10972E-17
      1       5.642    0.55721E+01   -0.92642E+00    0.46093E-17    0.23016E-17
      1       5.572    0.56150E+01   -0.92510E+00    0.47457E-17    0.15366E-17
      1       5.501    0.56577E+01   -0.92376E+00    0.48040E-17    0.44027E-17
      1       5.430    0.57003E+01   -0.92240E+00    0.54309E-17    0.11930E-17
      1       5.359    0.57426E+01   -0.92103E+00    0.38872E-17    0.22526E-17
      1       5.288    0.57848E+01   -0.91964E+00    0.49719E-17    0.13583E-17
      1       5.218    0.58268E+01   -0.91823E+00    0.59953E-17    0.22740E-17
      1       5.147    0.58685E+01   -0.91680E+00    0.40861E-17    0.12561E-17
      1       5.076    0.59101E+01   -0.91535E+00    0.51794E-17    0.16045E-17
      1       5.005    0.59514E+01   -0.91388E+00    0.42708E-17    0.13561E-17
      1       4.934    0.59925E+01   -0.91240E+00    0.42191E-17    0.23269E-17
      1       4.864    0.60333E+01   -0.91089E+00    0.53916E-17    0.63168E-18
      1       4.793    0.60739E+01   -0.90937E+00    0.15519E-17    0.14745E-17
      1       4.722    0.61142E+01   -0.90783E+00    0.38721E-17    0.12851E-17
      1       4.651    0.61542E+01   -0.90627E+00    0.68466E-17    0.14966E-17
      1       4.580    0.61939E+01   -0.90470E+00    0.33991E-17    0.34403E-17
      1       4.510    0.62332E+01   -0.90310E+00    0.70727E-17    0.92851E-18
      1       4.439    0.62723E+01   -0.90149E+00    0.61342E-17   -0.13765E-18
      1       4.368    0.63109E+01   -0.89986E+00    0.54126E-17    0.70206E-18
      1       4.297    0.63491E+01   -0.89821E+00    0.47388E-17    0.19542E-17
      1       4.226    0.63869E+01   -0.89655E+00    0.56809E-17    0.28574E-17
      1       4.156    0.64242E+01   -0.89486E+00    0.30306E-17    0.17974E-17
      1       4.085    0.64611E+01   -0.89316E+00    0.27872E-17    0.15898E-17
      1       4.014    0.64974E+01   -0.89145E+00    0.65220E-17    0.39497E-17
      1       3.943    0.65332E+01   -0.88971E+00    0.65682E-17    0.23223E-17
      1       3.872    0.65683E+01   -0.88796E+00    0.59997E-17    0.23598E-17
      1       3.802    0.66028E+01   -0.88619E+00    0.66197E-17    0.29054E-17
      1       3.731    0.66366E+01   -0.88441E+00    0.86710E-17    0.17470E-17
      1       3.660    0.66696E+01   -0.88261E+00    0.70887E-17    0.22502E-18
      1       3.589    0.67018E+01   -0.88079E+00    0.57831E-17   -0.50704E-18
      1       3.518    0.67331E+01   -0.87896E+00    0.93716E-17    0.14117E-17
      1       3.448    0.67634E+01   -0.87712E+00    0.71190E-17    0.16235E-17
      1       3.377    0.67926E+01   -0.87526E+00    0.83965E-17    0.18256E-17
      1       3.306    0.68206E+01   -0.87338E+00    0.99478E-17    0.23095E-17
      1       3.235    0.68472E+01   -0.87149E+00    0.87728E-17    0.31248E-17
      1       3.164    0.68724E+01   -0.86959E+00    0.63042E-17    0.31999E-17
      1       3.094    0.68960E+01   -0.86766E+00    0.53611E-17    0.22385E-17
      1       3.023    0.69178E+01   -0.86573E+00    0.98494E-17    0.17469E-17
      1       2.952    0.69378E+01   -0.86377E+00    0.98024E-17    0.12899E-17
      1       2.881    0.69556E+01   -0.86181E+00    0.10517E-16   -0.77805E-19
      1       2.810    0.69712E+01   -0.85982E+00    0.76031E-17    0.18903E-17
      1       2.740    0.69844E+01   -0.85782E+00    0.10055E-16    0.18758E-17
      1       2.669    0.69949E+01   -0.85581E+00    0.11856E-16    0.94443E-18
      1       2.598    0.70024E+01   -0.85377E+00    0.13534E-16    0.11990E-17
      1       2.527    0.70068E+01   -0.85172E+00    0.71641E-17    0.21372E-17
      1       2.456    0.70078E+01   -0.84964E+00    0.13851E-16    0.24192E-17
      1       2.386    0.70052E+01   -0.84754E+00    0.10877E-16   -0.47206E-18
      1       2.315    0.69986E+01   -0.84543E+00    0.11703E-16   -0.13301E-18
      1       2.244    0.69880E+01   -0.84329E+00    0.12109E-16    0.17932E-17
      1       2.173    0.69730E+01   -0.84112E+00    0.99753E-17   -0.25134E-17
      1       2.102    0.69533E+01   -0.83893E+00    0.75920E-17    0.53595E-18
      1       2.032    0.69288E+01   -0.83672E+00    0.11590E-16    0.13772E-17
      1       1.961    0.68992E+01   -0.83448E+00    0.16291E-16   -0.11504E-17
      1       1.890    0.68643E+01   -0.83222E+00    0.87263E-17    0.17096E-17
      1       1.819    0.68236E+01   -0.82993E+00    0.12944E-16    0.11579E-17
      1       1.748    0.67771E+01   -0.82761E+00    0.79600E-17    0.54985E-18
      1       1.678    0.67242E+01   -0.82527E+00    0.19498E-16    0.25967E-17
      1       1.607    0.66649E+01   -0.82290E+00    0.91069E-17    0.29675E-17
      1       1.536    0.65986E+01   -0.82050E+00    0.17990E-16    0.84972E-18
      1       1.465    0.65251E+01   -0.81808E+00    0.18022E-16    0.17686E-17
      1       1.394    0.64438E+01   -0.81562E+00    0.13965E-16    0.21259E-17
      1       1.324    0.63544E+01   -0.81314E+00    0.16374E-16   -0.11407E-18
      1       1.253    0.62564E+01   -0.81063E+00    0.19265E-16   -0.37202E-19
      1       1.182    0.61491E+01   -0.80809E+00    0.17862E-16    0.23085E-17
      1       1.111    0.60319E+01   -0.80552E+00    0.10145E-16    0.20592E-17
      1       1.040    0.59041E+01   -0.80292E+00    0.13836E-16    0.10942E-17
      1       0.970    0.57648E+01   -0.80029E+00    0.14636E-16    0.16986E-17
      1       0.899    0.56130E+01   -0.79763E+00    0.13717E-16    0.13395E-17
      1       0.828    0.54474E+01   -0.79493E+00    0.12337E-16    0.43529E-20
      1       0.757    0.52666E+01   -0.79221E+00    0.11899E-16    0.11775E-17
      1       0.686    0.50689E+01   -0.78945E+00    0.88157E-17    0.11163E-17
      1       0.616    0.48518E+01   -0.78665E+00    0.11738E-16    0.84200E-18
      1       0.545    0.46127E+01   -0.78383E+00    0.20173E-16    0.26622E-17
      1       0.474    0.43476E+01   -0.78096E+00    0.17573E-16   -0.17740E-17
      1       0.403    0.40512E+01   -0.77806E+00    0.14934E-16    0.25744E-17
      1       0.332    0.37160E+01   -0.77512E+00    0.20224E-16    0.92923E-18
      1       0.262    0.33299E+01   -0.77215E+00    0.15344E-16    0.24160E-17
      1       0.191    0.28722E+01   -0.76912E+00    0.84156E-17    0.16779E-17
      1       0.120    0.23005E+01   -0.76606E+00    0.20437E-16    0.22740E-17
