   Unit of cross sections ... fm**2/(MeV*sr**2)
      I       SLANGE      CROSS          E1         E2         E3
      1       0.502    0.9005E-07        9.073     0.025    12.441
      2       1.001    0.3906E-06        9.566     0.105    11.869
      3       1.501    0.9337E-06       10.047     0.243    11.250
      4       2.001    0.1731E-05       10.504     0.444    10.592
      5       2.501    0.2820E-05       10.929     0.706     9.905
      6       3.001    0.4294E-05       11.311     1.028     9.201
      7       3.501    0.6399E-05       11.643     1.402     8.495
      8       4.001    0.9688E-05       11.918     1.818     7.804
      9       4.501    0.1513E-04       12.139     2.267     7.134
     10       5.000    0.2417E-04       12.305     2.737     6.498
     11       5.500    0.3860E-04       12.422     3.223     5.895
     12       6.000    0.5798E-04       12.492     3.718     5.330
     13       6.502    0.7451E-04       12.522     4.219     4.799
     14       7.001    0.7673E-04       12.514     4.718     4.308
     15       7.502    0.6634E-04       12.474     5.217     3.850
     16       8.001    0.5325E-04       12.403     5.710     3.426
     17       8.502    0.4244E-04       12.306     6.202     3.032
     18       9.002    0.3473E-04       12.184     6.687     2.669
     19       9.501    0.2950E-04       12.040     7.165     2.336
     20      10.000    0.2604E-04       11.875     7.636     2.029
     21      10.501    0.2387E-04       11.690     8.101     1.748
     22      11.002    0.2268E-04       11.488     8.559     1.493
     23      11.501    0.2224E-04       11.270     9.008     1.262
     24      12.000    0.2234E-04       11.035     9.449     1.056
     25      12.501    0.2283E-04       10.785     9.883     0.872
     26      13.002    0.2361E-04       10.520    10.308     0.711
     27      13.500    0.2458E-04       10.244    10.722     0.574
     28      14.002    0.2570E-04        9.952    11.130     0.458
     29      14.501    0.2687E-04        9.648    11.526     0.366
     30      15.001    0.2805E-04        9.331    11.913     0.295
     31      15.502    0.2920E-04        9.002    12.291     0.248
     32      16.002    0.3034E-04        8.661    12.656     0.223
     33      16.500    0.3149E-04        8.309    13.009     0.222
     34      17.001    0.3272E-04        7.944    13.351     0.245
     35      17.502    0.3417E-04        7.566    13.681     0.293
     36      18.002    0.3607E-04        7.178    13.996     0.367
     37      18.502    0.3868E-04        6.777    14.295     0.468
     38      19.001    0.4238E-04        6.366    14.577     0.597
     39      19.500    0.4775E-04        5.942    14.841     0.757
     40      20.000    0.5567E-04        5.505    15.084     0.951
     41      20.501    0.6757E-04        5.056    15.304     1.180
     42      21.001    0.8567E-04        4.595    15.497     1.448
     43      21.501    0.1135E-03        4.122    15.659     1.760
     44      22.000    0.1542E-03        3.638    15.783     2.119
     45      22.502    0.2003E-03        3.143    15.863     2.534
     46      23.001    0.2068E-03        2.644    15.887     3.008
     47      23.500    0.1443E-03        2.148    15.846     3.546
     48      24.000    0.7542E-04        1.663    15.724     4.153
     49      24.501    0.3510E-04        1.210    15.512     4.817
     50      25.000    0.1572E-04        0.815    15.209     5.516
     51      25.501    0.6792E-05        0.496    14.825     6.219
     52      26.001    0.2730E-05        0.261    14.384     6.895
     53      26.501    0.9077E-06        0.107    13.908     7.524
     54      27.001    0.1717E-06        0.024    13.417     8.099
