   3N SYSTEM INCLUSIVE  PHOTODESINTEGRATION
        DETECTED PARTICLE: 1- PROTON
        NOT DETECTED PARTICLES:2-NEUTRON  3-NEUTRON

      OMEGA 0.10000E+03
     MTTWE1,MTTWE2,MTTWE3=    1   -1   -1
     TH1LAB,PHI1LAB=    50.000     0.000
   Unit of cross sections ... fm**2/(MeV*sr**2)
      I       E1      CROSS           AX           AY           AZ
      1      67.368    0.72738E-07   -0.75664E+00    0.29376E-18    0.26594E-18
      1      67.355    0.94313E-04   -0.75658E+00    0.27712E-18    0.61727E-19
      1      67.348    0.24550E-03   -0.75654E+00    0.61657E-18    0.56200E-18
      1      67.341    0.48216E-03   -0.75651E+00    0.23588E-18    0.44953E-18
      1      67.335    0.81017E-03   -0.75649E+00    0.42395E-18    0.59895E-18
      1      67.328    0.12331E-02   -0.75646E+00    0.29372E-18    0.66761E-18
      1      67.321    0.17533E-02   -0.75644E+00    0.34635E-18   -0.14265E-18
      1      67.315    0.23718E-02   -0.75642E+00    0.87497E-19    0.80748E-19
      1      67.308    0.30894E-02   -0.75640E+00    0.47360E-18   -0.18534E-18
      1      67.301    0.39063E-02   -0.75638E+00    0.49323E-18   -0.92617E-18
      1      67.295    0.48223E-02   -0.75636E+00    0.91655E-18   -0.30629E-18
      1      67.288    0.58372E-02   -0.75634E+00    0.70926E-18   -0.14125E-18
      1      67.281    0.69503E-02   -0.75632E+00    0.66753E-18   -0.70745E-18
      1      67.275    0.81612E-02   -0.75629E+00    0.76017E-18   -0.92878E-18
      1      67.268    0.94691E-02   -0.75627E+00    0.19724E-17   -0.19484E-17
      1      67.261    0.10873E-01   -0.75625E+00    0.25044E-17   -0.25447E-17
      1      67.255    0.12373E-01   -0.75623E+00    0.19417E-17   -0.10522E-17
      1      67.248    0.13968E-01   -0.75621E+00    0.18578E-17   -0.18875E-17
      1      66.879    0.29545E-01   -0.75613E+00    0.20060E-17   -0.97863E-18
      1      66.510    0.40529E-01   -0.75601E+00    0.13558E-17   -0.13708E-17
      1      66.141    0.49895E-01   -0.75584E+00    0.13937E-17   -0.11213E-17
      1      65.773    0.58364E-01   -0.75562E+00    0.21901E-17   -0.17009E-17
      1      65.404    0.66248E-01   -0.75536E+00    0.10838E-17   -0.74200E-18
      1      65.035    0.73716E-01   -0.75505E+00    0.74724E-18   -0.11037E-17
      1      64.666    0.80870E-01   -0.75469E+00    0.11650E-17   -0.15514E-17
      1      64.297    0.87778E-01   -0.75429E+00    0.10886E-17   -0.16360E-18
      1      63.928    0.94489E-01   -0.75382E+00    0.12820E-17   -0.14600E-18
      1      63.560    0.10104E+00   -0.75331E+00    0.30677E-18   -0.49189E-18
      1      63.191    0.10745E+00   -0.75274E+00    0.12511E-17   -0.61619E-18
      1      62.822    0.11375E+00   -0.75211E+00    0.97899E-18   -0.38865E-18
      1      62.453    0.11994E+00   -0.75142E+00    0.11585E-17   -0.90867E-18
      1      62.084    0.12605E+00   -0.75068E+00    0.13350E-17   -0.12262E-17
      1      61.715    0.13208E+00   -0.74987E+00    0.92473E-18    0.17476E-18
      1      61.347    0.13805E+00   -0.74900E+00    0.74382E-18   -0.48373E-18
      1      60.978    0.14395E+00   -0.74808E+00   -0.95621E-20   -0.91927E-18
      1      60.609    0.14979E+00   -0.74708E+00    0.61872E-18   -0.32106E-17
      1      60.240    0.15559E+00   -0.74603E+00    0.11087E-17   -0.16490E-17
      1      59.871    0.16133E+00   -0.74491E+00    0.18536E-17   -0.27634E-17
      1      59.502    0.16703E+00   -0.74373E+00    0.17969E-17   -0.27511E-18
      1      59.134    0.17268E+00   -0.74249E+00    0.22153E-17   -0.13484E-17
      1      58.765    0.17830E+00   -0.74118E+00    0.87334E-18   -0.21291E-17
      1      58.396    0.18387E+00   -0.73982E+00    0.13381E-19   -0.34067E-17
      1      58.027    0.18940E+00   -0.73839E+00    0.11497E-17   -0.79292E-18
      1      57.658    0.19490E+00   -0.73691E+00    0.18841E-17    0.33419E-18
      1      57.289    0.20036E+00   -0.73538E+00    0.18733E-17   -0.34934E-18
      1      56.921    0.20579E+00   -0.73379E+00    0.20622E-17   -0.20890E-17
      1      56.552    0.21118E+00   -0.73214E+00    0.12005E-17   -0.45245E-17
      1      56.183    0.21653E+00   -0.73045E+00    0.19030E-17   -0.16219E-17
      1      55.814    0.22186E+00   -0.72872E+00    0.13734E-17   -0.85369E-18
      1      55.445    0.22715E+00   -0.72694E+00    0.59326E-18   -0.25892E-17
      1      55.076    0.23241E+00   -0.72511E+00    0.17685E-17   -0.32638E-17
      1      54.708    0.23764E+00   -0.72325E+00    0.88424E-18   -0.56307E-18
      1      54.339    0.24283E+00   -0.72136E+00    0.35664E-18   -0.13007E-17
      1      53.970    0.24799E+00   -0.71943E+00    0.92043E-18   -0.19685E-17
      1      53.601    0.25312E+00   -0.71747E+00    0.11871E-17   -0.23861E-17
      1      53.232    0.25822E+00   -0.71548E+00    0.58315E-18   -0.20028E-17
      1      52.863    0.26328E+00   -0.71347E+00    0.14635E-17   -0.16634E-17
      1      52.494    0.26831E+00   -0.71143E+00    0.73208E-18   -0.22156E-17
      1      52.126    0.27330E+00   -0.70938E+00   -0.25338E-18   -0.13698E-17
      1      51.757    0.27825E+00   -0.70731E+00    0.61503E-18   -0.55064E-18
      1      51.388    0.28317E+00   -0.70522E+00    0.14249E-17   -0.31722E-18
      1      51.019    0.28805E+00   -0.70312E+00    0.13346E-17   -0.25806E-17
      1      50.650    0.29288E+00   -0.70101E+00    0.91354E-19   -0.12249E-18
      1      50.281    0.29767E+00   -0.69890E+00    0.85399E-18    0.25914E-18
      1      49.913    0.30242E+00   -0.69678E+00   -0.38339E-18   -0.68612E-18
      1      49.544    0.30713E+00   -0.69466E+00    0.40631E-18   -0.33639E-18
      1      49.175    0.31178E+00   -0.69253E+00   -0.13804E-18   -0.30150E-17
      1      48.806    0.31639E+00   -0.69042E+00    0.10189E-17   -0.20224E-17
      1      48.437    0.32094E+00   -0.68830E+00   -0.40661E-18    0.35995E-18
      1      48.068    0.32545E+00   -0.68620E+00    0.19832E-19   -0.96343E-18
      1      47.700    0.32990E+00   -0.68410E+00   -0.60768E-18    0.70649E-19
      1      47.331    0.33429E+00   -0.68201E+00   -0.44499E-18    0.50496E-18
      1      46.962    0.33863E+00   -0.67993E+00   -0.64029E-18   -0.93391E-18
      1      46.593    0.34291E+00   -0.67787E+00    0.35799E-18    0.48882E-18
      1      46.224    0.34713E+00   -0.67583E+00   -0.87667E-18   -0.41803E-18
      1      45.855    0.35129E+00   -0.67380E+00    0.83629E-20    0.53120E-18
      1      45.487    0.35539E+00   -0.67178E+00   -0.39211E-18   -0.48790E-18
      1      45.118    0.35943E+00   -0.66979E+00    0.39574E-18   -0.81751E-18
      1      44.749    0.36340E+00   -0.66782E+00   -0.36296E-19   -0.34373E-18
      1      44.380    0.36731E+00   -0.66586E+00    0.21983E-18   -0.48003E-18
      1      44.011    0.37115E+00   -0.66393E+00   -0.43816E-18   -0.17464E-17
      1      43.642    0.37492E+00   -0.66202E+00    0.28911E-18   -0.10723E-17
      1      43.274    0.37863E+00   -0.66014E+00   -0.18682E-18   -0.36656E-18
      1      42.905    0.38227E+00   -0.65828E+00    0.37206E-19    0.84314E-18
      1      42.536    0.38585E+00   -0.65644E+00    0.38878E-18    0.17629E-17
      1      42.167    0.38935E+00   -0.65463E+00   -0.12726E-17   -0.11956E-17
      1      41.798    0.39279E+00   -0.65285E+00   -0.99261E-18   -0.84245E-19
      1      41.429    0.39616E+00   -0.65109E+00   -0.30643E-18    0.87364E-18
      1      41.061    0.39945E+00   -0.64936E+00    0.23001E-18    0.38222E-18
      1      40.692    0.40269E+00   -0.64766E+00   -0.10465E-17    0.14632E-17
      1      40.323    0.40585E+00   -0.64599E+00   -0.14717E-17    0.11538E-17
      1      39.954    0.40894E+00   -0.64435E+00   -0.67547E-18    0.13969E-17
      1      39.585    0.41197E+00   -0.64274E+00   -0.64787E-18    0.15469E-17
      1      39.216    0.41492E+00   -0.64116E+00   -0.10279E-17    0.67281E-18
      1      38.848    0.41781E+00   -0.63961E+00   -0.95416E-18    0.72589E-18
      1      38.479    0.42063E+00   -0.63809E+00   -0.25011E-18    0.16653E-17
      1      38.110    0.42338E+00   -0.63660E+00   -0.49181E-18   -0.15051E-17
      1      37.741    0.42606E+00   -0.63514E+00   -0.16290E-17    0.10098E-18
      1      37.372    0.42867E+00   -0.63372E+00   -0.30797E-19    0.14071E-18
      1      37.003    0.43121E+00   -0.63232E+00    0.51076E-18    0.25317E-18
      1      36.635    0.43369E+00   -0.63096E+00   -0.10159E-18    0.73486E-18
      1      36.266    0.43609E+00   -0.62963E+00   -0.59159E-18    0.11441E-17
      1      35.897    0.43842E+00   -0.62833E+00   -0.64073E-18   -0.23962E-19
      1      35.528    0.44069E+00   -0.62707E+00   -0.79361E-18   -0.22235E-18
      1      35.159    0.44288E+00   -0.62583E+00   -0.67535E-18   -0.71426E-18
      1      34.790    0.44500E+00   -0.62463E+00   -0.18589E-17    0.11190E-17
      1      34.422    0.44705E+00   -0.62346E+00   -0.40637E-18    0.11939E-17
      1      34.053    0.44903E+00   -0.62232E+00   -0.84814E-18    0.14701E-17
      1      33.684    0.45094E+00   -0.62121E+00   -0.21587E-17   -0.32606E-20
      1      33.315    0.45277E+00   -0.62013E+00   -0.73884E-18    0.11258E-18
      1      32.946    0.45454E+00   -0.61909E+00   -0.66387E-18   -0.71426E-18
      1      32.577    0.45623E+00   -0.61807E+00   -0.22341E-17   -0.14134E-18
      1      32.209    0.45785E+00   -0.61709E+00   -0.18668E-17   -0.90661E-18
      1      31.840    0.45939E+00   -0.61614E+00   -0.14469E-17    0.10522E-17
      1      31.471    0.46087E+00   -0.61521E+00   -0.69884E-18   -0.86620E-18
      1      31.102    0.46227E+00   -0.61432E+00   -0.21036E-17   -0.41933E-18
      1      30.733    0.46360E+00   -0.61346E+00   -0.14752E-17   -0.58751E-18
      1      30.364    0.46485E+00   -0.61263E+00   -0.23588E-17    0.79163E-18
      1      29.996    0.46603E+00   -0.61183E+00   -0.19797E-17    0.53517E-18
      1      29.627    0.46714E+00   -0.61106E+00   -0.11280E-17    0.12332E-17
      1      29.258    0.46817E+00   -0.61031E+00    0.17816E-18    0.27037E-17
      1      28.889    0.46913E+00   -0.60961E+00   -0.71609E-18    0.16475E-17
      1      28.520    0.47002E+00   -0.60893E+00   -0.20878E-17    0.10157E-17
      1      28.151    0.47083E+00   -0.60828E+00   -0.17788E-17   -0.87336E-20
      1      27.783    0.47157E+00   -0.60766E+00   -0.16712E-17    0.11968E-17
      1      27.414    0.47223E+00   -0.60707E+00   -0.62173E-18    0.15386E-17
      1      27.045    0.47281E+00   -0.60651E+00   -0.15749E-17    0.14943E-17
      1      26.676    0.47333E+00   -0.60598E+00   -0.23779E-17    0.92324E-18
      1      26.307    0.47376E+00   -0.60548E+00   -0.26698E-17    0.55506E-18
      1      25.938    0.47412E+00   -0.60501E+00   -0.24577E-17    0.92363E-19
      1      25.570    0.47441E+00   -0.60457E+00   -0.34553E-17    0.46771E-18
      1      25.201    0.47462E+00   -0.60417E+00   -0.16204E-17   -0.42659E-18
      1      24.832    0.47475E+00   -0.60379E+00   -0.24386E-17    0.17941E-17
      1      24.463    0.47480E+00   -0.60344E+00    0.10672E-18   -0.96419E-18
      1      24.094    0.47478E+00   -0.60312E+00   -0.20762E-17   -0.84698E-18
      1      23.725    0.47468E+00   -0.60283E+00   -0.78667E-18    0.14536E-17
      1      23.357    0.47450E+00   -0.60257E+00   -0.24428E-17    0.57365E-18
      1      22.988    0.47424E+00   -0.60234E+00   -0.62510E-19    0.18155E-17
      1      22.619    0.47391E+00   -0.60214E+00   -0.73832E-18    0.20954E-17
      1      22.250    0.47349E+00   -0.60197E+00   -0.64489E-18   -0.11948E-17
      1      21.881    0.47300E+00   -0.60183E+00   -0.13823E-17    0.25324E-17
      1      21.512    0.47242E+00   -0.60171E+00   -0.45597E-18   -0.19846E-18
      1      21.144    0.47177E+00   -0.60163E+00    0.88164E-18    0.16543E-17
      1      20.775    0.47103E+00   -0.60158E+00   -0.10180E-17    0.14180E-17
      1      20.406    0.47020E+00   -0.60156E+00   -0.11322E-17   -0.71080E-18
      1      20.037    0.46930E+00   -0.60157E+00   -0.73741E-18    0.17502E-17
      1      19.668    0.46830E+00   -0.60160E+00    0.42019E-18    0.48255E-18
      1      19.299    0.46721E+00   -0.60166E+00    0.78400E-18    0.25564E-17
      1      18.931    0.46602E+00   -0.60175E+00    0.11767E-17    0.19534E-17
      1      18.562    0.46473E+00   -0.60187E+00   -0.38250E-18   -0.61231E-18
      1      18.193    0.46333E+00   -0.60201E+00   -0.61943E-18    0.68701E-18
      1      17.824    0.46182E+00   -0.60218E+00    0.17009E-18    0.66825E-18
      1      17.455    0.46018E+00   -0.60236E+00    0.44413E-18    0.84537E-18
      1      17.086    0.45843E+00   -0.60257E+00   -0.60230E-18    0.38415E-18
      1      16.718    0.45654E+00   -0.60280E+00    0.70890E-18    0.14247E-18
      1      16.349    0.45453E+00   -0.60305E+00    0.86344E-18    0.27782E-18
      1      15.980    0.45237E+00   -0.60332E+00    0.18454E-17   -0.52080E-19
      1      15.611    0.45008E+00   -0.60361E+00    0.13906E-17    0.13049E-17
      1      15.242    0.44765E+00   -0.60392E+00    0.15276E-17    0.22508E-17
      1      14.873    0.44506E+00   -0.60424E+00    0.77090E-18    0.94658E-18
      1      14.505    0.44233E+00   -0.60459E+00    0.11205E-17    0.25889E-19
      1      14.136    0.43945E+00   -0.60495E+00    0.17995E-17   -0.14278E-17
      1      13.767    0.43640E+00   -0.60533E+00    0.18910E-17    0.21506E-18
      1      13.398    0.43320E+00   -0.60573E+00    0.11838E-17    0.31065E-18
      1      13.029    0.42984E+00   -0.60615E+00    0.14300E-17    0.23518E-17
      1      12.660    0.42630E+00   -0.60658E+00    0.15838E-17    0.93917E-18
      1      12.292    0.42259E+00   -0.60703E+00    0.21544E-17    0.92018E-18
      1      11.923    0.41870E+00   -0.60749E+00    0.30590E-17   -0.10941E-17
      1      11.554    0.41463E+00   -0.60797E+00    0.20593E-17    0.26307E-18
      1      11.185    0.41036E+00   -0.60846E+00    0.37571E-17   -0.57243E-18
      1      10.816    0.40590E+00   -0.60896E+00    0.40360E-17   -0.54549E-18
      1      10.447    0.40123E+00   -0.60948E+00    0.20458E-17   -0.14712E-18
      1      10.079    0.39635E+00   -0.61000E+00    0.21037E-17    0.15206E-17
      1       9.710    0.39125E+00   -0.61053E+00    0.19546E-17   -0.11477E-19
      1       9.341    0.38591E+00   -0.61106E+00    0.36416E-17    0.31823E-18
      1       8.972    0.38034E+00   -0.61159E+00    0.27026E-17   -0.10067E-17
      1       8.603    0.37451E+00   -0.61213E+00    0.31040E-17   -0.23872E-18
      1       8.234    0.36841E+00   -0.61266E+00    0.41861E-17    0.22720E-18
      1       7.866    0.36204E+00   -0.61319E+00    0.45170E-17   -0.75987E-18
      1       7.497    0.35538E+00   -0.61371E+00    0.16682E-17   -0.13592E-18
      1       7.128    0.34841E+00   -0.61422E+00    0.38649E-17   -0.15929E-17
      1       6.759    0.34112E+00   -0.61473E+00    0.28897E-17   -0.86729E-18
      1       6.390    0.33347E+00   -0.61522E+00    0.34465E-17   -0.66217E-18
      1       6.021    0.32547E+00   -0.61569E+00    0.15850E-17   -0.24069E-17
      1       5.653    0.31706E+00   -0.61614E+00    0.33799E-17   -0.11285E-17
      1       5.284    0.30822E+00   -0.61657E+00    0.37343E-17   -0.50487E-18
      1       4.915    0.29891E+00   -0.61697E+00    0.26683E-17    0.97779E-18
      1       4.546    0.28908E+00   -0.61733E+00    0.35908E-17   -0.29045E-17
      1       4.177    0.27867E+00   -0.61764E+00    0.81120E-17   -0.37019E-17
      1       3.808    0.26759E+00   -0.61789E+00    0.43759E-17   -0.35973E-17
      1       3.440    0.25576E+00   -0.61806E+00    0.15348E-17   -0.60855E-18
      1       3.071    0.24306E+00   -0.61814E+00    0.19487E-17   -0.74984E-18
      1       2.702    0.22932E+00   -0.61811E+00    0.50862E-17   -0.20766E-17
      1       2.333    0.21435E+00   -0.61795E+00    0.48752E-17   -0.42758E-18
      1       1.964    0.19784E+00   -0.61765E+00    0.63550E-17   -0.18318E-17
      1       1.595    0.17938E+00   -0.61721E+00    0.11538E-19   -0.17377E-17
      1       1.227    0.15827E+00   -0.61662E+00    0.56629E-17   -0.12349E-17
      1       0.858    0.13320E+00   -0.61589E+00    0.45684E-17   -0.34387E-17
      1       0.489    0.10121E+00   -0.61501E+00    0.35759E-17   -0.21071E-17
      1       0.120    0.50436E-01   -0.61393E+00    0.30316E-17   -0.16421E-17
