   Unit of cross sections ... fm**2/(MeV*sr**2)
      I       SLANGE      CROSS          E1         E2         E3
      1       0.502    0.4567E-08       31.250     0.006    60.284
      2       1.001    0.1858E-07       31.749     0.025    59.767
      3       1.504    0.4279E-07       32.251     0.056    59.233
      4       2.005    0.7716E-07       32.750     0.100    58.690
      5       2.502    0.1217E-06       33.244     0.157    58.139
      6       3.004    0.1772E-06       33.741     0.227    57.571
      7       3.504    0.2426E-06       34.234     0.311    56.995
      8       4.001    0.3177E-06       34.721     0.408    56.411
      9       4.503    0.4027E-06       35.210     0.520    55.810
     10       5.003    0.4953E-06       35.694     0.646    55.200
     11       5.500    0.5930E-06       36.172     0.785    54.584
     12       6.003    0.6941E-06       36.650     0.939    53.951
     13       6.504    0.7939E-06       37.122     1.108    53.310
     14       7.004    0.8889E-06       37.587     1.291    52.662
     15       7.502    0.9763E-06       38.045     1.487    52.008
     16       8.006    0.1055E-05       38.502     1.700    51.338
     17       8.503    0.1122E-05       38.945     1.924    50.671
     18       9.006    0.1179E-05       39.386     2.165    49.988
     19       9.501    0.1225E-05       39.813     2.417    49.310
     20      10.004    0.1265E-05       40.238     2.686    48.616
     21      10.500    0.1296E-05       40.649     2.964    47.927
     22      11.004    0.1323E-05       41.056     3.260    47.224
     23      11.501    0.1346E-05       41.449     3.565    46.526
     24      12.007    0.1364E-05       41.838     3.889    45.813
     25      12.507    0.1377E-05       42.212     4.220    45.108
     26      13.002    0.1380E-05       42.572     4.560    44.409
     27      13.505    0.1376E-05       42.927     4.917    43.696
     28      14.004    0.1364E-05       43.268     5.281    42.991
     29      14.506    0.1344E-05       43.599     5.657    42.284
     30      15.002    0.1319E-05       43.915     6.040    41.585
     31      15.502    0.1290E-05       44.222     6.434    40.884
     32      16.004    0.1258E-05       44.519     6.840    40.181
     33      16.503    0.1227E-05       44.802     7.251    39.488
     34      17.005    0.1197E-05       45.074     7.672    38.793
     35      17.503    0.1170E-05       45.333     8.098    38.109
     36      18.005    0.1148E-05       45.583     8.533    37.424
     37      18.503    0.1130E-05       45.818     8.972    36.750
     38      19.006    0.1117E-05       46.044     9.421    36.075
     39      19.504    0.1111E-05       46.257     9.872    35.412
     40      20.007    0.1110E-05       46.460    10.331    34.749
     41      20.506    0.1117E-05       46.651    10.792    34.097
     42      21.001    0.1129E-05       46.829    11.254    33.457
     43      21.500    0.1150E-05       46.998    11.724    32.818
     44      22.004    0.1178E-05       47.158    12.202    32.180
     45      22.504    0.1216E-05       47.306    12.680    31.554
     46      23.000    0.1264E-05       47.443    13.156    30.941
     47      23.500    0.1324E-05       47.571    13.640    30.329
     48      24.005    0.1397E-05       47.690    14.131    29.720
     49      24.506    0.1484E-05       47.798    14.619    29.123
     50      25.002    0.1586E-05       47.896    15.106    28.538
     51      25.503    0.1704E-05       47.986    15.598    27.956
     52      26.008    0.1838E-05       48.067    16.097    27.377
     53      26.508    0.1987E-05       48.138    16.592    26.810
     54      27.003    0.2148E-05       48.200    17.083    26.256
     55      27.503    0.2319E-05       48.254    17.580    25.706
     56      28.006    0.2497E-05       48.301    18.081    25.158
     57      28.505    0.2672E-05       48.338    18.578    24.623
     58      29.007    0.2838E-05       48.368    19.080    24.092
     59      29.504    0.2984E-05       48.390    19.577    23.573
     60      30.005    0.3104E-05       48.405    20.077    23.058
     61      30.500    0.3189E-05       48.412    20.572    22.556
     62      31.009    0.3238E-05       48.412    21.080    22.048
     63      31.501    0.3246E-05       48.405    21.573    21.562
     64      32.007    0.3217E-05       48.390    22.079    21.071
     65      32.507    0.3157E-05       48.369    22.578    20.593
     66      33.000    0.3073E-05       48.342    23.071    20.127
     67      33.507    0.2969E-05       48.307    23.576    19.657
     68      34.007    0.2856E-05       48.267    24.074    19.199
     69      34.510    0.2739E-05       48.219    24.575    18.745
     70      35.006    0.2624E-05       48.167    25.069    18.305
     71      35.505    0.2514E-05       48.108    25.564    17.868
     72      36.008    0.2411E-05       48.043    26.062    17.435
     73      36.502    0.2319E-05       47.973    26.552    17.015
     74      37.000    0.2238E-05       47.897    27.044    16.599
     75      37.501    0.2168E-05       47.815    27.538    16.187
     76      38.004    0.2109E-05       47.727    28.033    15.780
     77      38.510    0.2062E-05       47.633    28.530    15.376
     78      39.008    0.2027E-05       47.536    29.019    14.985
     79      39.508    0.2004E-05       47.433    29.508    14.599
     80      40.000    0.1992E-05       47.326    29.989    14.225
     81      40.505    0.1990E-05       47.212    30.481    13.847
     82      41.002    0.1998E-05       47.095    30.964    13.481
     83      41.501    0.2017E-05       46.972    31.447    13.120
     84      42.002    0.2045E-05       46.845    31.932    12.763
     85      42.506    0.2083E-05       46.712    32.417    12.411
     86      43.011    0.2131E-05       46.573    32.904    12.063
     87      43.507    0.2188E-05       46.433    33.380    11.727
     88      44.005    0.2253E-05       46.288    33.856    11.396
     89      44.505    0.2328E-05       46.138    34.333    11.069
     90      45.007    0.2412E-05       45.983    34.811    10.746
     91      45.511    0.2507E-05       45.823    35.288    10.429
     92      46.005    0.2610E-05       45.663    35.755    10.122
     93      46.500    0.2724E-05       45.497    36.222     9.821
     94      47.009    0.2853E-05       45.323    36.700     9.517
     95      47.507    0.2991E-05       45.149    37.167     9.224
     96      48.007    0.3143E-05       44.970    37.634     8.936
     97      48.509    0.3308E-05       44.787    38.100     8.653
     98      49.011    0.3487E-05       44.599    38.567     8.374
     99      49.504    0.3678E-05       44.411    39.022     8.107
    100      50.009    0.3888E-05       44.215    39.487     7.838
    101      50.503    0.4110E-05       44.019    39.941     7.579
    102      51.010    0.4354E-05       43.815    40.405     7.320
    103      51.507    0.4610E-05       43.611    40.858     7.071
    104      52.004    0.4883E-05       43.403    41.310     6.827
    105      52.503    0.5173E-05       43.191    41.761     6.588
    106      53.002    0.5480E-05       42.975    42.212     6.353
    107      53.502    0.5803E-05       42.756    42.661     6.124
    108      54.003    0.6142E-05       42.532    43.109     5.899
    109      54.504    0.6497E-05       42.305    43.556     5.679
    110      55.006    0.6869E-05       42.075    44.002     5.464
    111      55.508    0.7256E-05       41.840    44.446     5.254
    112      56.011    0.7660E-05       41.602    44.889     5.049
    113      56.503    0.8070E-05       41.367    45.320     4.853
    114      57.006    0.8506E-05       41.122    45.760     4.658
    115      57.510    0.8956E-05       40.873    46.199     4.468
    116      58.002    0.9410E-05       40.628    46.625     4.287
    117      58.507    0.9889E-05       40.373    47.060     4.107
    118      59.011    0.1038E-04       40.114    47.494     3.932
    119      59.504    0.1088E-04       39.859    47.915     3.766
    120      60.008    0.1139E-04       39.594    48.344     3.601
    121      60.501    0.1191E-04       39.333    48.762     3.446
    122      61.005    0.1246E-04       39.062    49.187     3.291
    123      61.509    0.1302E-04       38.788    49.610     3.142
    124      62.001    0.1359E-04       38.518    50.021     3.001
    125      62.504    0.1417E-04       38.238    50.440     2.862
    126      63.007    0.1477E-04       37.955    50.856     2.729
    127      63.510    0.1537E-04       37.670    51.270     2.600
    128      64.001    0.1596E-04       37.388    51.671     2.480
    129      64.502    0.1656E-04       37.098    52.080     2.362
    130      65.003    0.1716E-04       36.804    52.486     2.250
    131      65.503    0.1775E-04       36.508    52.889     2.143
    132      66.003    0.1832E-04       36.210    53.290     2.041
    133      66.502    0.1888E-04       35.909    53.687     1.944
    134      67.011    0.1943E-04       35.598    54.091     1.851
    135      67.508    0.1994E-04       35.292    54.483     1.765
    136      68.004    0.2042E-04       34.984    54.871     1.685
    137      68.510    0.2088E-04       34.666    55.265     1.608
    138      69.004    0.2130E-04       34.354    55.647     1.539
    139      69.508    0.2169E-04       34.032    56.035     1.473
    140      70.010    0.2204E-04       33.707    56.419     1.413
    141      70.500    0.2235E-04       33.389    56.791     1.360
    142      71.011    0.2263E-04       33.053    57.177     1.310
    143      71.510    0.2285E-04       32.723    57.550     1.267
    144      72.006    0.2304E-04       32.391    57.919     1.230
    145      72.501    0.2317E-04       32.057    58.285     1.198
    146      73.006    0.2326E-04       31.714    58.655     1.172
    147      73.509    0.2330E-04       31.369    59.020     1.151
    148      74.009    0.2328E-04       31.022    59.382     1.136
    149      74.508    0.2321E-04       30.674    59.739     1.126
    150      75.005    0.2310E-04       30.325    60.092     1.123
    151      75.511    0.2293E-04       29.966    60.449     1.126
    152      76.003    0.2271E-04       29.613    60.792     1.134
    153      76.504    0.2245E-04       29.252    61.139     1.149
    154      77.003    0.2215E-04       28.889    61.482     1.169
    155      77.510    0.2181E-04       28.517    61.826     1.197
    156      78.003    0.2144E-04       28.152    62.158     1.230
    157      78.505    0.2103E-04       27.778    62.493     1.269
    158      79.004    0.2059E-04       27.403    62.822     1.315
    159      79.510    0.2012E-04       27.020    63.152     1.368
    160      80.003    0.1963E-04       26.643    63.470     1.427
    161      80.503    0.1911E-04       26.258    63.789     1.493
    162      81.000    0.1857E-04       25.872    64.103     1.565
    163      81.504    0.1801E-04       25.478    64.416     1.646
    164      82.005    0.1743E-04       25.083    64.724     1.733
    165      82.502    0.1684E-04       24.688    65.026     1.826
    166      83.005    0.1624E-04       24.285    65.327     1.928
    167      83.504    0.1563E-04       23.881    65.621     2.037
    168      84.010    0.1502E-04       23.470    65.915     2.155
    169      84.501    0.1442E-04       23.067    66.196     2.278
    170      85.008    0.1381E-04       22.648    66.480     2.412
    171      85.501    0.1322E-04       22.237    66.752     2.551
    172      86.008    0.1264E-04       21.811    67.028     2.702
    173      86.501    0.1210E-04       21.393    67.290     2.857
    174      87.008    0.1156E-04       20.960    67.554     3.026
    175      87.501    0.1108E-04       20.536    67.805     3.199
    176      88.007    0.1062E-04       20.097    68.057     3.385
    177      88.508    0.1021E-04       19.660    68.301     3.580
    178      89.003    0.9849E-05       19.224    68.535     3.781
    179      89.501    0.9543E-05       18.781    68.765     3.994
    180      90.003    0.9294E-05       18.333    68.989     4.218
    181      90.507    0.9106E-05       17.878    69.207     4.455
    182      91.004    0.8987E-05       17.426    69.415     4.699
    183      91.504    0.8938E-05       16.969    69.616     4.955
    184      92.005    0.8965E-05       16.507    69.809     5.224
    185      92.508    0.9075E-05       16.040    69.995     5.506
    186      93.003    0.9273E-05       15.576    70.169     5.795
    187      93.507    0.9573E-05       15.100    70.336     6.103
    188      94.003    0.9974E-05       14.629    70.492     6.419
    189      94.507    0.1050E-04       14.147    70.639     6.754
    190      95.003    0.1113E-04       13.669    70.773     7.098
    191      95.506    0.1190E-04       13.182    70.897     7.461
    192      96.000    0.1277E-04       12.701    71.006     7.833
    193      96.500    0.1375E-04       12.210    71.105     8.225
    194      97.005    0.1479E-04       11.712    71.190     8.638
    195      97.501    0.1577E-04       11.221    71.259     9.060
    196      98.002    0.1662E-04       10.724    71.313     9.503
    197      98.506    0.1715E-04       10.221    71.351     9.968
    198      99.000    0.1722E-04        9.727    71.371    10.442
    199      99.505    0.1673E-04        9.223    71.372    10.945
    200     100.006    0.1570E-04        8.722    71.354    11.464
    201     100.503    0.1426E-04        8.226    71.315    11.999
    202     101.004    0.1257E-04        7.729    71.253    12.557
    203     101.501    0.1087E-04        7.239    71.169    13.131
    204     102.002    0.9262E-05        6.751    71.060    13.729
    205     102.506    0.7839E-05        6.265    70.925    14.349
    206     103.002    0.6657E-05        5.795    70.766    14.979
    207     103.503    0.5680E-05        5.330    70.579    15.631
    208     104.005    0.4896E-05        4.877    70.364    16.299
    209     104.502    0.4277E-05        4.442    70.123    16.975
    210     105.002    0.3784E-05        4.020    69.855    17.665
    211     105.501    0.3390E-05        3.617    69.561    18.361
    212     106.005    0.3065E-05        3.230    69.239    19.072
    213     106.501    0.2796E-05        2.870    68.898    19.772
    214     107.005    0.2554E-05        2.526    68.529    20.484
    215     107.503    0.2333E-05        2.210    68.145    21.185
    216     108.001    0.2120E-05        1.917    67.743    21.881
    217     108.500    0.1908E-05        1.646    67.323    22.571
    218     109.002    0.1694E-05        1.398    66.887    23.255
    219     109.501    0.1483E-05        1.175    66.441    23.925
    220     110.003    0.1274E-05        0.973    65.981    24.587
    221     110.504    0.1074E-05        0.793    65.514    25.233
    222     111.001    0.8864E-06        0.635    65.042    25.863
    223     111.503    0.7106E-06        0.496    64.559    26.484
    224     112.003    0.5517E-06        0.377    64.074    27.089
    225     112.506    0.4100E-06        0.275    63.581    27.683
    226     113.007    0.2886E-06        0.191    63.088    28.261
    227     113.504    0.1885E-06        0.124    62.596    28.820
    228     114.004    0.1093E-06        0.072    62.098    29.370
    229     114.507    0.5184E-07        0.034    61.597    29.909
    230     115.005    0.1639E-07        0.011    61.099    30.430
    231     115.505    0.9629E-09        0.001    60.599    30.940
