 #     E1  dGamma/dq   dGamma/dE1 
  0.2784088E-05  0.1585610E-08  0.1465836E-05
  0.2505679E-04  0.1423529E-07  0.4386657E-05
  0.6960220E-04  0.3934724E-07  0.7275001E-05
  0.1364203E-03  0.7654851E-07  0.1010945E-04
  0.2255111E-03  0.1252844E-06  0.1286896E-04
  0.3368746E-03  0.1848247E-06  0.1553303E-04
  0.4705109E-03  0.2542724E-06  0.1808192E-04
  0.6264198E-03  0.3325760E-06  0.2049691E-04
  0.8046014E-03  0.4185453E-06  0.2276053E-04
  0.1005056E-02  0.5108724E-06  0.2485693E-04
  0.1227783E-02  0.6081567E-06  0.2677226E-04
  0.1472783E-02  0.7089373E-06  0.2849501E-04
  0.1740055E-02  0.8117303E-06  0.3001653E-04
  0.2029600E-02  0.9150723E-06  0.3133145E-04
  0.2341418E-02  0.1017572E-05  0.3243813E-04
  0.2675509E-02  0.1117965E-05  0.3333920E-04
  0.3031872E-02  0.1215177E-05  0.3404194E-04
  0.3410508E-02  0.1308385E-05  0.3455862E-04
  0.3811416E-02  0.1396920E-05  0.3490267E-04
  0.4234598E-02  0.1480158E-05  0.3508586E-04
  0.4680052E-02  0.1557619E-05  0.3512095E-04
  0.5147779E-02  0.1628979E-05  0.3502158E-04
  0.5637778E-02  0.1694050E-05  0.3480187E-04
  0.6150050E-02  0.1752778E-05  0.3447607E-04
  0.6684595E-02  0.1805215E-05  0.3405820E-04
  0.7241413E-02  0.1851506E-05  0.3356168E-04
  0.7820503E-02  0.1891857E-05  0.3299903E-04
  0.8421866E-02  0.1926508E-05  0.3238150E-04
  0.9045502E-02  0.1955706E-05  0.3171885E-04
  0.9691410E-02  0.1979664E-05  0.3101903E-04
  0.1035959E-01  0.1998532E-05  0.3028796E-04
  0.1105005E-01  0.2012356E-05  0.2952929E-04
  0.1176277E-01  0.2021041E-05  0.2874422E-04
  0.1249777E-01  0.2024314E-05  0.2793135E-04
  0.1325504E-01  0.2021697E-05  0.2708667E-04
  0.1403459E-01  0.2012977E-05  0.2621013E-04
  0.1483640E-01  0.1998515E-05  0.2530891E-04
  0.1566049E-01  0.1978749E-05  0.2439036E-04
  0.1650686E-01  0.1954141E-05  0.2346140E-04
  0.1737549E-01  0.1925175E-05  0.2252848E-04
  0.1826640E-01  0.1892342E-05  0.2159749E-04
  0.1917958E-01  0.1856132E-05  0.2067377E-04
  0.2011504E-01  0.1817027E-05  0.1976202E-04
  0.2107276E-01  0.1775490E-05  0.1886635E-04
  0.2205276E-01  0.1731958E-05  0.1799020E-04
  0.2305503E-01  0.1686833E-05  0.1713640E-04
  0.2407958E-01  0.1640479E-05  0.1630710E-04
  0.2512639E-01  0.1593214E-05  0.1550384E-04
  0.2619548E-01  0.1545301E-05  0.1472754E-04
  0.2728685E-01  0.1496952E-05  0.1397853E-04
  0.2840048E-01  0.1448318E-05  0.1325658E-04
  0.2953639E-01  0.1399493E-05  0.1256095E-04
  0.3069457E-01  0.1350644E-05  0.1189160E-04
  0.3187502E-01  0.1302092E-05  0.1124985E-04
  0.3307775E-01  0.1254141E-05  0.1063675E-04
  0.3430275E-01  0.1207066E-05  0.1005303E-04
  0.3555002E-01  0.1161106E-05  0.9499093E-05
  0.3681956E-01  0.1116462E-05  0.8975012E-05
  0.3811138E-01  0.1073303E-05  0.8480573E-05
  0.3942547E-01  0.1031757E-05  0.8015291E-05
  0.4076183E-01  0.9919194E-06  0.7578440E-05
  0.4212047E-01  0.9538482E-06  0.7169072E-05
  0.4350137E-01  0.9175679E-06  0.6786049E-05
  0.4490456E-01  0.8830700E-06  0.6428064E-05
  0.4633001E-01  0.8503154E-06  0.6093672E-05
  0.4777773E-01  0.8192371E-06  0.5781321E-05
  0.4924773E-01  0.7897438E-06  0.5489381E-05
  0.5074000E-01  0.7617232E-06  0.5216175E-05
  0.5225455E-01  0.7350478E-06  0.4960024E-05
  0.5379136E-01  0.7096700E-06  0.4719874E-05
  0.5535045E-01  0.6856840E-06  0.4495662E-05
  0.5693182E-01  0.6631845E-06  0.4287332E-05
  0.5853545E-01  0.6422517E-06  0.4094737E-05
  0.6016136E-01  0.6229517E-06  0.3917651E-05
  0.6180954E-01  0.6053370E-06  0.3755776E-05
  0.6347999E-01  0.5894474E-06  0.3608751E-05
  0.6517272E-01  0.5753101E-06  0.3476157E-05
  0.6688771E-01  0.5629410E-06  0.3357531E-05
  0.6862498E-01  0.5523463E-06  0.3252375E-05
  0.7038453E-01  0.5435236E-06  0.3160167E-05
  0.7216634E-01  0.5364636E-06  0.3080372E-05
  0.7397043E-01  0.5311520E-06  0.3012451E-05
  0.7579680E-01  0.5275705E-06  0.2955870E-05
  0.7764543E-01  0.5256990E-06  0.2910110E-05
  0.7951634E-01  0.5255174E-06  0.2874678E-05
  0.8140952E-01  0.5270072E-06  0.2849110E-05
  0.8332497E-01  0.5301585E-06  0.2833012E-05
  0.8526269E-01  0.5349703E-06  0.2826054E-05
  0.8722269E-01  0.5414370E-06  0.2827896E-05
  0.8920496E-01  0.5495482E-06  0.2838191E-05
  0.9120951E-01  0.5592890E-06  0.2856581E-05
  0.9323632E-01  0.5706383E-06  0.2882695E-05
  0.9528541E-01  0.5835649E-06  0.2916126E-05
  0.9735677E-01  0.5980176E-06  0.2956386E-05
  0.9945041E-01  0.6138984E-06  0.3002780E-05
  0.1015663E+00  0.6310112E-06  0.3054165E-05
  0.1037045E+00  0.6489753E-06  0.3108563E-05
  0.1058649E+00  0.6671081E-06  0.3162644E-05
  0.1080477E+00  0.6843375E-06  0.3211389E-05
  0.1102527E+00  0.6993088E-06  0.3248663E-05
  0.1124799E+00  0.7108394E-06  0.3269371E-05
  0.1147295E+00  0.7187082E-06  0.3272995E-05
  0.1170013E+00  0.7237255E-06  0.3263689E-05
  0.1192954E+00  0.7269985E-06  0.3246773E-05
  0.1216117E+00  0.7294387E-06  0.3226497E-05
  0.1239504E+00  0.7316225E-06  0.3205482E-05
  0.1263113E+00  0.7338493E-06  0.3185049E-05
  0.1286945E+00  0.7362400E-06  0.3165700E-05
  0.1310999E+00  0.7388122E-06  0.3147481E-05
  0.1335276E+00  0.7415293E-06  0.3130206E-05
  0.1359776E+00  0.7443340E-06  0.3113611E-05
  0.1384499E+00  0.7471687E-06  0.3097438E-05
  0.1409445E+00  0.7499856E-06  0.3081479E-05
  0.1434613E+00  0.7527474E-06  0.3065577E-05
  0.1460004E+00  0.7554228E-06  0.3049603E-05
  0.1485617E+00  0.7579874E-06  0.3033464E-05
  0.1511454E+00  0.7604225E-06  0.3017087E-05
  0.1537513E+00  0.7627136E-06  0.3000422E-05
  0.1563794E+00  0.7648511E-06  0.2983440E-05
  0.1590299E+00  0.7668347E-06  0.2966147E-05
  0.1617026E+00  0.7686630E-06  0.2948545E-05
  0.1643976E+00  0.7703142E-06  0.2930559E-05
  0.1671149E+00  0.7717673E-06  0.2912119E-05
  0.1698544E+00  0.7730057E-06  0.2893174E-05
  0.1726162E+00  0.7740164E-06  0.2873688E-05
  0.1754003E+00  0.7747876E-06  0.2853630E-05
  0.1782067E+00  0.7753096E-06  0.2832979E-05
  0.1810353E+00  0.7755761E-06  0.2811726E-05
  0.1838862E+00  0.7755825E-06  0.2789868E-05
  0.1867594E+00  0.7753217E-06  0.2767394E-05
  0.1896549E+00  0.7747851E-06  0.2744287E-05
  0.1925726E+00  0.7739610E-06  0.2720521E-05
  0.1955126E+00  0.7728314E-06  0.2696048E-05
  0.1984748E+00  0.7713721E-06  0.2670800E-05
  0.2014594E+00  0.7695528E-06  0.2644691E-05
  0.2044662E+00  0.7673352E-06  0.2617608E-05
  0.2074953E+00  0.7646757E-06  0.2589426E-05
  0.2105467E+00  0.7615298E-06  0.2560018E-05
  0.2136203E+00  0.7578600E-06  0.2529286E-05
  0.2167162E+00  0.7536333E-06  0.2497150E-05
  0.2198344E+00  0.7488174E-06  0.2463533E-05
  0.2229748E+00  0.7433822E-06  0.2428368E-05
  0.2261375E+00  0.7373045E-06  0.2391613E-05
  0.2293225E+00  0.7305721E-06  0.2353260E-05
  0.2325298E+00  0.7231834E-06  0.2313339E-05
  0.2357594E+00  0.7151476E-06  0.2271912E-05
  0.2390112E+00  0.7064853E-06  0.2229073E-05
  0.2422853E+00  0.6972289E-06  0.2184953E-05
  0.2455816E+00  0.6874163E-06  0.2139696E-05
  0.2489003E+00  0.6770942E-06  0.2093470E-05
  0.2522412E+00  0.6663147E-06  0.2046453E-05
  0.2556043E+00  0.6551354E-06  0.1998836E-05
  0.2589898E+00  0.6436249E-06  0.1950841E-05
  0.2623975E+00  0.6318583E-06  0.1902699E-05
  0.2658275E+00  0.6199003E-06  0.1854608E-05
  0.2692798E+00  0.6077626E-06  0.1806602E-05
  0.2727543E+00  0.5954317E-06  0.1758638E-05
  0.2762511E+00  0.5828833E-06  0.1710645E-05
  0.2797702E+00  0.5700888E-06  0.1662540E-05
  0.2833116E+00  0.5570255E-06  0.1614259E-05
  0.2868752E+00  0.5436774E-06  0.1565759E-05
  0.2904611E+00  0.5300414E-06  0.1517037E-05
  0.2940693E+00  0.5161344E-06  0.1468143E-05
  0.2976997E+00  0.5019849E-06  0.1419161E-05
  0.3013525E+00  0.4876286E-06  0.1370194E-05
  0.3050275E+00  0.4731073E-06  0.1321358E-05
  0.3087247E+00  0.4584645E-06  0.1272771E-05
  0.3124443E+00  0.4437369E-06  0.1224530E-05
  0.3161861E+00  0.4289479E-06  0.1176694E-05
  0.3199502E+00  0.4141095E-06  0.1129287E-05
  0.3237365E+00  0.3992239E-06  0.1082308E-05
  0.3275452E+00  0.3842965E-06  0.1035765E-05
  0.3313761E+00  0.3693745E-06  0.9897752E-06
  0.3352293E+00  0.3545179E-06  0.9444902E-06
  0.3391047E+00  0.3397931E-06  0.9000732E-06
  0.3430024E+00  0.3252910E-06  0.8567491E-06
  0.3469224E+00  0.3111354E-06  0.8148234E-06
  0.3508647E+00  0.2974785E-06  0.7746686E-06
  0.3548292E+00  0.2844909E-06  0.7366971E-06
  0.3588160E+00  0.2723479E-06  0.7013235E-06
  0.3628251E+00  0.2612072E-06  0.6689085E-06
  0.3668565E+00  0.2511856E-06  0.6397009E-06
  0.3709101E+00  0.2423498E-06  0.6138166E-06
  0.3749860E+00  0.2347252E-06  0.5912653E-06
  0.3790842E+00  0.2283189E-06  0.5720108E-06
  0.3832047E+00  0.2231493E-06  0.5560456E-06
  0.3873474E+00  0.2192702E-06  0.5434499E-06
  0.3915124E+00  0.2167691E-06  0.5343858E-06
  0.3956996E+00  0.2157228E-06  0.5289850E-06
  0.3999092E+00  0.2161487E-06  0.5272325E-06
  0.4041410E+00  0.2180379E-06  0.5290488E-06
  0.4083951E+00  0.2213822E-06  0.5343586E-06
  0.4126714E+00  0.2262264E-06  0.5432144E-06
  0.4169701E+00  0.2328064E-06  0.5561253E-06
  0.4212910E+00  0.2418356E-06  0.5747242E-06
  0.4256342E+00  0.2548699E-06  0.6026019E-06
  0.4299996E+00  0.2751688E-06  0.6472849E-06
  0.4343873E+00  0.3100170E-06  0.7255664E-06
  0.4387973E+00  0.3798412E-06  0.8845051E-06
  0.4432296E+00  0.5897673E-06  0.1366459E-05
