 #     E1  dGamma/dq   dGamma/dE1 
  0.2784088E-05  0.2337530E-10  0.2160957E-07
  0.2505679E-04  0.2100777E-09  0.6473624E-07
  0.6960220E-04  0.5818866E-09  0.1075863E-06
  0.1364203E-03  0.1135637E-08  0.1499789E-06
  0.2255111E-03  0.1866656E-08  0.1917390E-06
  0.3368746E-03  0.2768861E-08  0.2327005E-06
  0.4705109E-03  0.3834903E-08  0.2727092E-06
  0.6264198E-03  0.5056346E-08  0.3116265E-06
  0.8046014E-03  0.6423907E-08  0.3493326E-06
  0.1005056E-02  0.7927721E-08  0.3857301E-06
  0.1227783E-02  0.9557656E-08  0.4207468E-06
  0.1472783E-02  0.1130364E-07  0.4543382E-06
  0.1740055E-02  0.1315601E-07  0.4864887E-06
  0.2029600E-02  0.1510580E-07  0.5172122E-06
  0.2341418E-02  0.1714506E-07  0.5465498E-06
  0.2675509E-02  0.1926695E-07  0.5745662E-06
  0.3031872E-02  0.2146581E-07  0.6013428E-06
  0.3410508E-02  0.2373696E-07  0.6269686E-06
  0.3811416E-02  0.2607586E-07  0.6515169E-06
  0.4234598E-02  0.2847764E-07  0.6750380E-06
  0.4680052E-02  0.3093732E-07  0.6975696E-06
  0.5147779E-02  0.3344963E-07  0.7191371E-06
  0.5637778E-02  0.3600896E-07  0.7397532E-06
  0.6150050E-02  0.3860922E-07  0.7594198E-06
  0.6684595E-02  0.4124395E-07  0.7781314E-06
  0.7241413E-02  0.4390646E-07  0.7958790E-06
  0.7820503E-02  0.4659011E-07  0.8126558E-06
  0.8421866E-02  0.4928866E-07  0.8284630E-06
  0.9045502E-02  0.5199676E-07  0.8433157E-06
  0.9691410E-02  0.5471042E-07  0.8572487E-06
  0.1035959E-01  0.5742761E-07  0.8703214E-06
  0.1105005E-01  0.6014875E-07  0.8826222E-06
  0.1176277E-01  0.6287736E-07  0.8942722E-06
  0.1249777E-01  0.6562058E-07  0.9054282E-06
  0.1325504E-01  0.6838986E-07  0.9162867E-06
  0.1403459E-01  0.7119635E-07  0.9270179E-06
  0.1483640E-01  0.7404680E-07  0.9377179E-06
  0.1566049E-01  0.7694803E-07  0.9484731E-06
  0.1650686E-01  0.7990718E-07  0.9593650E-06
  0.1737549E-01  0.8293160E-07  0.9704692E-06
  0.1826640E-01  0.8602867E-07  0.9818541E-06
  0.1917958E-01  0.8920556E-07  0.9935794E-06
  0.2011504E-01  0.9246905E-07  0.1005695E-05
  0.2107276E-01  0.9582521E-07  0.1018238E-05
  0.2205276E-01  0.9927903E-07  0.1031232E-05
  0.2305503E-01  0.1028341E-06  0.1044683E-05
  0.2407958E-01  0.1064922E-06  0.1058579E-05
  0.2512639E-01  0.1102524E-06  0.1072886E-05
  0.2619548E-01  0.1141113E-06  0.1087541E-05
  0.2728685E-01  0.1180616E-06  0.1102459E-05
  0.2840048E-01  0.1220919E-06  0.1117517E-05
  0.2953639E-01  0.1261862E-06  0.1132566E-05
  0.3069457E-01  0.1303308E-06  0.1147484E-05
  0.3187502E-01  0.1345205E-06  0.1162234E-05
  0.3307775E-01  0.1387505E-06  0.1176784E-05
  0.3430275E-01  0.1430163E-06  0.1191108E-05
  0.3555002E-01  0.1473135E-06  0.1205183E-05
  0.3681956E-01  0.1516381E-06  0.1218987E-05
  0.3811138E-01  0.1559866E-06  0.1232509E-05
  0.3942547E-01  0.1603562E-06  0.1245741E-05
  0.4076183E-01  0.1647453E-06  0.1258683E-05
  0.4212047E-01  0.1691534E-06  0.1271348E-05
  0.4350137E-01  0.1735815E-06  0.1283755E-05
  0.4490456E-01  0.1780318E-06  0.1295933E-05
  0.4633001E-01  0.1825085E-06  0.1307923E-05
  0.4777773E-01  0.1870173E-06  0.1319773E-05
  0.4924773E-01  0.1915664E-06  0.1331547E-05
  0.5074000E-01  0.1961661E-06  0.1343319E-05
  0.5225455E-01  0.2008294E-06  0.1355176E-05
  0.5379136E-01  0.2055668E-06  0.1367184E-05
  0.5535045E-01  0.2103808E-06  0.1379354E-05
  0.5693182E-01  0.2152730E-06  0.1391690E-05
  0.5853545E-01  0.2202452E-06  0.1404194E-05
  0.6016136E-01  0.2252989E-06  0.1416872E-05
  0.6180954E-01  0.2304360E-06  0.1429726E-05
  0.6347999E-01  0.2356587E-06  0.1442764E-05
  0.6517272E-01  0.2409693E-06  0.1455992E-05
  0.6688771E-01  0.2463704E-06  0.1469419E-05
  0.6862498E-01  0.2518650E-06  0.1483054E-05
  0.7038453E-01  0.2574569E-06  0.1496912E-05
  0.7216634E-01  0.2631508E-06  0.1511011E-05
  0.7397043E-01  0.2689518E-06  0.1525371E-05
  0.7579680E-01  0.2748653E-06  0.1540014E-05
  0.7764543E-01  0.2808974E-06  0.1554963E-05
  0.7951634E-01  0.2870542E-06  0.1570240E-05
  0.8140952E-01  0.2933421E-06  0.1585868E-05
  0.8332497E-01  0.2997699E-06  0.1601883E-05
  0.8526269E-01  0.3063520E-06  0.1618346E-05
  0.8722269E-01  0.3131050E-06  0.1635330E-05
  0.8920496E-01  0.3200482E-06  0.1652918E-05
  0.9120951E-01  0.3272047E-06  0.1671205E-05
  0.9323632E-01  0.3345981E-06  0.1690290E-05
  0.9528541E-01  0.3422483E-06  0.1710245E-05
  0.9735677E-01  0.3501606E-06  0.1731069E-05
  0.9945041E-01  0.3583060E-06  0.1752593E-05
  0.1015663E+00  0.3665884E-06  0.1774329E-05
  0.1037045E+00  0.3747892E-06  0.1795224E-05
  0.1058649E+00  0.3824897E-06  0.1813318E-05
  0.1080477E+00  0.3890115E-06  0.1825513E-05
  0.1102527E+00  0.3934879E-06  0.1827962E-05
  0.1124799E+00  0.3951758E-06  0.1817536E-05
  0.1147295E+00  0.3939830E-06  0.1794198E-05
  0.1170013E+00  0.3905235E-06  0.1761092E-05
  0.1192954E+00  0.3856356E-06  0.1722247E-05
  0.1216117E+00  0.3800373E-06  0.1681004E-05
  0.1239504E+00  0.3742081E-06  0.1639531E-05
  0.1263113E+00  0.3684243E-06  0.1599033E-05
  0.1286945E+00  0.3628319E-06  0.1560112E-05
  0.1310999E+00  0.3575052E-06  0.1523040E-05
  0.1335276E+00  0.3524824E-06  0.1487929E-05
  0.1359776E+00  0.3477853E-06  0.1454815E-05
  0.1384499E+00  0.3434284E-06  0.1423705E-05
  0.1409445E+00  0.3394241E-06  0.1394598E-05
  0.1434613E+00  0.3357851E-06  0.1367491E-05
  0.1460004E+00  0.3325241E-06  0.1342383E-05
  0.1485617E+00  0.3296546E-06  0.1319277E-05
  0.1511454E+00  0.3271906E-06  0.1298176E-05
  0.1537513E+00  0.3251463E-06  0.1279086E-05
  0.1563794E+00  0.3235371E-06  0.1262015E-05
  0.1590299E+00  0.3223809E-06  0.1246982E-05
  0.1617026E+00  0.3216974E-06  0.1234012E-05
  0.1643976E+00  0.3215067E-06  0.1223130E-05
  0.1671149E+00  0.3218332E-06  0.1214377E-05
  0.1698544E+00  0.3227055E-06  0.1207809E-05
  0.1726162E+00  0.3241570E-06  0.1203496E-05
  0.1754003E+00  0.3262240E-06  0.1201520E-05
  0.1782067E+00  0.3289467E-06  0.1201971E-05
  0.1810353E+00  0.3323696E-06  0.1204952E-05
  0.1838862E+00  0.3365404E-06  0.1210578E-05
  0.1867594E+00  0.3415084E-06  0.1218963E-05
  0.1896549E+00  0.3473265E-06  0.1230230E-05
  0.1925726E+00  0.3540534E-06  0.1244520E-05
  0.1955126E+00  0.3617543E-06  0.1261992E-05
  0.1984748E+00  0.3705020E-06  0.1282827E-05
  0.2014594E+00  0.3803757E-06  0.1307222E-05
  0.2044662E+00  0.3914633E-06  0.1335397E-05
  0.2074953E+00  0.4038592E-06  0.1367591E-05
  0.2105467E+00  0.4176694E-06  0.1404070E-05
  0.2136203E+00  0.4330114E-06  0.1445135E-05
  0.2167162E+00  0.4500093E-06  0.1491098E-05
  0.2198344E+00  0.4687978E-06  0.1542297E-05
  0.2229748E+00  0.4895194E-06  0.1599088E-05
  0.2261375E+00  0.5123200E-06  0.1661825E-05
  0.2293225E+00  0.5373507E-06  0.1730871E-05
  0.2325298E+00  0.5647807E-06  0.1806636E-05
  0.2357594E+00  0.5947950E-06  0.1889571E-05
  0.2390112E+00  0.6275866E-06  0.1980135E-05
  0.2422853E+00  0.6633544E-06  0.2078799E-05
  0.2455816E+00  0.7022934E-06  0.2186004E-05
  0.2489003E+00  0.7446006E-06  0.2302189E-05
  0.2522412E+00  0.7904658E-06  0.2427758E-05
  0.2556043E+00  0.8400533E-06  0.2563026E-05
  0.2589898E+00  0.8935083E-06  0.2708242E-05
  0.2623975E+00  0.9509412E-06  0.2863545E-05
  0.2658275E+00  0.1012408E-05  0.3028906E-05
  0.2692798E+00  0.1077927E-05  0.3204186E-05
  0.2727543E+00  0.1147544E-05  0.3389330E-05
  0.2762511E+00  0.1221303E-05  0.3584277E-05
  0.2797702E+00  0.1299211E-05  0.3788865E-05
  0.2833116E+00  0.1381182E-05  0.4002664E-05
  0.2868752E+00  0.1467034E-05  0.4224973E-05
  0.2904611E+00  0.1556442E-05  0.4454708E-05
  0.2940693E+00  0.1648876E-05  0.4690222E-05
  0.2976997E+00  0.1743609E-05  0.4929356E-05
  0.3013525E+00  0.1839710E-05  0.5169426E-05
  0.3050275E+00  0.1935966E-05  0.5407026E-05
  0.3087247E+00  0.2030857E-05  0.5637985E-05
  0.3124443E+00  0.2122616E-05  0.5857542E-05
  0.3161861E+00  0.2209323E-05  0.6060636E-05
  0.3199502E+00  0.2288989E-05  0.6242129E-05
  0.3237365E+00  0.2359625E-05  0.6397015E-05
  0.3275452E+00  0.2419328E-05  0.6520628E-05
  0.3313761E+00  0.2466391E-05  0.6608936E-05
  0.3352293E+00  0.2499349E-05  0.6658649E-05
  0.3391047E+00  0.2517049E-05  0.6667376E-05
  0.3430024E+00  0.2518724E-05  0.6633797E-05
  0.3469224E+00  0.2504065E-05  0.6557823E-05
  0.3508647E+00  0.2473295E-05  0.6440748E-05
  0.3548292E+00  0.2427234E-05  0.6285389E-05
  0.3588160E+00  0.2367331E-05  0.6096117E-05
  0.3628251E+00  0.2295575E-05  0.5878588E-05
  0.3668565E+00  0.2214289E-05  0.5639187E-05
  0.3709101E+00  0.2125820E-05  0.5384214E-05
  0.3749860E+00  0.2032365E-05  0.5119462E-05
  0.3790842E+00  0.1935776E-05  0.4849731E-05
  0.3832047E+00  0.1837482E-05  0.4578657E-05
  0.3873474E+00  0.1738471E-05  0.4308711E-05
  0.3915124E+00  0.1639416E-05  0.4041539E-05
  0.3956996E+00  0.1541203E-05  0.3779265E-05
  0.3999092E+00  0.1445563E-05  0.3526035E-05
  0.4041410E+00  0.1354282E-05  0.3286039E-05
  0.4083951E+00  0.1268951E-05  0.3062915E-05
  0.4126714E+00  0.1191117E-05  0.2860108E-05
  0.4169701E+00  0.1122678E-05  0.2681841E-05
  0.4212910E+00  0.1066498E-05  0.2534539E-05
  0.4256342E+00  0.1026797E-05  0.2427709E-05
  0.4299996E+00  0.1004681E-05  0.2363330E-05
  0.4343873E+00  0.9924110E-06  0.2322647E-05
  0.4387973E+00  0.9825334E-06  0.2287945E-05
  0.4432296E+00  0.1000295E-05  0.2317630E-05
