 #     E1  dGamma/dq   dGamma/dE1 
  0.2784088E-05  0.1055385E-08  0.9756622E-06
  0.2505679E-04  0.9475384E-08  0.2919875E-05
  0.6960220E-04  0.2619255E-07  0.4842800E-05
  0.1364203E-03  0.5096241E-07  0.6730397E-05
  0.2255111E-03  0.8342134E-07  0.8568868E-05
  0.3368746E-03  0.1230906E-06  0.1034477E-04
  0.4705109E-03  0.1693820E-06  0.1204516E-04
  0.6264198E-03  0.2216060E-06  0.1365775E-04
  0.8046014E-03  0.2789819E-06  0.1517106E-04
  0.1005056E-02  0.3406514E-06  0.1657469E-04
  0.1227783E-02  0.4056950E-06  0.1785949E-04
  0.1472783E-02  0.4731533E-06  0.1901791E-04
  0.1740055E-02  0.5420507E-06  0.2004420E-04
  0.2029600E-02  0.6114245E-06  0.2093475E-04
  0.2341418E-02  0.6803575E-06  0.2168842E-04
  0.2675509E-02  0.7480152E-06  0.2230681E-04
  0.3031872E-02  0.8136859E-06  0.2279458E-04
  0.3410508E-02  0.8768215E-06  0.2315965E-04
  0.3811416E-02  0.9369729E-06  0.2341068E-04
  0.4234598E-02  0.9937209E-06  0.2355530E-04
  0.4680052E-02  0.1046742E-05  0.2360176E-04
  0.5147779E-02  0.1095809E-05  0.2355891E-04
  0.5637778E-02  0.1140791E-05  0.2343594E-04
  0.6150050E-02  0.1181638E-05  0.2324211E-04
  0.6684595E-02  0.1218376E-05  0.2298656E-04
  0.7241413E-02  0.1251086E-05  0.2267805E-04
  0.7820503E-02  0.1279893E-05  0.2232476E-04
  0.8421866E-02  0.1304947E-05  0.2193406E-04
  0.9045502E-02  0.1326399E-05  0.2151236E-04
  0.9691410E-02  0.1344381E-05  0.2106488E-04
  0.1035959E-01  0.1358983E-05  0.2059553E-04
  0.1105005E-01  0.1370230E-05  0.2010674E-04
  0.1176277E-01  0.1378053E-05  0.1959934E-04
  0.1249777E-01  0.1382269E-05  0.1907246E-04
  0.1325504E-01  0.1382560E-05  0.1852353E-04
  0.1403459E-01  0.1378783E-05  0.1795256E-04
  0.1483640E-01  0.1371168E-05  0.1736427E-04
  0.1566049E-01  0.1359997E-05  0.1676354E-04
  0.1650686E-01  0.1345572E-05  0.1615492E-04
  0.1737549E-01  0.1328204E-05  0.1554270E-04
  0.1826640E-01  0.1308214E-05  0.1493078E-04
  0.1917958E-01  0.1285921E-05  0.1432271E-04
  0.2011504E-01  0.1261641E-05  0.1372163E-04
  0.2107276E-01  0.1235676E-05  0.1313028E-04
  0.2205276E-01  0.1208313E-05  0.1255099E-04
  0.2305503E-01  0.1179817E-05  0.1198566E-04
  0.2407958E-01  0.1150428E-05  0.1143577E-04
  0.2512639E-01  0.1120356E-05  0.1090238E-04
  0.2619548E-01  0.1089778E-05  0.1038616E-04
  0.2728685E-01  0.1058833E-05  0.9887377E-05
  0.2840048E-01  0.1027625E-05  0.9405935E-05
  0.2953639E-01  0.9962177E-06  0.8941406E-05
  0.3069457E-01  0.9647248E-06  0.8493817E-05
  0.3187502E-01  0.9333616E-06  0.8064081E-05
  0.3307775E-01  0.9023338E-06  0.7652961E-05
  0.3430275E-01  0.8718261E-06  0.7260987E-05
  0.3555002E-01  0.8420009E-06  0.6888472E-05
  0.3681956E-01  0.8129970E-06  0.6535516E-05
  0.3811138E-01  0.7849294E-06  0.6202025E-05
  0.3942547E-01  0.7578893E-06  0.5887726E-05
  0.4076183E-01  0.7319440E-06  0.5592181E-05
  0.4212047E-01  0.7071373E-06  0.5314806E-05
  0.4350137E-01  0.6834903E-06  0.5054883E-05
  0.4490456E-01  0.6610020E-06  0.4811581E-05
  0.4633001E-01  0.6396512E-06  0.4583975E-05
  0.4777773E-01  0.6193977E-06  0.4371063E-05
  0.4924773E-01  0.6001851E-06  0.4171789E-05
  0.5074000E-01  0.5819432E-06  0.3985067E-05
  0.5225455E-01  0.5645916E-06  0.3809804E-05
  0.5379136E-01  0.5481022E-06  0.3645319E-05
  0.5535045E-01  0.5325401E-06  0.3491580E-05
  0.5693182E-01  0.5179698E-06  0.3348553E-05
  0.5853545E-01  0.5044460E-06  0.3216144E-05
  0.6016136E-01  0.4920136E-06  0.3094201E-05
  0.6180954E-01  0.4807083E-06  0.2982525E-05
  0.6347999E-01  0.4705565E-06  0.2880870E-05
  0.6517272E-01  0.4615763E-06  0.2788951E-05
  0.6688771E-01  0.4537776E-06  0.2706451E-05
  0.6862498E-01  0.4471635E-06  0.2633028E-05
  0.7038453E-01  0.4417312E-06  0.2568323E-05
  0.7216634E-01  0.4374730E-06  0.2511968E-05
  0.7397043E-01  0.4343774E-06  0.2463590E-05
  0.7579680E-01  0.4324302E-06  0.2422818E-05
  0.7764543E-01  0.4316159E-06  0.2389295E-05
  0.7951634E-01  0.4319185E-06  0.2362674E-05
  0.8140952E-01  0.4333223E-06  0.2342630E-05
  0.8332497E-01  0.4358163E-06  0.2328875E-05
  0.8526269E-01  0.4393933E-06  0.2321155E-05
  0.8722269E-01  0.4440422E-06  0.2319208E-05
  0.8920496E-01  0.4497478E-06  0.2322762E-05
  0.9120951E-01  0.4564909E-06  0.2331537E-05
  0.9323632E-01  0.4642470E-06  0.2345237E-05
  0.9528541E-01  0.4729837E-06  0.2363542E-05
  0.9735677E-01  0.4826554E-06  0.2386077E-05
  0.9945041E-01  0.4931878E-06  0.2412344E-05
  0.1015663E+00  0.5044468E-06  0.2441579E-05
  0.1037045E+00  0.5161872E-06  0.2472513E-05
  0.1058649E+00  0.5279821E-06  0.2503072E-05
  0.1080477E+00  0.5391717E-06  0.2530170E-05
  0.1102527E+00  0.5489285E-06  0.2550066E-05
  0.1124799E+00  0.5565296E-06  0.2559652E-05
  0.1147295E+00  0.5618225E-06  0.2558538E-05
  0.1170013E+00  0.5652688E-06  0.2549118E-05
  0.1192954E+00  0.5675128E-06  0.2534511E-05
  0.1216117E+00  0.5690886E-06  0.2517227E-05
  0.1239504E+00  0.5703374E-06  0.2498838E-05
  0.1263113E+00  0.5714404E-06  0.2480162E-05
  0.1286945E+00  0.5724744E-06  0.2461537E-05
  0.1310999E+00  0.5734551E-06  0.2443028E-05
  0.1335276E+00  0.5743643E-06  0.2424555E-05
  0.1359776E+00  0.5751709E-06  0.2405988E-05
  0.1384499E+00  0.5758445E-06  0.2387202E-05
  0.1409445E+00  0.5763615E-06  0.2368106E-05
  0.1434613E+00  0.5767057E-06  0.2348644E-05
  0.1460004E+00  0.5768646E-06  0.2328773E-05
  0.1485617E+00  0.5768305E-06  0.2308474E-05
  0.1511454E+00  0.5765991E-06  0.2287741E-05
  0.1537513E+00  0.5761682E-06  0.2266576E-05
  0.1563794E+00  0.5755385E-06  0.2244992E-05
  0.1590299E+00  0.5747174E-06  0.2223029E-05
  0.1617026E+00  0.5737114E-06  0.2200722E-05
  0.1643976E+00  0.5725128E-06  0.2178049E-05
  0.1671149E+00  0.5711148E-06  0.2154994E-05
  0.1698544E+00  0.5695138E-06  0.2131553E-05
  0.1726162E+00  0.5677095E-06  0.2107733E-05
  0.1754003E+00  0.5657024E-06  0.2083546E-05
  0.1782067E+00  0.5634947E-06  0.2059008E-05
  0.1810353E+00  0.5610914E-06  0.2034146E-05
  0.1838862E+00  0.5584986E-06  0.2008990E-05
  0.1867594E+00  0.5557203E-06  0.1983560E-05
  0.1896549E+00  0.5527592E-06  0.1957872E-05
  0.1925726E+00  0.5496154E-06  0.1931932E-05
  0.1955126E+00  0.5462835E-06  0.1905728E-05
  0.1984748E+00  0.5427541E-06  0.1879233E-05
  0.2014594E+00  0.5390124E-06  0.1852402E-05
  0.2044662E+00  0.5350379E-06  0.1825173E-05
  0.2074953E+00  0.5308059E-06  0.1797471E-05
  0.2105467E+00  0.5262914E-06  0.1769222E-05
  0.2136203E+00  0.5214761E-06  0.1740377E-05
  0.2167162E+00  0.5163452E-06  0.1710900E-05
  0.2198344E+00  0.5108848E-06  0.1680759E-05
  0.2229748E+00  0.5050831E-06  0.1649929E-05
  0.2261375E+00  0.4989335E-06  0.1618403E-05
  0.2293225E+00  0.4924375E-06  0.1586200E-05
  0.2325298E+00  0.4856040E-06  0.1553364E-05
  0.2357594E+00  0.4784491E-06  0.1519958E-05
  0.2390112E+00  0.4709967E-06  0.1486069E-05
  0.2422853E+00  0.4632779E-06  0.1451805E-05
  0.2455816E+00  0.4553271E-06  0.1417281E-05
  0.2489003E+00  0.4471841E-06  0.1382623E-05
  0.2522412E+00  0.4388913E-06  0.1347967E-05
  0.2556043E+00  0.4304945E-06  0.1313451E-05
  0.2589898E+00  0.4220461E-06  0.1279231E-05
  0.2623975E+00  0.4136021E-06  0.1245469E-05
  0.2658275E+00  0.4052110E-06  0.1212304E-05
  0.2692798E+00  0.3968861E-06  0.1179762E-05
  0.2727543E+00  0.3886263E-06  0.1147828E-05
  0.2762511E+00  0.3804263E-06  0.1116474E-05
  0.2797702E+00  0.3722796E-06  0.1085672E-05
  0.2833116E+00  0.3641852E-06  0.1055408E-05
  0.2868752E+00  0.3561475E-06  0.1025684E-05
  0.2904611E+00  0.3481791E-06  0.9965267E-06
  0.2940693E+00  0.3403032E-06  0.9679912E-06
  0.2976997E+00  0.3325480E-06  0.9401460E-06
  0.3013525E+00  0.3249425E-06  0.9130603E-06
  0.3050275E+00  0.3175133E-06  0.8867940E-06
  0.3087247E+00  0.3102787E-06  0.8613833E-06
  0.3124443E+00  0.3032445E-06  0.8368295E-06
  0.3161861E+00  0.2964030E-06  0.8130954E-06
  0.3199502E+00  0.2897360E-06  0.7901172E-06
  0.3237365E+00  0.2832189E-06  0.7678151E-06
  0.3275452E+00  0.2768330E-06  0.7461266E-06
  0.3313761E+00  0.2705951E-06  0.7250860E-06
  0.3352293E+00  0.2645388E-06  0.7047720E-06
  0.3391047E+00  0.2587105E-06  0.6852947E-06
  0.3430024E+00  0.2531728E-06  0.6668049E-06
  0.3469224E+00  0.2480050E-06  0.6494930E-06
  0.3508647E+00  0.2432976E-06  0.6335753E-06
  0.3548292E+00  0.2391430E-06  0.6192674E-06
  0.3588160E+00  0.2356225E-06  0.6067518E-06
  0.3628251E+00  0.2327915E-06  0.5961406E-06
  0.3668565E+00  0.2306697E-06  0.5874525E-06
  0.3709101E+00  0.2292457E-06  0.5806267E-06
  0.3749860E+00  0.2284949E-06  0.5755713E-06
  0.3790842E+00  0.2284115E-06  0.5722428E-06
  0.3832047E+00  0.2290396E-06  0.5707232E-06
  0.3873474E+00  0.2304889E-06  0.5712548E-06
  0.3915124E+00  0.2329115E-06  0.5741806E-06
  0.3956996E+00  0.2364206E-06  0.5797392E-06
  0.3999092E+00  0.2410467E-06  0.5879640E-06
  0.4041410E+00  0.2467986E-06  0.5988340E-06
  0.4083951E+00  0.2537016E-06  0.6123690E-06
  0.4126714E+00  0.2618714E-06  0.6288052E-06
  0.4169701E+00  0.2716983E-06  0.6490300E-06
  0.4212910E+00  0.2842062E-06  0.6754182E-06
  0.4256342E+00  0.3014725E-06  0.7127868E-06
  0.4299996E+00  0.3276348E-06  0.7707015E-06
  0.4343873E+00  0.3716514E-06  0.8698162E-06
  0.4387973E+00  0.4584489E-06  0.1067553E-05
  0.4432296E+00  0.7171175E-06  0.1661522E-05
