 #     E1  dGamma/dq   dGamma/dE1 
  0.2784088E-05  0.2392540E-10  0.2211811E-07
  0.2505679E-04  0.2150274E-09  0.6626150E-07
  0.6960220E-04  0.5956298E-09  0.1101273E-06
  0.1364203E-03  0.1162559E-08  0.1535344E-06
  0.2255111E-03  0.1911131E-08  0.1963075E-06
  0.3368746E-03  0.2835258E-08  0.2382806E-06
  0.4705109E-03  0.3927584E-08  0.2793000E-06
  0.6264198E-03  0.5179679E-08  0.3192276E-06
  0.8046014E-03  0.6582271E-08  0.3579445E-06
  0.1005056E-02  0.8125521E-08  0.3953542E-06
  0.1227783E-02  0.9799335E-08  0.4313860E-06
  0.1472783E-02  0.1159370E-07  0.4659968E-06
  0.1740055E-02  0.1349902E-07  0.4991728E-06
  0.2029600E-02  0.1550644E-07  0.5309299E-06
  0.2341418E-02  0.1760812E-07  0.5613114E-06
  0.2675509E-02  0.1979737E-07  0.5903841E-06
  0.3031872E-02  0.2206869E-07  0.6182318E-06
  0.3410508E-02  0.2441757E-07  0.6449456E-06
  0.3811416E-02  0.2683965E-07  0.6706006E-06
  0.4234598E-02  0.2933024E-07  0.6952481E-06
  0.4680052E-02  0.3188451E-07  0.7189267E-06
  0.5147779E-02  0.3449735E-07  0.7416621E-06
  0.5637778E-02  0.3716325E-07  0.7634665E-06
  0.6150050E-02  0.3987624E-07  0.7843413E-06
  0.6684595E-02  0.4262990E-07  0.8042794E-06
  0.7241413E-02  0.4541755E-07  0.8232701E-06
  0.7820503E-02  0.4823253E-07  0.8413040E-06
  0.8421866E-02  0.5106852E-07  0.8583796E-06
  0.9045502E-02  0.5392006E-07  0.8745090E-06
  0.9691410E-02  0.5678302E-07  0.8897239E-06
  0.1035959E-01  0.5965521E-07  0.9040810E-06
  0.1105005E-01  0.6253694E-07  0.9176664E-06
  0.1176277E-01  0.6543160E-07  0.9305998E-06
  0.1249777E-01  0.6834636E-07  0.9430384E-06
  0.1325504E-01  0.7129279E-07  0.9551802E-06
  0.1403459E-01  0.7428220E-07  0.9671975E-06
  0.1483640E-01  0.7732133E-07  0.9791861E-06
  0.1566049E-01  0.8041697E-07  0.9912317E-06
  0.1650686E-01  0.8357624E-07  0.1003416E-05
  0.1737549E-01  0.8680643E-07  0.1015813E-05
  0.1826640E-01  0.9011484E-07  0.1028490E-05
  0.1917958E-01  0.9350856E-07  0.1041507E-05
  0.2011504E-01  0.9699426E-07  0.1054911E-05
  0.2107276E-01  0.1005778E-06  0.1068739E-05
  0.2205276E-01  0.1042640E-06  0.1083012E-05
  0.2305503E-01  0.1080562E-06  0.1097734E-05
  0.2407958E-01  0.1119557E-06  0.1112890E-05
  0.2512639E-01  0.1159615E-06  0.1128442E-05
  0.2619548E-01  0.1200694E-06  0.1144325E-05
  0.2728685E-01  0.1242716E-06  0.1160448E-05
  0.2840048E-01  0.1285561E-06  0.1176685E-05
  0.2953639E-01  0.1329061E-06  0.1192879E-05
  0.3069457E-01  0.1373070E-06  0.1208905E-05
  0.3187502E-01  0.1417530E-06  0.1224722E-05
  0.3307775E-01  0.1462390E-06  0.1240296E-05
  0.3430275E-01  0.1507597E-06  0.1255600E-05
  0.3555002E-01  0.1553104E-06  0.1270606E-05
  0.3681956E-01  0.1598863E-06  0.1285293E-05
  0.3811138E-01  0.1644835E-06  0.1299646E-05
  0.3942547E-01  0.1690987E-06  0.1313657E-05
  0.4076183E-01  0.1737298E-06  0.1327327E-05
  0.4212047E-01  0.1783760E-06  0.1340664E-05
  0.4350137E-01  0.1830378E-06  0.1353691E-05
  0.4490456E-01  0.1877174E-06  0.1366437E-05
  0.4633001E-01  0.1924186E-06  0.1378942E-05
  0.4777773E-01  0.1971470E-06  0.1391258E-05
  0.4924773E-01  0.2019109E-06  0.1403450E-05
  0.5074000E-01  0.2067206E-06  0.1415594E-05
  0.5225455E-01  0.2115894E-06  0.1427783E-05
  0.5379136E-01  0.2165279E-06  0.1440084E-05
  0.5535045E-01  0.2215386E-06  0.1452510E-05
  0.5693182E-01  0.2266228E-06  0.1465063E-05
  0.5853545E-01  0.2317820E-06  0.1477748E-05
  0.6016136E-01  0.2370179E-06  0.1490571E-05
  0.6180954E-01  0.2423320E-06  0.1503534E-05
  0.6347999E-01  0.2477265E-06  0.1516646E-05
  0.6517272E-01  0.2532034E-06  0.1529914E-05
  0.6688771E-01  0.2587654E-06  0.1543346E-05
  0.6862498E-01  0.2644153E-06  0.1556954E-05
  0.7038453E-01  0.2701569E-06  0.1570753E-05
  0.7216634E-01  0.2759949E-06  0.1584762E-05
  0.7397043E-01  0.2819342E-06  0.1599001E-05
  0.7579680E-01  0.2879801E-06  0.1613494E-05
  0.7764543E-01  0.2941386E-06  0.1628262E-05
  0.7951634E-01  0.3004155E-06  0.1643329E-05
  0.8140952E-01  0.3068169E-06  0.1658715E-05
  0.8332497E-01  0.3133514E-06  0.1674458E-05
  0.8526269E-01  0.3200333E-06  0.1690620E-05
  0.8722269E-01  0.3268794E-06  0.1707273E-05
  0.8920496E-01  0.3339090E-06  0.1724503E-05
  0.9120951E-01  0.3411453E-06  0.1742407E-05
  0.9323632E-01  0.3486125E-06  0.1761086E-05
  0.9528541E-01  0.3563308E-06  0.1780617E-05
  0.9735677E-01  0.3643055E-06  0.1800997E-05
  0.9945041E-01  0.3725074E-06  0.1822057E-05
  0.1015663E+00  0.3808395E-06  0.1843306E-05
  0.1037045E+00  0.3890804E-06  0.1863678E-05
  0.1058649E+00  0.3968064E-06  0.1881191E-05
  0.1080477E+00  0.4033301E-06  0.1892706E-05
  0.1102527E+00  0.4077726E-06  0.1894322E-05
  0.1124799E+00  0.4093791E-06  0.1882861E-05
  0.1147295E+00  0.4080562E-06  0.1858287E-05
  0.1170013E+00  0.4044278E-06  0.1823795E-05
  0.1192954E+00  0.3993457E-06  0.1783477E-05
  0.1216117E+00  0.3935391E-06  0.1740726E-05
  0.1239504E+00  0.3874955E-06  0.1697747E-05
  0.1263113E+00  0.3814961E-06  0.1655767E-05
  0.1286945E+00  0.3756903E-06  0.1615401E-05
  0.1310999E+00  0.3701548E-06  0.1576930E-05
  0.1335276E+00  0.3649299E-06  0.1540473E-05
  0.1359776E+00  0.3600396E-06  0.1506075E-05
  0.1384499E+00  0.3555000E-06  0.1473749E-05
  0.1409445E+00  0.3513258E-06  0.1443498E-05
  0.1434613E+00  0.3475312E-06  0.1415327E-05
  0.1460004E+00  0.3441307E-06  0.1389238E-05
  0.1485617E+00  0.3411396E-06  0.1365240E-05
  0.1511454E+00  0.3385731E-06  0.1343338E-05
  0.1537513E+00  0.3364470E-06  0.1323542E-05
  0.1563794E+00  0.3347784E-06  0.1305864E-05
  0.1590299E+00  0.3335865E-06  0.1290326E-05
  0.1617026E+00  0.3328926E-06  0.1276956E-05
  0.1643976E+00  0.3327191E-06  0.1265786E-05
  0.1671149E+00  0.3330926E-06  0.1256862E-05
  0.1698544E+00  0.3340446E-06  0.1250248E-05
  0.1726162E+00  0.3356113E-06  0.1246023E-05
  0.1754003E+00  0.3378327E-06  0.1244276E-05
  0.1782067E+00  0.3407526E-06  0.1245109E-05
  0.1810353E+00  0.3444195E-06  0.1248637E-05
  0.1838862E+00  0.3488856E-06  0.1254986E-05
  0.1867594E+00  0.3542050E-06  0.1264281E-05
  0.1896549E+00  0.3604356E-06  0.1276662E-05
  0.1925726E+00  0.3676420E-06  0.1292284E-05
  0.1955126E+00  0.3758961E-06  0.1311326E-05
  0.1984748E+00  0.3852784E-06  0.1333989E-05
  0.2014594E+00  0.3958765E-06  0.1360493E-05
  0.2044662E+00  0.4077878E-06  0.1391085E-05
  0.2074953E+00  0.4211170E-06  0.1426031E-05
  0.2105467E+00  0.4359814E-06  0.1465629E-05
  0.2136203E+00  0.4525103E-06  0.1510210E-05
  0.2167162E+00  0.4708402E-06  0.1560120E-05
  0.2198344E+00  0.4911188E-06  0.1615731E-05
  0.2229748E+00  0.5135024E-06  0.1677432E-05
  0.2261375E+00  0.5381508E-06  0.1745613E-05
  0.2293225E+00  0.5652292E-06  0.1820671E-05
  0.2325298E+00  0.5949223E-06  0.1903054E-05
  0.2357594E+00  0.6274316E-06  0.1993252E-05
  0.2390112E+00  0.6629670E-06  0.2091766E-05
  0.2422853E+00  0.7017448E-06  0.2199105E-05
  0.2455816E+00  0.7439760E-06  0.2315748E-05
  0.2489003E+00  0.7898746E-06  0.2442169E-05
  0.2522412E+00  0.8396457E-06  0.2578804E-05
  0.2556043E+00  0.8934666E-06  0.2725991E-05
  0.2589898E+00  0.9514937E-06  0.2883997E-05
  0.2623975E+00  0.1013845E-05  0.3052965E-05
  0.2658275E+00  0.1080578E-05  0.3232858E-05
  0.2692798E+00  0.1151716E-05  0.3423527E-05
  0.2727543E+00  0.1227309E-05  0.3624918E-05
  0.2762511E+00  0.1307407E-05  0.3836976E-05
  0.2797702E+00  0.1392025E-05  0.4059537E-05
  0.2833116E+00  0.1481072E-05  0.4292145E-05
  0.2868752E+00  0.1574353E-05  0.4534046E-05
  0.2904611E+00  0.1671518E-05  0.4784069E-05
  0.2940693E+00  0.1771990E-05  0.5040421E-05
  0.2976997E+00  0.1874978E-05  0.5300747E-05
  0.3013525E+00  0.1979463E-05  0.5562118E-05
  0.3050275E+00  0.2084119E-05  0.5820809E-05
  0.3087247E+00  0.2187286E-05  0.6072258E-05
  0.3124443E+00  0.2287028E-05  0.6311251E-05
  0.3161861E+00  0.2381246E-05  0.6532254E-05
  0.3199502E+00  0.2467762E-05  0.6729649E-05
  0.3237365E+00  0.2544407E-05  0.6897965E-05
  0.3275452E+00  0.2609101E-05  0.7032108E-05
  0.3313761E+00  0.2659977E-05  0.7127669E-05
  0.3352293E+00  0.2695433E-05  0.7181049E-05
  0.3391047E+00  0.2714211E-05  0.7189638E-05
  0.3430024E+00  0.2715474E-05  0.7151996E-05
  0.3469224E+00  0.2698885E-05  0.7068031E-05
  0.3508647E+00  0.2664690E-05  0.6939165E-05
  0.3548292E+00  0.2613790E-05  0.6768482E-05
  0.3588160E+00  0.2547773E-05  0.6560773E-05
  0.3628251E+00  0.2468818E-05  0.6322234E-05
  0.3668565E+00  0.2379473E-05  0.6059864E-05
  0.3709101E+00  0.2282312E-05  0.5780574E-05
  0.3749860E+00  0.2179751E-05  0.5490725E-05
  0.3790842E+00  0.2073830E-05  0.5195598E-05
  0.3832047E+00  0.1966124E-05  0.4899207E-05
  0.3873474E+00  0.1857733E-05  0.4604295E-05
  0.3915124E+00  0.1749410E-05  0.4312699E-05
  0.3956996E+00  0.1642139E-05  0.4026774E-05
  0.3999092E+00  0.1537808E-05  0.3751041E-05
  0.4041410E+00  0.1438355E-05  0.3490035E-05
  0.4083951E+00  0.1345488E-05  0.3247655E-05
  0.4126714E+00  0.1260854E-05  0.3027559E-05
  0.4169701E+00  0.1186466E-05  0.2834218E-05
  0.4212910E+00  0.1125374E-05  0.2674460E-05
  0.4256342E+00  0.1082073E-05  0.2558400E-05
  0.4299996E+00  0.1057952E-05  0.2488640E-05
  0.4343873E+00  0.1045591E-05  0.2447109E-05
  0.4387973E+00  0.1038898E-05  0.2419196E-05
  0.4432296E+00  0.1071935E-05  0.2483615E-05
