   Unit of cross sections ... fm**2/(MeV*sr**2)
      I       SLANGE      CROSS          E1         E2         E3
      1       0.501    0.1294E-06       12.435     0.023     9.082
      2       1.001    0.4257E-06       11.940     0.087     9.513
      3       1.501    0.7950E-06       11.449     0.186     9.905
      4       2.000    0.1180E-05       10.967     0.314    10.259
      5       2.502    0.1564E-05       10.489     0.468    10.583
      6       3.001    0.1948E-05       10.022     0.644    10.874
      7       3.502    0.2350E-05        9.562     0.840    11.138
      8       4.002    0.2791E-05        9.110     1.054    11.376
      9       4.501    0.3313E-05        8.667     1.284    11.589
     10       5.001    0.3976E-05        8.231     1.529    11.780
     11       5.500    0.4855E-05        7.804     1.787    11.949
     12       6.002    0.6066E-05        7.382     2.060    12.098
     13       6.500    0.7748E-05        6.972     2.342    12.226
     14       7.002    0.1017E-04        6.567     2.638    12.335
     15       7.503    0.1368E-04        6.170     2.944    12.425
     16       8.002    0.1873E-04        5.783     3.260    12.497
     17       8.502    0.2575E-04        5.404     3.585    12.551
     18       9.000    0.3429E-04        5.034     3.919    12.587
     19       9.501    0.4138E-04        4.671     4.263    12.606
     20      10.002    0.4198E-04        4.316     4.617    12.607
     21      10.502    0.3557E-04        3.970     4.979    12.591
     22      11.001    0.2697E-04        3.634     5.348    12.558
     23      11.501    0.1964E-04        3.307     5.726    12.506
     24      12.001    0.1431E-04        2.990     6.113    12.437
     25      12.500    0.1062E-04        2.684     6.506    12.350
     26      13.002    0.8057E-05        2.386     6.911    12.243
     27      13.501    0.6281E-05        2.101     7.321    12.118
     28      14.002    0.5013E-05        1.828     7.740    11.973
     29      14.502    0.4091E-05        1.567     8.167    11.807
     30      15.001    0.3402E-05        1.320     8.600    11.620
     31      15.502    0.2862E-05        1.087     9.044    11.409
     32      16.002    0.2412E-05        0.871     9.494    11.175
     33      16.502    0.2006E-05        0.672     9.953    10.915
     34      17.001    0.1621E-05        0.493    10.419    10.628
     35      17.501    0.1238E-05        0.336    10.894    10.311
     36      18.002    0.8528E-06        0.203    11.376     9.960
     37      18.501    0.4789E-06        0.100    11.865     9.575
     38      19.001    0.1664E-06        0.030    12.359     9.150
     39      19.501    0.3610E-08        0.001    12.858     8.681
