   Unit of cross sections ... fm**2/(MeV*sr**2)
      I       SLANGE      CROSS          E1         E2         E3
      1       0.500    0.8965E-07       12.436     0.031     9.072
      2       1.001    0.2635E-06       11.942     0.114     9.484
      3       1.501    0.4450E-06       11.457     0.236     9.846
      4       2.002    0.6058E-06       10.981     0.390    10.169
      5       2.502    0.7383E-06       10.515     0.569    10.456
      6       3.002    0.8427E-06       10.057     0.770    10.713
      7       3.502    0.9197E-06        9.607     0.990    10.943
      8       4.002    0.9729E-06        9.166     1.226    11.148
      9       4.500    0.1008E-05        8.735     1.475    11.330
     10       5.002    0.1031E-05        8.308     1.739    11.492
     11       5.501    0.1046E-05        7.892     2.013    11.634
     12       6.001    0.1054E-05        7.482     2.299    11.759
     13       6.502    0.1056E-05        7.078     2.596    11.866
     14       7.002    0.1052E-05        6.683     2.902    11.956
     15       7.502    0.1042E-05        6.294     3.217    12.029
     16       8.002    0.1028E-05        5.913     3.540    12.088
     17       8.502    0.1012E-05        5.538     3.871    12.130
     18       9.002    0.9985E-06        5.171     4.211    12.158
     19       9.500    0.9908E-06        4.813     4.557    12.171
     20      10.002    0.9921E-06        4.459     4.912    12.169
     21      10.503    0.1002E-05        4.113     5.275    12.152
     22      11.002    0.1017E-05        3.776     5.644    12.120
     23      11.501    0.1033E-05        3.448     6.020    12.073
     24      12.003    0.1045E-05        3.126     6.404    12.010
     25      12.501    0.1053E-05        2.815     6.793    11.932
     26      13.002    0.1056E-05        2.511     7.192    11.837
     27      13.501    0.1052E-05        2.219     7.595    11.726
     28      14.001    0.1042E-05        1.936     8.008    11.597
     29      14.501    0.1026E-05        1.664     8.428    11.449
     30      15.002    0.9997E-06        1.404     8.856    11.281
     31      15.501    0.9600E-06        1.158     9.290    11.092
     32      16.001    0.9007E-06        0.926     9.733    10.880
     33      16.501    0.8163E-06        0.712    10.184    10.644
     34      17.001    0.7040E-06        0.517    10.645    10.378
     35      17.502    0.5632E-06        0.344    11.115    10.081
     36      18.001    0.3955E-06        0.199    11.593     9.749
     37      18.500    0.2122E-06        0.087    12.079     9.374
     38      19.002    0.5115E-07        0.017    12.575     8.948
