   Unit of cross sections ... fm**2/(MeV*sr**2)
      I       SLANGE      CROSS          E1         E2         E3
      1       0.505    0.8230E-08       59.930     0.006    31.604
      2       1.003    0.3095E-07       59.432     0.024    32.084
      3       1.503    0.6591E-07       58.933     0.052    32.554
      4       2.002    0.1109E-06       58.435     0.092    33.013
      5       2.502    0.1640E-06       57.938     0.141    33.461
      6       3.002    0.2233E-06       57.442     0.199    33.899
      7       3.500    0.2872E-06       56.948     0.267    34.325
      8       4.007    0.3554E-06       56.447     0.344    34.748
      9       4.503    0.4241E-06       55.958     0.429    35.153
     10       5.007    0.4946E-06       55.464     0.522    35.555
     11       5.508    0.5640E-06       54.972     0.622    35.945
     12       6.007    0.6310E-06       54.485     0.730    36.325
     13       6.503    0.6939E-06       54.002     0.843    36.695
     14       7.006    0.7527E-06       53.514     0.965    37.060
     15       7.505    0.8050E-06       53.032     1.093    37.416
     16       8.001    0.8504E-06       52.554     1.226    37.760
     17       8.502    0.8891E-06       52.073     1.366    38.101
     18       9.009    0.9209E-06       51.588     1.514    38.438
     19       9.502    0.9447E-06       51.118     1.663    38.759
     20      10.010    0.9624E-06       50.636     1.822    39.082
     21      10.502    0.9738E-06       50.170     1.982    39.389
     22      11.010    0.9803E-06       49.691     2.151    39.698
     23      11.503    0.9824E-06       49.229     2.320    39.991
     24      12.010    0.9808E-06       48.754     2.500    40.286
     25      12.501    0.9764E-06       48.297     2.678    40.565
     26      13.007    0.9696E-06       47.827     2.866    40.847
     27      13.506    0.9612E-06       47.365     3.056    41.119
     28      14.010    0.9514E-06       46.901     3.252    41.387
     29      14.507    0.9409E-06       46.445     3.449    41.646
     30      15.007    0.9295E-06       45.987     3.652    41.901
     31      15.501    0.9175E-06       45.538     3.856    42.146
     32      16.010    0.9042E-06       45.076     4.070    42.394
     33      16.510    0.8898E-06       44.624     4.284    42.632
     34      17.003    0.8742E-06       44.180     4.499    42.861
     35      17.512    0.8567E-06       43.724     4.724    43.092
     36      18.011    0.8384E-06       43.278     4.948    43.314
     37      18.503    0.8194E-06       42.841     5.172    43.527
     38      19.009    0.7991E-06       42.392     5.407    43.741
     39      19.507    0.7786E-06       41.953     5.640    43.947
     40      20.007    0.7576E-06       41.512     5.879    44.149
     41      20.511    0.7363E-06       41.071     6.121    44.347
     42      21.005    0.7155E-06       40.640     6.363    44.537
     43      21.502    0.6949E-06       40.208     6.609    44.724
     44      22.002    0.6748E-06       39.775     6.858    44.906
     45      22.504    0.6553E-06       39.342     7.113    45.086
     46      23.009    0.6367E-06       38.908     7.371    45.261
     47      23.504    0.6197E-06       38.485     7.627    45.428
     48      24.001    0.6038E-06       38.061     7.887    45.592
     49      24.501    0.5892E-06       37.637     8.151    45.753
     50      25.002    0.5759E-06       37.212     8.419    45.909
     51      25.506    0.5640E-06       36.788     8.690    46.062
     52      26.012    0.5535E-06       36.363     8.965    46.212
     53      26.508    0.5447E-06       35.949     9.237    46.354
     54      27.005    0.5373E-06       35.535     9.513    46.492
     55      27.504    0.5315E-06       35.121     9.792    46.627
     56      28.006    0.5273E-06       34.707    10.075    46.758
     57      28.508    0.5246E-06       34.293    10.361    46.886
     58      29.000    0.5237E-06       33.891    10.643    47.007
     59      29.506    0.5245E-06       33.478    10.935    47.127
     60      30.001    0.5270E-06       33.075    11.224    47.241
     61      30.511    0.5315E-06       32.663    11.523    47.354
     62      31.009    0.5379E-06       32.262    11.818    47.461
     63      31.508    0.5465E-06       31.861    12.115    47.564
     64      32.009    0.5575E-06       31.461    12.416    47.663
     65      32.510    0.5713E-06       31.061    12.720    47.759
     66      33.000    0.5875E-06       30.672    13.018    47.849
     67      33.505    0.6076E-06       30.274    13.328    47.938
     68      34.011    0.6314E-06       29.876    13.640    48.023
     69      34.504    0.6586E-06       29.490    13.947    48.103
     70      35.012    0.6912E-06       29.094    14.265    48.181
     71      35.507    0.7281E-06       28.709    14.577    48.253
     72      36.003    0.7707E-06       28.326    14.892    48.322
     73      36.501    0.8197E-06       27.943    15.209    48.388
     74      37.012    0.8777E-06       27.551    15.538    48.452
     75      37.511    0.9426E-06       27.170    15.860    48.510
     76      38.011    0.1017E-05       26.790    16.185    48.565
     77      38.511    0.1101E-05       26.412    16.512    48.616
     78      39.012    0.1198E-05       26.034    16.841    48.664
     79      39.500    0.1304E-05       25.668    17.164    48.707
     80      40.002    0.1427E-05       25.294    17.498    48.748
     81      40.505    0.1565E-05       24.920    17.835    48.785
     82      41.008    0.1718E-05       24.548    18.173    48.819
     83      41.512    0.1885E-05       24.177    18.514    48.849
     84      42.002    0.2061E-05       23.817    18.847    48.875
     85      42.506    0.2250E-05       23.450    19.192    48.898
     86      43.011    0.2442E-05       23.083    19.539    48.918
     87      43.502    0.2621E-05       22.728    19.878    48.934
     88      44.007    0.2786E-05       22.365    20.229    48.946
     89      44.512    0.2918E-05       22.003    20.582    48.955
     90      45.003    0.3002E-05       21.653    20.927    48.960
     91      45.509    0.3033E-05       21.295    21.283    48.962
     92      46.000    0.3006E-05       20.948    21.631    48.960
     93      46.505    0.2922E-05       20.594    21.991    48.955
     94      47.010    0.2791E-05       20.241    22.353    48.946
     95      47.502    0.2632E-05       19.900    22.706    48.934
     96      48.006    0.2448E-05       19.551    23.071    48.919
     97      48.511    0.2257E-05       19.204    23.437    48.899
     98      49.002    0.2072E-05       18.868    23.795    48.877
     99      49.506    0.1891E-05       18.525    24.164    48.850
    100      50.009    0.1723E-05       18.185    24.535    48.820
    101      50.512    0.1570E-05       17.846    24.907    48.787
    102      51.001    0.1435E-05       17.519    25.271    48.751
    103      51.504    0.1311E-05       17.185    25.646    48.710
    104      52.005    0.1201E-05       16.853    26.022    48.666
    105      52.506    0.1105E-05       16.523    26.399    48.618
    106      53.007    0.1019E-05       16.196    26.778    48.567
    107      53.506    0.9449E-06       15.871    27.157    48.512
    108      54.005    0.8798E-06       15.548    27.538    48.454
    109      54.503    0.8230E-06       15.228    27.920    48.392
    110      55.001    0.7735E-06       14.911    28.302    48.327
    111      55.510    0.7294E-06       14.588    28.697    48.256
    112      56.006    0.6923E-06       14.275    29.081    48.184
    113      56.500    0.6604E-06       13.966    29.467    48.108
    114      57.007    0.6322E-06       13.650    29.863    48.026
    115      57.513    0.6083E-06       13.338    30.261    47.941
    116      58.004    0.5886E-06       13.036    30.649    47.855
    117      58.507    0.5718E-06       12.730    31.048    47.762
    118      59.009    0.5579E-06       12.426    31.447    47.667
    119      59.510    0.5468E-06       12.125    31.848    47.567
    120      60.009    0.5381E-06       11.827    32.249    47.464
    121      60.507    0.5317E-06       11.533    32.650    47.358
    122      61.004    0.5272E-06       11.241    33.052    47.248
    123      61.512    0.5245E-06       10.945    33.464    47.131
    124      62.005    0.5237E-06       10.659    33.867    47.014
    125      62.510    0.5246E-06       10.370    34.280    46.890
    126      63.013    0.5271E-06       10.084    34.694    46.762
    127      63.501    0.5312E-06        9.808    35.097    46.635
    128      64.000    0.5370E-06        9.529    35.511    46.500
    129      64.510    0.5444E-06        9.246    35.936    46.358
    130      65.006    0.5532E-06        8.974    36.350    46.216
    131      65.512    0.5636E-06        8.699    36.774    46.067
    132      66.004    0.5752E-06        8.434    37.188    45.918
    133      66.505    0.5884E-06        8.166    37.613    45.762
    134      67.005    0.6030E-06        7.902    38.037    45.601
    135      67.503    0.6187E-06        7.641    38.461    45.438
    136      68.010    0.6361E-06        7.379    38.895    45.266
    137      68.503    0.6542E-06        7.127    39.318    45.095
    138      69.005    0.6737E-06        6.872    39.751    44.916
    139      69.505    0.6938E-06        6.622    40.184    44.734
    140      70.002    0.7144E-06        6.376    40.616    44.548
    141      70.508    0.7357E-06        6.129    41.058    44.353
    142      71.000    0.7565E-06        5.892    41.489    44.160
    143      71.501    0.7775E-06        5.653    41.929    43.958
    144      72.010    0.7985E-06        5.414    42.379    43.747
    145      72.505    0.8184E-06        5.185    42.817    43.538
    146      73.008    0.8378E-06        4.955    43.265    43.320
    147      73.508    0.8562E-06        4.730    43.711    43.099
    148      74.005    0.8733E-06        4.510    44.157    42.873
    149      74.509    0.8894E-06        4.290    44.611    42.639
    150      75.010    0.9039E-06        4.076    45.064    42.401
    151      75.508    0.9169E-06        3.866    45.515    42.159
    152      76.002    0.9289E-06        3.662    45.964    41.913
    153      76.503    0.9403E-06        3.459    46.422    41.659
    154      77.011    0.9511E-06        3.257    46.889    41.394
    155      77.504    0.9607E-06        3.065    47.343    41.132
    156      78.003    0.9692E-06        2.875    47.805    40.860
    157      78.509    0.9761E-06        2.687    48.274    40.579
    158      79.000    0.9806E-06        2.508    48.732    40.300
    159      79.508    0.9824E-06        2.329    49.207    40.005
    160      80.000    0.9805E-06        2.159    49.669    39.712
    161      80.509    0.9742E-06        1.989    50.148    39.403
    162      81.002    0.9631E-06        1.829    50.614    39.096
    163      81.510    0.9456E-06        1.670    51.097    38.773
    164      82.003    0.9221E-06        1.520    51.566    38.453
    165      82.500    0.8914E-06        1.375    52.042    38.123
    166      83.002    0.8530E-06        1.234    52.524    37.782
    167      83.507    0.8071E-06        1.099    53.011    37.431
    168      84.007    0.7550E-06        0.971    53.494    37.076
    169      84.500    0.6976E-06        0.851    53.972    36.717
    170      85.006    0.6337E-06        0.734    54.465    36.341
    171      85.505    0.5668E-06        0.627    54.952    35.961
    172      86.007    0.4974E-06        0.526    55.444    35.571
    173      86.502    0.4282E-06        0.434    55.930    35.177
    174      87.007    0.3581E-06        0.348    56.428    34.765
    175      87.506    0.2909E-06        0.271    56.920    34.349
    176      88.005    0.2268E-06        0.203    57.414    33.923
    177      88.505    0.1671E-06        0.144    57.911    33.485
    178      89.005    0.1136E-06        0.094    58.409    33.037
    179      89.505    0.6806E-07        0.054    58.907    32.579
    180      90.005    0.3248E-07        0.025    59.406    32.109
    181      90.504    0.9059E-08        0.007    59.905    31.629
    182      91.001    0.3606E-10        0.000    60.402    31.138
