  5.0000000000000000        5610.9502351830806        31736.015537469597     
# 6.0000000000000000        31004.357106007621        130006.53093116340     
  6.0000000000000000        31006.119722604537        130001.93484518600     
# 7.0000000000000000        87119.174428349535        305090.91963326593     
  7.0000000000000000        87125.906498875949        305075.93129982089     
  8.0000000000000000        182142.47035726270        561803.38138681150     
  9.0000000000000000        322216.69252386695        902082.64918033429     
  10.000000000000000        512040.81416585128        1326894.2711338846     
  12.000000000000000        1054288.3327426522        2428231.2113118395     
  14.000000000000000        1828626.1586490241        3859423.5677735452     
  16.000000000000000        2848805.7057292219        5615806.7095487081     
  18.000000000000000        4121385.0491821533        7682219.9538457841     
  20.000000000000000        5651343.8797366768        10053181.277642319     
  22.000000000000000        7441807.9537528753        12721405.080985453     
  24.000000000000000        9491752.4603341240        15673867.861644026     
  26.000000000000000        11801515.954133514        18902302.592582807     
  28.000000000000000        14367330.136843652        22396164.634643584     
  30.000000000000000        17191006.937794708        26151212.872065686     
  32.000000000000000        20266519.569966778        30158206.690731470     
  34.000000000000000        23593767.204406105        34410504.553366192     
  36.000000000000000        27164729.091778338        38902615.767159052     
  38.000000000000000        30979182.947250575        43618955.156655893     
  40.000000000000000        35011533.519573718        48544570.131561242     
  42.000000000000000        39284501.851737902        53695873.135237262     
  44.000000000000000        43794305.923914433        59062179.909386039     
  46.000000000000000        48523916.496432900        64621411.993460797     
  48.000000000000000        53449245.979427613        70353936.325261101     
  50.000000000000000        58562857.674481459        76248169.972567886     
  52.000000000000000        63886222.021047436        82329160.755871862     
  54.000000000000000        69404804.972458735        88594100.343825713     
  56.000000000000000        75130728.885632381        95032701.215719372     
  58.000000000000000        81031748.172436595        101628401.27168359     
  60.000000000000000        87089987.540473133        108363717.17452177     
  62.000000000000000        93313022.654551491        115230376.03569643     
  64.000000000000000        99681770.466741547        122210751.65819973     
  66.000000000000000        106184288.30064783        129307475.63753158     
  68.000000000000000        112841763.28864869        136515359.87100500     
  70.000000000000000        119627928.20199160        143826675.91827038     
  72.000000000000000        126542286.01590839        151255003.23237261     
  74.000000000000000        133600548.47060382        158795159.48007733     
  76.000000000000000        140777323.10777867        166432267.64219221     
  78.000000000000000        148041586.27896649        174146350.33487669     
  80.000000000000000        155407829.87599367        181943069.83792916     
  82.000000000000000        162863829.98028675        189819943.12820929     
  84.000000000000000        170409589.13065085        197766739.93715906     
  86.000000000000000        178040703.92338336        205767427.96084350     
  88.000000000000000        185724812.05490279        213799072.11244074     
  90.000000000000000        193462850.98839772        221861217.67857882     
  92.000000000000000        201256043.82170191        229967353.81920016     
  94.000000000000000        209123209.84631410        238131371.53863832     
  96.000000000000000        217061194.53218469        246345294.25007248     
  98.000000000000000        225074067.39774007        254602023.30876347     
  100.00000000000000        233112781.97864357        262879051.08994675     
  102.00000000000000        241184767.51512387        271169938.81338376     
  104.00000000000000        249299026.10015899        279470093.72168326     
  106.00000000000000        257451620.25110415        287773487.50346363     
  108.00000000000000        265620063.33881357        296087345.85265148     
  110.00000000000000        273804956.92294234        304411556.17889553     
  112.00000000000000        281998650.72873920        312744665.02436966     
  114.00000000000000        290207599.88324499        321086480.65477633     
  116.00000000000000        298418484.04730505        329425284.65767866     
  118.00000000000000        306622624.57002693        337751109.61855745     
  120.00000000000000        314801963.92457986        346053852.85096949     
  122.00000000000000        322968601.16391903        354343838.05381447     
  124.00000000000000        331147707.84356135        362630320.11551660     
  126.00000000000000        339347362.18288708        370909606.70787257     
  128.00000000000000        347535486.33823711        379169767.62622839     
  130.00000000000000        355707137.03037566        387406925.10310978     
  132.00000000000000        363867491.09316313        395619018.02916050     
  134.00000000000000        372018334.07404244        403808745.90440762     
  136.00000000000000        380174903.18065709        411985566.20552385     
  138.00000000000000        388314703.35620445        420138588.03202254     
  140.00000000000000        396419100.34462196        428260274.68909466     
  142.00000000000000        404484131.18447351        436345438.52353716     
  144.00000000000000        412518625.49648142        444394897.76067007     
  146.00000000000000        420515977.81118023        452407667.56483734     
  148.00000000000000        428482423.87736177        460388360.54428601     
  150.00000000000000        436433059.53673530        468347619.36896467     
  152.00000000000000        444361336.72590846        476279267.64373213     
  154.00000000000000        452266189.92135847        484178271.10171616     
  156.00000000000000        460123113.96270216        492042327.91629761     
  158.00000000000000        467945236.83731353        499870507.58175242     
  160.00000000000000        475735414.66213113        507659776.97331947     
  170.00000000000000        514250877.56630683        546078540.49574459     
  180.00000000000000        551913877.63774014        583578173.11060417     
  190.00000000000000        588689670.08863568        620023863.20562291     
  200.00000000000000        624047245.86207569        654916773.98859227     
