  5.0000000000000000        28301.386530011627        93320.778749780569     
  6.0000000000000000        69827.435455781117        196451.30324860022     
  7.0000000000000000        136753.06854949435        342090.74965925328     
  8.0000000000000000        232787.33865356405        531185.32047036476     
  9.0000000000000000        360814.74563461437        764921.86520385579     
  10.000000000000000        523117.26783274871        1042005.6522353797     
  12.000000000000000        957104.40478058869        1729922.5362803689     
  14.000000000000000        1545566.6704654358        2593067.5343675623     
  16.000000000000000        2295992.9344825982        3628599.8128807894     
  18.000000000000000        3212738.6794991964        4834268.2951161209     
  20.000000000000000        4298210.8654475547        6206077.0292107183     
  22.000000000000000        5555010.6956268698        7741643.1417257199     
  24.000000000000000        6984682.3002148261        9438858.1208041776     
  26.000000000000000        8583835.4596982542        11293996.211284308     
  28.000000000000000        10355223.592000926        13307229.383341754     
  30.000000000000000        12297284.938936805        15467795.918980338     
  32.000000000000000        14409945.119929336        17769583.908164665     
  34.000000000000000        16687434.991574522        20224815.681324441     
  36.000000000000000        19128642.211052030        22827528.578822657     
  38.000000000000000        21729542.481939640        25572905.874052744     
  40.000000000000000        24498785.214395333        28456629.132760398     
  42.000000000000000        27417739.761645008        31461794.486880895     
  44.000000000000000        30480898.082406636        34594711.133287624     
  46.000000000000000        33708792.330045976        37857040.987147257     
  48.000000000000000        37088706.604884751        41247891.519335598     
  50.000000000000000        40608054.185873404        44752749.674137458     
  52.000000000000000        44250309.908872366        48359588.338410825     
  54.000000000000000        48022586.308601432        52080712.029419132     
  56.000000000000000        51937247.289794140        55927220.081726335     
  58.000000000000000        55988715.165880784        59887762.191134639     
  60.000000000000000        60161882.785270333        63949681.104324855     
  62.000000000000000        64450879.747261897        68117275.543208763     
  64.000000000000000        68848544.737106338        72376594.379767671     
  66.000000000000000        73341113.015948489        76716891.755335808     
  68.000000000000000        77936966.359164283        81137504.552052125     
  70.000000000000000        82643192.393896773        85648369.841064036     
  72.000000000000000        87455258.116723880        90249241.910830885     
  74.000000000000000        92356492.270796567        94926905.562734172     
  76.000000000000000        97356335.192337587        99680343.540907875     
  78.000000000000000        102433781.10466401        104496349.09044279     
  80.000000000000000        107586352.18580873        109373690.77901527     
  82.000000000000000        112799593.30521046        114310264.26253293     
  84.000000000000000        118084526.35986450        119303104.61331619     
  86.000000000000000        123438975.61662693        124342266.81910963     
  88.000000000000000        128866783.00418232        129436363.63131812     
  90.000000000000000        134367807.24864998        134592614.43570572     
  92.000000000000000        139929460.18903154        139802515.74322489     
  94.000000000000000        145529297.11915040        145050830.71886265     
  96.000000000000000        151173841.21048528        150335704.11156178     
  98.000000000000000        156858601.63799176        155658440.89322358     
  100.00000000000000        162579855.47589797        161013633.74695116     
  102.00000000000000        168343065.65406242        166393836.42272997     
  104.00000000000000        174130004.80689135        171792865.53715301     
  106.00000000000000        179944634.20061544        177213737.21329716     
  108.00000000000000        185792665.63384134        182659147.97277582     
  110.00000000000000        191672548.83085552        188132839.10685194     
  112.00000000000000        197584525.40959123        193635719.36761019     
  114.00000000000000        203528576.15288335        199158768.19604024     
  116.00000000000000        209499816.36861578        204697855.66238239     
  118.00000000000000        215479115.55161303        210242569.62202245     
  120.00000000000000        221452034.71273687        215787213.20037657     
  122.00000000000000        227419570.76150540        221329004.47555697     
  124.00000000000000        233396449.86071107        226877926.83201587     
  126.00000000000000        239379907.48947650        232433781.35062972     
  128.00000000000000        245359290.12122759        237989532.91111815     
  130.00000000000000        251333376.33909628        243544197.56864074     
  132.00000000000000        257314850.63314009        249103050.37621939     
  134.00000000000000        263286946.67460048        254660407.84240085     
  136.00000000000000        269260824.37344545        260212257.27239239     
  138.00000000000000        275227926.05995917        265758751.40337148     
  140.00000000000000        281182149.32485801        271298982.19415331     
  142.00000000000000        287129343.55316108        276833917.26022190     
  144.00000000000000        293068086.20522803        282361221.33689594     
  146.00000000000000        298993687.46932703        287874952.62729174     
  148.00000000000000        304899350.34674788        293368059.30000520     
  150.00000000000000        310773817.89184082        298835594.84758449     
  152.00000000000000        316618874.90893793        304278130.65142596     
  154.00000000000000        322453037.38046551        309710284.38118261     
  156.00000000000000        328264450.34798890        315124406.95310801     
  158.00000000000000        334056575.54070455        320522485.44618118     
  160.00000000000000        339826453.04243499        325901883.40192616     
  170.00000000000000        368281291.94838327        352449364.75795698     
  180.00000000000000        395987890.36042553        378263743.35327750     
  190.00000000000000        422802259.92879838        403203784.73135710     
  200.00000000000000        448237499.33596390        426799977.84987456     
