  5.0000000000000000        28311.474905828141        93555.796069193821     
  6.0000000000000000        69856.112269811507        196957.76736901226     
  7.0000000000000000        136815.93345471300        342989.87741494022     
  8.0000000000000000        232904.88868654671        532604.49185547966     
  9.0000000000000000        361012.16840683226        766994.25089214079     
  10.000000000000000        523424.25078369345        1044864.0018910330     
  12.000000000000000        957734.81635654042        1734766.2613186981     
  14.000000000000000        1546686.3388765864        2600448.1076017818     
  16.000000000000000        2297793.9231892386        3639067.8057845389     
  18.000000000000000        3215436.0668821605        4848369.7243539384     
  20.000000000000000        4302038.7200484900        6224347.2671966916     
  22.000000000000000        5560223.3356927270        7764608.4211301934     
  24.000000000000000        6991548.7616131855        9467038.0557038095     
  26.000000000000000        8592626.5224208236        11327889.914967453     
  28.000000000000000        10366232.180354182        13347332.264764940     
  30.000000000000000        12310810.500775391        15514573.548541548     
  32.000000000000000        14426289.241998892        17823478.580802463     
  34.000000000000000        16706905.875249578        20286289.076325376     
  36.000000000000000        19151563.434821192        22897018.056169447     
  38.000000000000000        21756196.797326677        25650836.705671784     
  40.000000000000000        24529522.962292597        28543409.888291746     
  42.000000000000000        27452880.095169343        31557784.704437081     
  44.000000000000000        30520718.837423857        34700270.729601473     
  46.000000000000000        33753619.325833671        37972540.667750873     
  48.000000000000000        37138859.170085944        41373692.387974322     
  50.000000000000000        40663856.998434037        44889170.272128485     
  52.000000000000000        44312054.625464946        48506908.587820180     
  54.000000000000000        48090557.527698658        52239237.929505900     
  56.000000000000000        52011733.914930932        56097284.640736878     
  58.000000000000000        56070016.103118025        60069664.910601571     
  60.000000000000000        60250275.538886935        64143685.573230140     
  62.000000000000000        64546646.716649741        68323653.407491788     
  64.000000000000000        68951970.164352983        72595599.638115540     
  66.000000000000000        73452451.463640839        76948723.241220534     
  68.000000000000000        78056472.898255497        81382344.551813602     
  70.000000000000000        82771106.045146346        85906450.107771009     
  72.000000000000000        87591832.894855693        90520754.781326294     
  74.000000000000000        92501914.801637098        95212073.583392218     
  76.000000000000000        97510894.000176221        99979320.023262531     
  78.000000000000000        102597661.35882550        104809322.91859201     
  80.000000000000000        107759786.90225986        109700821.33173980     
  82.000000000000000        112982751.53482661        114651681.59956692     
  84.000000000000000        118277631.27197172        119658926.45552175     
  86.000000000000000        123642208.07723834        124712572.34015486     
  88.000000000000000        129080308.78586322        129821247.90178873     
  90.000000000000000        134591819.87772503        134992178.24237823     
  92.000000000000000        140164094.22967228        140216890.73853815     
  94.000000000000000        145774727.55461687        145480111.37959015     
  96.000000000000000        151430213.67175496        150779993.25047976     
  98.000000000000000        157126033.73512080        156117844.06524909     
  100.00000000000000        162858490.84614325        161488217.83297238     
  102.00000000000000        168633014.86125293        166883656.22987160     
  104.00000000000000        174431381.20632094        172297953.52859157     
  106.00000000000000        180257580.31423134        177734137.98427308     
  108.00000000000000        186117279.76850224        183194847.85918152     
  110.00000000000000        192008894.59848750        188683902.01381275     
  112.00000000000000        197932695.58813363        194202066.85750297     
  114.00000000000000        203888651.56527525        199740496.29608229     
  116.00000000000000        209871854.06642765        205294875.97213960     
  118.00000000000000        215863236.07431519        210854927.12776864     
  120.00000000000000        221848264.85448751        216414844.54835808     
  122.00000000000000        227827965.99004531        221971957.41811994     
  124.00000000000000        233817041.35793167        227536193.84502465     
  126.00000000000000        239812751.02169821        233107468.67962572     
  128.00000000000000        245804423.42079353        238678517.03107986     
  130.00000000000000        251790761.69503441        244248455.66479939     
  132.00000000000000        257784570.17206967        249822576.48444697     
  134.00000000000000        263769044.99876177        255395143.28110662     
  136.00000000000000        269755345.43179011        260962202.54556450     
  138.00000000000000        275734786.99020988        266523776.32731643     
  140.00000000000000        281701363.89901394        272079116.69502681     
  142.00000000000000        287660893.83290917        277628957.09072894     
  144.00000000000000        293612004.08404601        283171234.48191184     
  146.00000000000000        299550017.15123761        288699825.32652199     
  148.00000000000000        305467910.67258769        294207608.46498477     
  150.00000000000000        311354709.94563788        299689835.13265753     
  152.00000000000000        317212057.37592518        305147054.93384826     
  154.00000000000000        323058508.80517864        310593702.91516155     
  156.00000000000000        328882143.32510245        316022329.26321292     
  158.00000000000000        334686379.43837315        321434762.56694931     
  160.00000000000000        340468360.42073762        326828415.42405647     
  170.00000000000000        368983238.20718789        353445876.29876280     
  180.00000000000000        396748301.79069835        379327082.04884058     
  190.00000000000000        423619137.82830745        404330204.84510380     
  200.00000000000000        449108154.89468372        427984990.69237852     
