  5.0000000000000000        5623.1467450161772        29908.566559476218     
# 6.0000000000000000        31208.240057257062        122865.16834013234     
  6.0000000000000000        31210.006996910921        122860.88344770552     
# 7.0000000000000000        87925.679926628785        288966.41802730708     
  7.0000000000000000        87932.431847148619        288952.41211531911     
  8.0000000000000000        184161.15976807609        533067.00496683596     
  9.0000000000000000        326209.52679989400        857237.80523432163     
  10.000000000000000        518877.37108967517        1262576.0773124979     
  12.000000000000000        1069690.1460992943        2315547.8966793972     
  14.000000000000000        1856623.0856185493        3686847.0264818389     
  16.000000000000000        2893465.6908242609        5372756.3427894562     
  18.000000000000000        4186638.2142540552        7359518.7759656617     
  20.000000000000000        5740884.9488689834        9642393.1441884190     
  22.000000000000000        7559091.5815377599        12214964.502854351     
  24.000000000000000        9639943.6083041783        15065286.160058450     
  26.000000000000000        11983541.303855740        18185975.623001941     
  28.000000000000000        14585864.865167318        21567373.950082846     
  30.000000000000000        17448559.184656639        25205963.142401982     
  32.000000000000000        20565346.177013125        29093238.025283776     
  34.000000000000000        23936008.393760186        33223406.447267797     
  36.000000000000000        27552491.472711127        37591312.889293477     
  38.000000000000000        31414309.948915958        42182864.283892475     
  40.000000000000000        35495755.989812948        46983168.297673561     
  42.000000000000000        39819698.968112245        52009171.616922021     
  44.000000000000000        44382497.310823329        57250911.939090639     
  46.000000000000000        49166607.488972545        62687352.415119469     
  48.000000000000000        54147964.300790519        68299243.533149645     
  50.000000000000000        59319536.112588465        74076100.330099836     
  52.000000000000000        64702746.139334381        80042536.750763535     
  54.000000000000000        70283119.464877218        86195148.261992022     
  56.000000000000000        76072308.735586777        92525248.403191954     
  58.000000000000000        82038236.031685814        99015756.312390208     
  60.000000000000000        88162972.174493164        105649664.50793844     
  62.000000000000000        94454127.107399389        112420286.08999950     
  64.000000000000000        100893233.42456135        119310237.26614973     
  66.000000000000000        107468262.30327632        126321814.09374747     
  68.000000000000000        114200472.55399248        133451723.89326724     
  70.000000000000000        121063135.09674023        140691256.55788147     
  72.000000000000000        128056035.66046637        148052126.33914790     
  74.000000000000000        135194890.34401545        155530608.61817786     
  76.000000000000000        142453538.73310110        163111655.84487224     
  78.000000000000000        149801008.64530718        170774378.41714805     
  80.000000000000000        157252027.57445511        178524605.30403143     
  82.000000000000000        164794662.81899178        186360053.68074727     
  84.000000000000000        172429521.50038117        194271206.73975974     
  86.000000000000000        180152126.47273320        202242947.55692118     
  88.000000000000000        187929348.74459445        210253222.22383648     
  90.000000000000000        195762249.11871934        218301016.75972524     
  92.000000000000000        203652383.16108558        226398204.38228944     
  94.000000000000000        211618219.17452994        234558931.31170148     
  96.000000000000000        219656426.98413381        242775346.98847818     
  98.000000000000000        227771636.36430249        251040660.90273681     
  100.00000000000000        235914331.76292387        259331419.37687737     
  102.00000000000000        244091928.59124514        267642701.95229408     
  104.00000000000000        252313489.93356112        275970970.20339561     
  106.00000000000000        260574851.45620567        284310791.32144463     
  108.00000000000000        268854537.21152025        292666027.99305958     
  110.00000000000000        277151887.01928908        301036147.38470167     
  112.00000000000000        285459116.02500713        309417634.94490886     
  114.00000000000000        293782962.08320618        317811131.01502639     
  116.00000000000000        302109594.59321761        326204889.92555881     
  118.00000000000000        310430256.65533310        334588850.41630983     
  120.00000000000000        318727602.54375738        342952256.79963481     
  122.00000000000000        327013692.16125327        351305970.47064084     
  124.00000000000000        335313344.66101253        359660906.82532370     
  126.00000000000000        343634734.46099329        368014492.05613005     
  128.00000000000000        351945467.08217818        376353818.00925362     
  130.00000000000000        360240738.02441001        384674578.86721951     
  132.00000000000000        368525715.77131557        392974412.35136342     
  134.00000000000000        376802351.49103510        401255990.88045979     
  136.00000000000000        385085885.47453773        409529256.38437796     
  138.00000000000000        393353320.17909122        417782080.63545895     
  140.00000000000000        401586318.61999828        426004527.57287580     
  142.00000000000000        409780111.12827861        434191203.87831700     
  144.00000000000000        417943360.00043899        442344490.64318329     
  146.00000000000000        426070108.58578312        450462293.52838993     
  148.00000000000000        434166595.32679665        458550234.60436743     
  150.00000000000000        442247918.89112765        466619073.01652443     
  152.00000000000000        450307198.33706874        474661151.57635176     
  154.00000000000000        458343221.32656085        482671741.57740307     
  156.00000000000000        466331667.79138935        490647774.56747043     
  158.00000000000000        474285812.27679038        498589533.92146069     
  160.00000000000000        482207577.01800078        506493996.75620532     
  170.00000000000000        521386499.85955942        545523014.28463197     
  180.00000000000000        559713197.65622497        583652863.29552627     
  190.00000000000000        597147335.96539497        620752396.26250923     
  200.00000000000000        633146504.23582065        656313427.28200376     
