  5.0000000000000000        5586.4061195321565        29893.611688417466     
  6.0000000000000000        31050.046504577324        122882.52151733500     
  7.0000000000000000        87563.322522995863        289123.07941143698     
  8.0000000000000000        183528.87324589229        533504.33025747130     
  9.0000000000000000        325262.22069908137        858115.82645771734     
  10.000000000000000        517588.39696387388        1264063.2659759442     
  12.000000000000000        1067702.8343330568        2318763.2578139878     
  14.000000000000000        1853997.1247711908        3692447.5397013766     
  16.000000000000000        2890314.8430411969        5381347.4679889753     
  18.000000000000000        4183117.4690109310        7371644.2168410439     
  20.000000000000000        5737156.6609045323        9658526.2043587361     
  22.000000000000000        7555309.5657180613        12235517.339100379     
  24.000000000000000        9636265.9133104607        15090609.815680802     
  26.000000000000000        11980117.354286911        18216366.559436753     
  28.000000000000000        14582820.077549472        21603076.219632581     
  30.000000000000000        17446022.351318680        25247195.091434207     
  32.000000000000000        20563432.488012929        29140164.113993395     
  34.000000000000000        23934811.125842180        33276186.495180298     
  36.000000000000000        27552098.833335914        37650081.281237893     
  38.000000000000000        31414880.635702901        42247702.600992605     
  40.000000000000000        35497380.478763647        47054146.943077721     
  42.000000000000000        39822459.055073567        52086407.617829442     
  44.000000000000000        44386497.360021099        57334486.444842808     
  46.000000000000000        49171971.662593864        62777304.444359347     
  48.000000000000000        54154908.794378698        68395598.176570043     
  50.000000000000000        59328351.478337020        74178940.499573618     
  52.000000000000000        64713562.458500251        80151939.169929355     
  54.000000000000000        70295985.583822310        86311180.248822749     
  56.000000000000000        76087378.929187447        92647920.162218869     
  58.000000000000000        82055633.543978378        99145075.347158626     
  60.000000000000000        88182866.523870856        105785638.18607587     
  62.000000000000000        94476852.798004463        112562999.53548254     
  64.000000000000000        100919223.98581195        119459766.47800919     
  66.000000000000000        107497811.89324680        126478263.35505949     
  68.000000000000000        114233997.55345528        133615148.87944712     
  70.000000000000000        121100959.90118016        140861741.87970203     
  72.000000000000000        128098171.86641337        148229620.15069512     
  74.000000000000000        135241610.44494289        155715071.99835917     
  76.000000000000000        142504993.81407762        163302990.01242179     
  78.000000000000000        149857434.06556910        170972651.52041957     
  80.000000000000000        157313695.70949468        178729687.43812269     
  82.000000000000000        164861775.53268057        186571968.71665153     
  84.000000000000000        172502414.60414010        194489944.33742195     
  86.000000000000000        180231210.95097587        202468746.58972612     
  88.000000000000000        188015159.66121393        210486059.92875791     
  90.000000000000000        195855153.35283870        218540910.33366564     
  92.000000000000000        203752663.30526891        226645060.52468193     
  94.000000000000000        211726012.05051479        234812738.64297602     
  96.000000000000000        219771957.32317603        243035867.15128541     
  98.000000000000000        227895114.91742668        251307876.18397316     
  100.00000000000000        236045847.44351569        259605104.16176423     
  102.00000000000000        244231764.85111943        267922736.37924948     
  104.00000000000000        252461894.56862858        276257206.17130059     
  106.00000000000000        260732316.77669477        284603037.92620403     
  108.00000000000000        269021363.37003541        292964453.18430942     
  110.00000000000000        277328148.91304421        301340505.64340442     
  112.00000000000000        285645015.79726344        309727887.43104416     
  114.00000000000000        293978583.63900191        318127108.06911469     
  116.00000000000000        302315148.88298070        326526427.10823542     
  118.00000000000000        310645965.21979207        334915745.89119065     
  120.00000000000000        318953670.55837202        343284544.45813632     
  122.00000000000000        327250217.31984383        351643445.08045632     
  124.00000000000000        335560527.77941442        360003469.38516843     
  126.00000000000000        343892792.81389326        368361721.78249252     
  128.00000000000000        352214413.03172135        376705579.11636239     
  130.00000000000000        360520633.17549330        385030508.52368683     
  132.00000000000000        368816652.49744689        393334302.92083943     
  134.00000000000000        377104498.57786375        401619705.43605626     
  136.00000000000000        385399452.62511575        409896614.15852714     
  138.00000000000000        393678160.25743020        418152924.69105864     
  140.00000000000000        401922496.74230731        426378566.35344595     
  142.00000000000000        410127880.49328452        434568295.85629451     
  144.00000000000000        418302728.41498697        442724320.82976836     
  146.00000000000000        426440910.90985608        450844673.42576420     
  148.00000000000000        434548943.47415137        458934857.68251187     
  150.00000000000000        442642015.66833103        467005800.23530215     
  152.00000000000000        450712776.47914058        475049751.27121824     
  154.00000000000000        458760239.69911218        483061875.62425202     
  156.00000000000000        466760288.29428834        491039479.58059347     
  158.00000000000000        474726019.80523276        498982461.55971062     
  160.00000000000000        482659398.49900043        506887862.86650461     
  170.00000000000000        521895901.94048500        545917842.15752447     
  180.00000000000000        560279295.37379122        584043835.47817624     
  190.00000000000000        597768202.70703232        621133647.87246442     
  200.00000000000000        633819848.71381879        656679147.13580310     
