  5.0000000000000000        5581.1092991472324        29819.717049247523     
# 6.0000000000000000        31019.850694854857        122583.65962887784     
  6.0000000000000000        31021.603859529554        122579.42615279803     
# 7.0000000000000000        87476.441824172347        288431.30424657097     
  7.0000000000000000        87483.143467186761        288417.47647186107     
  8.0000000000000000        183343.65268637717        532247.08894672769     
  9.0000000000000000        324928.96036514360        856122.65189632424     
  10.000000000000000        517050.91135718179        1261166.6377235106     
  12.000000000000000        1066567.9695952300        2313578.6834980967     
  14.000000000000000        1851986.8824899653        3684369.2188430461     
  16.000000000000000        2887126.5616907598        5369810.7937145829     
  18.000000000000000        4178433.1518527558        7356128.9129839940     
  20.000000000000000        5730645.5172457090        9638549.9383815061     
  22.000000000000000        7546633.1482008556        12210624.102949886     
  24.000000000000000        9625079.0406285636        15060377.467976723     
  26.000000000000000        11966075.407079883        18180403.477756586     
  28.000000000000000        14565575.145513784        21561022.651030306     
  30.000000000000000        17425228.874872539        25198712.911696795     
  32.000000000000000        20538748.187505081        29084921.352190942     
  34.000000000000000        23905890.909236599        33213877.024873126     
  36.000000000000000        27518615.680930212        37580402.222627893     
  38.000000000000000        31376493.959103867        42170408.132301114     
  40.000000000000000        35453798.520516455        46968983.353953332     
  42.000000000000000        39773360.506820753        51993110.350206494     
  44.000000000000000        44331564.528353028        57232819.681628510     
  46.000000000000000        49110910.402012199        62667061.413115695     
  48.000000000000000        54087440.029585421        68276603.900630847     
  50.000000000000000        59254222.229551174        74051021.694028586     
  52.000000000000000        64632513.177591704        80014920.935236186     
  54.000000000000000        70207771.422237858        86164811.456355318     
  56.000000000000000        75991727.878890887        92492052.671277121     
  58.000000000000000        81952329.273812786        98979541.741388872     
  60.000000000000000        88071713.081073090        105610264.15159494     
  62.000000000000000        94357643.419519290        112377635.78721198     
  64.000000000000000        100791753.91596146        119264347.78779645     
  66.000000000000000        107361934.16771911        126272642.36589798     
  68.000000000000000        114089514.59195586        133399260.45482832     
  70.000000000000000        120947731.01979946        140635498.70593172     
  72.000000000000000        127936095.33327165        147992846.23439866     
  74.000000000000000        135070456.86303449        155467702.16141361     
  76.000000000000000        142324738.76213172        163044933.61726892     
  78.000000000000000        149667876.76817265        170703749.72535989     
  80.000000000000000        157114770.38454840        178449817.69420007     
  82.000000000000000        164653461.35972577        186281165.92479354     
  84.000000000000000        172284562.85530198        194188071.19130287     
  86.000000000000000        180003839.86954370        202155650.09236133     
  88.000000000000000        187778020.32012120        210161793.42996597     
  90.000000000000000        195608432.20152408        218205473.87380674     
  92.000000000000000        203496259.24321041        226298315.86578995     
  94.000000000000000        211459910.55157766        234454700.89390740     
  96.000000000000000        219496089.88404179        242666422.94583547     
  98.000000000000000        227609425.50511676        250927043.99838459     
  100.00000000000000        235750375.34536007        259212861.57370883     
  102.00000000000000        243926434.63541555        267519135.79050159     
  104.00000000000000        252146718.35196641        275842212.78378314     
  106.00000000000000        260407374.84123355        284176772.35517460     
  108.00000000000000        268686646.75341451        292526824.60585684     
  110.00000000000000        276983689.92874563        300891498.04378653     
  112.00000000000000        285290861.62213933        309267408.72646958     
  114.00000000000000        293614771.91613066        317655186.31951642     
  116.00000000000000        301941627.81039536        326043030.97051096     
  118.00000000000000        310262881.97311574        334421002.50783575     
  120.00000000000000        318561040.82650125        342778222.40192419     
  122.00000000000000        326848142.16829538        351125580.40349597     
  124.00000000000000        335149116.69582367        359474149.27668184     
  126.00000000000000        343471945.68136692        367821008.01264387     
  128.00000000000000        351784326.86822528        376153443.33195651     
  130.00000000000000        360081321.20428133        384467128.21645981     
  132.00000000000000        368368141.76244479        392759605.03929818     
  134.00000000000000        376646950.32804650        401033750.88016814     
  136.00000000000000        384932817.66654766        409299458.44642216     
  138.00000000000000        393202705.24897170        417544690.76971674     
  140.00000000000000        401437903.11013448        425759544.82726139     
  142.00000000000000        409634561.25066280        433938156.92124587     
  144.00000000000000        417800737.64221698        442083073.73147559     
  146.00000000000000        425930445.28197968        450192797.65194309     
  148.00000000000000        434030178.80828565        458271938.82537013     
  150.00000000000000        442114597.12572312        466331703.64365625     
  152.00000000000000        450176735.71857059        474364849.11942410     
  154.00000000000000        458215948.10254234        482366188.12125379     
  156.00000000000000        466208060.84397024        490332981.93995219     
  158.00000000000000        474165556.78502798        498265362.36116934     
  160.00000000000000        482090904.74100417        506160188.04505891     
  170.00000000000000        521288544.10185909        545138543.93298268     
  180.00000000000000        559635058.57066822        583215281.69043624     
  190.00000000000000        597088947.60374999        620258453.08596170     
  200.00000000000000        633108315.34834456        655760836.24575770     
