  5.0000000000000000        5586.1341799662359        29882.272511985400     
  6.0000000000000000        31049.891457575461        122830.43573954343     
  7.0000000000000000        87563.748768593665        288994.78730438976     
  8.0000000000000000        183514.05748752347        533290.48502913490     
  9.0000000000000000        325233.30169574387        857768.49212750001     
  10.000000000000000        517538.56646323582        1263547.4134186008     
  12.000000000000000        1067585.6823677362        2317805.1133475034     
  14.000000000000000        1853772.2353728260        3690905.6302520540     
  16.000000000000000        2889934.1254324103        5379085.6011615256     
  18.000000000000000        4182528.3539514793        7368526.6629169239     
  20.000000000000000        5736299.1273873411        9654431.2332379390     
  22.000000000000000        7554123.8848916320        12230323.543153066     
  24.000000000000000        9634684.4982190002        15084200.697164098     
  26.000000000000000        11978074.594517203        18208624.600826520     
  28.000000000000000        14580248.290175855        21593907.941211961     
  30.000000000000000        17442848.551029999        25236507.007273313     
  32.000000000000000        20559587.771540496        29127864.689581316     
  34.000000000000000        23930227.225884072        33262195.324776020     
  36.000000000000000        27546703.806078393        37634315.349787585     
  38.000000000000000        31408603.895602860        42230101.560051866     
  40.000000000000000        35490165.064818092        47034652.373185776     
  42.000000000000000        39814232.712627083        52064960.431297764     
  44.000000000000000        44377200.503951110        57311040.420465611     
  46.000000000000000        49161544.702286303        62751811.143644609     
  48.000000000000000        54143290.088178143        68368033.945369020     
  50.000000000000000        59315482.942605287        74149265.042824477     
  52.000000000000000        64699387.567908309        80120146.982239157     
  54.000000000000000        70280468.030390486        86277248.398305744     
  56.000000000000000        76070441.980383664        92611806.516796276     
  58.000000000000000        82037266.565551311        99106792.133305371     
  60.000000000000000        88163006.434446692        105745190.13981889     
  62.000000000000000        94455470.006941542        112520378.64509825     
  64.000000000000000        100896277.64573808        119414991.58241229     
  66.000000000000000        107473247.15454273        126431361.98820893     
  68.000000000000000        114207806.35108767        133566163.12501580     
  70.000000000000000        121073089.83180551        140810672.98743954     
  72.000000000000000        128068644.49131718        148176494.67665628     
  74.000000000000000        135210360.66787085        155659926.63412920     
  76.000000000000000        142472008.54358718        163245845.67609319     
  78.000000000000000        149822662.63060692        170913532.79815692     
  80.000000000000000        157277151.63613337        178668656.56897348     
  82.000000000000000        164823473.74705267        186509049.17346185     
  84.000000000000000        172462273.84174564        194425229.03145683     
  86.000000000000000        180189289.10360995        202402207.67487377     
  88.000000000000000        187971373.55616334        210417858.65814221     
  90.000000000000000        195809602.36522716        218471060.97704104     
  92.000000000000000        203705329.91230595        226573593.25511825     
  94.000000000000000        211676820.23829827        234739731.68549368     
  96.000000000000000        219720981.21856126        242961384.34034881     
  98.000000000000000        227842345.32458290        251231972.70522764     
  100.00000000000000        235991313.67471513        259527918.00185975     
  102.00000000000000        244175427.64436692        267844175.94542819     
  104.00000000000000        252403759.69549412        276177428.33283252     
  106.00000000000000        260672413.43930668        284522144.51059544     
  108.00000000000000        268959701.33948547        292882453.36893022     
  110.00000000000000        277264763.89959180        301257534.40478784     
  112.00000000000000        285579852.69373560        309643893.17941988     
  114.00000000000000        293911725.69599348        318042193.73098505     
  116.00000000000000        302246541.47302020        326440707.36743450     
  118.00000000000000        310575625.78444976        334829246.36214268     
  120.00000000000000        318881650.13111782        343197331.72026068     
  122.00000000000000        327176563.81159168        351555546.86460644     
  124.00000000000000        335485264.53063136        359914943.93332171     
  126.00000000000000        343815850.97767454        368272676.05563372     
  128.00000000000000        352135920.56981522        376615979.98995614     
  130.00000000000000        360440592.70157647        384940579.83166152     
  132.00000000000000        368734994.29276448        393244011.53275007     
  134.00000000000000        377021246.24525511        401529090.89084965     
  136.00000000000000        385314618.68239576        409805818.30154854     
  138.00000000000000        393591995.14099330        418061825.79403657     
  140.00000000000000        401834647.12705624        426287401.92833269     
  142.00000000000000        410038591.55997694        434477162.08036453     
  144.00000000000000        418212042.71982354        442633010.21029693     
  146.00000000000000        426348859.32266951        450753492.22781783     
  148.00000000000000        434455783.30516493        458843867.33454263     
  150.00000000000000        442547268.37421715        466914721.16002005     
  152.00000000000000        450616582.35066760        474958707.43808371     
  154.00000000000000        458662802.26679122        482970931.25639141     
  156.00000000000000        466661780.82805938        490948717.44501698     
  158.00000000000000        474626119.50647438        498892046.83395553     
  160.00000000000000        482558340.29636002        506797661.89429301     
  170.00000000000000        521788805.93535441        545829614.22837412     
  180.00000000000000        560166860.55307078        583958252.88971102     
  190.00000000000000        597650759.24061751        621051195.74333286     
  200.00000000000000        633697861.97260952        656600538.62286425     
