  5.0000000000000000        28237.034737600952        98886.022544679727     
  6.0000000000000000        69455.199723530081        207651.73631521757     
# 6.0000000000000000        69466.040875804581        207685.00570426267     
  7.0000000000000000        135766.71701399452        360956.72575161472     
# 7.0000000000000000        135761.15470129205        360978.79436547414     
  8.0000000000000000        230742.04577137687        559646.25498603797     
  9.0000000000000000        357226.69946392323        804867.23323948402     
  10.000000000000000        517453.51824748743        1095170.4512822081     
  12.000000000000000        945592.99953687284        1814823.9917794804     
  14.000000000000000        1525888.2581047763        2716282.7478425782     
  16.000000000000000        2265879.5843463624        3796250.4170330511     
  18.000000000000000        3170047.0377542344        5052166.1445464864     
  20.000000000000000        4240971.4347483106        6479612.2343084272     
  22.000000000000000        5481450.1865898715        8075866.7796592927     
  24.000000000000000        6893219.6276503373        9838530.1157404426     
  26.000000000000000        8473114.2146209758        11763555.656132367     
  28.000000000000000        10224031.088404857        13850937.421112916     
  30.000000000000000        12144659.590647252        16088985.969040183     
  32.000000000000000        14235037.294748275        18470985.482074384     
  34.000000000000000        16489494.954807105        21010156.461865377     
  36.000000000000000        18907252.841995548        23699890.794380963     
  38.000000000000000        21484102.409088019        26534917.502973460     
  40.000000000000000        24229005.270362258        29510150.817312304     
  42.000000000000000        27123491.878873657        32608178.218239490     
  44.000000000000000        30162012.810031559        35835541.342313819     
  46.000000000000000        33365019.226640973        39193174.065926060     
  48.000000000000000        36720106.897119798        42680514.480061196     
  50.000000000000000        40214821.319290638        46282397.348574050     
  52.000000000000000        43832453.378017358        49986345.498820305     
  54.000000000000000        47580069.790136427        53804909.218425900     
  56.000000000000000        51470143.050032340        57749552.790245086     
  58.000000000000000        55497372.105634809        61808324.690097392     
  60.000000000000000        59646741.557299837        65968222.827131212     
  62.000000000000000        63912355.144933969        70234164.273625791     
  64.000000000000000        68286878.741687015        74591336.385713115     
  66.000000000000000        72756282.400433853        79028033.157082260     
  68.000000000000000        77328829.408082977        83542989.029111594     
  70.000000000000000        82012032.560080707        88146938.254541487     
  72.000000000000000        86801874.813543737        92840124.014331102     
  74.000000000000000        91681127.187988222        97609623.492011845     
  76.000000000000000        96660247.118594840        102453310.54242434     
  78.000000000000000        101717131.79165219        107358676.15014693     
  80.000000000000000        106849484.02557769        112323504.31425722     
  82.000000000000000        112042629.59348620        117346171.05293132     
  84.000000000000000        117307867.61733449        122422684.68502533     
  86.000000000000000        122642532.45897305        127542137.95515577     
  88.000000000000000        128050555.75440738        132713110.12238453     
  90.000000000000000        133532418.18284237        137943995.93151632     
  92.000000000000000        139075758.01008251        143227624.31555176     
  94.000000000000000        144658188.94180059        148548867.55989769     
  96.000000000000000        150286031.86352351        153905553.84089842     
  98.000000000000000        155954196.95877424        159298994.26476410     
  100.00000000000000        161659277.65209836        164723061.59123316     
  102.00000000000000        167406743.87131792        170169459.91396034     
  104.00000000000000        173178258.69607258        175632140.34188265     
  106.00000000000000        178977738.28287232        181114325.41699728     
  108.00000000000000        184811376.46507177        186618398.74327344     
  110.00000000000000        190676767.08301824        192148973.83784282     
  112.00000000000000        196575661.66344109        197705468.85656688     
  114.00000000000000        202506521.59547672        203279972.51057449     
  116.00000000000000        208465117.14552242        208867234.22040692     
  118.00000000000000        214432858.25723600        214458241.79733565     
  120.00000000000000        220394466.33996257        220048343.67289877     
  122.00000000000000        226350868.72610942        225634167.88852438     
  124.00000000000000        232316920.81143570        231224778.87811992     
  126.00000000000000        238290017.42013228        236821846.27086255     
  128.00000000000000        244259998.53822768        242417668.91212073     
  130.00000000000000        250225448.05727115        248011430.66530189     
  132.00000000000000        256198738.43661970        253608016.65217292     
  134.00000000000000        262163390.40872329        259201402.20304662     
  136.00000000000000        268130421.70953220        264787115.26336887     
  138.00000000000000        274091063.92206645        270364684.38833487     
  140.00000000000000        280038743.02990711        275934467.96647388     
  142.00000000000000        285979627.81682420        281497102.37926310     
  144.00000000000000        291912762.17180347        287050758.95599037     
  146.00000000000000        297833554.10140592        292589359.19365144     
  148.00000000000000        303735067.51082015        298106042.79627270     
  150.00000000000000        309605968.42009830        303596057.76990461     
  152.00000000000000        315447584.37320966        309061472.44686896     
  154.00000000000000        321279480.85124880        314513814.69233972     
  156.00000000000000        327088724.56673133        319948320.90280086     
  158.00000000000000        332879269.45822257        325364799.01674634     
  160.00000000000000        338648275.19402087        330761649.23984593     
  170.00000000000000        367105372.50364202        357379805.91493094     
  180.00000000000000        394827599.10093695        383233879.59572577     
  190.00000000000000        421669454.17859495        408180914.92215335     
  200.00000000000000        447151544.06488848        431770586.66537321     
