  5.0000000000000000        28542.595886903666        94383.555212083374     
  6.0000000000000000        70336.738416265885        198601.92691316237     
# 6.0000000000000000        70347.792614738471        198633.65177694598     
  7.0000000000000000        137673.31440257016        345810.64980828605     
# 7.0000000000000000        137667.76338931272        345831.31850438844     
  8.0000000000000000        234214.12091378961        536935.71689160727     
  9.0000000000000000        362874.80345257698        773156.98744928499     
  10.000000000000000        525938.64139841346        1053187.3010394615     
  14.000000000000000        1552883.3018783561        2620980.9709871216     
  16.000000000000000        2306589.5434835455        3667879.2120930525     
  18.000000000000000        3227431.0980852842        4886944.7619477352     
  20.000000000000000        4317912.9266048670        6274160.4117420577     
  24.000000000000000        7017541.6326679783        9543757.6406692192     
  26.000000000000000        8624985.4626757912        11420236.171846831     
  28.000000000000000        10405906.055697290        13456758.247236896     
  30.000000000000000        12358820.470465166        15642390.831656225     
  34.000000000000000        16774736.864324756        20454750.676084924     
  36.000000000000000        19230946.425699342        23087786.879649814     
  38.000000000000000        21848187.733153962        25865096.365024444     
  40.000000000000000        24635300.713857893        28782291.408788856     
  42.000000000000000        27573548.779275574        31822312.792708687     
  44.000000000000000        30657320.905562237        34991393.789381906     
  46.000000000000000        33907327.650317810        38291213.700606003     
  48.000000000000000        37310832.385338746        41720867.342770159     
  50.000000000000000        40855176.896226779        45265685.920783445     
  54.000000000000000        48323255.021314166        52676542.177299045     
  56.000000000000000        52266645.891913041        56566134.880660363     
  58.000000000000000        56348243.399325445        60570803.964630425     
  60.000000000000000        60552825.220241606        64677749.650624968     
  64.000000000000000        69305802.503105342        73197382.949064493     
  66.000000000000000        73832890.164407775        77584906.919373900     
  68.000000000000000        78464112.211704493        82053145.443783507     
  70.000000000000000        83206777.095978439        86612277.297775492     
  74.000000000000000        92996215.675666496        95989398.780099675     
  76.000000000000000        98035781.135336876        100792923.55698545     
  78.000000000000000        103153709.44577534        105659596.13055803     
  80.000000000000000        108347437.41773228        110587845.43240088     
  84.000000000000000        118929582.40636529        120619755.62031005     
  86.000000000000000        124326852.00689363        125710280.22922714     
  88.000000000000000        129798033.00584424        130855792.35492301     
  90.000000000000000        135343153.55253413        136063637.21856084     
  92.000000000000000        140949645.66105017        141325611.88439664     
  94.000000000000000        146594846.76561940        146626224.40162930     
  96.000000000000000        152285226.66617611        151963643.34723043     
  98.000000000000000        158016098.20348176        157339114.12542772     
  100.00000000000000        163783751.50243303        162747026.96675467     
  102.00000000000000        169593684.97753099        168179850.47302306     
  104.00000000000000        175427474.34286070        173631408.79803771     
  106.00000000000000        181289220.04816681        179104872.86957601     
  108.00000000000000        187184592.67519480        184602601.03060928     
  110.00000000000000        193112020.20053753        190128850.55945852     
  112.00000000000000        199071893.11005563        195683784.98428738     
  114.00000000000000        205064141.61176583        201259195.96451566     
  116.00000000000000        211083731.39153454        206850260.22194332     
  118.00000000000000        217111553.17263350        212446649.06042862     
  120.00000000000000        223132764.15944639        218042839.18716806     
  122.00000000000000        229148407.39972582        223636100.35296386     
  124.00000000000000        235173317.26424053        229236194.70814964     
  126.00000000000000        241204890.92506534        234843559.01710969     
  128.00000000000000        247232431.83471534        240450561.46579266     
  130.00000000000000        253254561.01853922        246056333.18087021     
  132.00000000000000        259284092.68277884        251666171.42270485     
  134.00000000000000        265304168.46844682        257274232.56098837     
  136.00000000000000        271326007.26733536        262876607.09787047     
  138.00000000000000        277340808.63683271        268473040.11862260     
  140.00000000000000        283342466.61694896        274063199.39257377     
  142.00000000000000        289336890.61199206        279647753.98670357     
  144.00000000000000        295322778.59075624        285224371.37352169     
  146.00000000000000        301295341.91350985        290786819.14351445     
  148.00000000000000        307247672.66667593        296328212.04188639     
  150.00000000000000        313168450.34256768        301843636.74862975     
  152.00000000000000        319059540.77220756        307334460.77417803     
  154.00000000000000        324939501.79992336        312813794.95784932     
  156.00000000000000        330796538.51995838        318275428.47999871     
  158.00000000000000        336633769.80201638        323720338.48100317     
  160.00000000000000        342448797.48849803        329146619.62298518     
  170.00000000000000        371124118.00317347        355922352.55145365     
  180.00000000000000        399042365.27324277        381953100.53768867     
  190.00000000000000        426058338.34006238        407095555.02607733     
  200.00000000000000        451682767.98046303        430879602.96801913     
