  5.0000000000000000        28343.292425251653        94012.430500280941     
  6.0000000000000000        69942.253751663869        197953.50459192309     
  7.0000000000000000        136998.36647936807        344775.47325830086     
  8.0000000000000000        233236.98185519397        535447.68833442952     
  9.0000000000000000        361558.10665276152        771177.89925747563     
  10.000000000000000        524258.47614481032        1050674.2507887525     
  12.000000000000000        959404.62701196095        1744726.3216705953     
  14.000000000000000        1549592.7228890001        2615772.8485458768     
  16.000000000000000        2302399.7593360604        3660984.4334557112     
  18.000000000000000        3222255.6566844922        4878108.1324001681     
  20.000000000000000        4311627.0054652756        6263124.1328213820     
  22.000000000000000        5573178.5243358472        7813630.7600908596     
  24.000000000000000        7008504.0371172111        9527502.1404385809     
  26.000000000000000        8614225.2241470292        11400954.876451341     
  28.000000000000000        10393163.475878077        13434160.435038306     
  30.000000000000000        12343773.395618988        15616262.558933388     
  32.000000000000000        14465999.209409256        17941090.624794360     
  34.000000000000000        16754086.665857555        20420917.266796444     
  36.000000000000000        19206962.136491857        23049715.391475324     
  38.000000000000000        21820490.899774063        25822610.941356827     
  40.000000000000000        24603529.799434762        28735265.320425201     
  42.000000000000000        27537352.529314067        31770609.870188534     
  44.000000000000000        30616318.461901046        34934944.877480015     
  46.000000000000000        33861116.924271077        38229989.694452643     
  48.000000000000000        37259018.157984927        41654798.889068194     
  50.000000000000000        40797430.703441463        45194737.720798343     
  52.000000000000000        44459738.422889635        48837660.689282484     
  54.000000000000000        48253031.580814436        52595926.559357516     
  56.000000000000000        52189705.224617660        56480734.548000112     
  58.000000000000000        56264197.165411614        60480645.743057616     
  60.000000000000000        60461321.713607311        64582873.974317648     
  62.000000000000000        64775244.785665467        68791759.189872339     
  64.000000000000000        69198792.632604957        73093260.850937098     
  66.000000000000000        73718097.926430061        77476463.827988476     
  68.000000000000000        78341565.469714597        81940694.046133697     
  70.000000000000000        83076257.676421136        86495979.477411240     
  72.000000000000000        87917647.180001378        91142028.507375211     
  74.000000000000000        92848856.123619124        95865638.642320603     
  76.000000000000000        97879648.391338438        100665643.36624572     
  78.000000000000000        102988709.21339336        105528877.28160058     
  80.000000000000000        108173657.80336453        110453992.42768352     
  82.000000000000000        113419883.86707115        115438904.88325885     
  84.000000000000000        118738550.93229894        120480533.21377176     
  86.000000000000000        124127402.36868067        125568857.90148993     
  88.000000000000000        129590199.42094892        130712500.19577260     
  90.000000000000000        135126806.93917102        135918673.82215595     
  92.000000000000000        140724642.90701273        141179029.35942847     
  94.000000000000000        146361184.06705877        146478152.84202853     
  96.000000000000000        152042981.66890955        151814241.62196583     
  98.000000000000000        157765367.21164936        157188574.91988826     
  100.00000000000000        163524744.61464345        162595665.01194656     
  102.00000000000000        169326545.87680694        168028007.76886255     
  104.00000000000000        175152468.57178760        173479289.82164973     
  106.00000000000000        181006482.85121018        178952658.59461749     
  108.00000000000000        186894325.65531236        184450595.31707531     
  110.00000000000000        192814229.65215066        189977091.31392527     
  112.00000000000000        198766591.28510064        195532648.60081419     
  114.00000000000000        204751307.59036520        201108636.65773070     
  116.00000000000000        210763465.83104858        206700597.72299713     
  118.00000000000000        216784033.69906715        212298190.06653559     
  120.00000000000000        222798352.86208338        217895785.85548723     
  122.00000000000000        228807447.42912945        223490605.45654935     
  124.00000000000000        234826062.87766224        229092482.06982613     
  126.00000000000000        240851416.90187019        234701592.63882199     
  128.00000000000000        246872832.04289785        240310489.84168813     
  130.00000000000000        252888922.72758755        245918190.71335936     
  132.00000000000000        258912618.55180469        251530085.47521338     
  134.00000000000000        264926983.56265426        257140358.18925086     
  136.00000000000000        270943314.96190053        262745043.37329581     
  138.00000000000000        276952837.26256323        268344087.30218053     
  140.00000000000000        282949396.90111637        273936797.56775242     
  142.00000000000000        288938889.52678967        279524093.58390623     
  144.00000000000000        294919995.99156582        285103615.07957017     
  146.00000000000000        300887914.74192870        290669168.75283861     
  148.00000000000000        306835836.94387800        296213915.86713219     
  150.00000000000000        312752473.04641128        301732735.32197267     
  152.00000000000000        318639596.19689816        307226808.81075609     
  154.00000000000000        324515740.72361559        312709767.00829512     
  156.00000000000000        330369029.52448183        318174775.21979165     
  158.00000000000000        336202708.82985431        323623188.68835437     
  160.00000000000000        342014164.08075070        329052912.19357145     
  170.00000000000000        370674424.35692155        355847154.97700447     
  180.00000000000000        398581126.71455097        381898600.98041296     
  190.00000000000000        425588415.12484175        407063879.44769335     
  200.00000000000000        451207347.78775680        430871464.99219513     
