  5.0000000000000000        28323.718778575727        93649.120137197708     
  6.0000000000000000        69889.797656199458        197175.92863511058     
  7.0000000000000000        136888.11482894156        343402.68950296828     
  8.0000000000000000        233037.50629862671        533290.79272297549     
  9.0000000000000000        361231.91502282798        768040.21971426532     
  10.000000000000000        523762.26230528625        1046360.8375470079     
  12.000000000000000        958418.39936600393        1737456.8285460840     
  14.000000000000000        1547885.7746772168        2604743.4228481473     
  16.000000000000000        2299705.9912171247        3645395.0620971615     
  18.000000000000000        3218281.7422481845        4857167.3208636586     
  20.000000000000000        4306055.5869017718        6236056.4857932925     
  22.000000000000000        5565669.1289280877        7779675.3699999647     
  24.000000000000000        6998696.9570791833        9485909.4058854822     
  26.000000000000000        8601753.6336588617        11351002.474901522     
  28.000000000000000        10377639.839428732        13375128.273862442     
  30.000000000000000        12324801.716212029        15547480.420482052     
  32.000000000000000        14443172.736374946        17861920.658645052     
  34.000000000000000        16726995.632549323        20330686.834198069     
  36.000000000000000        19175183.858493458        22947783.156878173     
  38.000000000000000        21783642.915776413        25708365.027770791     
  40.000000000000000        24561149.944696628        28608110.442210335     
  42.000000000000000        27489014.864794791        31630027.236104693     
  44.000000000000000        30561651.253365461        34780406.554485992     
  46.000000000000000        33799684.306551039        38060963.142792299     
  48.000000000000000        37190392.851915650        41470762.253293954     
  50.000000000000000        40721181.924631834        44995234.104342096     
  52.000000000000000        44375478.576690629        48622269.492976598     
  54.000000000000000        48160376.398042172        52364219.797810353     
  56.000000000000000        52088256.147993423        56232215.717925422     
  58.000000000000000        56153555.052644178        60214883.101487681     
  60.000000000000000        60341110.087952159        64299484.136231348     
  62.000000000000000        64645083.436882235        68490345.658458859     
  64.000000000000000        69058300.960693508        72773454.358097926     
  66.000000000000000        73566933.434183151        77137988.285467982     
  68.000000000000000        78179383.335255310        81583287.966129035     
  70.000000000000000        82902714.160877824        86119321.623816788     
  72.000000000000000        87732398.361429229        90745811.058563292     
  74.000000000000000        92651646.055908203        95449557.514683932     
  76.000000000000000        97670074.305062145        100229481.27716516     
  78.000000000000000        102766532.23249926        105072371.41864407     
  80.000000000000000        107938554.74951974        109976958.24453305     
  82.000000000000000        113171617.27965990        114941097.04742812     
  84.000000000000000        118476826.91661707        119961833.57611620     
  86.000000000000000        123851944.83349438        125029136.62158631     
  88.000000000000000        129300767.53562947        130151656.40473966     
  90.000000000000000        134823181.58443174        135336574.41194245     
  92.000000000000000        140406559.86114988        140575473.80403784     
  94.000000000000000        146028441.82086650        145853026.28564876     
  96.000000000000000        151695361.34006807        151167410.53209144     
  98.000000000000000        157402745.38065144        156519906.00390461     
  100.00000000000000        163146891.99182892        161905055.40205073     
  102.00000000000000        168933298.83743089        167315420.61893857     
  104.00000000000000        174743652.64081275        172744698.07442111     
  106.00000000000000        180581962.34084180        178196032.93880787     
  108.00000000000000        186453892.44599339        183671949.85752842     
  110.00000000000000        192357851.13589239        189176364.45015860     
  112.00000000000000        198294089.30549380        194709899.07448211     
  114.00000000000000        204262543.67943275        200263833.26791367     
  116.00000000000000        210258332.93653858        205833831.27229470     
  118.00000000000000        216262447.98227111        211409503.13043332     
  120.00000000000000        222260240.51928058        216985123.40080479     
  122.00000000000000        228252744.43323132        222557993.06633827     
  124.00000000000000        234254730.59762594        228138034.79696724     
  126.00000000000000        240263350.56131724        233725209.54175609     
  128.00000000000000        246267973.87416372        239312245.34865347     
  130.00000000000000        252267344.13810468        244898145.85597640     
  132.00000000000000        258274184.14283606        250488285.25581041     
  134.00000000000000        264271685.26197863        256076886.28378388     
  136.00000000000000        270271127.78917199        261659971.58207008     
  138.00000000000000        276263725.82638615        267237603.23876944     
  140.00000000000000        282243394.98098993        272808959.42950749     
  142.00000000000000        288216032.95828247        278374970.63959587     
  144.00000000000000        294180255.33900172        283933341.22923511     
  146.00000000000000        300131322.06502503        289477931.29188526     
  148.00000000000000        306062396.21588856        295001795.34294689     
  150.00000000000000        311962213.08151817        300499983.37447029     
  152.00000000000000        317832571.33952320        305973338.82124895     
  154.00000000000000        323692053.55779731        311435871.49272907     
  156.00000000000000        329528678.51895958        316880467.15919340     
  158.00000000000000        335345841.50069040        322308715.49680096     
  160.00000000000000        341140779.60719681        327718300.29985660     
  170.00000000000000        369719472.36569053        354414535.22813720     
  180.00000000000000        397546850.75208038        380372763.93423742     
  190.00000000000000        424477851.35324383        405450533.27750546     
  200.00000000000000        450024835.91232359        429176888.58726978     
