  5.0000000000000000        5584.2141634101317        29818.589634143867     
  6.0000000000000000        31035.459562211850        122561.50656672935     
  7.0000000000000000        87516.569976110972        288343.82623154472     
  8.0000000000000000        183420.47467526700        532028.52189745987     
  9.0000000000000000        325053.28164462419        855689.07133561536     
  10.000000000000000        517231.27675504732        1260419.7255593219     
  12.000000000000000        1066874.4197525184        2311864.5045177196     
  14.000000000000000        1852416.5590597631        3681177.7798060249     
  16.000000000000000        2887651.9939056281        5364583.9126933785     
  18.000000000000000        4179001.6370411525        7348281.4211410312     
  20.000000000000000        5731182.8175872788        9627477.6103561558     
  22.000000000000000        7547045.1613582000        12195721.111307856     
  24.000000000000000        9625257.0155720226        15041044.198765479     
  26.000000000000000        11965891.727518523        18156037.219080608     
  28.000000000000000        14564905.089668952        21531054.953363232     
  30.000000000000000        17423926.095799886        25162568.131256498     
  32.000000000000000        20536655.031443387        29042065.221463203     
  34.000000000000000        23902858.310018674        33163789.047489449     
  36.000000000000000        27514496.937806740        37522605.664707653     
  38.000000000000000        31371106.462216347        42104409.476098217     
  40.000000000000000        35447005.630953327        46894396.293899037     
  42.000000000000000        39764997.241404012        51909497.112266548     
  44.000000000000000        44321480.757891916        57139778.853650033     
  46.000000000000000        49098936.500644483        62564232.804887466     
  48.000000000000000        54073421.936046377        68163676.217960507     
  50.000000000000000        59238009.216402613        73927738.860454664     
  52.000000000000000        64613951.252104446        79880974.704763204     
  54.000000000000000        70186779.386648521        86020009.372111619     
  56.000000000000000        75968101.314278871        92336084.523943424     
  58.000000000000000        81925985.809055507        98812251.957522854     
  60.000000000000000        88042524.783499420        105431532.45174524     
  62.000000000000000        94325463.105266213        112187275.75061688     
  64.000000000000000        100756454.22772357        119062239.95503710     
  66.000000000000000        107323438.27931133        126058737.38440840     
  68.000000000000000        114047711.05605704        133173469.76512651     
  70.000000000000000        120902452.25828423        140397749.75559428     
  72.000000000000000        127887355.53795911        147743151.78475219     
  74.000000000000000        135018183.32003540        155205986.89498976     
  76.000000000000000        142268763.76664117        162771192.54285362     
  78.000000000000000        149608226.47027054        170418062.54531342     
  80.000000000000000        157051377.68379602        178152198.94782546     
  82.000000000000000        164586158.80426493        185971600.27599388     
  84.000000000000000        172213366.16159669        193866673.86724406     
  86.000000000000000        179928769.10092005        201822488.53707913     
  88.000000000000000        187698943.35707456        209816994.44960475     
  90.000000000000000        195525322.65497807        217849081.62554827     
  92.000000000000000        203409134.74471515        225930554.91403848     
  94.000000000000000        211368670.10620934        234075727.40944147     
  96.000000000000000        219400697.32154873        242276277.32323137     
  98.000000000000000        227509975.39508972        250525783.75511622     
  100.00000000000000        235646900.10261470        258800721.34786996     
  102.00000000000000        243818918.22066733        267096194.79559675     
  104.00000000000000        252035173.95521042        275408688.64538848     
  106.00000000000000        260291690.53739583        283732899.51303613     
  108.00000000000000        268566866.81099403        292072722.88893485     
  110.00000000000000        276859919.43253243        300427345.33177644     
  112.00000000000000        285163091.83451647        308793442.81993943     
  114.00000000000000        293482975.72128332        317171499.88473850     
  116.00000000000000        301805919.56206894        325549868.12620085     
  118.00000000000000        310123209.54751939        333918446.84130490     
  120.00000000000000        318417508.31198609        342266617.85989946     
  122.00000000000000        326700775.86397725        350605132.32484728     
  124.00000000000000        334997948.23628002        358944951.59194422     
  126.00000000000000        343317046.26075035        367283246.39028639     
  128.00000000000000        351625748.61826062        375607301.89341491     
  130.00000000000000        359919114.75057536        383912956.17102504     
  132.00000000000000        368202289.28891492        392197604.15165728     
  134.00000000000000        376477574.87698489        400464059.14402992     
  136.00000000000000        384760046.60835391        408722298.87688494     
  138.00000000000000        393026564.89807248        416960192.48852772     
  140.00000000000000        401258530.20253497        425167805.57027316     
  142.00000000000000        409451983.39893305        433339533.42086846     
  144.00000000000000        417614940.00865811        441477702.74416518     
  146.00000000000000        425741410.14022851        449580799.05376232     
  148.00000000000000        433838168.04012549        457653872.91741633     
  150.00000000000000        441919731.92644799        465707655.25871027     
  152.00000000000000        449979227.36894315        473734610.58934331     
  154.00000000000000        458015563.20380735        481730061.58809960     
  156.00000000000000        466004981.60240972        489691351.18224430     
  158.00000000000000        473959922.36394674        497618380.37388760     
  160.00000000000000        481882835.51684988        505507893.77974194     
  170.00000000000000        521069080.17668355        544462506.11441529     
  180.00000000000000        559406573.54390192        582519344.20944285     
  190.00000000000000        596853721.96650314        619546422.29417276     
  200.00000000000000        632868724.82275772        655036977.34666657     
