  5.0000000000000000        28457.576019339947        93581.355271217864     
# 6.0000000000000000        70152.762992020769        196946.66129514249     
  6.0000000000000000        70163.804733062367        196978.10219690471     
# 7.0000000000000000        137346.74310442386        342968.99745152425     
  7.0000000000000000        137341.22647204006        342989.42687231157     
  8.0000000000000000        233697.18331963234        532569.80043221649     
  9.0000000000000000        362114.35425237374        766918.92788564833     
  10.000000000000000        524874.81724207045        1044742.9686670271     
  12.000000000000000        959983.39705157850        1734576.0319442309     
  14.000000000000000        1549854.4618153567        2600258.9795662924     
  16.000000000000000        2302002.6887125699        3638994.1769154305     
  18.000000000000000        3220811.8958819946        4848574.6542889578     
  20.000000000000000        4308720.3242405150        6225026.1745452471     
  22.000000000000000        5568364.4964456065        7765991.6534507452     
  24.000000000000000        7001320.9509052187        9469382.5412305612     
  26.000000000000000        8604218.3953893296        11331465.882130472     
  28.000000000000000        10379835.223819980        13352442.194344586     
  30.000000000000000        12326649.823854459        15521508.116804872     
  32.000000000000000        14444597.570235340        17832541.647019546     
  34.000000000000000        16727887.442785822        20297808.305451151     
  36.000000000000000        19175458.862212554        22911319.305031307     
  38.000000000000000        21783254.382303290        25668206.258082811     
  40.000000000000000        24559974.649668429        28564181.673074752     
  42.000000000000000        27486935.491226267        31582276.357371997     
  44.000000000000000        30558625.894949712        34728746.345272936     
  46.000000000000000        33795638.927582785        38005310.939884350     
  48.000000000000000        37185246.970848769        41411058.442277484     
  50.000000000000000        40714809.348386005        44931432.303977087     
  52.000000000000000        44367684.883030742        48554324.164735772     
  54.000000000000000        48151017.374260329        52292031.640020430     
  56.000000000000000        52077276.108513385        56155719.484944515     
  58.000000000000000        56140900.617904164        60134035.833488494     
  60.000000000000000        60326726.259877235        64214260.156906284     
  62.000000000000000        64628827.839611217        68400684.311093062     
  64.000000000000000        69039958.028555751        72679298.614559978     
  66.000000000000000        73546249.956245005        77039235.690033734     
  68.000000000000000        78156091.256243825        81479818.200816736     
  70.000000000000000        82876716.336673453        86011132.952070951     
  72.000000000000000        87703689.041848555        90632921.817267194     
  74.000000000000000        92620173.407935232        95331973.273860395     
  76.000000000000000        97635759.099031195        100107229.43344368     
  78.000000000000000        102729207.30878262        104945439.05663152     
  80.000000000000000        107898000.99278291        109845301.38358483     
  82.000000000000000        113127615.10781850        114804631.26030293     
  84.000000000000000        118429134.84202208        119820469.81059510     
  86.000000000000000        123800303.58771561        124882904.66692604     
  88.000000000000000        129245032.18826406        130000562.84028432     
  90.000000000000000        134763307.62746549        135180691.77836099     
  92.000000000000000        140342522.05728659        140414907.49835670     
  94.000000000000000        145960123.96161020        145687787.14075419     
  96.000000000000000        151622585.64179137        150997524.52533364     
  98.000000000000000        157325348.62284935        156345340.42628106     
  100.00000000000000        163064749.25119975        161725828.29418206     
  102.00000000000000        168846161.96533972        167131537.93002042     
  104.00000000000000        174651324.63188362        172556241.18005964     
  106.00000000000000        180484259.30746639        178002939.29942530     
  108.00000000000000        186350717.70113158        183474389.80909219     
  110.00000000000000        192249067.25516570        188974448.80569917     
  112.00000000000000        198179759.74105969        194503817.86150029     
  114.00000000000000        204142643.13501185        200053737.86172047     
  116.00000000000000        210132804.63732603        205619859.11334264     
  118.00000000000000        216131115.34503862        211191712.20484260     
  120.00000000000000        222122897.60989815        216763557.36169705     
  122.00000000000000        228109214.66703525        222332668.00950933     
  124.00000000000000        234104834.86786565        227909020.79285380     
  126.00000000000000        240107047.65891841        233492619.41036144     
  128.00000000000000        246105282.48235568        239076226.75114873     
  130.00000000000000        252098227.43343323        244658883.70390776     
  132.00000000000000        258098537.72765654        250245910.12167785     
  134.00000000000000        264089510.52467966        255831582.86969304     
  136.00000000000000        270082242.59783161        261411895.84444964     
  138.00000000000000        276068089.93137616        266986877.21612185     
  140.00000000000000        282040946.80852836        272555785.75313818     
  142.00000000000000        288006793.96551460        278119411.33320296     
  144.00000000000000        293964141.55615169        283675584.55050349     
  146.00000000000000        299908346.41247159        289218207.53230536     
  148.00000000000000        305832434.01617259        294740217.18434495     
  150.00000000000000        311725271.28008002        300236640.96808571     
  152.00000000000000        317588571.71541512        305708336.10541731     
  154.00000000000000        323440968.24551994        311169541.39104313     
  156.00000000000000        329270534.40412235        316612933.57228345     
  158.00000000000000        335080633.16929913        322040356.85137355     
  160.00000000000000        340868544.20724410        327449323.74711967     
  170.00000000000000        369411965.96471936        354144588.96719527     
  180.00000000000000        397204340.40887892        380106921.26130420     
  190.00000000000000        424101144.78103656        405193860.68589616     
  200.00000000000000        449614724.16079748        428935083.52357829     
