  5.0000000000000000        5645.4900340388349        30183.982585114511     
# 6.0000000000000000        31308.022590449054        123956.90225106123     
  6.0000000000000000        31309.796248231687        123952.56259459484     
# 7.0000000000000000        88167.417602469897        291474.21592370642     
  7.0000000000000000        88174.195075806696        291460.03052142571     
  8.0000000000000000        184614.68564815613        537616.40896209201     
  9.0000000000000000        326950.77600084810        864463.41505947767     
  10.000000000000000        519990.71274695784        1273117.3039229014     
  12.000000000000000        1071840.5605847903        2334618.0282439711     
  14.000000000000000        1860284.3386103280        3716938.1929685879     
  16.000000000000000        2899220.0801580730        5416315.7693242878     
  18.000000000000000        4195171.2399791637        7418859.0485762442     
  20.000000000000000        5752990.9374663811        9719766.3237314131     
  22.000000000000000        7575655.5005406067        12312532.413972275     
  24.000000000000000        9661926.7250342686        15185069.346356962     
  26.000000000000000        12011971.763270814        18329883.666589145     
  28.000000000000000        14621808.477020774        21737172.006422881     
  30.000000000000000        17493139.818247337        25403341.355410829     
  32.000000000000000        20619706.123708826        29319738.776128318     
  34.000000000000000        24001309.416611511        33480457.953686927     
  36.000000000000000        27629852.279935207        37880239.394085415     
  38.000000000000000        31504920.099304572        42504821.296804935     
  40.000000000000000        35600664.171128184        47339171.572615489     
  42.000000000000000        39940008.326464720        52400216.110286772     
  44.000000000000000        44519290.712608263        57677886.019089498     
  46.000000000000000        49320961.082249612        63150948.154106006     
  48.000000000000000        54320833.910113923        68800009.948758736     
  50.000000000000000        59511713.389076635        74614399.461093038     
  52.000000000000000        64915099.818331301        80618810.156330362     
  54.000000000000000        70516420.872912213        86809843.302702412     
  56.000000000000000        76327478.972448155        93178677.339118764     
  58.000000000000000        82315990.892478943        99708180.658697680     
  60.000000000000000        88463897.975117058        106381157.57872576     
  62.000000000000000        94778882.305494905        113190822.98034927     
  64.000000000000000        101242219.57496409        120119643.96582110     
  66.000000000000000        107841785.14149669        127169891.87261721     
  68.000000000000000        114598935.97457823        134338059.56076509     
  70.000000000000000        121486871.50687498        141615500.87388960     
  72.000000000000000        128505237.73717448        149014175.40823010     
  74.000000000000000        135669928.20586383        156530277.93278876     
  76.000000000000000        142954722.55302134        164148494.66546291     
  78.000000000000000        150328414.91623372        171848208.05709702     
  80.000000000000000        157805926.90851551        179635102.63255835     
  82.000000000000000        165374987.63885683        187506806.08232063     
  84.000000000000000        173036112.83177537        195453796.84462205     
  86.000000000000000        180784956.69816521        203460866.12470815     
  88.000000000000000        188588172.26063770        211505632.72026843     
  90.000000000000000        196446869.97459236        219587141.73266187     
  92.000000000000000        204362558.09375992        227717521.68054548     
  94.000000000000000        212353790.43169329        235910887.00679722     
  96.000000000000000        220417321.17485118        244159403.02616677     
  98.000000000000000        228557679.49799043        252456316.86058953     
  100.00000000000000        236725081.38947728        260778073.86968383     
  102.00000000000000        244927119.00189260        269119537.46245164     
  104.00000000000000        253172734.16084677        277477106.53533405     
  106.00000000000000        261457869.17284271        285845203.08562297     
  108.00000000000000        269760834.99306881        294228232.59957170     
  110.00000000000000        278080862.15962225        302625363.50818574     
  112.00000000000000        286410532.65503883        311033721.64523697     
  114.00000000000000        294756299.36250943        319453573.05320698     
  116.00000000000000        303104540.89890939        327873233.95533794     
  118.00000000000000        311446366.40336305        336282564.75489539     
  120.00000000000000        319764359.47309631        344670984.03374130     
  122.00000000000000        328070382.67444509        353049481.96560961     
  124.00000000000000        336389607.07514238        361428546.01959109     
  126.00000000000000        344730223.83878243        369805424.67521125     
  128.00000000000000        353059685.41021800        378167423.90226591     
  130.00000000000000        361373141.90421706        386510241.07256109     
  132.00000000000000        369675750.56961745        394831398.70939577     
  134.00000000000000        377969609.17552072        403133670.24961728     
  136.00000000000000        386270008.34346682        411426941.67447877     
  138.00000000000000        394553655.94058245        419698930.62732506     
  140.00000000000000        402802043.69337070        427940327.59020889     
  142.00000000000000        411011146.66650075        436145789.45342088     
  144.00000000000000        419189246.05253464        444317150.36322683     
  146.00000000000000        427330214.54356790        452452984.89911503     
  148.00000000000000        435440465.37450373        460558658.79568833     
  150.00000000000000        443535148.61699760        468644797.63603669     
  152.00000000000000        451607144.65670943        476704024.82071769     
  154.00000000000000        459655650.57443231        484731346.68846226     
  156.00000000000000        467656419.92829180        492723885.74920499     
  158.00000000000000        475622006.64797473        500681673.03627402     
  160.00000000000000        483554814.12136900        508601571.09238702     
  170.00000000000000        522783135.89120895        547700539.23494411     
  180.00000000000000        561149726.46947682        585891952.93297172     
  190.00000000000000        598615584.29828012        623043883.62524486     
  200.00000000000000        634637298.24203432        658646589.56084323     
