   5.0000000000000000        5572.1239552823745        29630.473911870115
   6.0000000000000000        30965.148600290933        121735.62399710140     
   7.0000000000000000        87309.505032583635        286318.45402420440     
   8.0000000000000000        182968.27319016424        528174.91783259541     
   9.0000000000000000        324220.24070214090        849337.77245945123     
   10.000000000000000        515856.75405024696        1250874.1922551703     
   12.000000000000000        1063763.2005976201        2293770.8168078982     
   14.000000000000000        1838163.1816974056        3649129.1224940564     
   16.000000000000000        2838062.6714751702        5308804.3252344979     
   18.000000000000000        4103234.4758330528        7269444.5438558413     
   20.000000000000000        5637199.9933018135        9525448.1787681542     
   22.000000000000000        7434625.9379306110        12068078.166919846     
   24.000000000000000        9496939.9858560786        14886327.704468286     
   26.000000000000000        11817687.724777538        17970883.404885005     
   28.000000000000000        14401758.794629298        21314972.290594120     
   30.000000000000000        17240000.868668672        24911863.568032887     
   32.000000000000000        20332361.277370527        28755104.417916805     
   34.000000000000000        23676650.140846796        32838485.436026216     
   36.000000000000000        27271297.197246272        37158684.431399547     
   38.000000000000000        31101402.188563541        41697861.143097416     
   40.000000000000000        35154962.171283901        46445020.715191789     
   42.000000000000000        39453155.163981289        51416469.154591590     
   44.000000000000000        43983496.844168596        56600445.768606029     
   46.000000000000000        48728101.919362716        61975863.254919320     
   48.000000000000000        53665431.738104552        67523803.508538499     
   50.000000000000000        58807567.745611511        73239589.427255645     
   52.000000000000000        64163095.941862844        79144623.545468360     
   54.000000000000000        69714597.397018537        85234127.886458680     
   56.000000000000000        75455448.749119550        91494932.689910486     
   58.000000000000000        81376897.094567791        97916212.331651926     
   60.000000000000000        87456602.713112041        104479407.47992848     
   62.000000000000000        93694112.702237338        111175907.21012613     
   64.000000000000000        100074571.46045263        117989873.60559013     
   66.000000000000000        106612699.48362033        124931491.21549419     
   68.000000000000000        113300346.68618578        131989195.23340562     
   70.000000000000000        120123151.35204025        139157278.02177545     
   72.000000000000000        127073858.24177562        146445305.12183174     
   74.000000000000000        134158553.55155894        153847830.86862943     
   76.000000000000000        141374396.32364628        161355686.25106776     
   78.000000000000000        148686592.93071139        168947340.29730871     
   80.000000000000000        156095182.63722542        176624369.92541170     
   82.000000000000000        163599950.66020221        184387501.15075341     
   84.000000000000000        171186349.93522030        192223057.82226607     
   86.000000000000000        178840951.34874123        200114060.91684172     
   88.000000000000000        186556552.20440829        208046161.32331231     
   90.000000000000000        194332092.73718399        216017304.08428690     
   92.000000000000000        202173127.18101430        224040189.32427788     
   94.000000000000000        210093796.50145128        232127794.33308524     
   96.000000000000000        218083733.89932975        240269878.66289639     
   98.000000000000000        226125105.71552256        248453944.08765361     
    100.00000000000000        234202549.96126619        256665562.66483781     
    102.00000000000000        242318623.18052754        264899020.04955870     
    104.00000000000000        250468553.87489307        273147171.67126215     
    106.00000000000000        258651795.93470934        281405867.33372903     
    108.00000000000000        266874314.11225438        289686494.09355181     
    110.00000000000000        275127946.82009292        297986192.75720870     
    112.00000000000000        283402412.51133686        306300705.00183195     
    114.00000000000000        291700094.02227849        314629539.68656152     
    116.00000000000000        300004673.53443909        322960057.25426406     
    118.00000000000000        308303709.73299760        331281445.23161167     
    120.00000000000000        316577773.06529987        339582234.76038831     
    122.00000000000000        324836099.80881912        347872457.31774098     
    124.00000000000000        333100146.89506996        356162264.51410067     
    126.00000000000000        341363902.71168143        364445314.10298938     
    128.00000000000000        349622278.96520609        372715967.85333371     
    130.00000000000000        357875735.80627441        380971458.91888738     
    132.00000000000000        366113272.36938572        389205053.40922195     
    134.00000000000000        374336962.77533883        397419456.10239702     
    136.00000000000000        382565215.02284658        405625503.09645557     
    138.00000000000000        390786421.48457217        413813866.40058118     
    140.00000000000000        398980831.39112902        421974390.74786359     
    142.00000000000000        407140201.88021719        430100184.20871681     
    144.00000000000000        415270053.20728672        438193045.86805856     
    146.00000000000000        423365242.91029447        446251504.48553121     
    148.00000000000000        431430081.94005692        454280236.75199682     
    150.00000000000000        439472991.09704167        462287790.50591183     
    152.00000000000000        447483431.12463707        470265986.05671424     
    154.00000000000000        455453371.10274369        478208974.09350234     
    156.00000000000000        463389949.47571194        486121413.50930345     
    158.00000000000000        471294639.81359494        494000460.85604572     
    160.00000000000000        479164987.57244259        501841966.36967421     
    170.00000000000000        518065541.23040485        540558100.39122128     
    180.00000000000000        556170995.54116488        578403137.28604400     
    190.00000000000000        593499622.93779373        615268816.87839031     
    200.00000000000000        629449491.43126750        650632430.35224807     
