   5.0000000000000000        5589.4070923721592        29984.168424877560     
   6.0000000000000000        31068.742088059178        123267.18999028204     
   7.0000000000000000        87620.767757553462        290050.80446338828     
   8.0000000000000000        183658.13863547670        535250.68468286353     
   9.0000000000000000        325505.66759478196        860972.37754643022     
   10.000000000000000        517996.93888858613        1268332.1633673287     
   12.000000000000000        1068624.6294893993        2326779.9073334900     
   14.000000000000000        1855720.8196213734        3705455.5330824144     
   16.000000000000000        2893175.3482183781        5400597.4460915802     
   18.000000000000000        4187488.2830328173        7398340.9731290434     
   20.000000000000000        5743442.4216104569        9693860.8691767342     
   22.000000000000000        7563941.8843152774        12280656.082551222     
   24.000000000000000        9647691.8728724178        15146658.519270694     
   26.000000000000000        11994804.839408372        18284387.599108830     
   28.000000000000000        14601237.915464649        21684088.929746121     
   30.000000000000000        17468657.911315344        25342188.850892790     
   32.000000000000000        20590769.164216917        29250060.624286357     
   34.000000000000000        23967342.278776053        33401883.334253892     
   36.000000000000000        27590289.879703794        37792417.204144806     
   38.000000000000000        31459240.152728342        42407471.758065745     
   40.000000000000000        35548348.952233292        47232050.834726781     
   42.000000000000000        39880508.918648876        52283175.401230708     
   44.000000000000000        44452095.205239028        57550830.873274207     
   46.000000000000000        49245589.126946867        63013815.367752850     
   48.000000000000000        54236968.871868573        68652812.448982850     
   50.000000000000000        59419267.473353885        74457298.252638355     
   52.000000000000000        64813740.065692991        80451988.318702206     
   54.000000000000000        70405794.947738841        86633396.015425876     
   56.000000000000000        76207247.947676927        92992757.208128035     
   58.000000000000000        82185907.819364294        99512971.873465538     
   60.000000000000000        88323875.518867850        106176885.94656064     
   62.000000000000000        94628965.464088842        112977899.30118644     
   64.000000000000000        101082740.59408116        119898556.31944089     
   66.000000000000000        107672992.30900794        126941165.96353477     
   68.000000000000000        114421174.37620342        134102374.31355281     
   70.000000000000000        121300390.44083460        141373416.33363792     
   72.000000000000000        128310079.18597052        148765925.68338001     
   74.000000000000000        135466200.73387730        156276201.89266989     
   76.000000000000000        142742550.48257378        163889075.97287506     
   78.000000000000000        150108105.98795360        171583751.28716859     
   80.000000000000000        157577658.43669084        179365883.59941319     
   82.000000000000000        165139188.69126859        187233355.11303642     
   84.000000000000000        172793379.79962483        195176645.29950517     
   86.000000000000000        180536051.25783047        203180615.33078957     
   88.000000000000000        188333669.47828105        211223083.56838036     
   90.000000000000000        196187659.81644869        219302936.98507261     
   92.000000000000000        204099206.39338017        227432085.51011449     
   94.000000000000000        212086639.44304883        235624726.85898340     
   96.000000000000000        220146783.45717511        243872664.52846786     
   98.000000000000000        228284161.77862257        252169499.15879703     
   100.00000000000000        236449108.00823960        260491414.72627041     
   102.00000000000000        244649242.37338784        268833471.24546242     
   104.00000000000000        252893613.85735276        277192168.60935551     
   106.00000000000000        261178264.11348590        285562099.03091699     
   108.00000000000000        269481611.11471933        293947305.01566660     
   110.00000000000000        277802608.57851452        302347040.45496058     
   112.00000000000000        286133596.06237674        310757958.86919683     
   114.00000000000000        294481262.16003537        319180641.54936254     
   116.00000000000000        302831920.27299786        327603215.23085463     
   118.00000000000000        311176623.15876812        336015575.19071829     
   120.00000000000000        319498057.12224472        344407278.73908257     
   122.00000000000000        327808324.76260054        352788876.34013224     
   124.00000000000000        336132258.91945124        361171306.47296721     
   126.00000000000000        344478138.26176685        369551853.12908196     
   128.00000000000000        352813248.13794315        377917551.02604932     
   130.00000000000000        361132796.91172475        386264222.25309730     
   132.00000000000000        369441965.33681542        394589393.96726054     
   134.00000000000000        377742885.15833664        402895859.22551191     
   136.00000000000000        386050724.59238720        411193554.15347916     
   138.00000000000000        394342403.37308049        419470217.95550102     
   140.00000000000000        402599141.80158228        427716409.76584023     
   142.00000000000000        410816954.28968126        435926157.48713291     
   144.00000000000000        419004020.26102167        444101871.37107766     
   146.00000000000000        427154376.69319266        452242012.24585050     
   148.00000000000000        435274588.43380886        460351523.30327982     
   150.00000000000000        443379320.68297946        468441440.37352633     
   152.00000000000000        451461587.55390680        476504122.21901071     
   154.00000000000000        459520644.52325356        484534827.64346308     
   156.00000000000000        467531869.07645482        492530796.10544097     
   158.00000000000000        475508383.48258221        500491973.75313359     
   160.00000000000000        483452649.81033742        508415044.50001770     
   170.00000000000000        522740795.44668704        547529654.07379460     
   180.00000000000000        561170834.94152880        585733702.40154195     
   190.00000000000000        598701505.55712438        622894279.23525274     
   200.00000000000000        634789290.71697640        658502073.24536622     
