  5.0000000000000000        28325.580225415255        93822.701976568293     
  6.0000000000000000        69895.046158921949        197534.19248503982     
  7.0000000000000000        136899.58852551531        344015.18395587994     
  8.0000000000000000        233058.87483714492        534225.74449111335     
  9.0000000000000000        361267.61776124593        769365.44593490660     
  10.000000000000000        523817.48864460789        1048139.2447584209     
  12.000000000000000        958531.18714113103        1740330.4737578931     
  14.000000000000000        1548084.2554168047        2608945.6994378092     
  16.000000000000000        2300023.6917959307        3651143.7957889060     
  18.000000000000000        3218755.3556117988        4864665.8703151178     
  20.000000000000000        4306724.5066376440        6245493.9714543931     
  22.000000000000000        5566577.6595306378        7791227.1270523565     
  24.000000000000000        6999890.4125046786        9499741.4710647818     
  26.000000000000000        8603278.9583153594        11367271.661771443     
  28.000000000000000        10379543.490836747        13393984.617882926     
  30.000000000000000        12327133.328778155        15569048.145226313     
  32.000000000000000        14445986.736239916        17886308.420142837     
  34.000000000000000        16730342.268195326        20358030.574588530     
  36.000000000000000        19179113.661595389        22978199.112819012     
  38.000000000000000        21788205.259423874        25741964.539577723     
  40.000000000000000        24566400.719276093        28644983.061265852     
  42.000000000000000        27495010.024504844        31670237.941766351     
  44.000000000000000        30568432.487181127        34824041.275162980     
  46.000000000000000        33807302.533325389        38108090.677153885     
  48.000000000000000        37198901.169002280        41521451.781585768     
  50.000000000000000        40730633.637090132        45049530.537140682     
  52.000000000000000        44385915.127049297        48680217.558156446     
  54.000000000000000        48171844.469662674        52425867.914147884     
  56.000000000000000        52100800.974569097        56297633.617423646     
  58.000000000000000        56167225.638033740        60284115.438736655     
  60.000000000000000        60355944.028265864        64372552.906104684     
  62.000000000000000        64661129.054006875        68567301.192395493     
  64.000000000000000        69075593.245618194        72854314.999007851     
  66.000000000000000        73585518.494411349        77222773.418814868     
  68.000000000000000        78199294.933018014        81671953.701761425     
  70.000000000000000        82923984.747784331        86211902.904397324     
  72.000000000000000        87755065.285472810        90842319.989847511     
  74.000000000000000        92675742.321600810        95549990.716235578     
  76.000000000000000        97695639.251198769        100333830.73781958     
  78.000000000000000        102793567.03088091        105180643.04877147     
  80.000000000000000        107967125.00709100        110089119.46786694     
  82.000000000000000        113201732.06036288        115057170.31729960     
  84.000000000000000        118508508.45294246        120081737.60316719     
  86.000000000000000        123885226.30275179        125152848.18190855     
  88.000000000000000        129335675.80531606        130279095.73229870     
  90.000000000000000        134859717.76603106        135467706.70036456     
  92.000000000000000        140444740.54477543        140710283.09282199     
  94.000000000000000        146068302.19496742        145991508.10090479     
  96.000000000000000        151736927.80799240        151309532.20078999     
  98.000000000000000        157446007.78024760        156665614.76689756     
  100.00000000000000        163191847.64196426        162054375.80112949     
  102.00000000000000        168979978.47528446        167468231.05242521     
  104.00000000000000        174792072.68903178        172900991.28665817     
  106.00000000000000        180632126.54323849        178355700.66823730     
  108.00000000000000        186505814.60346720        183834931.50670400     
  110.00000000000000        192411506.01612324        189342637.71404350     
  112.00000000000000        198349517.04085034        194879350.23687717     
  114.00000000000000        204319757.95553121        200436411.53870019     
  116.00000000000000        210317345.91632763        206009450.59067252     
  118.00000000000000        216323229.87326285        211588060.54523107     
  120.00000000000000        222322776.42355028        217166617.54995874     
  122.00000000000000        228317049.26080552        222742386.87106523     
  124.00000000000000        234320804.11156338        228325249.38352320     
  126.00000000000000        240331178.93229136        233915165.21471918     
  128.00000000000000        246337580.37650022        239504894.80843940     
  130.00000000000000        252338694.58630872        245093450.98471737     
  132.00000000000000        258347285.32143199        250686205.93370169     
  134.00000000000000        264346523.60088983        256277353.11591402     
  136.00000000000000        270347725.76048148        261862901.74069640     
  138.00000000000000        276342041.15690327        267442893.40996096     
  140.00000000000000        282323446.92669362        273016538.35143924     
  142.00000000000000        288297810.32685035        278584781.16302127     
  144.00000000000000        294263739.16011071        284145313.14312166     
  146.00000000000000        300216485.46545339        289692033.20467317     
  148.00000000000000        306149246.98461998        295217911.67283064     
  150.00000000000000        312050748.00437796        300718018.59938753     
  152.00000000000000        317922839.24206561        306193251.58824497     
  154.00000000000000        323783915.82115096        311657644.75120354     
  156.00000000000000        329622182.16139394        317104034.14973247     
  158.00000000000000        335440961.63055837        322534037.87512404     
  160.00000000000000        341237463.09534097        327945255.69912076     
  170.00000000000000        369824036.46063602        354648672.61403149     
  180.00000000000000        397658869.00685608        380612335.42020273     
  190.00000000000000        424596905.32151544        405693621.83562934     
  200.00000000000000        450150027.14588231        429421799.70000947     
