  5.0000000000000000        28297.799468196270        93397.169100141065     
# 6.0000000000000000        69814.235522932082        196628.06379854627     
  6.0000000000000000        69825.253801320447        196659.41125931460     
# 7.0000000000000000        136766.12623540784        342504.15244942770     
  7.0000000000000000        136760.66627398384        342524.40803575440     
  8.0000000000000000        232818.96172437872        531956.27874270815     
  9.0000000000000000        360890.99765579402        766156.26759114966     
  10.000000000000000        523264.98972098361        1043841.7026969244     
  12.000000000000000        957497.80267662357        1733411.7803844518     
  14.000000000000000        1546385.5752334453        2598856.9166292609     
  16.000000000000000        2297459.8128018719        3637376.5345398174     
  18.000000000000000        3215115.3066534358        4846745.4811157398     
  20.000000000000000        4301791.7412713664        6222978.6586741852     
  22.000000000000000        5560125.7679340476        7763705.3328415211     
  24.000000000000000        6991689.2445620215        9466822.7005362324     
  26.000000000000000        8593102.7170839589        11328583.229202002     
  28.000000000000000        10367155.925228113        13349169.335964626     
  30.000000000000000        12312298.413205687        15517804.865606753     
  32.000000000000000        14428469.863274222        17828374.355460484     
  34.000000000000000        16709912.925322199        20293069.151515234     
  36.000000000000000        19155538.514233366        22905913.405119643     
  38.000000000000000        21761261.709008247        25662061.404766373     
  40.000000000000000        24535850.952589568        28557233.796049286     
  42.000000000000000        27460634.747659680        31574454.295796923     
  44.000000000000000        30530027.280515071        34719985.182217292     
  46.000000000000000        33764642.067526162        37995564.678704262     
  48.000000000000000        37151766.449783526        41400244.086038075     
  50.000000000000000        40678822.992086649        44919468.833302453     
  52.000000000000000        44329245.182130948        48541152.615780115     
  54.000000000000000        48110137.514357574        52277611.527507149     
  56.000000000000000        52033857.557921752        56139970.162715524     
  58.000000000000000        56094846.021806717        60116871.839136317     
  60.000000000000000        60277976.074003361        64195574.263145298     
  62.000000000000000        64577394.318345211        68380396.059093401     
  64.000000000000000        68985949.024191633        72657341.522444069     
  66.000000000000000        73489814.465755120        77015621.356019676     
  68.000000000000000        78097397.786483631        81454567.448499724     
  70.000000000000000        82815748.155646995        85984157.887851611     
  72.000000000000000        87640357.040616289        90604106.323564842     
  74.000000000000000        92554426.315505072        95301186.616663456     
  76.000000000000000        97567609.753676593        100074370.88084069     
  78.000000000000000        102658711.94804803        104910414.79132313     
  80.000000000000000        107825344.16654606        109808071.64764491     
  82.000000000000000        113052953.34504916        114765169.77174334     
  84.000000000000000        118352644.38552499        119778798.51388577     
  86.000000000000000        123722176.36778949        124838952.78845955     
  88.000000000000000        129165358.76942299        129954274.88725713     
  90.000000000000000        134682074.11998156        135131932.75305778     
  92.000000000000000        140259716.93697658        140363466.60840648     
  94.000000000000000        145875831.24401805        145633591.69920799     
  96.000000000000000        151536969.37640050        150940448.79532179     
  98.000000000000000        157238534.24281844        156285337.51076826     
  100.00000000000000        162976830.38581958        161662793.32775709     
  102.00000000000000        168757379.01694915        167065434.93609980     
  104.00000000000000        174561868.46633342        172486975.13496256     
  106.00000000000000        180394299.88272670        177930489.29554716     
  108.00000000000000        186260385.48159057        183398568.18714976     
  110.00000000000000        192158412.07110408        188895085.50162619     
  112.00000000000000        198088776.06935388        194420767.53335297     
  114.00000000000000        204051339.52067065        199966799.91463706     
  116.00000000000000        210041256.09509993        205528873.76522619     
  118.00000000000000        216039484.99045923        211096644.36978191     
  120.00000000000000        222031434.66361687        216664328.84817839     
  122.00000000000000        228018111.91321242        222229171.19722429     
  124.00000000000000        234014298.38454697        227801189.82325354     
  126.00000000000000        240017124.52349040        233380292.87157133     
  128.00000000000000        246016007.61056650        238959210.49190748     
  130.00000000000000        252009658.10374987        244537035.79568404     
  132.00000000000000        258010837.72219747        250119061.75999352     
  134.00000000000000        264002692.64180672        255699533.81728035     
  136.00000000000000        269996520.96456748        261274563.92982054     
  138.00000000000000        275983546.03217697        266844093.08648345     
  140.00000000000000        281957706.14997637        272407373.99272883     
  142.00000000000000        287924809.24445421        277965330.00215483     
  144.00000000000000        293883607.56825662        283515655.84742558     
  146.00000000000000        299829236.27784073        289052297.25739068     
  148.00000000000000        305754968.85399234        294568187.85025525     
  150.00000000000000        311649517.29801923        300058507.30853558     
  152.00000000000000        317514658.04615211        305523907.48914409     
  154.00000000000000        323368956.53300828        310978588.37089193     
  156.00000000000000        329200433.64371401        316415373.78459775     
  158.00000000000000        335012585.27346820        321835889.93175143     
  160.00000000000000        340802447.14924061        327237699.57384908     
  170.00000000000000        369356910.38831639        353895978.02483338     
  180.00000000000000        397161627.49153399        379818398.35548460     
  190.00000000000000        424071597.91458952        404862731.52125931     
  200.00000000000000        449599708.31792498        428558405.10827070     
