  5.0000000000000000        5582.7590740730020        29760.748934623251     
  6.0000000000000000        31025.179252896891        122314.28595079489     
  7.0000000000000000        87482.453137810211        287742.65118967753     
  8.0000000000000000        183339.47869733177        530887.84672043577     
  9.0000000000000000        324894.49427702656        853808.93691734166     
  10.000000000000000        516956.25285894366        1257590.5912717809     
  12.000000000000000        1066224.3147545182        2306486.9131326606     
  14.000000000000000        1851160.1229848266        3672366.5665863943     
  16.000000000000000        2885514.7301860726        5351437.0649894737     
  18.000000000000000        4175672.8568738340        7329915.3853413435     
  20.000000000000000        5726321.7637878098        9603016.4793158676     
  22.000000000000000        7540291.2971531143        12164307.348154165     
  24.000000000000000        9616229.2079074793        15001851.653323833     
  26.000000000000000        11954195.152065091        18108271.623630594     
  28.000000000000000        14550134.222240459        21473953.246473517     
  30.000000000000000        17405665.732914798        25095390.665023081     
  32.000000000000000        20514497.619778246        28964108.256452732     
  34.000000000000000        23876385.721189111        33074377.798789054     
  36.000000000000000        27483310.386772361        37421100.311539732     
  38.000000000000000        31334769.561231121        41990215.565296359     
  40.000000000000000        35405146.058866918        46766973.973802313     
  42.000000000000000        39717230.063318200        51768310.245215721     
  44.000000000000000        44267413.271955907        56984299.447080396     
  46.000000000000000        49038170.110428400        62393980.967249908     
  48.000000000000000        54005598.820973687        67978259.643907204     
  50.000000000000000        59162788.953551009        73726799.737382755     
  52.000000000000000        64531004.547406755        79664135.235016227     
  54.000000000000000        70095814.611334696        85786893.925847873     
  56.000000000000000        75868772.736658826        92086349.501134902     
  58.000000000000000        81817980.877815530        98545584.458891407     
  60.000000000000000        87925606.139797792        105147687.16428883     
  62.000000000000000        94199315.692040130        111886043.78844778     
  64.000000000000000        100620836.39467642        118743413.86051486     
  66.000000000000000        107178157.42452219        125722192.35556702     
  68.000000000000000        113892489.71790695        132819002.03690791     
  70.000000000000000        120737117.61268815        140025276.51974192     
  72.000000000000000        127711745.69182943        147352559.45253691     
  74.000000000000000        134832082.89110902        154797139.87979192     
  76.000000000000000        142072011.20273119        162343944.03770578     
  78.000000000000000        149400680.80833507        169972343.28655520     
  80.000000000000000        156832848.96946841        177688006.37000141     
  82.000000000000000        164356631.08401364        185488890.02127090     
  84.000000000000000        171972710.29582605        193365377.84370732     
  86.000000000000000        179676799.40473142        201302663.71487328     
  88.000000000000000        187435681.07894176        209278633.64665779     
  90.000000000000000        195250653.75119817        217292277.16702655     
  92.000000000000000        203122985.13893983        225355388.34623459     
  94.000000000000000        211071010.14252567        233482128.72198176     
  96.000000000000000        219091642.98490596        241664432.10950682     
  98.000000000000000        227189270.07503387        249895616.05833030     
  100.00000000000000        235314613.49770752        258152410.78465116     
  102.00000000000000        243475104.80613685        266429920.94615149     
  104.00000000000000        251679811.25526637        274724510.59057385     
  106.00000000000000        259924626.94372764        283030964.16909516     
  108.00000000000000        268188338.88119626        291353223.72195667     
  110.00000000000000        276469817.62353945        299690353.16416496     
  112.00000000000000        284761471.88464683        308039019.43512017     
  114.00000000000000        293069942.78088224        316399845.54782552     
  116.00000000000000        301381540.72335041        324760965.89498049     
  118.00000000000000        309687419.02233171        333112601.88116908     
  120.00000000000000        317970539.94962376        341443795.44846362     
  122.00000000000000        326242745.53123945        349765513.15680015     
  124.00000000000000        334528820.82741213        358088782.96308011     
  126.00000000000000        342836822.53567851        366410611.05324095     
  128.00000000000000        351134472.21648210        374718432.13763106     
  130.00000000000000        359416975.47827727        383007975.12303483     
  132.00000000000000        367689460.12285274        391276798.62638116     
  134.00000000000000        375954041.73581278        399527635.04822677     
  136.00000000000000        384225905.38882911        407770460.35773379     
  138.00000000000000        392481786.62528771        415992984.81503963     
  140.00000000000000        400703459.82145524        424185500.06937319     
  142.00000000000000        408886622.10692573        432342249.74792790     
  144.00000000000000        417039328.63315248        440465802.74875057     
  146.00000000000000        425155836.42511743        448554227.84101093     
  148.00000000000000        433242581.96806777        456612728.75114727     
  150.00000000000000        441314498.34597385        464652137.69523418     
  152.00000000000000        449364339.06213576        472665033.83221191     
  154.00000000000000        457391126.73759842        480646591.45474547     
  156.00000000000000        465370811.40752202        488593931.18472534     
  158.00000000000000        473316422.89694953        496507369.47702920     
  160.00000000000000        481230211.29236144        504383637.95987487     
  170.00000000000000        520372135.87861812        543274100.98447382     
  180.00000000000000        558668286.07304895        581271354.08145690     
  190.00000000000000        596076809.70491552        618243573.40664399     
  200.00000000000000        632056539.61890149        653685318.24226463     
