   5.0000000000000000        28801.813325825802        95278.777496703144     
   6.0000000000000000        71378.998931064532        201654.76334493101     
   7.0000000000000000        140419.22702252452        353053.62897057220     
   8.0000000000000000        240107.69955694961        551186.15733026946     
   9.0000000000000000        373846.14810149476        798036.62657887139     
   10.000000000000000        544479.62174690724        1093038.5753347867     
   12.000000000000000        1005328.8955782589        1834449.2900878051     
   14.000000000000000        1638387.9455352852        2779739.2153106444     
   16.000000000000000        2456326.4998936476        3932096.2981844740     
   18.000000000000000        3468819.9201106932        5295381.5858631106     
   20.000000000000000        4683721.9789019907        6871470.5968012642     
   22.000000000000000        6109162.9972979985        8663812.1888534538     
   24.000000000000000        7752234.6488758465        10676099.692620674     
   26.000000000000000        9615150.6101269312        12910300.077749655     
   28.000000000000000        11706131.300292440        15372517.194415685     
   30.000000000000000        14029390.232919125        18056367.620138071     
   32.000000000000000        16590479.978904353        20960310.353607804     
   34.000000000000000        19388396.754293732        24104189.381844647     
   36.000000000000000        22427415.434774373        27486770.859871589     
   38.000000000000000        25709832.135697585        31108079.375553481     
   40.000000000000000        29248653.709217310        34967721.078966178     
   42.000000000000000        33028362.303837474        39050561.316124529     
   44.000000000000000        37050658.547447495        43369717.745599590     
   46.000000000000000        41342147.816974774        47931576.291887537     
   48.000000000000000        45892921.063095532        52739821.495022841     
   50.000000000000000        50692630.344397143        57780811.224548399     
   52.000000000000000        55727249.796626523        63043627.562645756     
   54.000000000000000        61011010.078206785        68548254.680994213     
   56.000000000000000        66562538.414917156        74313257.170934930     
   58.000000000000000        72378780.986209542        80328267.275566846     
   60.000000000000000        78445996.115903839        86580693.529602885     
   62.000000000000000        84759433.270147398        93079035.985043079     
   64.000000000000000        91312937.122522891        99807835.326696664     
   66.000000000000000        98096923.685842350        106756845.87186348     
   68.000000000000000        105123968.90515621        113927840.20335299     
   70.000000000000000        112406954.68977652        121337921.26633975     
   72.000000000000000        119942032.79084390        128989328.65276904     
   74.000000000000000        127711386.34298585        136866571.62402537     
   76.000000000000000        135724860.05074599        144968966.13223401     
   78.000000000000000        143959564.29655552        153280492.38757306     
   80.000000000000000        152414667.92932290        161800581.74911889     
   82.000000000000000        161077292.02720183        170528902.98406392     
   84.000000000000000        169960237.67514226        179462454.36957532     
   86.000000000000000        179065617.71967742        188589985.99120536     
   88.000000000000000        188405671.04907343        197927331.56920236     
   90.000000000000000        197979253.45737854        207485335.74395281     
   92.000000000000000        207764265.01574892        217250027.93555623     
   94.000000000000000        217728438.22383910        227197375.48459402     
   96.000000000000000        227877078.24681267        237323772.35048059     
   98.000000000000000        238211185.77088621        247633974.56123701     
   100.00000000000000        248725430.65382364        258120000.54522344     
   102.00000000000000        259424810.22597131        268770778.37364340     
   104.00000000000000        270291034.63179100        279578616.03497678     
   106.00000000000000        281330622.31767738        290548938.69005907     
   108.00000000000000        292546902.51963902        301683394.46725690     
   110.00000000000000        303945816.18803018        312991936.83495665     
   112.00000000000000        315528622.71439451        324475821.51417625     
   114.00000000000000        327293973.04244280        336122248.01268828     
   116.00000000000000        339227898.88983959        347918763.09053135     
   118.00000000000000        351291862.48170334        359841089.14472735     
   120.00000000000000        363466775.68300408        371879995.08505946     
   122.00000000000000        375756134.08140653        384032291.86723644     
   124.00000000000000        388184701.01145869        396316168.00646049     
   126.00000000000000        400744738.04625005        408729705.81238794     
   128.00000000000000        413417490.04732507        421257616.72095174     
   130.00000000000000        426199336.85497153        433896427.24729389     
   132.00000000000000        439108227.02993900        446655448.99990821     
   134.00000000000000        452125483.47698957        459525746.37544692     
   136.00000000000000        465259574.72592878        472498620.86693984     
   138.00000000000000        478504272.51048511        485575177.69333541     
   140.00000000000000        491853209.12454385        498754594.11913753     
   142.00000000000000        505306489.68174589        512033382.93495208     
   144.00000000000000        518852418.75022227        525401341.76064968     
   146.00000000000000        532472851.40856671        538840138.18319786     
   148.00000000000000        546155263.82639849        552335497.82767141     
   150.00000000000000        559884553.51620698        565877570.19734228     
   152.00000000000000        573665884.39842618        579470622.47554278     
   154.00000000000000        587527100.00433969        593138562.76042902     
   156.00000000000000        601453173.76671910        606871320.40933979     
   158.00000000000000        615447659.00559998        620669442.63885152     
   160.00000000000000        629509274.03467548        634530843.24144256     
   170.00000000000000        700450641.50506043        704428748.02201474     
   180.00000000000000        772056555.13319278        774822795.40531516     
   190.00000000000000        843757812.35640037        845116866.01237667     
   200.00000000000000        914427168.87345970        914271332.15974855     
