   5.0000000000000000        28812.075072115029        95518.467597124400     
   6.0000000000000000        71408.303488815902        202173.86775420763     
   7.0000000000000000        140483.75101579638        353979.85102371103     
   8.0000000000000000        240228.90392324576        552655.60087515286     
   9.0000000000000000        374050.52283409913        800193.36558765755     
   10.000000000000000        544798.71927524998        1096028.5762696993     
   12.000000000000000        1005990.4945986753        1839567.6313415163     
   14.000000000000000        1639571.5830514980        2787618.6634035828     
   16.000000000000000        2458246.6582137886        3943385.9515755228     
   18.000000000000000        3471720.2260482213        5310745.5611753594     
   20.000000000000000        4687873.7864902001        6891577.4721094593     
   22.000000000000000        6114862.2913026046        8689343.1877195332     
   24.000000000000000        7759805.9314974677        10707739.870549753     
   26.000000000000000        9624930.8832309563        12948737.412680939     
   28.000000000000000        11718484.530238369        15418448.756257905     
   30.000000000000000        14044693.854955791        18110472.229646724     
   32.000000000000000        16609132.398271618        21023262.841414273     
   34.000000000000000        19410811.945291013        24176700.156618819     
   36.000000000000000        22454016.631364863        27569535.113517709     
   38.000000000000000        25741035.240377676        31201797.203917190     
   40.000000000000000        29284934.786001503        35073090.501345240     
   42.000000000000000        33070190.126305476        39168220.305984750     
   44.000000000000000        37098458.908069730        43500336.173084848     
   46.000000000000000        41396401.511708409        48075843.808286451     
   48.000000000000000        45954126.056225218        52898414.700840808     
   50.000000000000000        50761287.420008346        57954389.298966862     
   52.000000000000000        55803847.606501989        63232793.528756894     
   54.000000000000000        61096025.599352412        68753675.438422993     
   56.000000000000000        66656471.782208428        74535622.857396245     
   58.000000000000000        72482142.701440930        80568252.487419844     
   60.000000000000000        78559276.069521055        86838935.956303939     
   62.000000000000000        84883156.518466651        93356174.737916410     
   64.000000000000000        91447622.823072776        100104513.32240146     
   66.000000000000000        98243055.067397878        107073630.70106484     
   68.000000000000000        105282082.38267748        114265297.41764069     
   70.000000000000000        112577510.82043134        121696650.29654154     
   72.000000000000000        120125565.81206411        129369939.83268337     
   74.000000000000000        127908344.43528908        137269692.15680102     
   76.000000000000000        135935800.92989206        145395113.12092611     
   78.000000000000000        144184958.14444262        153730275.09665897     
   80.000000000000000        152655056.44869435        162274537.71450618     
   82.000000000000000        161333069.85681570        171027590.76376748     
   84.000000000000000        170231957.63786128        179986335.33152252     
   86.000000000000000        179353744.51001182        189139564.85347182     
   88.000000000000000        188710688.24075344        198503043.11241746     
   90.000000000000000        198301633.47581738        208087654.52868393     
   92.000000000000000        208104428.76567790        217879500.99943241     
   94.000000000000000        218086837.88941258        227854479.10561270     
   96.000000000000000        228254224.88503090        238008993.72378212     
   98.000000000000000        238607493.66703901        248347842.79287425     
   100.00000000000000        249141299.54495847        258862928.21969399     
   102.00000000000000        259860692.67179707        269543201.52052677     
   104.00000000000000        270747293.20459509        280380890.99167687     
   106.00000000000000        281807723.39334929        291381506.21750021     
   108.00000000000000        293045270.71313459        302546503.94784218     
   110.00000000000000        304465806.69251269        313886095.73878837     
   112.00000000000000        316070662.36239642        325401276.93741530     
   114.00000000000000        327858416.15317339        337079358.16242641     
   116.00000000000000        339815126.97832608        348907840.35808319     
   118.00000000000000        351902229.68921071        360862406.43849158     
   120.00000000000000        364100630.11767888        372933934.46548098     
   122.00000000000000        376413804.77098519        385119092.22300476     
   124.00000000000000        388866549.00618577        397436205.89191020     
   126.00000000000000        401451113.93294907        409883376.96769011     
   128.00000000000000        414148670.01452106        422445129.96998513     
   130.00000000000000        426955585.91646582        435117952.08367950     
   132.00000000000000        439889866.95408130        447911321.75301522     
   134.00000000000000        452932773.73553616        460816217.23694801     
   136.00000000000000        466092898.88905466        473823997.48814517     
   138.00000000000000        479363827.31820840        486935460.61455595     
   140.00000000000000        492739245.43775731        500149967.64060318     
   142.00000000000000        506219297.45317763        513464028.81940818     
   144.00000000000000        519792142.18818521        526867439.13047814     
   146.00000000000000        533439807.29625928        540341838.64300680     
   148.00000000000000        547149645.72296906        553872948.77075982     
   150.00000000000000        560906594.28003657        567450828.81003714     
   152.00000000000000        574715766.29714537        581079871.05231893     
   154.00000000000000        588605000.83320177        594783946.56027865     
   156.00000000000000        602559295.82998478        608552853.34879756     
   158.00000000000000        616582091.16359735        622387235.63280177     
   160.00000000000000        630672235.81908965        636284989.94198680     
   170.00000000000000        701758365.42320323        706364982.48539054     
   180.00000000000000        773511627.18670094        776940024.68457818     
   190.00000000000000        845361768.36845505        847412793.07863295     
   200.00000000000000        916180536.08048666        916742839.76268697     
