   5.0000000000000000        28736.630467365005        100962.55693562712     
   6.0000000000000000        70999.929361425719        213158.23613560712     
#  6.0000000000000000        71010.680639844955        213191.94756552795     
   7.0000000000000000        139409.23072352784        372539.05455030838     
#  7.0000000000000000        139403.52053652209        372561.70144950395     
   8.0000000000000000        238003.77159191013        580749.28870226641     
   9.0000000000000000        370138.59532798064        839767.25370274566     
   10.000000000000000        538600.50429537229        1148901.5084913098     
   12.000000000000000        993270.00057281274        1924702.2354271710     
   14.000000000000000        1617582.6793550898        2912267.3092484982     
   16.000000000000000        2424192.3491318715        4114560.1053959765     
   18.000000000000000        3422836.9100343911        5535366.7718577627     
   20.000000000000000        4621488.4457148435        7176351.5302138571     
   22.000000000000000        6028421.2509747371        9040829.7970579490     
   24.000000000000000        7650887.2312294226        11132394.549210215     
   26.000000000000000        9491278.8598683160        13452879.156006154     
   28.000000000000000        11557932.835102253        16008399.881260980     
   30.000000000000000        13855287.898743967        18791704.087950815     
   32.000000000000000        16388990.870900452        21800726.159523685     
   34.000000000000000        19158109.466783434        25056638.117931582     
   36.000000000000000        22167245.607244000        28557634.920771938     
   38.000000000000000        25418485.866659556        32303307.416163001     
   40.000000000000000        28925120.611194190        36292560.369452164     
   42.000000000000000        32671836.828742526        40509694.982011311     
   44.000000000000000        36660222.445158422        44968177.557512648     
   46.000000000000000        40916789.087367028        49673656.893189840     
   48.000000000000000        45431978.988211162        54630312.227429003     
   50.000000000000000        50195575.852964990        59823757.454521365     
   52.000000000000000        55193295.868122168        65242477.256844506     
   54.000000000000000        60439275.989899136        70906819.144619837     
   56.000000000000000        65952314.712793820        76835922.681815460     
   58.000000000000000        71729687.639902905        83018704.272001833     
   60.000000000000000        77757776.285954699        89442167.732761949     
   62.000000000000000        84031766.144081280        96115592.889102802     
   64.000000000000000        90545262.676357970        103022412.15564431     
   66.000000000000000        97288220.522361472        110150926.04098597     
   68.000000000000000        104273107.96941385        117502048.04859532     
   70.000000000000000        111513397.42918472        125094046.37318987     
   72.000000000000000        119005950.14573316        132929968.54413503     
   74.000000000000000        126732393.23981966        140994460.20259643     
   76.000000000000000        134703613.99921584        149285736.03519937     
   78.000000000000000        142895523.89136156        157788234.36287645     
   80.000000000000000        151307291.66887638        166500102.30317432     
   82.000000000000000        159925732.75436586        175421282.19801834     
   84.000000000000000        168764004.08675385        184547531.01743779     
   86.000000000000000        177823733.47973052        193865807.91816205     
   88.000000000000000        187117191.03201863        203391782.50928995     
   90.000000000000000        196644287.94168851        213138221.29379568     
   92.000000000000000        206383243.54179791        223093088.23775536     
   94.000000000000000        216301743.01944271        233232528.99786216     
   96.000000000000000        226404854.27201530        243552402.16280076     
   98.000000000000000        236692847.10496005        254057264.11866194     
   100.00000000000000        247160550.98093677        264738006.49684525     
   102.00000000000000        257813102.48678502        275582100.20870823     
   104.00000000000000        268632000.14871842        286581701.08496934     
   106.00000000000000        279623839.43647432        297742214.93071359     
   108.00000000000000        290792707.59894681        309065441.21931392     
   110.00000000000000        302143693.38427693        320561874.12663966     
   112.00000000000000        313679757.45035678        332231212.00592375     
   114.00000000000000        325398071.92209172        344061247.86165220     
   116.00000000000000        337285185.44527966        356038346.03957850     
   118.00000000000000        349302883.98273766        368140515.73959059     
   120.00000000000000        361431182.46143746        380359694.78725982     
   122.00000000000000        373673392.20416701        392691264.59947366     
   124.00000000000000        386054583.94609410        405152208.28218639     
   126.00000000000000        398567610.70298433        417743433.16921556     
   128.00000000000000        411194462.55296743        430449109.71718109     
   130.00000000000000        423931305.36484563        443265731.70690227     
   132.00000000000000        436795571.23536694        456201839.89833152     
   134.00000000000000        449768802.96373892        469247685.67727357     
   136.00000000000000        462859194.67061704        482393487.90353888     
   138.00000000000000        476060273.14734340        495639238.13698632     
   140.00000000000000        489365528.02010006        508985292.63722247     
   142.00000000000000        502775211.58085990        522428445.39338315     
   144.00000000000000        516278345.15027446        535959620.81760824     
   146.00000000000000        529857012.29709238        549560750.62638938     
   148.00000000000000        543498601.88160789        563217604.03972816     
   150.00000000000000        557187698.24871111        576920024.36472833     
   152.00000000000000        570929016.81307316        590673765.92334151     
   154.00000000000000        584751743.53833663        604499635.31316257     
   156.00000000000000        598639925.18609166        618390147.22118223     
   158.00000000000000        612597573.60943663        632343442.35307503     
   160.00000000000000        626623552.52058196        646357777.02576387     
   170.00000000000000        697398241.95076156        716992236.54068112     
   180.00000000000000        768866128.53642333        788069090.48686779     
   190.00000000000000        840463136.45546842        858991015.21065331     
   200.00000000000000        911079963.03676426        928775097.62074721     
