   5.0000000000000000        28824.515964956809        95613.532066840431     
   6.0000000000000000        71442.682282722933        202397.20505691049     
   7.0000000000000000        140557.72287835300        354404.52724307723     
   8.0000000000000000        240365.49265025448        553365.10474928608     
   9.0000000000000000        374277.93634208804        801280.01838991058     
   10.000000000000000        545149.91172333609        1097591.4787976127     
   12.000000000000000        1006706.4945226006        1842405.4506437317     
   14.000000000000000        1640838.9211162943        2792193.7783388179     
   16.000000000000000        2460285.0715633291        3950193.2195998724     
   18.000000000000000        3474780.4470100254        5320305.5934360297     
   20.000000000000000        4692231.1910043834        6904428.8254416194     
   22.000000000000000        6120822.0390554341        8706044.1564671956     
   24.000000000000000        7767695.7149013085        10728868.580051545     
   26.000000000000000        9635092.8298793249        12974871.545822894     
   28.000000000000000        11731293.416764416        15450190.803369660     
   30.000000000000000        14060533.551204273        18148424.980304819     
   32.000000000000000        16628407.140068956        21068033.628177516     
   34.000000000000000        19433943.099618424        24228908.168754924     
   36.000000000000000        22481445.045623060        27629809.145328224     
   38.000000000000000        25773172.461703923        31270761.694736909     
   40.000000000000000        29322273.939051643        35151394.453648910     
   42.000000000000000        33113206.081451483        39256487.452551581     
   44.000000000000000        37147590.736193247        43599174.031745903     
   46.000000000000000        41452159.883533508        48185925.929809242     
   48.000000000000000        46017006.617333099        53020397.396105215     
   50.000000000000000        50831805.826504856        58088895.892127886     
   52.000000000000000        55882503.315110140        63380438.056757465     
   54.000000000000000        61183322.189486995        68915088.281220585     
   56.000000000000000        66752917.359992191        74711476.095820159     
   58.000000000000000        72588272.071146354        80759197.309075087     
   60.000000000000000        78675616.998315260        87045623.254297540     
   62.000000000000000        85010214.842727274        93579251.138556123     
   64.000000000000000        91585969.486711860        100344609.03720148     
   66.000000000000000        98393173.316210806        107331351.33986062     
   68.000000000000000        105444499.13087994        114541255.41335917     
   70.000000000000000        112752786.62050447        121991515.64803816     
   72.000000000000000        120314225.19277164        129684300.39585516     
   74.000000000000000        128110875.36729380        137604194.96171433     
   76.000000000000000        136152782.03621206        145750406.30047649     
   78.000000000000000        144416893.49691689        154106955.70888299     
   80.000000000000000        152902420.13181457        162673224.66787958     
   82.000000000000000        161596404.18249744        171448814.49039888     
   84.000000000000000        170511762.38871616        180430681.09166571     
   86.000000000000000        179650565.18073705        189607666.15325502     
   88.000000000000000        189024982.43255875        198995445.24318317     
   90.000000000000000        198633919.58073539        208604957.95787507     
   92.000000000000000        208455249.23156756        218422299.91270143     
   94.000000000000000        218456616.32012418        228423334.35841736     
   96.000000000000000        228643471.66747245        238604431.66592464     
   98.000000000000000        239016613.58948892        248970457.53137869     
   100.00000000000000        249570754.72121882        259513255.07158640     
   102.00000000000000        260311040.93639052        270221797.49897242     
   104.00000000000000        271218930.79964185        281088174.57660383     
   106.00000000000000        282301110.31313598        292118032.62980622     
   108.00000000000000        293560867.71553141        303312906.72813308     
   110.00000000000000        305003994.06561303        314682729.96813583     
   112.00000000000000        316631840.19295472        326228633.82962477     
   114.00000000000000        328442997.21897656        337938001.45831943     
   116.00000000000000        340423535.31500208        349798184.58683366     
   118.00000000000000        352534943.05560154        361784884.49654227     
   120.00000000000000        364757923.35123289        373889054.04867262     
   122.00000000000000        377096089.43064141        386107288.82617122     
   124.00000000000000        389574200.27208954        398457856.66433638     
   126.00000000000000        402184453.13917440        410939044.71576935     
   128.00000000000000        414907985.80041254        423535157.74442291     
   130.00000000000000        427741250.55443841        436242823.90720946     
   132.00000000000000        440702247.26404667        449071406.29484737     
   134.00000000000000        453772156.95841575        462011841.47359222     
   136.00000000000000        466959638.91661286        475055547.19261533     
   138.00000000000000        480258186.96775103        488203310.81813651     
   140.00000000000000        493661560.31706244        501454520.30302566     
   142.00000000000000        507169695.94718653        514805573.96827996     
   144.00000000000000        520770985.77732116        528246386.73896015     
   146.00000000000000        534447341.68734795        541758357.54830754     
   148.00000000000000        548186135.01351380        555327386.43954945     
   150.00000000000000        561972235.11012924        568943505.84717035     
   152.00000000000000        575810774.02753329        582611186.47142851     
   154.00000000000000        589729565.83620322        596353905.79751492     
   156.00000000000000        603713633.58480954        610161966.50170422     
   158.00000000000000        617766347.14682066        624035606.93172109     
   160.00000000000000        631886733.43003166        637972915.83541358     
   170.00000000000000        703125952.16206813        708253892.65530503     
   180.00000000000000        775035329.51089656        779033978.09490621     
   190.00000000000000        847043023.39155293        849713578.37265670     
   200.00000000000000        918019490.34796023        919251187.40059745     
