   5.0000000000000000        28844.434357624399        95984.346790624797     
   6.0000000000000000        71496.269809643578        203195.02917971966     
   7.0000000000000000        140670.81861241173        355820.57314745086     
   8.0000000000000000        240570.99538345786        555601.84549313644     
   9.0000000000000000        374615.56281874888        804551.27347973431     
   10.000000000000000        545665.78806935193        1102112.4648390589     
   12.000000000000000        1007740.6993292078        1850106.4436748414     
   14.000000000000000        1642645.4967234451        2804003.8802299490     
   16.000000000000000        2463159.4913881626        3967063.8078649500     
   18.000000000000000        3479059.4653445515        5343207.9799756994     
   20.000000000000000        4698280.7007533573        6934345.1212891228     
   22.000000000000000        6129046.3767487118        8743967.7461744882     
   24.000000000000000        7778531.1073511802        10775806.464308061     
   26.000000000000000        9648986.3829466235        13031830.361416843     
   28.000000000000000        11748736.406913865        15518197.865208451     
   30.000000000000000        14082038.874587158        18228478.904137228     
   32.000000000000000        16654498.166085031        21161115.511140503     
   34.000000000000000        19465165.106581353        24336067.573304515     
   36.000000000000000        22518383.667568110        27752084.586874440     
   38.000000000000000        25816372.754361361        31409178.643061463     
   40.000000000000000        29372371.759914119        35306971.600151725     
   42.000000000000000        33170818.639898974        39430181.866202116     
   44.000000000000000        37213301.846290559        43791974.881564513     
   46.000000000000000        41526619.387764528        48398838.966426343     
   48.000000000000000        46100874.849246159        53254440.986582413     
   50.000000000000000        50925750.880421087        58345026.768748559     
   52.000000000000000        55987170.576494873        63659561.630862504     
   54.000000000000000        61299368.086362258        69218175.191791877     
   56.000000000000000        66881021.940566704        75039570.574151993     
   58.000000000000000        72729118.062102258        81113280.896512717     
   60.000000000000000        78829872.186650187        87426628.799460113     
   62.000000000000000        85178603.184726611        93988156.163357824     
   64.000000000000000        91769161.099348858        100782338.96237437     
   66.000000000000000        98591861.175636321        107798742.91074115     
   68.000000000000000        105659370.64045340        115039161.69609733     
   70.000000000000000        112984548.61327870        122520797.33461666     
   72.000000000000000        120563552.94366692        130245897.38536637     
   74.000000000000000        128378406.97947219        138198950.18223968     
   76.000000000000000        136439265.71637321        146379174.45404863     
   78.000000000000000        144722971.82648745        154770568.06832457     
   80.000000000000000        153228801.03663465        163372440.62578413     
   82.000000000000000        161943738.23416471        172184472.75228217     
   84.000000000000000        170880745.51663756        181203537.89689866     
   86.000000000000000        180041864.98239625        190418298.03112715     
   88.000000000000000        189439245.42447579        199844545.62053028     
   90.000000000000000        199071795.27659959        209493237.11695409     
   92.000000000000000        208917400.56392330        219350484.04558098     
   94.000000000000000        218943656.09266222        229392143.53267607     
   96.000000000000000        229156035.94514287        239614574.34444195     
   98.000000000000000        239555321.86351350        250022681.03300640     
   100.00000000000000        250136170.30778620        260608175.26658738     
   102.00000000000000        260903790.05039540        271359960.63876033     
   104.00000000000000        271839662.27508026        282270165.29602504     
   106.00000000000000        282950339.76474643        293344397.30773693     
   108.00000000000000        294239207.53272456        304584037.14182174     
   110.00000000000000        305711994.35479468        315999263.99610806     
   112.00000000000000        317370047.50101906        327590938.95587993     
   114.00000000000000        329211976.67593920        339346635.21366322     
   116.00000000000000        341223807.50788039        351253441.02773279     
   118.00000000000000        353367058.82880074        363287233.78239632     
   120.00000000000000        365622355.24072123        375438893.67654288     
   122.00000000000000        377993311.33388317        387705117.48640281     
   124.00000000000000        390504707.20538944        400103996.92025852     
   126.00000000000000        403148687.04254419        412634041.16341490     
   128.00000000000000        415906450.23141593        425279368.00931221     
   130.00000000000000        428774302.51700878        438036412.09626341     
   132.00000000000000        441770354.37995905        450914894.59711808     
   134.00000000000000        454875702.59389156        463905446.30933255     
   136.00000000000000        468099066.12144101        476999530.90046781     
   138.00000000000000        481433959.88837892        490197868.93707359     
   140.00000000000000        494873841.32384068        503499795.45978308     
   142.00000000000000        508419146.55554247        516901888.77155995     
   144.00000000000000        522057806.68561316        530393870.94169658     
   146.00000000000000        535771800.34919906        543957113.27193081     
   148.00000000000000        549548630.44132900        557577651.97777390     
   150.00000000000000        563373025.08724117        571245185.22701097     
   152.00000000000000        577250115.18874168        584964655.54568303     
   154.00000000000000        591207788.57741320        598759137.69996095     
   156.00000000000000        605231014.06494856        612619102.53347814     
   158.00000000000000        619323062.36684465        626544629.23896027     
   160.00000000000000        633483053.74067128        640533899.84782541     
   170.00000000000000        704923421.42436707        711074514.78075969     
   180.00000000000000        777037795.07031763        782111451.41788995     
   190.00000000000000        849252166.08619499        853042427.41170883     
   200.00000000000000        920435327.47997141        922825514.12733662     
