  5.0000000000000000        29047.397613387006        96363.787218484416     
  6.0000000000000000        71900.341628010996        203862.66278318191     
# 6.0000000000000000        71911.305044455890        203894.80098258852     
  7.0000000000000000        141365.16069886411        356892.64619491738     
# 7.0000000000000000        141359.46617403347        356913.85666491219     
  8.0000000000000000        241581.39363548163        557152.84998757136     
  9.0000000000000000        375984.39503318758        806627.76665872685     
  10.000000000000000        547421.92146747524        1104767.2317705622     
  14.000000000000000        1646163.3147181631        2809660.6143764015     
  16.000000000000000        2467690.8495993996        3974659.7078830507     
  18.000000000000000        3484722.2118814657        5353084.7372107031     
  20.000000000000000        4705238.9388146587        6946862.5275296643     
  24.000000000000000        7788758.2465509586        10794795.950966641     
  26.000000000000000        9661291.3946968745        13054690.786874050     
  28.000000000000000        11763458.671703722        15545389.101939170     
  30.000000000000000        14099597.173603438        18260387.017516930     
  34.000000000000000        19489733.534418724        24378651.093955405     
  36.000000000000000        22547169.844522469        27800717.376302883     
  38.000000000000000        25849915.132673036        31464266.261803783     
  40.000000000000000        29411189.296832185        35368876.060698770     
  42.000000000000000        33215430.573326170        39499273.854209483     
  44.000000000000000        37264268.015459314        43868565.377805218     
  46.000000000000000        41584535.042354874        48483202.891113527     
  48.000000000000000        46166351.078058481        53346900.485152729     
  50.000000000000000        50999329.536033906        58445880.343700983     
  54.000000000000000        61390268.360298924        69336434.758843496     
  56.000000000000000        66981403.897374928        75166856.442178741     
  58.000000000000000        72839640.101060882        81249847.833220243     
  60.000000000000000        78951138.947645590        87572698.965353295     
  64.000000000000000        91913127.166081592        100947993.21369989     
  66.000000000000000        98747439.740118057        107974179.66012758     
  68.000000000000000        105826651.30986121        115224212.73250227     
  70.000000000000000        113163997.54348096        122715571.08121280     
  74.000000000000000        128583941.35194951        138413760.78328601     
  76.000000000000000        136658594.04813990        146604171.82754138     
  78.000000000000000        144956367.01992264        155005913.50917318     
  80.000000000000000        153476272.76381826        163617996.57156962     
  84.000000000000000        171156292.49831763        181469080.89941370     
  86.000000000000000        180331376.12646338        190693544.40209979     
  88.000000000000000        189742901.22190931        200129340.50590461     
  90.000000000000000        199389971.12499559        209787601.90597469     
  92.000000000000000        209250509.67782354        219654746.68949229     
  94.000000000000000        219291781.47745094        229706385.46706465     
  96.000000000000000        229519164.38252226        239938862.51575485     
  98.000000000000000        239933342.78103122        250356986.00999439     
  100.00000000000000        250528928.94671759        260952307.58778483     
  102.00000000000000        261311117.90794873        271713757.12966979     
  104.00000000000000        272261208.67386043        282633562.69847077     
  106.00000000000000        283385971.19465780        293717359.96328479     
  108.00000000000000        294688809.73361701        304966640.28230762     
  110.00000000000000        306175666.48683262        316391674.14034945     
  112.00000000000000        317848090.11697012        327993074.24312407     
  114.00000000000000        329704584.26356059        339758808.56165785     
  116.00000000000000        341730961.92141473        351675550.38980490     
  118.00000000000000        353888390.66141981        363719108.39472824     
  120.00000000000000        366157318.91320372        375880504.56572521     
  122.00000000000000        378541242.06846917        388156427.70992452     
  124.00000000000000        391065176.91196144        400565053.48942381     
  126.00000000000000        403721751.76477259        413105190.28296250     
  128.00000000000000        416492038.84528399        425760862.60471725     
  130.00000000000000        429372295.20151949        438528662.85967809     
  132.00000000000000        442380555.45421183        451418035.60261554     
  134.00000000000000        455497937.91565180        464419724.34403932     
  136.00000000000000        468732964.34520662        477525066.13320410     
  138.00000000000000        482079224.02051783        490734598.23786724     
  140.00000000000000        495530268.38874775        504048083.76145089     
  142.00000000000000        509086340.58027983        517461838.53267217     
  144.00000000000000        522735715.01974916        530965656.85776168     
  146.00000000000000        536460039.04244173        544540769.86878359     
  148.00000000000000        550246792.03565931        558173223.31594086     
  150.00000000000000        564080532.98950851        571852904.54165244     
  152.00000000000000        577966589.30173433        585585044.40159059     
  154.00000000000000        591932988.34225845        599392316.21458936     
  156.00000000000000        605964876.30653358        613266015.49604619     
  158.00000000000000        620065392.79438663        627205474.46330082     
  160.00000000000000        634233696.53227079        641209384.01050627     
  170.00000000000000        705710633.95015562        711826525.27175319     
  180.00000000000000        777854089.91865945        782947647.98360884     
  190.00000000000000        850091031.36340618        853970411.41449380     
  200.00000000000000        921289762.75839663        923855800.80759323     
