   5.0000000000000000        28826.412529177524        95790.771029140320     
   6.0000000000000000        71448.035579684365        202764.98236565344     
   7.0000000000000000        140569.50555070292        355036.72021885909     
   8.0000000000000000        240387.43240300374        554335.40923675639     
   9.0000000000000000        374314.87767237698        802663.00797438528     
   10.000000000000000        545207.16227188974        1099457.7680712750     
   12.000000000000000        1006824.1350029316        1845454.2834940713     
   14.000000000000000        1641049.0132933282        2796702.3015217092     
   16.000000000000000        2460623.7591882925        3956428.6909408467     
   18.000000000000000        3475291.0689540254        5328528.9272094723     
   20.000000000000000        4692958.4207164971        6914892.9490242386     
   22.000000000000000        6121819.5321523612        8718994.5519903526     
   24.000000000000000        7769017.5750042815        10744545.547834946     
   26.000000000000000        9636791.5846012067        12993512.119685747     
   28.000000000000000        11733434.198355459        15472029.064089226     
   30.000000000000000        14063182.977114333        18173674.364353407     
   32.000000000000000        16631628.176500121        21096890.780351020     
   34.000000000000000        19437800.566721093        24261607.285667140     
   36.000000000000000        22486018.757242102        27666568.795364194     
   38.000000000000000        25778533.226135049        31311798.867704026     
   40.000000000000000        29328495.086827584        35196893.110017821     
   42.000000000000000        33120363.143231638        39306616.073663257     
   44.000000000000000        37155760.887844235        43654130.183775462     
   46.000000000000000        41461417.540311605        48245886.004945576     
   48.000000000000000        46027440.378249608        53085537.742566541     
   50.000000000000000        50843497.842486076        58159384.584944017     
   52.000000000000000        55895517.321381070        63456417.738305837     
   54.000000000000000        61197746.949548528        68996725.625898585     
   56.000000000000000        66768848.728445090        74798957.742946014     
   58.000000000000000        72605775.463565573        80852685.559967816     
   60.000000000000000        78694775.534424201        87145256.280806392     
   62.000000000000000        85031114.332639113        93685193.186997995     
   64.000000000000000        91608683.906356156        100457002.64525321     
   66.000000000000000        98417795.638008490        107450299.59138083     
   68.000000000000000        105471106.88773793        114666840.45982942     
   70.000000000000000        112781454.15579776        122123843.41355246     
   72.000000000000000        120345027.96060464        129823548.80734663     
   74.000000000000000        128143881.67830403        137750416.76571178     
   76.000000000000000        136188094.50354555        145903733.75829390     
   78.000000000000000        144454545.44624445        154267452.87035704     
   80.000000000000000        152942534.76512593        162840986.14805415     
   82.000000000000000        161639030.70800334        171623929.65848950     
   84.000000000000000        170557004.89262685        180613261.59033361     
   86.000000000000000        179698448.77091864        189797614.12846076     
   88.000000000000000        189075625.47995836        199192810.77770501     
   90.000000000000000        198687319.43446472        208809771.90450630     
   92.000000000000000        208511494.82742089        218634635.13644925     
   94.000000000000000        218515806.32297888        228643232.53325361     
   96.000000000000000        228705647.57543838        238831933.22745761     
   98.000000000000000        239081875.95747024        249205674.56658718     
   100.00000000000000        249639142.31618121        259756178.38905859     
   102.00000000000000        260382534.92960903        270472418.27214134     
   104.00000000000000        271293694.05396730        281346524.18239367     
   106.00000000000000        282379153.96188653        292384062.54279107     
   108.00000000000000        293642186.37988222        303586441.06772923     
   110.00000000000000        305088746.77800488        314963929.88748050     
   112.00000000000000        316720031.10080832        326517357.15391248     
   114.00000000000000        328534675.20140749        338234161.30191910     
   116.00000000000000        340518745.68277109        350101776.69819802     
   118.00000000000000        352633708.88412267        362095856.52518284     
   120.00000000000000        364860293.09887207        374207295.32317245     
   122.00000000000000        377202116.46270508        386432809.07502764     
   124.00000000000000        389683919.33404166        398790609.05890435     
   126.00000000000000        402297863.84580153        411278965.67262083     
   128.00000000000000        415025212.60641408        423882264.78151852     
   130.00000000000000        427862276.55775380        436596990.72124434     
   132.00000000000000        440827067.59747428        449432519.43675476     
   134.00000000000000        453900832.83833826        462379853.81619519     
   136.00000000000000        467092213.44456196        475430418.19091630     
   138.00000000000000        480394686.10707128        488584783.21662074     
   140.00000000000000        493801942.65366930        501842478.26814264     
   142.00000000000000        507314077.18811917        515200040.74489844     
   144.00000000000000        520919352.65273875        528647124.69387597     
   146.00000000000000        534599704.33152914        542165297.46589494     
   148.00000000000000        548342502.36141980        555740408.72927892     
   150.00000000000000        562132654.34346664        569362518.27750289     
   152.00000000000000        575975243.59290469        583036050.33184969     
   154.00000000000000        589898090.26970804        596784475.69703865     
   156.00000000000000        603886208.64261830        610598087.30416965     
   158.00000000000000        617943031.48593330        624477098.21719325     
   160.00000000000000        632067412.87404537        638419742.15322733     
   170.00000000000000        703327150.53718162        708724776.04708958     
   180.00000000000000        775257089.54060590        779524350.35278535     
   190.00000000000000        847284867.00981545        850218468.79946113     
   200.00000000000000        918281194.08822489        919766099.44103408     
