   5.0000000000000000        28960.834490459994        95544.555589471449     
#  6.0000000000000000        71712.157917088203        202162.90444654811     
   6.0000000000000000        71723.109382857583        202194.75368600612     
#  7.0000000000000000        141029.49993311579        353958.31527367374     
   7.0000000000000000        141023.84280689384        353979.28032256931     
   8.0000000000000000        241047.61286182035        552619.18813039921     
   9.0000000000000000        375195.36771769746        800113.63056391873     
   10.000000000000000        546313.19798747462        1095899.4523341409     
   12.000000000000000        1008362.4192295178        1839359.2242425450     
   14.000000000000000        1642949.0602188697        2787398.7756779441     
   16.000000000000000        2462781.2849716619        3943273.4028115277     
   18.000000000000000        3477573.4573083827        5310913.6213823864     
   20.000000000000000        4695226.0814762553        6892238.6488459921     
   22.000000000000000        6123916.4323928049        8690755.2192621585     
   24.000000000000000        7770785.8241975615        10710197.309034830     
   26.000000000000000        9638084.4447528999        12952557.280230939     
   28.000000000000000        11734076.344562346        15423993.403747210     
   30.000000000000000        14063027.579437982        18118104.524307735     
   32.000000000000000        16630523.343802769        21033359.708321121     
   34.000000000000000        19435553.076765135        24189681.153174594     
   36.000000000000000        22482459.844408855        27585832.996139824     
   38.000000000000000        25773533.010343492        31221809.607860096     
   40.000000000000000        29321829.773423530        35097262.308893546     
   42.000000000000000        33111808.371909186        39197012.178980082     
   44.000000000000000        37145170.201885760        43534145.270157032     
   46.000000000000000        41448616.484394908        48115124.239222407     
   48.000000000000000        46012233.300031699        52943634.410971411     
   50.000000000000000        50825626.718641132        58006013.426801272     
   52.000000000000000        55874637.721648082        63291239.457584590     
   54.000000000000000        61173555.419323847        68819330.763712212     
   56.000000000000000        66741147.778007798        74608954.923759416     
   58.000000000000000        72574386.127310365        80649737.321712002     
   60.000000000000000        78659507.290209159        86929069.729054347     
   62.000000000000000        84991665.372174963        93455397.331550300     
   64.000000000000000        91564613.908497572        100213256.78515697     
   66.000000000000000        98368607.768911019        107192199.57985918     
   68.000000000000000        105416282.42998204        114394056.35939330     
   70.000000000000000        112720731.70683560        121836094.11300686     
   72.000000000000000        120278234.24282694        129520603.53274065     
   74.000000000000000        128070792.35721229        137432067.51645565     
   76.000000000000000        136108409.92622823        145569825.88497120     
   78.000000000000000        144367898.38343284        153917747.21843904     
   80.000000000000000        152848388.48088825        162475188.12829244     
   82.000000000000000        161536858.31685874        171241724.45109135     
   84.000000000000000        170446264.54069632        180214353.78177997     
   86.000000000000000        179578605.81267053        189381925.62561756     
   88.000000000000000        188946245.62629542        198760291.64823848     
   90.000000000000000        198548252.27670547        208360399.84085819     
   92.000000000000000        208362460.24265513        218168414.80805254     
   94.000000000000000        218356388.60428995        228160060.58030534     
   96.000000000000000        228535337.24847746        238331722.01946577     
   98.000000000000000        238900208.02430806        248688165.89595991     
   100.00000000000000        249445606.27766594        259221299.73280147     
   102.00000000000000        260176605.07563657        269920158.48996544     
   104.00000000000000        271074729.08873469        280776856.20586872     
   106.00000000000000        282146619.55059546        291797049.68032700     
   108.00000000000000        293395756.30319667        302982392.81273770     
   110.00000000000000        304828018.48504776        314342917.70168829     
   112.00000000000000        316444981.83808851        325879808.85275143     
   114.00000000000000        328245024.46764356        337580504.08638328     
   116.00000000000000        340214129.09896433        349432278.02416795     
   118.00000000000000        352313591.28496552        361410695.32654816     
   120.00000000000000        364524085.23567814        373506460.47623020     
   122.00000000000000        376849129.64032698        385716374.69597965     
   124.00000000000000        389313612.92418146        398058830.27462602     
   126.00000000000000        401909958.77495617        410532162.15223753     
   128.00000000000000        414619466.74656153        423120856.38986892     
   130.00000000000000        427438435.05439949        435821414.74597210     
   132.00000000000000        440384825.77621084        448643237.19265801     
   134.00000000000000        453439835.60911047        461577474.22858638     
   136.00000000000000        466611921.08388591        474615304.02251607     
   138.00000000000000        479894809.85890120        487757568.24207979     
   140.00000000000000        493282258.78007513        501003771.78689480     
   142.00000000000000        506774226.18567091        514350243.86938310     
   144.00000000000000        520359202.10678643        527786918.53866905     
   146.00000000000000        534018799.44841474        541295350.82125580     
   148.00000000000000        547740527.41070116        554861148.15201294     
   150.00000000000000        561509137.41546035        568474447.38456404     
   152.00000000000000        575329776.39382112        582139763.68741179     
   154.00000000000000        589230594.35114324        595880938.59508240     
   156.00000000000000        603196495.66680729        609688076.47701478     
   158.00000000000000        617231015.81825423        623561651.78019309     
   160.00000000000000        631333018.64764214        637499685.03654718     
   170.00000000000000        702476901.63713932        707793715.27959538     
   180.00000000000000        774286925.23572600        778605355.03755426     
   190.00000000000000        846192561.34400380        849336886.79107428     
   200.00000000000000        917064971.02604878        918948039.24315834     
