   5.0000000000000000        28798.152140095885        95356.236765708716     
#  6.0000000000000000        71365.782245182229        201835.04021762987     
   6.0000000000000000        71376.710155921814        201866.79304766760     
#  7.0000000000000000        140432.44597062652        353476.74879044405     
   7.0000000000000000        140426.84547594155        353497.53380093176     
   8.0000000000000000        240140.01579766604        551979.25899559434     
   9.0000000000000000        373924.59975507058        799312.41954433359     
   10.000000000000000        544632.25048522733        1094945.5039417828     
   12.000000000000000        1005740.3140888811        1838107.2650158908     
   14.000000000000000        1639249.6395167005        2785866.4150825599     
   16.000000000000000        2457882.9336301093        3941474.0561568784     
   18.000000000000000        3471364.2096811277        5308840.3505246285     
   20.000000000000000        4687588.1644687988        6889873.3819434391     
   22.000000000000000        6114732.2802550355        8688061.9027228616     
   24.000000000000000        7759926.9493798679        10707123.997436708     
   26.000000000000000        9625407.0050540902        12949033.121077592     
   28.000000000000000        11719449.407773433        15419921.310150074     
   30.000000000000000        14046282.961498396        18113416.117294904     
   32.000000000000000        16611492.024573378        21027995.344962761     
   34.000000000000000        19414102.639897231        24183488.933205370     
   36.000000000000000        22458420.464990042        27578669.767350651     
   38.000000000000000        25746701.148078036        31213560.054421421     
   40.000000000000000        29292077.140375227        35087816.227049805     
   42.000000000000000        33079016.578338407        39186239.131555811     
   44.000000000000000        37109145.832553886        43521928.710698523     
   46.000000000000000        41409164.905848630        48101364.667836823     
   48.000000000000000        45969184.239230312        52928185.243527569     
   50.000000000000000        50778883.706159554        57988720.919980936     
   52.000000000000000        55824214.992254250        63271990.527035564     
   54.000000000000000        61119415.259317905        68798023.855358183     
   56.000000000000000        66683100.958446935        74585421.506574854     
   58.000000000000000        72512257.414064661        80623796.059721559     
   60.000000000000000        78593124.557168558        86900517.886258692     
   62.000000000000000        84920982.902699232        93424067.290836677     
   64.000000000000000        91489729.959183007        100178986.90149401     
   66.000000000000000        98289709.334406778        107154956.57373637     
   68.000000000000000        105333548.07695593        114353789.48446587     
   70.000000000000000        112634074.33033463        121792579.61686078     
   72.000000000000000        120187481.84249002        129473617.73079006     
   74.000000000000000        127975829.39935429        137381320.25121078     
   76.000000000000000        136009223.30497372        145515015.76458809     
   78.000000000000000        144264546.32246003        153858699.64375487     
   80.000000000000000        152741087.56995186        162411714.72570682     
   82.000000000000000        161425873.14810076        171173718.44047573     
   84.000000000000000        170331830.46888986        180141669.55928847     
   86.000000000000000        179460974.62513188        189304387.46172181     
   88.000000000000000        188825507.63044524        198677655.58925068     
   90.000000000000000        198424335.99537441        208272279.94668907     
   92.000000000000000        208235332.97062346        218074395.59544894     
   94.000000000000000        218226196.40924194        228059759.00288424     
   96.000000000000000        228402328.24752855        238224861.26813194     
   98.000000000000000        238764680.00885081        248574501.48663270     
   100.00000000000000        249307792.80032581        259100498.61560097     
   102.00000000000000        260036834.85330230        269791938.78838223     
   104.00000000000000        270933423.26173455        280640989.74717093     
   106.00000000000000        282004066.14377809        291653096.39734340     
   108.00000000000000        293252132.96033418        302829857.20175415     
   110.00000000000000        304683457.11414444        314181325.19715756     
   112.00000000000000        316299325.08391660        325708603.27501416     
   114.00000000000000        328098351.97832072        337399061.76181227     
   116.00000000000000        340066577.75375509        349240055.53512782     
   118.00000000000000        352165555.37229121        361207343.12721580     
   120.00000000000000        364376104.46802557        373291637.37658256     
   122.00000000000000        376701692.56444001        385489707.92113942     
   124.00000000000000        389167157.99784774        397819801.17787004     
   126.00000000000000        401764588.44065362        410280188.29615694     
   128.00000000000000        414475312.61196190        422855230.76795745     
   130.00000000000000        427295695.85392678        435541470.01354927     
   132.00000000000000        440243626.42041630        448348318.51290470     
   134.00000000000000        453300506.78887773        461266855.08830225     
   136.00000000000000        466474846.18453312        474288391.19183886     
   138.00000000000000        479760226.20340526        487413749.18902266     
   140.00000000000000        493150257.36640042        500642295.46502262     
   142.00000000000000        506645099.61733758        513970501.08380759     
   144.00000000000000        520233044.90091223        527388230.53200465     
   146.00000000000000        533895903.54631209        540877006.46277475     
   148.00000000000000        547621342.80267060        554422655.40233803     
   150.00000000000000        561394095.08654594        568015143.03962767     
   152.00000000000000        575219219.85398281        581658892.69549346     
   154.00000000000000        589124599.81927335        595377640.66747963     
   156.00000000000000        603095190.08774769        609161486.77102613     
   158.00000000000000        617134556.10548067        623010761.26206911     
   160.00000000000000        631241439.84821236        636923514.67085004     
   170.00000000000000        702413739.42705393        707080256.71058488     
   180.00000000000000        774257122.79575837        777734634.80176806     
   190.00000000000000        846200449.28249443        848288916.84374154     
   200.00000000000000        917115553.37538791        917701742.01792681     
