 #  r,DGAMMADR(IR) 
   5.0000000000000001E-003   5.9496977202848806E-009   1.0000000000000000E-002
   1.4999999999999999E-002   1.7854270166490800E-008   1.0000000000000000E-002
   2.5000000000000001E-002   2.9774374921486064E-008   1.0000000000000000E-002
   3.5000000000000003E-002   4.1720371166841497E-008   1.0000000000000000E-002
   4.4999999999999998E-002   5.3702624557384837E-008   1.0000000000000000E-002
   5.5000000000000000E-002   6.5731509829798330E-008   1.0000000000000000E-002
   6.5000000000000002E-002   7.7817413430308795E-008   1.0000000000000000E-002
   7.4999999999999997E-002   8.9970739403846898E-008   1.0000000000000000E-002
   8.5000000000000006E-002   1.0220204314690674E-007   1.0000000000000000E-002
   9.5000000000000001E-002   1.1452224791195053E-007   1.0000000000000000E-002
  0.10500000000000000        1.2694262248788341E-007   1.0000000000000000E-002
  0.11500000000000000        1.3947476968300529E-007   1.0000000000000000E-002
  0.12500000000000000        1.5213062978102267E-007   1.0000000000000000E-002
  0.13500000000000001        1.6492249095240425E-007   1.0000000000000000E-002
  0.14499999999999999        1.7786299354747184E-007   1.0000000000000000E-002
  0.15500000000000000        1.9096514749885965E-007   1.0000000000000000E-002
  0.16500000000000001        2.0424233419437178E-007   1.0000000000000000E-002
  0.17500000000000002        2.1770832364467097E-007   1.0000000000000000E-002
  0.18500000000000000        2.3137729960652524E-007   1.0000000000000000E-002
  0.19500000000000001        2.4526401223955046E-007   1.0000000000000000E-002
  0.20500000000000002        2.5938387985145449E-007   1.0000000000000000E-002
  0.21500000000000000        2.7375294584101612E-007   1.0000000000000000E-002
  0.22500000000000001        2.8838787886399974E-007   1.0000000000000000E-002
  0.23500000000000001        3.0330597504045550E-007   1.0000000000000000E-002
  0.24500000000000000        3.1852517167744000E-007   1.0000000000000000E-002
  0.25500000000000000        3.3406405822781472E-007   1.0000000000000000E-002
  0.26500000000000001        3.4994189605070865E-007   1.0000000000000000E-002
  0.27500000000000002        3.6617863230735536E-007   1.0000000000000000E-002
  0.28500000000000003        3.8279491877004469E-007   1.0000000000000000E-002
  0.29499999999999998        3.9981220620851128E-007   1.0000000000000000E-002
  0.30499999999999999        4.1725393665412309E-007   1.0000000000000000E-002
  0.31500000000000000        4.3514641989258882E-007   1.0000000000000000E-002
  0.32500000000000001        4.5351834729139150E-007   1.0000000000000000E-002
  0.33500000000000002        4.7240059919597444E-007   1.0000000000000000E-002
  0.34500000000000003        4.9182638415856636E-007   1.0000000000000000E-002
  0.35499999999999998        5.1183106307631517E-007   1.0000000000000000E-002
  0.36499999999999999        5.3245245322430521E-007   1.0000000000000000E-002
  0.37500000000000000        5.5373075712604831E-007   1.0000000000000000E-002
  0.38500000000000001        5.7570856474445111E-007   1.0000000000000000E-002
  0.39500000000000002        5.9843124459431951E-007   1.0000000000000000E-002
  0.40500000000000003        6.2194689865547952E-007   1.0000000000000000E-002
  0.41500000000000004        6.4630638295984569E-007   1.0000000000000000E-002
  0.42499999999999999        6.7156351184356174E-007   1.0000000000000000E-002
  0.43500000000000000        6.9777538283302903E-007   1.0000000000000000E-002
  0.44500000000000001        7.2500241455128654E-007   1.0000000000000000E-002
  0.45500000000000002        7.5330841296973813E-007   1.0000000000000000E-002
  0.46500000000000002        7.8276085264233708E-007   1.0000000000000000E-002
  0.47500000000000003        8.1343125935628303E-007   1.0000000000000000E-002
  0.48499999999999999        8.4539602164107229E-007   1.0000000000000000E-002
  0.49500000000000000        8.7874232003469928E-007   1.0000000000000000E-002
  0.50500000000000000        9.1357085565503490E-007   1.0000000000000000E-002
  0.51500000000000001        9.4999485351308108E-007   1.0000000000000000E-002
  0.52500000000000002        9.8813877783598199E-007   1.0000000000000000E-002
  0.53500000000000003        1.0281410442404023E-006   1.0000000000000000E-002
  0.54500000000000004        1.0701517841978156E-006   1.0000000000000000E-002
  0.55500000000000005        1.1143358626568276E-006   1.0000000000000000E-002
  0.56500000000000006        1.1608745626787252E-006   1.0000000000000000E-002
  0.57500000000000007        1.2099640599048972E-006   1.0000000000000000E-002
  0.58499999999999996        1.2618168864821729E-006   1.0000000000000000E-002
  0.59499999999999997        1.3166662755697563E-006   1.0000000000000000E-002
  0.60499999999999998        1.3747658797762057E-006   1.0000000000000000E-002
  0.61499999999999999        1.4363899744855811E-006   1.0000000000000000E-002
  0.62500000000000000        1.5018348969021946E-006   1.0000000000000000E-002
  0.63500000000000001        1.5714213918932658E-006   1.0000000000000000E-002
  0.64500000000000002        1.6455023799895647E-006   1.0000000000000000E-002
  0.65500000000000003        1.7244993178217733E-006   1.0000000000000000E-002
  0.66500000000000004        1.8089207904444462E-006   1.0000000000000000E-002
  0.67500000000000004        1.8993498273680451E-006   1.0000000000000000E-002
  0.68500000000000005        1.9964475577100852E-006   1.0000000000000000E-002
  0.69500000000000006        2.1009449957341835E-006   1.0000000000000000E-002
  0.70499999999999996        2.2136666367081849E-006   1.0000000000000000E-002
  0.71499999999999997        2.3355254217493922E-006   1.0000000000000000E-002
  0.72499999999999998        2.4675187214848604E-006   1.0000000000000000E-002
  0.73499999999999999        2.6107499264423739E-006   1.0000000000000000E-002
  0.74500000000000000        2.7664400120804975E-006   1.0000000000000000E-002
  0.75500000000000000        2.9359217443194697E-006   1.0000000000000000E-002
  0.76500000000000001        3.1206469000721525E-006   1.0000000000000000E-002
  0.77500000000000002        3.3222161808430281E-006   1.0000000000000000E-002
  0.78500000000000003        3.5426494584900054E-006   1.0000000000000000E-002
  0.79500000000000004        3.7846163839599649E-006   1.0000000000000000E-002
  0.80500000000000005        4.0512853194878337E-006   1.0000000000000000E-002
  0.81500000000000006        4.3465004026574138E-006   1.0000000000000000E-002
  0.82500000000000007        4.6747202285034489E-006   1.0000000000000000E-002
  0.83499999999999996        5.0410410356352031E-006   1.0000000000000000E-002
  0.84499999999999997        5.4515269609771302E-006   1.0000000000000000E-002
  0.85499999999999998        5.9132032907703488E-006   1.0000000000000000E-002
  0.86499999999999999        6.4340992080960023E-006   1.0000000000000000E-002
  0.87500000000000000        7.0234349976339383E-006   1.0000000000000000E-002
  0.88500000000000001        7.6931408457993593E-006   1.0000000000000000E-002
  0.89500000000000002        8.4595465185367873E-006   1.0000000000000000E-002
  0.90500000000000003        9.3430612793335753E-006   1.0000000000000000E-002
  0.91500000000000004        1.0368215085335592E-005   1.0000000000000000E-002
  0.92500000000000004        1.1564931809466406E-005   1.0000000000000000E-002
  0.93500000000000005        1.2968488381478215E-005   1.0000000000000000E-002
  0.94500000000000006        1.4620628458761189E-005   1.0000000000000000E-002
  0.95500000000000007        1.6582531425802450E-005   1.0000000000000000E-002
  0.96499999999999997        1.8964135271620118E-005   1.0000000000000000E-002
  0.97499999999999998        2.1940104518426533E-005   1.0000000000000000E-002
  0.98499999999999999        2.5752159541206882E-005   1.0000000000000000E-002
  0.99500000000000000        3.0729894536885636E-005   1.0000000000000000E-002
