 #  phi,DGAMMADPHI(IPHI) 
   3.4906585039886591E-002   1.4021787990163719E-009   6.9813170079773182E-002
  0.10471975511965978        1.3892985729946188E-009   6.9813170079773182E-002
  0.17453292519943295        1.3456742520671770E-009   6.9813170079773182E-002
  0.24434609527920614        1.2916318990226282E-009   6.9813170079773182E-002
  0.31415926535897931        1.2874428775871057E-009   6.9813170079773182E-002
  0.38397243543875248        1.4209321003549461E-009   6.9813170079773182E-002
  0.45378560551852570        1.7579213951723040E-009   6.9813170079773182E-002
  0.52359877559829882        2.2623855033298506E-009   6.9813170079773182E-002
  0.59341194567807209        3.0034914039256085E-009   6.9813170079773182E-002
  0.66322511575784526        4.3089719384249532E-009   6.9813170079773182E-002
  0.73303828583761843        6.5246919435577072E-009   6.9813170079773182E-002
  0.80285145591739160        9.8328550662599244E-009   6.9813170079773182E-002
  0.87266462599716477        1.4219791941758244E-008   6.9813170079773182E-002
  0.94247779607693793        1.9342584670978674E-008   6.9813170079773182E-002
   1.0122909661567112        2.3998945150189673E-008   6.9813170079773182E-002
   1.0821041362364843        2.7118272796595364E-008   6.9813170079773182E-002
   1.1519173063162575        2.8772105124960105E-008   6.9813170079773182E-002
   1.2217304763960306        2.8765415511256874E-008   6.9813170079773182E-002
   1.2915436464758039        2.6309482734009598E-008   6.9813170079773182E-002
   1.3613568165555769        2.2252080757160527E-008   6.9813170079773182E-002
   1.4311699866353502        1.9259933990162411E-008   6.9813170079773182E-002
   1.5009831567151235        1.7954293939567568E-008   6.9813170079773182E-002
   1.5707963267948966        1.7039058064425385E-008   6.9813170079773182E-002
   1.6406094968746698        1.5671726756081039E-008   6.9813170079773182E-002
   1.7104226669544429        1.4345492617059133E-008   6.9813170079773182E-002
   1.7802358370342162        1.3907190345042720E-008   6.9813170079773182E-002
   1.8500490071139892        1.4598303205641005E-008   6.9813170079773182E-002
   1.9198621771937625        1.6370372479186079E-008   6.9813170079773182E-002
   1.9896753472735358        1.9400831351542862E-008   6.9813170079773182E-002
   2.0594885173533091        2.4345769223018992E-008   6.9813170079773182E-002
   2.1293016874330819        3.2037572532248883E-008   6.9813170079773182E-002
   2.1991148575128552        4.2724465003294705E-008   6.9813170079773182E-002
   2.2689280275926285        5.7797121336277381E-008   6.9813170079773182E-002
   2.3387411976724017        7.9013377814335476E-008   6.9813170079773182E-002
   2.4085543677521746        1.0915653105746896E-007   6.9813170079773182E-002
   2.4783675378319479        1.5128675569362197E-007   6.9813170079773182E-002
   2.5481807079117211        2.1007552275178869E-007   6.9813170079773182E-002
   2.6179938779914944        2.9506050142665549E-007   6.9813170079773182E-002
   2.6878070480712677        4.1471403233836658E-007   6.9813170079773182E-002
   2.7576202181510405        5.7647040397422014E-007   6.9813170079773182E-002
   2.8274333882308138        7.8303099665426906E-007   6.9813170079773182E-002
   2.8972465583105871        1.0279108210414215E-006   6.9813170079773182E-002
   2.9670597283903604        1.2986435435190711E-006   6.9813170079773182E-002
   3.0368728984701332        1.5489627978991856E-006   6.9813170079773182E-002
   3.1066860685499065        1.7019413794970019E-006   6.9813170079773182E-002
   3.1764992386296798        1.7019413794970021E-006   6.9813170079773182E-002
   3.2463124087094530        1.5489627978991854E-006   6.9813170079773182E-002
   3.3161255787892263        1.2986435435190711E-006   6.9813170079773182E-002
   3.3859387488689991        1.0279108210414211E-006   6.9813170079773182E-002
   3.4557519189487724        7.8303099665426916E-007   6.9813170079773182E-002
   3.5255650890285457        5.7647040397422088E-007   6.9813170079773182E-002
   3.5953782591083190        4.1471403233836648E-007   6.9813170079773182E-002
   3.6651914291880923        2.9506050142665501E-007   6.9813170079773182E-002
   3.7350045992678651        2.1007552275178922E-007   6.9813170079773182E-002
   3.8048177693476384        1.5128675569362213E-007   6.9813170079773182E-002
   3.8746309394274117        1.0915653105746901E-007   6.9813170079773182E-002
   3.9444441095071849        7.9013377814335436E-008   6.9813170079773182E-002
   4.0142572795869578        5.7797121336277414E-008   6.9813170079773182E-002
   4.0840704496667311        4.2724465003294712E-008   6.9813170079773182E-002
   4.1538836197465043        3.2037572532248969E-008   6.9813170079773182E-002
   4.2236967898262776        2.4345769223018982E-008   6.9813170079773182E-002
   4.2935099599060509        1.9400831351542835E-008   6.9813170079773182E-002
   4.3633231299858242        1.6370372479186086E-008   6.9813170079773182E-002
   4.4331363000655974        1.4598303205641011E-008   6.9813170079773182E-002
   4.5029494701453698        1.3907190345042732E-008   6.9813170079773182E-002
   4.5727626402251431        1.4345492617059126E-008   6.9813170079773182E-002
   4.6425758103049164        1.5671726756081039E-008   6.9813170079773182E-002
   4.7123889803846897        1.7039058064425375E-008   6.9813170079773182E-002
   4.7822021504644630        1.7954293939567575E-008   6.9813170079773182E-002
   4.8520153205442362        1.9259933990162408E-008   6.9813170079773182E-002
   4.9218284906240095        2.2252080757160487E-008   6.9813170079773182E-002
   4.9916416607037828        2.6309482734009634E-008   6.9813170079773182E-002
   5.0614548307835561        2.8765415511256884E-008   6.9813170079773182E-002
   5.1312680008633285        2.8772105124960102E-008   6.9813170079773182E-002
   5.2010811709431017        2.7118272796595374E-008   6.9813170079773182E-002
   5.2708943410228750        2.3998945150189769E-008   6.9813170079773182E-002
   5.3407075111026483        1.9342584670978668E-008   6.9813170079773182E-002
   5.4105206811824216        1.4219791941758255E-008   6.9813170079773182E-002
   5.4803338512621949        9.8328550662599112E-009   6.9813170079773182E-002
   5.5501470213419681        6.5246919435577147E-009   6.9813170079773182E-002
   5.6199601914217414        4.3089719384249590E-009   6.9813170079773182E-002
   5.6897733615015147        3.0034914039256048E-009   6.9813170079773182E-002
   5.7595865315812871        2.2623855033298506E-009   6.9813170079773182E-002
   5.8293997016610604        1.7579213951722947E-009   6.9813170079773182E-002
   5.8992128717408336        1.4209321003549494E-009   6.9813170079773182E-002
   5.9690260418206069        1.2874428775871008E-009   6.9813170079773182E-002
   6.0388392119003802        1.2916318990226249E-009   6.9813170079773182E-002
   6.1086523819801535        1.3456742520671813E-009   6.9813170079773182E-002
   6.1784655520599268        1.3892985729946190E-009   6.9813170079773182E-002
   6.2482787221397000        1.4021787990163750E-009   6.9813170079773182E-002
