 #     E1  dGamma/dq   dGamma/dE1 
  0.2784088E-05  0.3051458E-10  0.2820955E-07
  0.2505679E-04  0.2741017E-09  0.8446549E-07
  0.6960220E-04  0.7584861E-09  0.1402382E-06
  0.1364203E-03  0.1478238E-08  0.1952248E-06
  0.2255111E-03  0.2425571E-08  0.2491496E-06
  0.3368746E-03  0.3590761E-08  0.3017745E-06
  0.4705109E-03  0.4962693E-08  0.3529091E-06
  0.6264198E-03  0.6529543E-08  0.4024207E-06
  0.8046014E-03  0.8279558E-08  0.4502430E-06
  0.1005056E-02  0.1020191E-07  0.4963830E-06
  0.1227783E-02  0.1228758E-07  0.5409233E-06
  0.1472783E-02  0.1453006E-07  0.5840207E-06
  0.1740055E-02  0.1692598E-07  0.6258966E-06
  0.2029600E-02  0.1947520E-07  0.6668174E-06
  0.2341418E-02  0.2218034E-07  0.7070645E-06
  0.2675509E-02  0.2504548E-07  0.7468896E-06
  0.3031872E-02  0.2807369E-07  0.7864559E-06
  0.3410508E-02  0.3126347E-07  0.8257677E-06
  0.3811416E-02  0.3460713E-07  0.8646745E-06
  0.4234598E-02  0.3809186E-07  0.9029346E-06
  0.4680052E-02  0.4169756E-07  0.9401898E-06
  0.5147779E-02  0.4539611E-07  0.9759757E-06
  0.5637778E-02  0.4915131E-07  0.1009744E-05
  0.6150050E-02  0.5291963E-07  0.1040897E-05
  0.6684595E-02  0.5665186E-07  0.1068826E-05
  0.7241413E-02  0.6029560E-07  0.1092960E-05
  0.7820503E-02  0.6379855E-07  0.1112817E-05
  0.8421866E-02  0.6711249E-07  0.1128053E-05
  0.9045502E-02  0.7019759E-07  0.1138508E-05
  0.9691410E-02  0.7302692E-07  0.1144247E-05
  0.1035959E-01  0.7559069E-07  0.1145585E-05
  0.1105005E-01  0.7790006E-07  0.1143105E-05
  0.1176277E-01  0.7999032E-07  0.1137661E-05
  0.1249777E-01  0.8192362E-07  0.1130376E-05
  0.1325504E-01  0.8379067E-07  0.1122627E-05
  0.1403459E-01  0.8566615E-07  0.1115423E-05
  0.1483640E-01  0.8757722E-07  0.1109065E-05
  0.1566049E-01  0.8954827E-07  0.1103786E-05
  0.1650686E-01  0.9160425E-07  0.1099800E-05
  0.1737549E-01  0.9377026E-07  0.1097304E-05
  0.1826640E-01  0.9607110E-07  0.1096469E-05
  0.1917958E-01  0.9853054E-07  0.1097442E-05
  0.2011504E-01  0.1011705E-06  0.1100332E-05
  0.2107276E-01  0.1040098E-06  0.1105207E-05
  0.2205276E-01  0.1070628E-06  0.1112084E-05
  0.2305503E-01  0.1103376E-06  0.1120911E-05
  0.2407958E-01  0.1138338E-06  0.1131558E-05
  0.2512639E-01  0.1175396E-06  0.1143798E-05
  0.2619548E-01  0.1214295E-06  0.1157288E-05
  0.2728685E-01  0.1254606E-06  0.1171551E-05
  0.2840048E-01  0.1295692E-06  0.1185957E-05
  0.2953639E-01  0.1336681E-06  0.1199718E-05
  0.3069457E-01  0.1376846E-06  0.1212230E-05
  0.3187502E-01  0.1415948E-06  0.1223355E-05
  0.3307775E-01  0.1453804E-06  0.1233015E-05
  0.3430275E-01  0.1490254E-06  0.1241155E-05
  0.3555002E-01  0.1525164E-06  0.1247748E-05
  0.3681956E-01  0.1558437E-06  0.1252796E-05
  0.3811138E-01  0.1590017E-06  0.1256333E-05
  0.3942547E-01  0.1619893E-06  0.1258427E-05
  0.4076183E-01  0.1648108E-06  0.1259184E-05
  0.4212047E-01  0.1674763E-06  0.1258743E-05
  0.4350137E-01  0.1700023E-06  0.1257284E-05
  0.4490456E-01  0.1724118E-06  0.1255024E-05
  0.4633001E-01  0.1747351E-06  0.1252216E-05
  0.4777773E-01  0.1770101E-06  0.1249153E-05
  0.4924773E-01  0.1792826E-06  0.1246164E-05
  0.5074000E-01  0.1816069E-06  0.1243619E-05
  0.5225455E-01  0.1840463E-06  0.1241925E-05
  0.5379136E-01  0.1866503E-06  0.1241374E-05
  0.5535045E-01  0.1894339E-06  0.1242016E-05
  0.5693182E-01  0.1924074E-06  0.1243869E-05
  0.5853545E-01  0.1955806E-06  0.1246943E-05
  0.6016136E-01  0.1989622E-06  0.1251244E-05
  0.6180954E-01  0.2025595E-06  0.1256768E-05
  0.6347999E-01  0.2063786E-06  0.1263504E-05
  0.6517272E-01  0.2104240E-06  0.1271430E-05
  0.6688771E-01  0.2146982E-06  0.1280517E-05
  0.6862498E-01  0.2192016E-06  0.1290722E-05
  0.7038453E-01  0.2239323E-06  0.1301992E-05
  0.7216634E-01  0.2288856E-06  0.1314260E-05
  0.7397043E-01  0.2340539E-06  0.1327446E-05
  0.7579680E-01  0.2394260E-06  0.1341455E-05
  0.7764543E-01  0.2449872E-06  0.1356175E-05
  0.7951634E-01  0.2507187E-06  0.1371478E-05
  0.8140952E-01  0.2565975E-06  0.1387219E-05
  0.8332497E-01  0.2626087E-06  0.1403304E-05
  0.8526269E-01  0.2687604E-06  0.1419764E-05
  0.8722269E-01  0.2750647E-06  0.1436648E-05
  0.8920496E-01  0.2815349E-06  0.1454012E-05
  0.9120951E-01  0.2881853E-06  0.1471913E-05
  0.9323632E-01  0.2950317E-06  0.1490412E-05
  0.9528541E-01  0.3020917E-06  0.1509579E-05
  0.9735677E-01  0.3093858E-06  0.1529493E-05
  0.9945041E-01  0.3169372E-06  0.1550244E-05
  0.1015663E+00  0.3247718E-06  0.1571932E-05
  0.1037045E+00  0.3329176E-06  0.1594660E-05
  0.1058649E+00  0.3414033E-06  0.1618534E-05
  0.1080477E+00  0.3502580E-06  0.1643655E-05
  0.1102527E+00  0.3595101E-06  0.1670117E-05
  0.1124799E+00  0.3691882E-06  0.1698011E-05
  0.1147295E+00  0.3793205E-06  0.1727424E-05
  0.1170013E+00  0.3899370E-06  0.1758447E-05
  0.1192954E+00  0.4010678E-06  0.1791167E-05
  0.1216117E+00  0.4127388E-06  0.1825651E-05
  0.1239504E+00  0.4249821E-06  0.1861989E-05
  0.1263113E+00  0.4378376E-06  0.1900300E-05
  0.1286945E+00  0.4513498E-06  0.1940723E-05
  0.1310999E+00  0.4655638E-06  0.1983391E-05
  0.1335276E+00  0.4805250E-06  0.2028433E-05
  0.1359776E+00  0.4962787E-06  0.2075975E-05
  0.1384499E+00  0.5128726E-06  0.2126148E-05
  0.1409445E+00  0.5303590E-06  0.2179095E-05
  0.1434613E+00  0.5487955E-06  0.2234979E-05
  0.1460004E+00  0.5682426E-06  0.2293967E-05
  0.1485617E+00  0.5887633E-06  0.2356229E-05
  0.1511454E+00  0.6104252E-06  0.2421951E-05
  0.1537513E+00  0.6333020E-06  0.2491333E-05
  0.1563794E+00  0.6574727E-06  0.2564591E-05
  0.1590299E+00  0.6830214E-06  0.2641954E-05
  0.1617026E+00  0.7100401E-06  0.2723671E-05
  0.1643976E+00  0.7386337E-06  0.2810034E-05
  0.1671149E+00  0.7689166E-06  0.2901362E-05
  0.1698544E+00  0.8010094E-06  0.2997985E-05
  0.1726162E+00  0.8350409E-06  0.3100253E-05
  0.1754003E+00  0.8711447E-06  0.3208524E-05
  0.1782067E+00  0.9094585E-06  0.3323159E-05
  0.1810353E+00  0.9501267E-06  0.3444531E-05
  0.1838862E+00  0.9932992E-06  0.3573022E-05
  0.1867594E+00  0.1039130E-05  0.3709018E-05
  0.1896549E+00  0.1087783E-05  0.3852925E-05
  0.1925726E+00  0.1139445E-05  0.4005221E-05
  0.1955126E+00  0.1194328E-05  0.4166454E-05
  0.1984748E+00  0.1252666E-05  0.4337232E-05
  0.2014594E+00  0.1314708E-05  0.4518202E-05
  0.2044662E+00  0.1380728E-05  0.4710072E-05
  0.2074953E+00  0.1451011E-05  0.4913567E-05
  0.2105467E+00  0.1525874E-05  0.5129496E-05
  0.2136203E+00  0.1605647E-05  0.5358696E-05
  0.2167162E+00  0.1690663E-05  0.5601981E-05
  0.2198344E+00  0.1781271E-05  0.5860200E-05
  0.2229748E+00  0.1877828E-05  0.6134203E-05
  0.2261375E+00  0.1980679E-05  0.6424775E-05
  0.2293225E+00  0.2090165E-05  0.6732672E-05
  0.2325298E+00  0.2206667E-05  0.7058750E-05
  0.2357594E+00  0.2330591E-05  0.7403923E-05
  0.2390112E+00  0.2462337E-05  0.7769064E-05
  0.2422853E+00  0.2602298E-05  0.8154997E-05
  0.2455816E+00  0.2750827E-05  0.8562402E-05
  0.2489003E+00  0.2908265E-05  0.8991901E-05
  0.2522412E+00  0.3074909E-05  0.9443970E-05
  0.2556043E+00  0.3250964E-05  0.9918781E-05
  0.2589898E+00  0.3436555E-05  0.1041627E-04
  0.2623975E+00  0.3631684E-05  0.1093600E-04
  0.2658275E+00  0.3836194E-05  0.1147707E-04
  0.2692798E+00  0.4049864E-05  0.1203840E-04
  0.2727543E+00  0.4272542E-05  0.1261917E-04
  0.2762511E+00  0.4504046E-05  0.1321847E-04
  0.2797702E+00  0.4744069E-05  0.1383504E-04
  0.2833116E+00  0.4992023E-05  0.1446687E-04
  0.2868752E+00  0.5247038E-05  0.1511117E-04
  0.2904611E+00  0.5507874E-05  0.1576414E-04
  0.2940693E+00  0.5772751E-05  0.1642057E-04
  0.2976997E+00  0.6039384E-05  0.1707394E-04
  0.3013525E+00  0.6304974E-05  0.1771643E-04
  0.3050275E+00  0.6566021E-05  0.1833847E-04
  0.3087247E+00  0.6818289E-05  0.1892866E-04
  0.3124443E+00  0.7056937E-05  0.1947423E-04
  0.3161861E+00  0.7276777E-05  0.1996172E-04
  0.3199502E+00  0.7472469E-05  0.2037761E-04
  0.3237365E+00  0.7638699E-05  0.2070875E-04
  0.3275452E+00  0.7770371E-05  0.2094288E-04
  0.3313761E+00  0.7862830E-05  0.2106922E-04
  0.3352293E+00  0.7912034E-05  0.2107888E-04
  0.3391047E+00  0.7914750E-05  0.2096528E-04
  0.3430024E+00  0.7868733E-05  0.2072462E-04
  0.3469224E+00  0.7772919E-05  0.2035627E-04
  0.3508647E+00  0.7627600E-05  0.1986316E-04
  0.3548292E+00  0.7434571E-05  0.1925203E-04
  0.3588160E+00  0.7197220E-05  0.1853357E-04
  0.3628251E+00  0.6920361E-05  0.1772190E-04
  0.3668565E+00  0.6609800E-05  0.1683335E-04
  0.3709101E+00  0.6271680E-05  0.1588473E-04
  0.3749860E+00  0.5912125E-05  0.1489246E-04
  0.3790842E+00  0.5536787E-05  0.1387140E-04
  0.3832047E+00  0.5150659E-05  0.1283446E-04
  0.3873474E+00  0.4758000E-05  0.1179246E-04
  0.3915124E+00  0.4362541E-05  0.1075467E-04
  0.3956996E+00  0.3968363E-05  0.9731029E-05
  0.3999092E+00  0.3580209E-05  0.8732890E-05
  0.4041410E+00  0.3202092E-05  0.7769582E-05
  0.4083951E+00  0.2836779E-05  0.6847239E-05
  0.4126714E+00  0.2485832E-05  0.5968975E-05
  0.4169701E+00  0.2150126E-05  0.5136197E-05
  0.4212910E+00  0.1830411E-05  0.4349986E-05
  0.4256342E+00  0.1526262E-05  0.3608619E-05
  0.4299996E+00  0.1235097E-05  0.2905342E-05
  0.4343873E+00  0.9521200E-06  0.2228350E-05
  0.4387973E+00  0.6685610E-06  0.1556823E-05
  0.4432296E+00  0.3471313E-06  0.8042844E-06
