 #  r,DGAMMADR(IR) 
   5.0000000000000001E-003   1.5818941292649070E-010   1.0000000000000000E-002
   1.4999999999999999E-002   4.7470122067562373E-010   1.0000000000000000E-002
   2.5000000000000001E-002   7.9161192919555634E-010   1.0000000000000000E-002
   3.5000000000000003E-002   1.1091873427224813E-009   1.0000000000000000E-002
   4.4999999999999998E-002   1.4276931416561783E-009   1.0000000000000000E-002
   5.5000000000000000E-002   1.7473949748325214E-009   1.0000000000000000E-002
   6.5000000000000002E-002   2.0685586951174508E-009   1.0000000000000000E-002
   7.4999999999999997E-002   2.3914511240970356E-009   1.0000000000000000E-002
   8.5000000000000006E-002   2.7163547350335204E-009   1.0000000000000000E-002
   9.5000000000000001E-002   3.0435920285119955E-009   1.0000000000000000E-002
  0.10500000000000000        3.3735242724773678E-009   1.0000000000000000E-002
  0.11500000000000000        3.7065503794122975E-009   1.0000000000000000E-002
  0.12500000000000000        4.0431068670402154E-009   1.0000000000000000E-002
  0.13500000000000001        4.3836675977879260E-009   1.0000000000000000E-002
  0.14499999999999999        4.7287439810093823E-009   1.0000000000000000E-002
  0.15500000000000000        5.0788844115662621E-009   1.0000000000000000E-002
  0.16500000000000001        5.4346750690801924E-009   1.0000000000000000E-002
  0.17500000000000002        5.7967404603719405E-009   1.0000000000000000E-002
  0.18500000000000000        6.1657437924342105E-009   1.0000000000000000E-002
  0.19500000000000001        6.5423804962171654E-009   1.0000000000000000E-002
  0.20500000000000002        6.9273748835730535E-009   1.0000000000000000E-002
  0.21500000000000000        7.3214842598812402E-009   1.0000000000000000E-002
  0.22500000000000001        7.7255010511153536E-009   1.0000000000000000E-002
  0.23500000000000001        8.1402545887662525E-009   1.0000000000000000E-002
  0.24500000000000000        8.5666120540900519E-009   1.0000000000000000E-002
  0.25500000000000000        9.0054806100936909E-009   1.0000000000000000E-002
  0.26500000000000001        9.4578082539891665E-009   1.0000000000000000E-002
  0.27500000000000002        9.9245852986245621E-009   1.0000000000000000E-002
  0.28500000000000003        1.0406846782769993E-008   1.0000000000000000E-002
  0.29499999999999998        1.0905662777194818E-008   1.0000000000000000E-002
  0.30499999999999999        1.1421981067787273E-008   1.0000000000000000E-002
  0.31500000000000000        1.1956505127569971E-008   1.0000000000000000E-002
  0.32500000000000001        1.2509750258633787E-008   1.0000000000000000E-002
  0.33500000000000002        1.3082059609675619E-008   1.0000000000000000E-002
  0.34500000000000003        1.3673586011105169E-008   1.0000000000000000E-002
  0.35499999999999998        1.4284304977638377E-008   1.0000000000000000E-002
  0.36499999999999999        1.4913981334584341E-008   1.0000000000000000E-002
  0.37500000000000000        1.5562179991416090E-008   1.0000000000000000E-002
  0.38500000000000001        1.6228256489897037E-008   1.0000000000000000E-002
  0.39500000000000002        1.6911335108433931E-008   1.0000000000000000E-002
  0.40500000000000003        1.7610321547736257E-008   1.0000000000000000E-002
  0.41500000000000004        1.8323903958396764E-008   1.0000000000000000E-002
  0.42499999999999999        1.9050550778528203E-008   1.0000000000000000E-002
  0.43500000000000000        1.9788516301947960E-008   1.0000000000000000E-002
  0.44500000000000001        2.0535861738771239E-008   1.0000000000000000E-002
  0.45500000000000002        2.1290480139182205E-008   1.0000000000000000E-002
  0.46500000000000002        2.2050162121574190E-008   1.0000000000000000E-002
  0.47500000000000003        2.2812823667465639E-008   1.0000000000000000E-002
  0.48499999999999999        2.3576593596452434E-008   1.0000000000000000E-002
  0.49500000000000000        2.4340214275577898E-008   1.0000000000000000E-002
  0.50500000000000000        2.5103238026373651E-008   1.0000000000000000E-002
  0.51500000000000001        2.5865831569397111E-008   1.0000000000000000E-002
  0.52500000000000002        2.6628732405876579E-008   1.0000000000000000E-002
  0.53500000000000003        2.7393266228901120E-008   1.0000000000000000E-002
  0.54500000000000004        2.8161251696055264E-008   1.0000000000000000E-002
  0.55500000000000005        2.8935146729999614E-008   1.0000000000000000E-002
  0.56500000000000006        2.9718018010110041E-008   1.0000000000000000E-002
  0.57500000000000007        3.0513507324832387E-008   1.0000000000000000E-002
  0.58499999999999996        3.1325930125464005E-008   1.0000000000000000E-002
  0.59499999999999997        3.2160403152417647E-008   1.0000000000000000E-002
  0.60499999999999998        3.3022842939888504E-008   1.0000000000000000E-002
  0.61499999999999999        3.3920045160493275E-008   1.0000000000000000E-002
  0.62500000000000000        3.4859801726802869E-008   1.0000000000000000E-002
  0.63500000000000001        3.5851040179859645E-008   1.0000000000000000E-002
  0.64500000000000002        3.6903908289206001E-008   1.0000000000000000E-002
  0.65500000000000003        3.8029347773750797E-008   1.0000000000000000E-002
  0.66500000000000004        3.9239130396607104E-008   1.0000000000000000E-002
  0.67500000000000004        4.0546489566854994E-008   1.0000000000000000E-002
  0.68500000000000005        4.1966421319618246E-008   1.0000000000000000E-002
  0.69500000000000006        4.3516192902890488E-008   1.0000000000000000E-002
  0.70499999999999996        4.5215464344070197E-008   1.0000000000000000E-002
  0.71499999999999997        4.7086774922126154E-008   1.0000000000000000E-002
  0.72499999999999998        4.9155885467267089E-008   1.0000000000000000E-002
  0.73499999999999999        5.1452235390874645E-008   1.0000000000000000E-002
  0.74500000000000000        5.4009234194080030E-008   1.0000000000000000E-002
  0.75500000000000000        5.6864807930240125E-008   1.0000000000000000E-002
  0.76500000000000001        6.0061786909636626E-008   1.0000000000000000E-002
  0.77500000000000002        6.3648335334429915E-008   1.0000000000000000E-002
  0.78500000000000003        6.7677671849715120E-008   1.0000000000000000E-002
  0.79500000000000004        7.2207501152139079E-008   1.0000000000000000E-002
  0.80500000000000005        7.7300888213323927E-008   1.0000000000000000E-002
  0.81500000000000006        8.3026544765780498E-008   1.0000000000000000E-002
  0.82500000000000007        8.9459926599356058E-008   1.0000000000000000E-002
  0.83499999999999996        9.6683555903912488E-008   1.0000000000000000E-002
  0.84499999999999997        1.0478855793249748E-007   1.0000000000000000E-002
  0.85499999999999998        1.1387482513065351E-007   1.0000000000000000E-002
  0.86499999999999999        1.2405514005873195E-007   1.0000000000000000E-002
  0.87500000000000000        1.3545710830921339E-007   1.0000000000000000E-002
  0.88500000000000001        1.4823721533005625E-007   1.0000000000000000E-002
  0.89500000000000002        1.6260467548557681E-007   1.0000000000000000E-002
  0.90500000000000003        1.7883015023997985E-007   1.0000000000000000E-002
  0.91500000000000004        1.9726225420130646E-007   1.0000000000000000E-002
  0.92500000000000004        2.1836487007265358E-007   1.0000000000000000E-002
  0.93500000000000005        2.4277221361839083E-007   1.0000000000000000E-002
  0.94500000000000006        2.7141779141222474E-007   1.0000000000000000E-002
  0.95500000000000007        3.0572458623926211E-007   1.0000000000000000E-002
  0.96499999999999997        3.4805028436879578E-007   1.0000000000000000E-002
  0.97499999999999998        4.0322882384907600E-007   1.0000000000000000E-002
  0.98499999999999999        4.8518086248085972E-007   1.0000000000000000E-002
  0.99500000000000000        6.6954403311186168E-007   1.0000000000000000E-002
