 #  phi,DGAMMADPHI(IPHI) 
   3.4906585039886591E-002   1.2384420941983905E-009   6.9813170079773182E-002
  0.10471975511965978        1.2599433267495177E-009   6.9813170079773182E-002
  0.17453292519943295        1.2697740538720226E-009   6.9813170079773182E-002
  0.24434609527920614        1.2743369864398312E-009   6.9813170079773182E-002
  0.31415926535897931        1.2997831343493803E-009   6.9813170079773182E-002
  0.38397243543875248        1.3908047926593948E-009   6.9813170079773182E-002
  0.45378560551852570        1.6071454165333812E-009   6.9813170079773182E-002
  0.52359877559829882        1.9809245435014818E-009   6.9813170079773182E-002
  0.59341194567807209        2.6161235883079007E-009   6.9813170079773182E-002
  0.66322511575784526        3.7072746779367567E-009   6.9813170079773182E-002
  0.73303828583761843        5.4012635895301867E-009   6.9813170079773182E-002
  0.80285145591739160        7.9493197623202803E-009   6.9813170079773182E-002
  0.87266462599716477        1.1698908106593387E-008   6.9813170079773182E-002
  0.94247779607693793        1.6537064097689423E-008   6.9813170079773182E-002
   1.0122909661567112        2.1351382661862452E-008   6.9813170079773182E-002
   1.0821041362364843        2.5178143283960137E-008   6.9813170079773182E-002
   1.1519173063162575        2.8150488630608625E-008   6.9813170079773182E-002
   1.2217304763960306        2.9762557823143026E-008   6.9813170079773182E-002
   1.2915436464758039        2.8687681583212763E-008   6.9813170079773182E-002
   1.3613568165555769        2.5558781520890022E-008   6.9813170079773182E-002
   1.4311699866353502        2.3259309270844025E-008   6.9813170079773182E-002
   1.5009831567151235        2.2539577603946505E-008   6.9813170079773182E-002
   1.5707963267948966        2.2042483712655602E-008   6.9813170079773182E-002
   1.6406094968746698        2.0895458798528621E-008   6.9813170079773182E-002
   1.7104226669544429        1.9705162452148456E-008   6.9813170079773182E-002
   1.7802358370342162        1.9501006203686922E-008   6.9813170079773182E-002
   1.8500490071139892        2.0602031976208951E-008   6.9813170079773182E-002
   1.9198621771937625        2.2971041027613146E-008   6.9813170079773182E-002
   1.9896753472735358        2.6819382715572358E-008   6.9813170079773182E-002
   2.0594885173533091        3.2902425087231753E-008   6.9813170079773182E-002
   2.1293016874330819        4.2186560283694877E-008   6.9813170079773182E-002
   2.1991148575128552        5.5082383973123677E-008   6.9813170079773182E-002
   2.2689280275926285        7.3212605734246068E-008   6.9813170079773182E-002
   2.3387411976724017        9.8604377247375276E-008   6.9813170079773182E-002
   2.4085543677521746        1.3447331927110063E-007   6.9813170079773182E-002
   2.4783675378319479        1.8435278660808236E-007   6.9813170079773182E-002
   2.5481807079117211        2.5365932453100738E-007   6.9813170079773182E-002
   2.6179938779914944        3.5351229433475409E-007   6.9813170079773182E-002
   2.6878070480712677        4.9371135071486237E-007   6.9813170079773182E-002
   2.7576202181510405        6.8279901711824536E-007   6.9813170079773182E-002
   2.8274333882308138        9.2378267628748721E-007   6.9813170079773182E-002
   2.8972465583105871        1.2089870717848156E-006   6.9813170079773182E-002
   2.9670597283903604        1.5238189429211522E-006   6.9813170079773182E-002
   3.0368728984701332        1.8145608981962480E-006   6.9813170079773182E-002
   3.1066860685499065        1.9921097633295194E-006   6.9813170079773182E-002
   3.1764992386296798        1.9921097633295190E-006   6.9813170079773182E-002
   3.2463124087094530        1.8145608981962484E-006   6.9813170079773182E-002
   3.3161255787892263        1.5238189429211524E-006   6.9813170079773182E-002
   3.3859387488689991        1.2089870717848156E-006   6.9813170079773182E-002
   3.4557519189487724        9.2378267628748732E-007   6.9813170079773182E-002
   3.5255650890285457        6.8279901711824610E-007   6.9813170079773182E-002
   3.5953782591083190        4.9371135071486237E-007   6.9813170079773182E-002
   3.6651914291880923        3.5351229433475372E-007   6.9813170079773182E-002
   3.7350045992678651        2.5365932453100786E-007   6.9813170079773182E-002
   3.8048177693476384        1.8435278660808255E-007   6.9813170079773182E-002
   3.8746309394274117        1.3447331927110071E-007   6.9813170079773182E-002
   3.9444441095071849        9.8604377247375210E-008   6.9813170079773182E-002
   4.0142572795869578        7.3212605734246108E-008   6.9813170079773182E-002
   4.0840704496667311        5.5082383973123711E-008   6.9813170079773182E-002
   4.1538836197465043        4.2186560283694950E-008   6.9813170079773182E-002
   4.2236967898262776        3.2902425087231727E-008   6.9813170079773182E-002
   4.2935099599060509        2.6819382715572332E-008   6.9813170079773182E-002
   4.3633231299858242        2.2971041027613153E-008   6.9813170079773182E-002
   4.4331363000655974        2.0602031976208951E-008   6.9813170079773182E-002
   4.5029494701453698        1.9501006203686948E-008   6.9813170079773182E-002
   4.5727626402251431        1.9705162452148449E-008   6.9813170079773182E-002
   4.6425758103049164        2.0895458798528621E-008   6.9813170079773182E-002
   4.7123889803846897        2.2042483712655602E-008   6.9813170079773182E-002
   4.7822021504644630        2.2539577603946515E-008   6.9813170079773182E-002
   4.8520153205442362        2.3259309270844015E-008   6.9813170079773182E-002
   4.9218284906240095        2.5558781520890009E-008   6.9813170079773182E-002
   4.9916416607037828        2.8687681583212806E-008   6.9813170079773182E-002
   5.0614548307835561        2.9762557823143092E-008   6.9813170079773182E-002
   5.1312680008633285        2.8150488630608648E-008   6.9813170079773182E-002
   5.2010811709431017        2.5178143283960174E-008   6.9813170079773182E-002
   5.2708943410228750        2.1351382661862548E-008   6.9813170079773182E-002
   5.3407075111026483        1.6537064097689410E-008   6.9813170079773182E-002
   5.4105206811824216        1.1698908106593382E-008   6.9813170079773182E-002
   5.4803338512621949        7.9493197623202455E-009   6.9813170079773182E-002
   5.5501470213419681        5.4012635895302033E-009   6.9813170079773182E-002
   5.6199601914217414        3.7072746779367584E-009   6.9813170079773182E-002
   5.6897733615015147        2.6161235883079002E-009   6.9813170079773182E-002
   5.7595865315812871        1.9809245435014818E-009   6.9813170079773182E-002
   5.8293997016610604        1.6071454165333696E-009   6.9813170079773182E-002
   5.8992128717408336        1.3908047926593962E-009   6.9813170079773182E-002
   5.9690260418206069        1.2997831343493743E-009   6.9813170079773182E-002
   6.0388392119003802        1.2743369864398283E-009   6.9813170079773182E-002
   6.1086523819801535        1.2697740538720249E-009   6.9813170079773182E-002
   6.1784655520599268        1.2599433267495171E-009   6.9813170079773182E-002
   6.2482787221397000        1.2384420941983936E-009   6.9813170079773182E-002
