 #  r,DGAMMADR(IR) 
   5.0000000000000001E-003   6.3392608740725301E-009   1.0000000000000000E-002
   1.4999999999999999E-002   1.9023434145303586E-008   1.0000000000000000E-002
   2.5000000000000001E-002   3.1724563901629267E-008   1.0000000000000000E-002
   3.5000000000000003E-002   4.4453960855716189E-008   1.0000000000000000E-002
   4.4999999999999998E-002   5.7222945315132819E-008   1.0000000000000000E-002
   5.5000000000000000E-002   7.0042851042223166E-008   1.0000000000000000E-002
   6.5000000000000002E-002   8.2925029135704071E-008   1.0000000000000000E-002
   7.4999999999999997E-002   9.5880855368411462E-008   1.0000000000000000E-002
   8.5000000000000006E-002   1.0892187294839252E-007   1.0000000000000000E-002
   9.5000000000000001E-002   1.2206002294980983E-007   1.0000000000000000E-002
  0.10500000000000000        1.3530762186429028E-007   1.0000000000000000E-002
  0.11500000000000000        1.4867735064230456E-007   1.0000000000000000E-002
  0.12500000000000000        1.6218225963929169E-007   1.0000000000000000E-002
  0.13500000000000001        1.7583578100754708E-007   1.0000000000000000E-002
  0.14499999999999999        1.8965173461427962E-007   1.0000000000000000E-002
  0.15500000000000000        2.0364434798765345E-007   1.0000000000000000E-002
  0.16500000000000001        2.1782825976960955E-007   1.0000000000000000E-002
  0.17500000000000002        2.3221853953190937E-007   1.0000000000000000E-002
  0.18500000000000000        2.4683071588023399E-007   1.0000000000000000E-002
  0.19500000000000001        2.6168093730594122E-007   1.0000000000000000E-002
  0.20500000000000002        2.7678608047541519E-007   1.0000000000000000E-002
  0.21500000000000000        2.9216370792392130E-007   1.0000000000000000E-002
  0.22500000000000001        3.0783207086955080E-007   1.0000000000000000E-002
  0.23500000000000001        3.2381011409901919E-007   1.0000000000000000E-002
  0.24500000000000000        3.4011749287411361E-007   1.0000000000000000E-002
  0.25500000000000000        3.5677458733439024E-007   1.0000000000000000E-002
  0.26500000000000001        3.7380252590804068E-007   1.0000000000000000E-002
  0.27500000000000002        3.9122320300378370E-007   1.0000000000000000E-002
  0.28500000000000003        4.0905930156958041E-007   1.0000000000000000E-002
  0.29499999999999998        4.2733439539323463E-007   1.0000000000000000E-002
  0.30499999999999999        4.4607420101808465E-007   1.0000000000000000E-002
  0.31500000000000000        4.6530749919430990E-007   1.0000000000000000E-002
  0.32500000000000001        4.8506562961168428E-007   1.0000000000000000E-002
  0.33500000000000002        5.0538229223703083E-007   1.0000000000000000E-002
  0.34500000000000003        5.2629369871549683E-007   1.0000000000000000E-002
  0.35499999999999998        5.4783838987505861E-007   1.0000000000000000E-002
  0.36499999999999999        5.7005756071456912E-007   1.0000000000000000E-002
  0.37500000000000000        5.9299499031471680E-007   1.0000000000000000E-002
  0.38500000000000001        6.1669704442893688E-007   1.0000000000000000E-002
  0.39500000000000002        6.4121309477626457E-007   1.0000000000000000E-002
  0.40500000000000003        6.6659547564325651E-007   1.0000000000000000E-002
  0.41500000000000004        6.9289950597046573E-007   1.0000000000000000E-002
  0.42499999999999999        7.2018370702004766E-007   1.0000000000000000E-002
  0.43500000000000000        7.4851015285059027E-007   1.0000000000000000E-002
  0.44500000000000001        7.7794451159258446E-007   1.0000000000000000E-002
  0.45500000000000002        8.0855611639502867E-007   1.0000000000000000E-002
  0.46500000000000002        8.4041825852698979E-007   1.0000000000000000E-002
  0.47500000000000003        8.7360858031821681E-007   1.0000000000000000E-002
  0.48499999999999999        9.0820994218670057E-007   1.0000000000000000E-002
  0.49500000000000000        9.4431678937616916E-007   1.0000000000000000E-002
  0.50500000000000000        9.8203808251817892E-007   1.0000000000000000E-002
  0.51500000000000001        1.0214962253221006E-006   1.0000000000000000E-002
  0.52500000000000002        1.0628256806224172E-006   1.0000000000000000E-002
  0.53500000000000003        1.1061758689941736E-006   1.0000000000000000E-002
  0.54500000000000004        1.1517087722472915E-006   1.0000000000000000E-002
  0.55500000000000005        1.1996021497309132E-006   1.0000000000000000E-002
  0.56500000000000006        1.2500513320186277E-006   1.0000000000000000E-002
  0.57500000000000007        1.3032675806209586E-006   1.0000000000000000E-002
  0.58499999999999996        1.3594796344062742E-006   1.0000000000000000E-002
  0.59499999999999997        1.4189383429494645E-006   1.0000000000000000E-002
  0.60499999999999998        1.4819163411332866E-006   1.0000000000000000E-002
  0.61499999999999999        1.5487082506664789E-006   1.0000000000000000E-002
  0.62500000000000000        1.6196321863102991E-006   1.0000000000000000E-002
  0.63500000000000001        1.6950322387125607E-006   1.0000000000000000E-002
  0.64500000000000002        1.7752866770594558E-006   1.0000000000000000E-002
  0.65500000000000003        1.8608458753396330E-006   1.0000000000000000E-002
  0.66500000000000004        1.9522517906492844E-006   1.0000000000000000E-002
  0.67500000000000004        2.0501247710001629E-006   1.0000000000000000E-002
  0.68500000000000005        2.1551674855205443E-006   1.0000000000000000E-002
  0.69500000000000006        2.2681562058385300E-006   1.0000000000000000E-002
  0.70499999999999996        2.3899659489082782E-006   1.0000000000000000E-002
  0.71499999999999997        2.5215649759802655E-006   1.0000000000000000E-002
  0.72499999999999998        2.6640106196764514E-006   1.0000000000000000E-002
  0.73499999999999999        2.8184719991355909E-006   1.0000000000000000E-002
  0.74500000000000000        2.9862424037358612E-006   1.0000000000000000E-002
  0.75500000000000000        3.1687329745970445E-006   1.0000000000000000E-002
  0.76500000000000001        3.3674803181803065E-006   1.0000000000000000E-002
  0.77500000000000002        3.5841784932215586E-006   1.0000000000000000E-002
  0.78500000000000003        3.8209705458222485E-006   1.0000000000000000E-002
  0.79500000000000004        4.0806969105653595E-006   1.0000000000000000E-002
  0.80500000000000005        4.3667323778311393E-006   1.0000000000000000E-002
  0.81500000000000006        4.6831746502770709E-006   1.0000000000000000E-002
  0.82500000000000007        5.0347778406902680E-006   1.0000000000000000E-002
  0.83499999999999996        5.4269763094233236E-006   1.0000000000000000E-002
  0.84499999999999997        5.8662363582537361E-006   1.0000000000000000E-002
  0.85499999999999998        6.3600479973869420E-006   1.0000000000000000E-002
  0.86499999999999999        6.9169675677148236E-006   1.0000000000000000E-002
  0.87500000000000000        7.5468149513017293E-006   1.0000000000000000E-002
  0.88500000000000001        8.2622660854256808E-006   1.0000000000000000E-002
  0.89500000000000002        9.0806255008511314E-006   1.0000000000000000E-002
  0.90500000000000003        1.0023498809593835E-005   1.0000000000000000E-002
  0.91500000000000004        1.1116843651167154E-005   1.0000000000000000E-002
  0.92500000000000004        1.2392319464420911E-005   1.0000000000000000E-002
  0.93500000000000005        1.3887232308340705E-005   1.0000000000000000E-002
  0.94500000000000006        1.5645711390297849E-005   1.0000000000000000E-002
  0.95500000000000007        1.7732603191612532E-005   1.0000000000000000E-002
  0.96499999999999997        2.0264901432741244E-005   1.0000000000000000E-002
  0.97499999999999998        2.3428509296782288E-005   1.0000000000000000E-002
  0.98499999999999999        2.7479998402881191E-005   1.0000000000000000E-002
  0.99500000000000000        3.2767677379022678E-005   1.0000000000000000E-002
