 #  r,DGAMMADR(IR) 
   5.0000000000000001E-003   6.8015156719973345E-009   1.0000000000000000E-002
   1.4999999999999999E-002   2.0410812801239192E-008   1.0000000000000000E-002
   2.5000000000000001E-002   3.4038910153838914E-008   1.0000000000000000E-002
   3.5000000000000003E-002   4.7698350774767081E-008   1.0000000000000000E-002
   4.4999999999999998E-002   6.1401692067114104E-008   1.0000000000000000E-002
   5.5000000000000000E-002   7.5161511563320593E-008   1.0000000000000000E-002
   6.5000000000000002E-002   8.8990412724242476E-008   1.0000000000000000E-002
   7.4999999999999997E-002   1.0290103444492979E-007   1.0000000000000000E-002
   8.5000000000000006E-002   1.1690620558278677E-007   1.0000000000000000E-002
   9.5000000000000001E-002   1.3101919343397614E-007   1.0000000000000000E-002
  0.10500000000000000        1.4525368153163384E-007   1.0000000000000000E-002
  0.11500000000000000        1.5962375981475197E-007   1.0000000000000000E-002
  0.12500000000000000        1.7414393189585255E-007   1.0000000000000000E-002
  0.13500000000000001        1.8882913042098255E-007   1.0000000000000000E-002
  0.14499999999999999        2.0369472550659045E-007   1.0000000000000000E-002
  0.15500000000000000        2.1875654841695081E-007   1.0000000000000000E-002
  0.16500000000000001        2.3403089751320211E-007   1.0000000000000000E-002
  0.17500000000000002        2.4953456197478919E-007   1.0000000000000000E-002
  0.18500000000000000        2.6528485424734541E-007   1.0000000000000000E-002
  0.19500000000000001        2.8129978184348955E-007   1.0000000000000000E-002
  0.20500000000000002        2.9759816462377341E-007   1.0000000000000000E-002
  0.21500000000000000        3.1419959422849381E-007   1.0000000000000000E-002
  0.22500000000000001        3.3112444104347215E-007   1.0000000000000000E-002
  0.23500000000000001        3.4839386329016590E-007   1.0000000000000000E-002
  0.24500000000000000        3.6602982882262978E-007   1.0000000000000000E-002
  0.25500000000000000        3.8405513478221993E-007   1.0000000000000000E-002
  0.26500000000000001        4.0249343658305775E-007   1.0000000000000000E-002
  0.27500000000000002        4.2136927140541826E-007   1.0000000000000000E-002
  0.28500000000000003        4.4070808650905274E-007   1.0000000000000000E-002
  0.29499999999999998        4.6053635263564695E-007   1.0000000000000000E-002
  0.30499999999999999        4.8088289182939730E-007   1.0000000000000000E-002
  0.31500000000000000        5.0177985671277133E-007   1.0000000000000000E-002
  0.32500000000000001        5.2326220307579583E-007   1.0000000000000000E-002
  0.33500000000000002        5.4536748524117940E-007   1.0000000000000000E-002
  0.34500000000000003        5.6813602474461463E-007   1.0000000000000000E-002
  0.35499999999999998        5.9161072100518586E-007   1.0000000000000000E-002
  0.36499999999999999        6.1583740477590933E-007   1.0000000000000000E-002
  0.37500000000000000        6.4086477153000310E-007   1.0000000000000000E-002
  0.38500000000000001        6.6674438593987927E-007   1.0000000000000000E-002
  0.39500000000000002        6.9353113957763983E-007   1.0000000000000000E-002
  0.40500000000000003        7.2128321204176493E-007   1.0000000000000000E-002
  0.41500000000000004        7.5006209680961523E-007   1.0000000000000000E-002
  0.42499999999999999        7.7993283821719962E-007   1.0000000000000000E-002
  0.43500000000000000        8.1096441788793737E-007   1.0000000000000000E-002
  0.44500000000000001        8.4322980294135317E-007   1.0000000000000000E-002
  0.45500000000000002        8.7680602574775672E-007   1.0000000000000000E-002
  0.46500000000000002        9.1177449383542691E-007   1.0000000000000000E-002
  0.47500000000000003        9.4822139475358486E-007   1.0000000000000000E-002
  0.48499999999999999        9.8623863891145674E-007   1.0000000000000000E-002
  0.49500000000000000        1.0259308081930582E-006   1.0000000000000000E-002
  0.50500000000000000        1.0674183555112794E-006   1.0000000000000000E-002
  0.51500000000000001        1.1108364341428464E-006   1.0000000000000000E-002
  0.52500000000000002        1.1563333854105375E-006   1.0000000000000000E-002
  0.53500000000000003        1.2040738842749388E-006   1.0000000000000000E-002
  0.54500000000000004        1.2542363369228090E-006   1.0000000000000000E-002
  0.55500000000000005        1.3070163599011565E-006   1.0000000000000000E-002
  0.56500000000000006        1.3626287208892879E-006   1.0000000000000000E-002
  0.57500000000000007        1.4213055545897447E-006   1.0000000000000000E-002
  0.58499999999999996        1.4832980237886918E-006   1.0000000000000000E-002
  0.59499999999999997        1.5488813340984180E-006   1.0000000000000000E-002
  0.60499999999999998        1.6183543585977275E-006   1.0000000000000000E-002
  0.61499999999999999        1.6920398459851246E-006   1.0000000000000000E-002
  0.62500000000000000        1.7702860246316635E-006   1.0000000000000000E-002
  0.63500000000000001        1.8534692742320653E-006   1.0000000000000000E-002
  0.64500000000000002        1.9420028978709557E-006   1.0000000000000000E-002
  0.65500000000000003        2.0363770440295935E-006   1.0000000000000000E-002
  0.66500000000000004        2.1371793379312983E-006   1.0000000000000000E-002
  0.67500000000000004        2.2450810784771905E-006   1.0000000000000000E-002
  0.68500000000000005        2.3608415527878625E-006   1.0000000000000000E-002
  0.69500000000000006        2.4852986969374004E-006   1.0000000000000000E-002
  0.70499999999999996        2.6193962658693190E-006   1.0000000000000000E-002
  0.71499999999999997        2.7641777549673376E-006   1.0000000000000000E-002
  0.72499999999999998        2.9207820643954913E-006   1.0000000000000000E-002
  0.73499999999999999        3.0904676920605853E-006   1.0000000000000000E-002
  0.74500000000000000        3.2746262144115131E-006   1.0000000000000000E-002
  0.75500000000000000        3.4747753314839431E-006   1.0000000000000000E-002
  0.76500000000000001        3.6925670286609511E-006   1.0000000000000000E-002
  0.77500000000000002        3.9298222974928147E-006   1.0000000000000000E-002
  0.78500000000000003        4.1888505375158069E-006   1.0000000000000000E-002
  0.79500000000000004        4.4727211405376503E-006   1.0000000000000000E-002
  0.80500000000000005        4.7850848563807085E-006   1.0000000000000000E-002
  0.81500000000000006        5.1303771403209252E-006   1.0000000000000000E-002
  0.82500000000000007        5.5137450432227276E-006   1.0000000000000000E-002
  0.83499999999999996        5.9410717791244494E-006   1.0000000000000000E-002
  0.84499999999999997        6.4193563122682611E-006   1.0000000000000000E-002
  0.85499999999999998        6.9567032766382430E-006   1.0000000000000000E-002
  0.86499999999999999        7.5623654139632954E-006   1.0000000000000000E-002
  0.87500000000000000        8.2469537583047423E-006   1.0000000000000000E-002
  0.88500000000000001        9.0241252323206974E-006   1.0000000000000000E-002
  0.89500000000000002        9.9124622578525854E-006   1.0000000000000000E-002
  0.90500000000000003        1.0935136442872223E-005   1.0000000000000000E-002
  0.91500000000000004        1.2119973012135582E-005   1.0000000000000000E-002
  0.92500000000000004        1.3500899987471839E-005   1.0000000000000000E-002
  0.93500000000000005        1.5117875062198103E-005   1.0000000000000000E-002
  0.94500000000000006        1.7018144331344591E-005   1.0000000000000000E-002
  0.95500000000000007        1.9271338104292734E-005   1.0000000000000000E-002
  0.96499999999999997        2.2003643633260786E-005   1.0000000000000000E-002
  0.97499999999999998        2.5415592488507413E-005   1.0000000000000000E-002
  0.98499999999999999        2.9783087789863282E-005   1.0000000000000000E-002
  0.99500000000000000        3.5478771786653034E-005   1.0000000000000000E-002
