 #  phi,DGAMMADPHI(IPHI) 
   3.4906585039886591E-002   2.3650280716453488E-008   6.9813170079773182E-002
  0.10471975511965978        1.5254847222136403E-008   6.9813170079773182E-002
  0.17453292519943295        1.0207230153103069E-008   6.9813170079773182E-002
  0.24434609527920614        7.4072750399847773E-009   6.9813170079773182E-002
  0.31415926535897931        5.9402308182604874E-009   6.9813170079773182E-002
  0.38397243543875248        5.3324456557847652E-009   6.9813170079773182E-002
  0.45378560551852570        5.2712143538245367E-009   6.9813170079773182E-002
  0.52359877559829882        5.3575525629987103E-009   6.9813170079773182E-002
  0.59341194567807209        5.3377727854804920E-009   6.9813170079773182E-002
  0.66322511575784526        5.3640896880317592E-009   6.9813170079773182E-002
  0.73303828583761843        5.7593148064484344E-009   6.9813170079773182E-002
  0.80285145591739160        6.3166674070250806E-009   6.9813170079773182E-002
  0.87266462599716477        6.2439185810041364E-009   6.9813170079773182E-002
  0.94247779607693793        5.4873009553691497E-009   6.9813170079773182E-002
   1.0122909661567112        4.5642760375170363E-009   6.9813170079773182E-002
   1.0821041362364843        3.6324316889792309E-009   6.9813170079773182E-002
   1.1519173063162575        2.5787580154912645E-009   6.9813170079773182E-002
   1.2217304763960306        1.6454730586890102E-009   6.9813170079773182E-002
   1.2915436464758039        1.1084237730369250E-009   6.9813170079773182E-002
   1.3613568165555769        8.2437429355135562E-010   6.9813170079773182E-002
   1.4311699866353502        5.9043106677387330E-010   6.9813170079773182E-002
   1.5009831567151235        4.3530306418659716E-010   6.9813170079773182E-002
   1.5707963267948966        4.1612003532831171E-010   6.9813170079773182E-002
   1.6406094968746698        4.5395314613414787E-010   6.9813170079773182E-002
   1.7104226669544429        4.9087968011562846E-010   6.9813170079773182E-002
   1.7802358370342162        5.4456517247150928E-010   6.9813170079773182E-002
   1.8500490071139892        6.1867857547769033E-010   6.9813170079773182E-002
   1.9198621771937625        6.9795914370382313E-010   6.9813170079773182E-002
   1.9896753472735358        7.7785989259375330E-010   6.9813170079773182E-002
   2.0594885173533091        8.7993139303115762E-010   6.9813170079773182E-002
   2.1293016874330819        8.3875601150322821E-010   6.9813170079773182E-002
   2.1991148575128552        6.9822158712474247E-010   6.9813170079773182E-002
   2.2689280275926285        6.7400028996985991E-010   6.9813170079773182E-002
   2.3387411976724017        7.5653968117896437E-010   6.9813170079773182E-002
   2.4085543677521746        9.5414882680908132E-010   6.9813170079773182E-002
   2.4783675378319479        1.3163576718755675E-009   6.9813170079773182E-002
   2.5481807079117211        1.9061747686087622E-009   6.9813170079773182E-002
   2.6179938779914944        2.7319365286409584E-009   6.9813170079773182E-002
   2.6878070480712677        3.7171638346581393E-009   6.9813170079773182E-002
   2.7576202181510405        4.6637972155265609E-009   6.9813170079773182E-002
   2.8274333882308138        5.3462457372500441E-009   6.9813170079773182E-002
   2.8972465583105871        5.7704573792776598E-009   6.9813170079773182E-002
   2.9670597283903604        6.1525302757476763E-009   6.9813170079773182E-002
   3.0368728984701332        6.5239425508513675E-009   6.9813170079773182E-002
   3.1066860685499065        6.7744005944582120E-009   6.9813170079773182E-002
   3.1764992386296798        6.7744005944582078E-009   6.9813170079773182E-002
   3.2463124087094530        6.5239425508513625E-009   6.9813170079773182E-002
   3.3161255787892263        6.1525302757476846E-009   6.9813170079773182E-002
   3.3859387488689991        5.7704573792776706E-009   6.9813170079773182E-002
   3.4557519189487724        5.3462457372500400E-009   6.9813170079773182E-002
   3.5255650890285457        4.6637972155265617E-009   6.9813170079773182E-002
   3.5953782591083190        3.7171638346581331E-009   6.9813170079773182E-002
   3.6651914291880923        2.7319365286409580E-009   6.9813170079773182E-002
   3.7350045992678651        1.9061747686087598E-009   6.9813170079773182E-002
   3.8048177693476384        1.3163576718755747E-009   6.9813170079773182E-002
   3.8746309394274117        9.5414882680907739E-010   6.9813170079773182E-002
   3.9444441095071849        7.5653968117896396E-010   6.9813170079773182E-002
   4.0142572795869578        6.7400028996986116E-010   6.9813170079773182E-002
   4.0840704496667311        6.9822158712474712E-010   6.9813170079773182E-002
   4.1538836197465043        8.3875601150320029E-010   6.9813170079773182E-002
   4.2236967898262776        8.7993139303117365E-010   6.9813170079773182E-002
   4.2935099599060509        7.7785989259374906E-010   6.9813170079773182E-002
   4.3633231299858242        6.9795914370382137E-010   6.9813170079773182E-002
   4.4331363000655974        6.1867857547769002E-010   6.9813170079773182E-002
   4.5029494701453698        5.4456517247150814E-010   6.9813170079773182E-002
   4.5727626402251431        4.9087968011562763E-010   6.9813170079773182E-002
   4.6425758103049164        4.5395314613414849E-010   6.9813170079773182E-002
   4.7123889803846897        4.1612003532831202E-010   6.9813170079773182E-002
   4.7822021504644630        4.3530306418659721E-010   6.9813170079773182E-002
   4.8520153205442362        5.9043106677387351E-010   6.9813170079773182E-002
   4.9218284906240095        8.2437429355135438E-010   6.9813170079773182E-002
   4.9916416607037828        1.1084237730369235E-009   6.9813170079773182E-002
   5.0614548307835561        1.6454730586890096E-009   6.9813170079773182E-002
   5.1312680008633285        2.5787580154912488E-009   6.9813170079773182E-002
   5.2010811709431017        3.6324316889792111E-009   6.9813170079773182E-002
   5.2708943410228750        4.5642760375170321E-009   6.9813170079773182E-002
   5.3407075111026483        5.4873009553691580E-009   6.9813170079773182E-002
   5.4105206811824216        6.2439185810041546E-009   6.9813170079773182E-002
   5.4803338512621949        6.3166674070250930E-009   6.9813170079773182E-002
   5.5501470213419681        5.7593148064484055E-009   6.9813170079773182E-002
   5.6199601914217414        5.3640896880317600E-009   6.9813170079773182E-002
   5.6897733615015147        5.3377727854804945E-009   6.9813170079773182E-002
   5.7595865315812871        5.3575525629987127E-009   6.9813170079773182E-002
   5.8293997016610604        5.2712143538245417E-009   6.9813170079773182E-002
   5.8992128717408336        5.3324456557847668E-009   6.9813170079773182E-002
   5.9690260418206069        5.9402308182604923E-009   6.9813170079773182E-002
   6.0388392119003802        7.4072750399847790E-009   6.9813170079773182E-002
   6.1086523819801535        1.0207230153103070E-008   6.9813170079773182E-002
   6.1784655520599268        1.5254847222136410E-008   6.9813170079773182E-002
   6.2482787221397000        2.3650280716453488E-008   6.9813170079773182E-002
