 #  r,DGAMMADR(IR) 
   5.0000000000000001E-003   1.5227344738189578E-010   1.0000000000000000E-002
   1.4999999999999999E-002   4.5698740259742135E-010   1.0000000000000000E-002
   2.5000000000000001E-002   7.6220263169422879E-010   1.0000000000000000E-002
   3.5000000000000003E-002   1.0682536464251752E-009   1.0000000000000000E-002
   4.4999999999999998E-002   1.3754755250664273E-009   1.0000000000000000E-002
   5.5000000000000000E-002   1.6842042851816811E-009   1.0000000000000000E-002
   6.5000000000000002E-002   1.9947774039555847E-009   1.0000000000000000E-002
   7.4999999999999997E-002   2.3075348223158565E-009   1.0000000000000000E-002
   8.5000000000000006E-002   2.6228318443299961E-009   1.0000000000000000E-002
   9.5000000000000001E-002   2.9410603104904760E-009   1.0000000000000000E-002
  0.10500000000000000        3.2626479971492795E-009   1.0000000000000000E-002
  0.11500000000000000        3.5880582567906888E-009   1.0000000000000000E-002
  0.12500000000000000        3.9177907029172164E-009   1.0000000000000000E-002
  0.13500000000000001        4.2523818366570472E-009   1.0000000000000000E-002
  0.14499999999999999        4.5924061965134886E-009   1.0000000000000000E-002
  0.15500000000000000        4.9384770126958253E-009   1.0000000000000000E-002
  0.16500000000000001        5.2912481488989082E-009   1.0000000000000000E-002
  0.17500000000000002        5.6514160154864447E-009   1.0000000000000000E-002
  0.18500000000000000        6.0197211803714821E-009   1.0000000000000000E-002
  0.19500000000000001        6.3969396832158494E-009   1.0000000000000000E-002
  0.20500000000000002        6.7838773973374929E-009   1.0000000000000000E-002
  0.21500000000000000        7.1813750704470771E-009   1.0000000000000000E-002
  0.22500000000000001        7.5903107324514603E-009   1.0000000000000000E-002
  0.23500000000000001        8.0116016947610893E-009   1.0000000000000000E-002
  0.24500000000000000        8.4462050559018063E-009   1.0000000000000000E-002
  0.25500000000000000        8.8951202907430762E-009   1.0000000000000000E-002
  0.26500000000000001        9.3593892924776192E-009   1.0000000000000000E-002
  0.27500000000000002        9.8400979172842041E-009   1.0000000000000000E-002
  0.28500000000000003        1.0338378217019199E-008   1.0000000000000000E-002
  0.29499999999999998        1.0855399616636100E-008   1.0000000000000000E-002
  0.30499999999999999        1.1392235237170369E-008   1.0000000000000000E-002
  0.31500000000000000        1.1949755858684306E-008   1.0000000000000000E-002
  0.32500000000000001        1.2528673605526860E-008   1.0000000000000000E-002
  0.33500000000000002        1.3129551828087957E-008   1.0000000000000000E-002
  0.34500000000000003        1.3752785181360521E-008   1.0000000000000000E-002
  0.35499999999999998        1.4398607548142502E-008   1.0000000000000000E-002
  0.36499999999999999        1.5067060146748549E-008   1.0000000000000000E-002
  0.37500000000000000        1.5757996947648021E-008   1.0000000000000000E-002
  0.38500000000000001        1.6471073449503593E-008   1.0000000000000000E-002
  0.39500000000000002        1.7205722637235816E-008   1.0000000000000000E-002
  0.40500000000000003        1.7961161194115940E-008   1.0000000000000000E-002
  0.41500000000000004        1.8736386925903471E-008   1.0000000000000000E-002
  0.42499999999999999        1.9530173594905003E-008   1.0000000000000000E-002
  0.43500000000000000        2.0341069223815693E-008   1.0000000000000000E-002
  0.44500000000000001        2.1167410024722710E-008   1.0000000000000000E-002
  0.45500000000000002        2.2007338279908336E-008   1.0000000000000000E-002
  0.46500000000000002        2.2858868807608971E-008   1.0000000000000000E-002
  0.47500000000000003        2.3720138328025613E-008   1.0000000000000000E-002
  0.48499999999999999        2.4589476134012996E-008   1.0000000000000000E-002
  0.49500000000000000        2.5465716497835651E-008   1.0000000000000000E-002
  0.50500000000000000        2.6348374128510167E-008   1.0000000000000000E-002
  0.51500000000000001        2.7237483911577767E-008   1.0000000000000000E-002
  0.52500000000000002        2.8133596924733443E-008   1.0000000000000000E-002
  0.53500000000000003        2.9037790719168640E-008   1.0000000000000000E-002
  0.54500000000000004        2.9951603300473753E-008   1.0000000000000000E-002
  0.55500000000000005        3.0877192817063936E-008   1.0000000000000000E-002
  0.56500000000000006        3.1817311641602963E-008   1.0000000000000000E-002
  0.57500000000000007        3.2775292185557960E-008   1.0000000000000000E-002
  0.58499999999999996        3.3755149571969160E-008   1.0000000000000000E-002
  0.59499999999999997        3.4761736796643697E-008   1.0000000000000000E-002
  0.60499999999999998        3.5800760200233480E-008   1.0000000000000000E-002
  0.61499999999999999        3.6878867370057938E-008   1.0000000000000000E-002
  0.62500000000000000        3.8003767588831314E-008   1.0000000000000000E-002
  0.63500000000000001        3.9184381914375965E-008   1.0000000000000000E-002
  0.64500000000000002        4.0430961643109544E-008   1.0000000000000000E-002
  0.65500000000000003        4.1754701133800619E-008   1.0000000000000000E-002
  0.66500000000000004        4.3167777310575461E-008   1.0000000000000000E-002
  0.67500000000000004        4.4683970358667190E-008   1.0000000000000000E-002
  0.68500000000000005        4.6318974457596610E-008   1.0000000000000000E-002
  0.69500000000000006        4.8090936467054056E-008   1.0000000000000000E-002
  0.70499999999999996        5.0020620642006690E-008   1.0000000000000000E-002
  0.71499999999999997        5.2131930750557705E-008   1.0000000000000000E-002
  0.72499999999999998        5.4452296248508970E-008   1.0000000000000000E-002
  0.73499999999999999        5.7013166993043807E-008   1.0000000000000000E-002
  0.74500000000000000        5.9850360434951874E-008   1.0000000000000000E-002
  0.75500000000000000        6.3004635770043489E-008   1.0000000000000000E-002
  0.76500000000000001        6.6522139612362436E-008   1.0000000000000000E-002
  0.77500000000000002        7.0455047990985631E-008   1.0000000000000000E-002
  0.78500000000000003        7.4861652315880788E-008   1.0000000000000000E-002
  0.79500000000000004        7.9806190706140459E-008   1.0000000000000000E-002
  0.80500000000000005        8.5360059268869546E-008   1.0000000000000000E-002
  0.81500000000000006        9.1602454703433249E-008   1.0000000000000000E-002
  0.82500000000000007        9.8621943204617140E-008   1.0000000000000000E-002
  0.83499999999999996        1.0651723461681239E-007   1.0000000000000000E-002
  0.84499999999999997        1.1539932660084031E-007   1.0000000000000000E-002
  0.85499999999999998        1.2539236876333098E-007   1.0000000000000000E-002
  0.86499999999999999        1.3663826199015777E-007   1.0000000000000000E-002
  0.87500000000000000        1.4929943667616537E-007   1.0000000000000000E-002
  0.88500000000000001        1.6357535515498913E-007   1.0000000000000000E-002
  0.89500000000000002        1.7972883253968221E-007   1.0000000000000000E-002
  0.90500000000000003        1.9809518678356335E-007   1.0000000000000000E-002
  0.91500000000000004        2.1909968567537131E-007   1.0000000000000000E-002
  0.92500000000000004        2.4329543572124641E-007   1.0000000000000000E-002
  0.93500000000000005        2.7141880140076609E-007   1.0000000000000000E-002
  0.94500000000000006        3.0452300448004207E-007   1.0000000000000000E-002
  0.95500000000000007        3.4417729361420490E-007   1.0000000000000000E-002
  0.96499999999999997        3.9294696990265707E-007   1.0000000000000000E-002
  0.97499999999999998        4.5600057302944977E-007   1.0000000000000000E-002
  0.98499999999999999        5.4792931315963798E-007   1.0000000000000000E-002
  0.99500000000000000        7.4694256887935884E-007   1.0000000000000000E-002
