 #     E1  dGamma/dq   dGamma/dE1 
  0.2784088E-05  0.3212882E-08  0.2970185E-05
  0.2505679E-04  0.2885371E-07  0.8891379E-05
  0.6960220E-04  0.7980405E-07  0.1475515E-04
  0.1364203E-03  0.1554041E-06  0.2052358E-04
  0.2255111E-03  0.2546714E-06  0.2615932E-04
  0.3368746E-03  0.3763104E-06  0.3162585E-04
  0.4705109E-03  0.5187263E-06  0.3688788E-04
  0.6264198E-03  0.6800448E-06  0.4191168E-04
  0.8046014E-03  0.8581374E-06  0.4666558E-04
  0.1005056E-02  0.1050656E-05  0.5112055E-04
  0.1227783E-02  0.1255073E-05  0.5525079E-04
  0.1472783E-02  0.1468739E-05  0.5903445E-04
  0.1740055E-02  0.1688941E-05  0.6245441E-04
  0.2029600E-02  0.1912980E-05  0.6549912E-04
  0.2341418E-02  0.2138262E-05  0.6816346E-04
  0.2675509E-02  0.2362391E-05  0.7044966E-04
  0.3031872E-02  0.2583291E-05  0.7236825E-04
  0.3410508E-02  0.2799310E-05  0.7393868E-04
  0.3811416E-02  0.3009057E-05  0.7518262E-04
  0.4234598E-02  0.3211207E-05  0.7611890E-04
  0.4680052E-02  0.3404686E-05  0.7676831E-04
  0.5147779E-02  0.3588681E-05  0.7715342E-04
  0.5637778E-02  0.3762633E-05  0.7729797E-04
  0.6150050E-02  0.3926212E-05  0.7722620E-04
  0.6684595E-02  0.4079295E-05  0.7696227E-04
  0.7241413E-02  0.4221926E-05  0.7652956E-04
  0.7820503E-02  0.4354273E-05  0.7595013E-04
  0.8421866E-02  0.4476576E-05  0.7524402E-04
  0.9045502E-02  0.4589092E-05  0.7442874E-04
  0.9691410E-02  0.4692028E-05  0.7351862E-04
  0.1035959E-01  0.4785471E-05  0.7252432E-04
  0.1105005E-01  0.4869313E-05  0.7145225E-04
  0.1176277E-01  0.4943165E-05  0.7030407E-04
  0.1249777E-01  0.5006273E-05  0.6907621E-04
  0.1325504E-01  0.5057455E-05  0.6775974E-04
  0.1403459E-01  0.5096020E-05  0.6635315E-04
  0.1483640E-01  0.5122411E-05  0.6486947E-04
  0.1566049E-01  0.5137232E-05  0.6332230E-04
  0.1650686E-01  0.5141158E-05  0.6172470E-04
  0.1737549E-01  0.5134916E-05  0.6008901E-04
  0.1826640E-01  0.5119273E-05  0.5842680E-04
  0.1917958E-01  0.5095016E-05  0.5674874E-04
  0.2011504E-01  0.5062935E-05  0.5506457E-04
  0.2107276E-01  0.5023808E-05  0.5338295E-04
  0.2205276E-01  0.4978380E-05  0.5171146E-04
  0.2305503E-01  0.4927351E-05  0.5005655E-04
  0.2407958E-01  0.4871356E-05  0.4842345E-04
  0.2512639E-01  0.4810950E-05  0.4681618E-04
  0.2619548E-01  0.4746591E-05  0.4523753E-04
  0.2728685E-01  0.4678626E-05  0.4368898E-04
  0.2840048E-01  0.4607276E-05  0.4217078E-04
  0.2953639E-01  0.4532625E-05  0.4068191E-04
  0.3069457E-01  0.4454933E-05  0.3922299E-04
  0.3187502E-01  0.4374850E-05  0.3779794E-04
  0.3307775E-01  0.4293026E-05  0.3641043E-04
  0.3430275E-01  0.4210063E-05  0.3506343E-04
  0.3555002E-01  0.4126514E-05  0.3375932E-04
  0.3681956E-01  0.4042872E-05  0.3249982E-04
  0.3811138E-01  0.3959564E-05  0.3128602E-04
  0.3942547E-01  0.3876951E-05  0.3011841E-04
  0.4076183E-01  0.3795313E-05  0.2899686E-04
  0.4212047E-01  0.3714855E-05  0.2792065E-04
  0.4350137E-01  0.3635692E-05  0.2688846E-04
  0.4490456E-01  0.3557851E-05  0.2589840E-04
  0.4633001E-01  0.3481263E-05  0.2494801E-04
  0.4777773E-01  0.3405757E-05  0.2403428E-04
  0.4924773E-01  0.3331060E-05  0.2315366E-04
  0.5074000E-01  0.3256789E-05  0.2230204E-04
  0.5225455E-01  0.3182452E-05  0.2147484E-04
  0.5379136E-01  0.3107781E-05  0.2066924E-04
  0.5535045E-01  0.3033020E-05  0.1988588E-04
  0.5693182E-01  0.2958440E-05  0.1912562E-04
  0.5853545E-01  0.2884297E-05  0.1838911E-04
  0.6016136E-01  0.2810820E-05  0.1767684E-04
  0.6180954E-01  0.2738217E-05  0.1698910E-04
  0.6347999E-01  0.2666671E-05  0.1632605E-04
  0.6517272E-01  0.2596337E-05  0.1568767E-04
  0.6688771E-01  0.2527346E-05  0.1507377E-04
  0.6862498E-01  0.2459802E-05  0.1448402E-04
  0.7038453E-01  0.2393778E-05  0.1391796E-04
  0.7216634E-01  0.2329323E-05  0.1337496E-04
  0.7397043E-01  0.2266453E-05  0.1285428E-04
  0.7579680E-01  0.2205158E-05  0.1235505E-04
  0.7764543E-01  0.2145397E-05  0.1187627E-04
  0.7951634E-01  0.2087099E-05  0.1141682E-04
  0.8140952E-01  0.2030164E-05  0.1097548E-04
  0.8332497E-01  0.1974538E-05  0.1055135E-04
  0.8526269E-01  0.1920297E-05  0.1014423E-04
  0.8722269E-01  0.1867516E-05  0.9753933E-05
  0.8920496E-01  0.1816259E-05  0.9380230E-05
  0.9120951E-01  0.1766577E-05  0.9022830E-05
  0.9323632E-01  0.1718508E-05  0.8681389E-05
  0.9528541E-01  0.1672075E-05  0.8355505E-05
  0.9735677E-01  0.1627283E-05  0.8044705E-05
  0.9945041E-01  0.1584119E-05  0.7748448E-05
  0.1015663E+00  0.1542555E-05  0.7466139E-05
  0.1037045E+00  0.1502551E-05  0.7197153E-05
  0.1058649E+00  0.1464059E-05  0.6940852E-05
  0.1080477E+00  0.1427024E-05  0.6696593E-05
  0.1102527E+00  0.1391384E-05  0.6463722E-05
  0.1124799E+00  0.1357066E-05  0.6241566E-05
  0.1147295E+00  0.1323985E-05  0.6029425E-05
  0.1170013E+00  0.1292040E-05  0.5826540E-05
  0.1192954E+00  0.1261157E-05  0.5632321E-05
  0.1216117E+00  0.1231360E-05  0.5446624E-05
  0.1239504E+00  0.1202674E-05  0.5269315E-05
  0.1263113E+00  0.1175112E-05  0.5100216E-05
  0.1286945E+00  0.1148680E-05  0.4939120E-05
  0.1310999E+00  0.1123379E-05  0.4785809E-05
  0.1335276E+00  0.1099207E-05  0.4640068E-05
  0.1359776E+00  0.1076161E-05  0.4501671E-05
  0.1384499E+00  0.1054230E-05  0.4370380E-05
  0.1409445E+00  0.1033396E-05  0.4245930E-05
  0.1434613E+00  0.1013633E-05  0.4128037E-05
  0.1460004E+00  0.9949098E-06  0.4016400E-05
  0.1485617E+00  0.9771890E-06  0.3910708E-05
  0.1511454E+00  0.9604290E-06  0.3810642E-05
  0.1537513E+00  0.9445838E-06  0.3715878E-05
  0.1563794E+00  0.9296033E-06  0.3626086E-05
  0.1590299E+00  0.9154333E-06  0.3540932E-05
  0.1617026E+00  0.9020310E-06  0.3460136E-05
  0.1643976E+00  0.8893915E-06  0.3383572E-05
  0.1671149E+00  0.8775140E-06  0.3311134E-05
  0.1698544E+00  0.8663957E-06  0.3242710E-05
  0.1726162E+00  0.8560334E-06  0.3178192E-05
  0.1754003E+00  0.8464223E-06  0.3117469E-05
  0.1782067E+00  0.8375556E-06  0.3060426E-05
  0.1810353E+00  0.8294262E-06  0.3006951E-05
  0.1838862E+00  0.8220262E-06  0.2956932E-05
  0.1867594E+00  0.8153446E-06  0.2910250E-05
  0.1896549E+00  0.8093657E-06  0.2866772E-05
  0.1925726E+00  0.8040677E-06  0.2826348E-05
  0.1955126E+00  0.7994219E-06  0.2788810E-05
  0.1984748E+00  0.7953908E-06  0.2753963E-05
  0.2014594E+00  0.7919293E-06  0.2721591E-05
  0.2044662E+00  0.7889821E-06  0.2691452E-05
  0.2074953E+00  0.7864893E-06  0.2663293E-05
  0.2105467E+00  0.7843925E-06  0.2636875E-05
  0.2136203E+00  0.7826555E-06  0.2612039E-05
  0.2167162E+00  0.7812465E-06  0.2588646E-05
  0.2198344E+00  0.7801266E-06  0.2566537E-05
  0.2229748E+00  0.7792528E-06  0.2545545E-05
  0.2261375E+00  0.7785831E-06  0.2525509E-05
  0.2293225E+00  0.7780838E-06  0.2506301E-05
  0.2325298E+00  0.7777311E-06  0.2487828E-05
  0.2357594E+00  0.7775134E-06  0.2470038E-05
  0.2390112E+00  0.7774304E-06  0.2452916E-05
  0.2422853E+00  0.7774938E-06  0.2436485E-05
  0.2455816E+00  0.7777160E-06  0.2420769E-05
  0.2489003E+00  0.7781126E-06  0.2405803E-05
  0.2522412E+00  0.7786923E-06  0.2391598E-05
  0.2556043E+00  0.7794553E-06  0.2378140E-05
  0.2589898E+00  0.7804070E-06  0.2365430E-05
  0.2623975E+00  0.7815433E-06  0.2353442E-05
  0.2658275E+00  0.7828428E-06  0.2342097E-05
  0.2692798E+00  0.7842540E-06  0.2331230E-05
  0.2727543E+00  0.7856675E-06  0.2320509E-05
  0.2762511E+00  0.7869194E-06  0.2309450E-05
  0.2797702E+00  0.7877999E-06  0.2297447E-05
  0.2833116E+00  0.7880897E-06  0.2283883E-05
  0.2868752E+00  0.7875608E-06  0.2268129E-05
  0.2904611E+00  0.7860040E-06  0.2249629E-05
  0.2940693E+00  0.7832686E-06  0.2228005E-05
  0.2976997E+00  0.7792312E-06  0.2202964E-05
  0.3013525E+00  0.7737898E-06  0.2174282E-05
  0.3050275E+00  0.7668893E-06  0.2141872E-05
  0.3087247E+00  0.7585155E-06  0.2105761E-05
  0.3124443E+00  0.7486740E-06  0.2066031E-05
  0.3161861E+00  0.7373663E-06  0.2022750E-05
  0.3199502E+00  0.7245782E-06  0.1975943E-05
  0.3237365E+00  0.7102819E-06  0.1925596E-05
  0.3275452E+00  0.6944422E-06  0.1871676E-05
  0.3313761E+00  0.6770267E-06  0.1814160E-05
  0.3352293E+00  0.6579942E-06  0.1752998E-05
  0.3391047E+00  0.6373003E-06  0.1688136E-05
  0.3430024E+00  0.6149445E-06  0.1619636E-05
  0.3469224E+00  0.5909998E-06  0.1547752E-05
  0.3508647E+00  0.5656175E-06  0.1472934E-05
  0.3548292E+00  0.5390193E-06  0.1395805E-05
  0.3588160E+00  0.5114832E-06  0.1317121E-05
  0.3628251E+00  0.4833124E-06  0.1237683E-05
  0.3668565E+00  0.4547911E-06  0.1158228E-05
  0.3709101E+00  0.4261370E-06  0.1079307E-05
  0.3749860E+00  0.3974995E-06  0.1001289E-05
  0.3790842E+00  0.3689767E-06  0.9244031E-06
  0.3832047E+00  0.3406294E-06  0.8487835E-06
  0.3873474E+00  0.3124895E-06  0.7744892E-06
  0.3915124E+00  0.2845617E-06  0.7015100E-06
  0.3956996E+00  0.2568540E-06  0.6298451E-06
  0.3999092E+00  0.2294399E-06  0.5596526E-06
  0.4041410E+00  0.2024342E-06  0.4911878E-06
  0.4083951E+00  0.1759724E-06  0.4247510E-06
  0.4126714E+00  0.1501924E-06  0.3606418E-06
  0.4169701E+00  0.1252168E-06  0.2991166E-06
  0.4212910E+00  0.1011854E-06  0.2404677E-06
  0.4256342E+00  0.7830922E-07  0.1851505E-06
  0.4299996E+00  0.5689694E-07  0.1338397E-06
  0.4343873E+00  0.3736747E-07  0.8745514E-07
  0.4387973E+00  0.2034698E-07  0.4738035E-07
  0.4432296E+00  0.6798606E-08  0.1575200E-07
