 #     E1  dGamma/dq   dGamma/dE1 
  0.2784088E-05  0.2754269E-08  0.2546215E-05
  0.2505679E-04  0.2473470E-07  0.7622093E-05
  0.6960220E-04  0.6840959E-07  0.1264841E-04
  0.1364203E-03  0.1332094E-06  0.1759242E-04
  0.2255111E-03  0.2182862E-06  0.2242191E-04
  0.3368746E-03  0.3225219E-06  0.2710537E-04
  0.4705109E-03  0.4445404E-06  0.3161234E-04
  0.6264198E-03  0.5827242E-06  0.3591374E-04
  0.8046014E-03  0.7352375E-06  0.3998227E-04
  0.1005056E-02  0.9000545E-06  0.4379293E-04
  0.1227783E-02  0.1074997E-05  0.4732348E-04
  0.1472783E-02  0.1257779E-05  0.5055515E-04
  0.1740055E-02  0.1446065E-05  0.5347324E-04
  0.2029600E-02  0.1637529E-05  0.5606787E-04
  0.2341418E-02  0.1829938E-05  0.5833473E-04
  0.2675509E-02  0.2021233E-05  0.6027585E-04
  0.3031872E-02  0.2209626E-05  0.6190042E-04
  0.3410508E-02  0.2393703E-05  0.6322533E-04
  0.3811416E-02  0.2572273E-05  0.6426938E-04
  0.4234598E-02  0.2744200E-05  0.6504890E-04
  0.4680052E-02  0.2908567E-05  0.6558190E-04
  0.5147779E-02  0.3064682E-05  0.6588792E-04
  0.5637778E-02  0.3212073E-05  0.6598749E-04
  0.6150050E-02  0.3350463E-05  0.6590157E-04
  0.6684595E-02  0.3479755E-05  0.6565100E-04
  0.7241413E-02  0.3599994E-05  0.6525599E-04
  0.7820503E-02  0.3711332E-05  0.6473554E-04
  0.8421866E-02  0.3813985E-05  0.6410694E-04
  0.9045502E-02  0.3908179E-05  0.6338528E-04
  0.9691410E-02  0.3994100E-05  0.6258290E-04
  0.1035959E-01  0.4071829E-05  0.6170900E-04
  0.1105005E-01  0.4141280E-05  0.6076910E-04
  0.1176277E-01  0.4202126E-05  0.5976467E-04
  0.1249777E-01  0.4253729E-05  0.5869266E-04
  0.1325504E-01  0.4295080E-05  0.5754545E-04
  0.1403459E-01  0.4325598E-05  0.5632180E-04
  0.1483640E-01  0.4345671E-05  0.5503294E-04
  0.1566049E-01  0.4355827E-05  0.5369059E-04
  0.1650686E-01  0.4356654E-05  0.5230596E-04
  0.1737549E-01  0.4348785E-05  0.5088967E-04
  0.1826640E-01  0.4332884E-05  0.4945166E-04
  0.1917958E-01  0.4309635E-05  0.4800109E-04
  0.2011504E-01  0.4279720E-05  0.4654630E-04
  0.2107276E-01  0.4243813E-05  0.4509472E-04
  0.2205276E-01  0.4202558E-05  0.4365283E-04
  0.2305503E-01  0.4156559E-05  0.4222614E-04
  0.2407958E-01  0.4106366E-05  0.4081911E-04
  0.2512639E-01  0.4052457E-05  0.3943516E-04
  0.2619548E-01  0.3995228E-05  0.3807664E-04
  0.2728685E-01  0.3934979E-05  0.3674481E-04
  0.2840048E-01  0.3871903E-05  0.3543985E-04
  0.2953639E-01  0.3806073E-05  0.3416085E-04
  0.3069457E-01  0.3737716E-05  0.3290832E-04
  0.3187502E-01  0.3667391E-05  0.3168562E-04
  0.3307775E-01  0.3595657E-05  0.3049584E-04
  0.3430275E-01  0.3523033E-05  0.2934151E-04
  0.3555002E-01  0.3449992E-05  0.2822464E-04
  0.3681956E-01  0.3376957E-05  0.2714666E-04
  0.3811138E-01  0.3304296E-05  0.2610850E-04
  0.3942547E-01  0.3232317E-05  0.2511052E-04
  0.4076183E-01  0.3161262E-05  0.2415260E-04
  0.4212047E-01  0.3091306E-05  0.2323409E-04
  0.4350137E-01  0.3022548E-05  0.2235383E-04
  0.4490456E-01  0.2955012E-05  0.2151019E-04
  0.4633001E-01  0.2888639E-05  0.2070105E-04
  0.4777773E-01  0.2823286E-05  0.1992381E-04
  0.4924773E-01  0.2758719E-05  0.1917541E-04
  0.5074000E-01  0.2694613E-05  0.1845234E-04
  0.5225455E-01  0.2630549E-05  0.1775067E-04
  0.5379136E-01  0.2566302E-05  0.1706796E-04
  0.5535045E-01  0.2502076E-05  0.1640477E-04
  0.5693182E-01  0.2438105E-05  0.1576177E-04
  0.5853545E-01  0.2374602E-05  0.1513950E-04
  0.6016136E-01  0.2311763E-05  0.1453834E-04
  0.6180954E-01  0.2249763E-05  0.1395852E-04
  0.6347999E-01  0.2188754E-05  0.1340012E-04
  0.6517272E-01  0.2128867E-05  0.1286310E-04
  0.6688771E-01  0.2070209E-05  0.1234728E-04
  0.6862498E-01  0.2012866E-05  0.1185234E-04
  0.7038453E-01  0.1956897E-05  0.1137784E-04
  0.7216634E-01  0.1902340E-05  0.1092323E-04
  0.7397043E-01  0.1849205E-05  0.1048784E-04
  0.7579680E-01  0.1797479E-05  0.1007091E-04
  0.7764543E-01  0.1747123E-05  0.9671544E-05
  0.7951634E-01  0.1698074E-05  0.9288781E-05
  0.8140952E-01  0.1650243E-05  0.8921553E-05
  0.8332497E-01  0.1603579E-05  0.8569058E-05
  0.8526269E-01  0.1558143E-05  0.8231105E-05
  0.8722269E-01  0.1513996E-05  0.7907519E-05
  0.8920496E-01  0.1471188E-05  0.7598079E-05
  0.9120951E-01  0.1429758E-05  0.7302517E-05
  0.9323632E-01  0.1389735E-05  0.7020524E-05
  0.9528541E-01  0.1351135E-05  0.6751743E-05
  0.9735677E-01  0.1313961E-05  0.6495753E-05
  0.9945041E-01  0.1278195E-05  0.6252074E-05
  0.1015663E+00  0.1243810E-05  0.6020181E-05
  0.1037045E+00  0.1210769E-05  0.5799528E-05
  0.1058649E+00  0.1179027E-05  0.5589563E-05
  0.1080477E+00  0.1148537E-05  0.5389735E-05
  0.1102527E+00  0.1119245E-05  0.5199491E-05
  0.1124799E+00  0.1091090E-05  0.5018261E-05
  0.1147295E+00  0.1064000E-05  0.4845455E-05
  0.1170013E+00  0.1037889E-05  0.4680432E-05
  0.1192954E+00  0.1012696E-05  0.4522697E-05
  0.1216117E+00  0.9884392E-06  0.4372124E-05
  0.1239504E+00  0.9651393E-06  0.4228597E-05
  0.1263113E+00  0.9428057E-06  0.4091960E-05
  0.1286945E+00  0.9214410E-06  0.3962031E-05
  0.1310999E+00  0.9010448E-06  0.3838623E-05
  0.1335276E+00  0.8816158E-06  0.3721551E-05
  0.1359776E+00  0.8631499E-06  0.3610628E-05
  0.1384499E+00  0.8456386E-06  0.3505651E-05
  0.1409445E+00  0.8290663E-06  0.3406399E-05
  0.1434613E+00  0.8134113E-06  0.3312632E-05
  0.1460004E+00  0.7986465E-06  0.3224095E-05
  0.1485617E+00  0.7847403E-06  0.3140529E-05
  0.1511454E+00  0.7716576E-06  0.3061664E-05
  0.1537513E+00  0.7593599E-06  0.2987229E-05
  0.1563794E+00  0.7478054E-06  0.2916950E-05
  0.1590299E+00  0.7369490E-06  0.2850548E-05
  0.1617026E+00  0.7267556E-06  0.2787790E-05
  0.1643976E+00  0.7172216E-06  0.2728575E-05
  0.1671149E+00  0.7083476E-06  0.2672816E-05
  0.1698544E+00  0.7001325E-06  0.2620427E-05
  0.1726162E+00  0.6925751E-06  0.2571321E-05
  0.1754003E+00  0.6856729E-06  0.2525411E-05
  0.1782067E+00  0.6794221E-06  0.2482607E-05
  0.1810353E+00  0.6738188E-06  0.2442821E-05
  0.1838862E+00  0.6688589E-06  0.2405970E-05
  0.1867594E+00  0.6645357E-06  0.2371960E-05
  0.1896549E+00  0.6608390E-06  0.2340690E-05
  0.1925726E+00  0.6577538E-06  0.2312046E-05
  0.1955126E+00  0.6552598E-06  0.2285896E-05
  0.1984748E+00  0.6533295E-06  0.2262089E-05
  0.2014594E+00  0.6519288E-06  0.2240457E-05
  0.2044662E+00  0.6510155E-06  0.2220807E-05
  0.2074953E+00  0.6505436E-06  0.2202939E-05
  0.2105467E+00  0.6504684E-06  0.2186665E-05
  0.2136203E+00  0.6507634E-06  0.2171861E-05
  0.2167162E+00  0.6514056E-06  0.2158420E-05
  0.2198344E+00  0.6523656E-06  0.2146216E-05
  0.2229748E+00  0.6536100E-06  0.2135114E-05
  0.2261375E+00  0.6551066E-06  0.2124985E-05
  0.2293225E+00  0.6568297E-06  0.2115727E-05
  0.2325298E+00  0.6587633E-06  0.2107271E-05
  0.2357594E+00  0.6609017E-06  0.2099581E-05
  0.2390112E+00  0.6632494E-06  0.2092657E-05
  0.2422853E+00  0.6658214E-06  0.2086529E-05
  0.2455816E+00  0.6686329E-06  0.2081230E-05
  0.2489003E+00  0.6717018E-06  0.2076797E-05
  0.2522412E+00  0.6750395E-06  0.2073249E-05
  0.2556043E+00  0.6786487E-06  0.2070576E-05
  0.2589898E+00  0.6825375E-06  0.2068785E-05
  0.2623975E+00  0.6867044E-06  0.2067856E-05
  0.2658275E+00  0.6911311E-06  0.2067715E-05
  0.2692798E+00  0.6957708E-06  0.2068210E-05
  0.2727543E+00  0.7005243E-06  0.2069034E-05
  0.2762511E+00  0.7052418E-06  0.2069742E-05
  0.2797702E+00  0.7097280E-06  0.2069767E-05
  0.2833116E+00  0.7137744E-06  0.2068517E-05
  0.2868752E+00  0.7171597E-06  0.2065378E-05
  0.2904611E+00  0.7196758E-06  0.2059791E-05
  0.2940693E+00  0.7211632E-06  0.2051346E-05
  0.2976997E+00  0.7214823E-06  0.2039702E-05
  0.3013525E+00  0.7205073E-06  0.2024563E-05
  0.3050275E+00  0.7181484E-06  0.2005742E-05
  0.3087247E+00  0.7143458E-06  0.1983138E-05
  0.3124443E+00  0.7090521E-06  0.1956690E-05
  0.3161861E+00  0.7022132E-06  0.1926318E-05
  0.3199502E+00  0.6937598E-06  0.1891900E-05
  0.3237365E+00  0.6836124E-06  0.1853294E-05
  0.3275452E+00  0.6716902E-06  0.1810355E-05
  0.3313761E+00  0.6579206E-06  0.1762963E-05
  0.3352293E+00  0.6422316E-06  0.1711004E-05
  0.3391047E+00  0.6245589E-06  0.1654386E-05
  0.3430024E+00  0.6048873E-06  0.1593148E-05
  0.3469224E+00  0.5832775E-06  0.1527528E-05
  0.3508647E+00  0.5598705E-06  0.1457968E-05
  0.3548292E+00  0.5348844E-06  0.1385098E-05
  0.3588160E+00  0.5085993E-06  0.1309695E-05
  0.3628251E+00  0.4813256E-06  0.1232595E-05
  0.3668565E+00  0.4533601E-06  0.1154584E-05
  0.3709101E+00  0.4249419E-06  0.1076281E-05
  0.3749860E+00  0.3962557E-06  0.9981557E-06
  0.3790842E+00  0.3674583E-06  0.9205989E-06
  0.3832047E+00  0.3386974E-06  0.8439695E-06
  0.3873474E+00  0.3101178E-06  0.7686112E-06
  0.3915124E+00  0.2818456E-06  0.6948142E-06
  0.3956996E+00  0.2539766E-06  0.6227893E-06
  0.3999092E+00  0.2266111E-06  0.5527525E-06
  0.4041410E+00  0.1998484E-06  0.4849137E-06
  0.4083951E+00  0.1737718E-06  0.4194394E-06
  0.4126714E+00  0.1484435E-06  0.3564423E-06
  0.4169701E+00  0.1239256E-06  0.2960320E-06
  0.4212910E+00  0.1003718E-06  0.2385344E-06
  0.4256342E+00  0.7805454E-07  0.1845484E-06
  0.4299996E+00  0.5735158E-07  0.1349092E-06
  0.4343873E+00  0.3868734E-07  0.9054419E-07
  0.4387973E+00  0.2247744E-07  0.5234137E-07
  0.4432296E+00  0.9005286E-08  0.2086476E-07
