 #     E1  dGamma/dq   dGamma/dE1 
  0.2784088E-05  0.9464234E-11  0.8749319E-08
  0.2505679E-04  0.8506230E-10  0.2621227E-07
  0.6960220E-04  0.2356413E-09  0.4356826E-07
  0.1364203E-03  0.4599726E-09  0.6074670E-07
  0.2255111E-03  0.7562313E-09  0.7767852E-07
  0.3368746E-03  0.1122023E-08  0.9429699E-07
  0.4705109E-03  0.1554420E-08  0.1105386E-06
  0.6264198E-03  0.2049998E-08  0.1263429E-06
  0.8046014E-03  0.2604873E-08  0.1416532E-06
  0.1005056E-02  0.3214753E-08  0.1564166E-06
  0.1227783E-02  0.3874992E-08  0.1705848E-06
  0.1472783E-02  0.4580668E-08  0.1841153E-06
  0.1740055E-02  0.5326666E-08  0.1969719E-06
  0.2029600E-02  0.6107782E-08  0.2091262E-06
  0.2341418E-02  0.6918835E-08  0.2205585E-06
  0.2675509E-02  0.7754800E-08  0.2312585E-06
  0.3031872E-02  0.8610943E-08  0.2412268E-06
  0.3410508E-02  0.9482960E-08  0.2504752E-06
  0.3811416E-02  0.1036671E-07  0.2590168E-06
  0.4234598E-02  0.1125792E-07  0.2668593E-06
  0.4680052E-02  0.1215249E-07  0.2740123E-06
  0.5147779E-02  0.1304647E-07  0.2804875E-06
  0.5637778E-02  0.1393614E-07  0.2862983E-06
  0.6150050E-02  0.1481793E-07  0.2914596E-06
  0.6684595E-02  0.1568849E-07  0.2959878E-06
  0.7241413E-02  0.1654466E-07  0.2999000E-06
  0.7820503E-02  0.1738348E-07  0.3032143E-06
  0.8421866E-02  0.1820217E-07  0.3059492E-06
  0.9045502E-02  0.1899810E-07  0.3081229E-06
  0.9691410E-02  0.1976872E-07  0.3097528E-06
  0.1035959E-01  0.2051151E-07  0.3108540E-06
  0.1105005E-01  0.2122384E-07  0.3114384E-06
  0.1176277E-01  0.2190284E-07  0.3115128E-06
  0.1249777E-01  0.2254521E-07  0.3110772E-06
  0.1325504E-01  0.2314703E-07  0.3101237E-06
  0.1403459E-01  0.2370455E-07  0.3086470E-06
  0.1483640E-01  0.2421497E-07  0.3066548E-06
  0.1566049E-01  0.2467579E-07  0.3041575E-06
  0.1650686E-01  0.2508475E-07  0.3011673E-06
  0.1737549E-01  0.2543990E-07  0.2976987E-06
  0.1826640E-01  0.2573961E-07  0.2937688E-06
  0.1917958E-01  0.2598262E-07  0.2893967E-06
  0.2011504E-01  0.2616803E-07  0.2846039E-06
  0.2107276E-01  0.2629537E-07  0.2794144E-06
  0.2205276E-01  0.2636456E-07  0.2738541E-06
  0.2305503E-01  0.2637590E-07  0.2679505E-06
  0.2407958E-01  0.2633012E-07  0.2617332E-06
  0.2512639E-01  0.2622832E-07  0.2552323E-06
  0.2619548E-01  0.2607188E-07  0.2484788E-06
  0.2728685E-01  0.2586254E-07  0.2415042E-06
  0.2840048E-01  0.2560226E-07  0.2343396E-06
  0.2953639E-01  0.2529317E-07  0.2270151E-06
  0.3069457E-01  0.2493810E-07  0.2195648E-06
  0.3187502E-01  0.2454092E-07  0.2120293E-06
  0.3307775E-01  0.2410579E-07  0.2044483E-06
  0.3430275E-01  0.2363700E-07  0.1968603E-06
  0.3555002E-01  0.2313897E-07  0.1893016E-06
  0.3681956E-01  0.2261620E-07  0.1818070E-06
  0.3811138E-01  0.2207328E-07  0.1744094E-06
  0.3942547E-01  0.2151477E-07  0.1671393E-06
  0.4076183E-01  0.2094527E-07  0.1600255E-06
  0.4212047E-01  0.2036932E-07  0.1530947E-06
  0.4350137E-01  0.1979139E-07  0.1463710E-06
  0.4490456E-01  0.1921579E-07  0.1398760E-06
  0.4633001E-01  0.1864670E-07  0.1336291E-06
  0.4777773E-01  0.1808814E-07  0.1276472E-06
  0.4924773E-01  0.1754399E-07  0.1219454E-06
  0.5074000E-01  0.1701798E-07  0.1165368E-06
  0.5225455E-01  0.1651372E-07  0.1114328E-06
  0.5379136E-01  0.1603489E-07  0.1066448E-06
  0.5535045E-01  0.1558505E-07  0.1021828E-06
  0.5693182E-01  0.1516738E-07  0.9805357E-07
  0.5853545E-01  0.1478464E-07  0.9426088E-07
  0.6016136E-01  0.1443909E-07  0.9080531E-07
  0.6180954E-01  0.1413253E-07  0.8768440E-07
  0.6347999E-01  0.1386630E-07  0.8489309E-07
  0.6517272E-01  0.1364126E-07  0.8242363E-07
  0.6688771E-01  0.1345780E-07  0.8026593E-07
  0.6862498E-01  0.1331589E-07  0.7840781E-07
  0.7038453E-01  0.1321507E-07  0.7683535E-07
  0.7216634E-01  0.1315452E-07  0.7553319E-07
  0.7397043E-01  0.1313307E-07  0.7448477E-07
  0.7579680E-01  0.1314927E-07  0.7367266E-07
  0.7764543E-01  0.1320141E-07  0.7307901E-07
  0.7951634E-01  0.1328767E-07  0.7268602E-07
  0.8140952E-01  0.1340615E-07  0.7247642E-07
  0.8332497E-01  0.1355485E-07  0.7243317E-07
  0.8526269E-01  0.1373159E-07  0.7253900E-07
  0.8722269E-01  0.1393416E-07  0.7277736E-07
  0.8920496E-01  0.1416042E-07  0.7313273E-07
  0.9120951E-01  0.1440825E-07  0.7359046E-07
  0.9323632E-01  0.1467562E-07  0.7413684E-07
  0.9528541E-01  0.1496056E-07  0.7475927E-07
  0.9735677E-01  0.1526136E-07  0.7544672E-07
  0.9945041E-01  0.1557643E-07  0.7618948E-07
  0.1015663E+00  0.1590416E-07  0.7697794E-07
  0.1037045E+00  0.1624217E-07  0.7779928E-07
  0.1058649E+00  0.1658594E-07  0.7863109E-07
  0.1080477E+00  0.1692712E-07  0.7943386E-07
  0.1102527E+00  0.1725309E-07  0.8014982E-07
  0.1124799E+00  0.1755034E-07  0.8071946E-07
  0.1147295E+00  0.1781669E-07  0.8113714E-07
  0.1170013E+00  0.1806239E-07  0.8145355E-07
  0.1192954E+00  0.1829839E-07  0.8172054E-07
  0.1216117E+00  0.1853206E-07  0.8197212E-07
  0.1239504E+00  0.1876706E-07  0.8222473E-07
  0.1263113E+00  0.1900482E-07  0.8248461E-07
  0.1286945E+00  0.1924590E-07  0.8275392E-07
  0.1310999E+00  0.1949071E-07  0.8303415E-07
  0.1335276E+00  0.1973964E-07  0.8332665E-07
  0.1359776E+00  0.1999304E-07  0.8363253E-07
  0.1384499E+00  0.2025104E-07  0.8395204E-07
  0.1409445E+00  0.2051351E-07  0.8428423E-07
  0.1434613E+00  0.2077995E-07  0.8462669E-07
  0.1460004E+00  0.2104949E-07  0.8497573E-07
  0.1485617E+00  0.2132093E-07  0.8532632E-07
  0.1511454E+00  0.2159270E-07  0.8567218E-07
  0.1537513E+00  0.2186277E-07  0.8600548E-07
  0.1563794E+00  0.2212876E-07  0.8631724E-07
  0.1590299E+00  0.2238803E-07  0.8659777E-07
  0.1617026E+00  0.2263761E-07  0.8683648E-07
  0.1643976E+00  0.2287419E-07  0.8702184E-07
  0.1671149E+00  0.2309455E-07  0.8714293E-07
  0.1698544E+00  0.2329554E-07  0.8718959E-07
  0.1726162E+00  0.2347433E-07  0.8715307E-07
  0.1754003E+00  0.2362827E-07  0.8702560E-07
  0.1782067E+00  0.2375493E-07  0.8680045E-07
  0.1810353E+00  0.2385224E-07  0.8647244E-07
  0.1838862E+00  0.2391844E-07  0.8603765E-07
  0.1867594E+00  0.2395194E-07  0.8549282E-07
  0.1896549E+00  0.2395126E-07  0.8483530E-07
  0.1925726E+00  0.2391511E-07  0.8406308E-07
  0.1955126E+00  0.2384229E-07  0.8317462E-07
  0.1984748E+00  0.2373171E-07  0.8216873E-07
  0.2014594E+00  0.2358251E-07  0.8104505E-07
  0.2044662E+00  0.2339405E-07  0.7980403E-07
  0.2074953E+00  0.2316628E-07  0.7844810E-07
  0.2105467E+00  0.2290003E-07  0.7698251E-07
  0.2136203E+00  0.2259756E-07  0.7541724E-07
  0.2167162E+00  0.2226261E-07  0.7376674E-07
  0.2198344E+00  0.2190011E-07  0.7204913E-07
  0.2229748E+00  0.2151642E-07  0.7028656E-07
  0.2261375E+00  0.2111955E-07  0.6850600E-07
  0.2293225E+00  0.2071927E-07  0.6673924E-07
  0.2325298E+00  0.2032652E-07  0.6502104E-07
  0.2357594E+00  0.1995295E-07  0.6338740E-07
  0.2390112E+00  0.1961050E-07  0.6187424E-07
  0.2422853E+00  0.1931090E-07  0.6051586E-07
  0.2455816E+00  0.1906523E-07  0.5934366E-07
  0.2489003E+00  0.1888367E-07  0.5838535E-07
  0.2522412E+00  0.1877535E-07  0.5766473E-07
  0.2556043E+00  0.1874866E-07  0.5720269E-07
  0.2589898E+00  0.1881113E-07  0.5701693E-07
  0.2623975E+00  0.1896943E-07  0.5712218E-07
  0.2658275E+00  0.1922987E-07  0.5753162E-07
  0.2692798E+00  0.1960020E-07  0.5826248E-07
  0.2727543E+00  0.2009171E-07  0.5934187E-07
  0.2762511E+00  0.2071892E-07  0.6080586E-07
  0.2797702E+00  0.2149997E-07  0.6269997E-07
  0.2833116E+00  0.2245521E-07  0.6507514E-07
  0.2868752E+00  0.2360830E-07  0.6799054E-07
  0.2904611E+00  0.2498486E-07  0.7150941E-07
  0.2940693E+00  0.2660921E-07  0.7568981E-07
  0.2976997E+00  0.2850426E-07  0.8058437E-07
  0.3013525E+00  0.3068898E-07  0.8623336E-07
  0.3050275E+00  0.3317279E-07  0.9264943E-07
  0.3087247E+00  0.3595189E-07  0.9980820E-07
  0.3124443E+00  0.3900963E-07  0.1076504E-06
  0.3161861E+00  0.4232007E-07  0.1160928E-06
  0.3199502E+00  0.4585210E-07  0.1250398E-06
  0.3237365E+00  0.4957464E-07  0.1343983E-06
  0.3275452E+00  0.5346103E-07  0.1440894E-06
  0.3313761E+00  0.5749113E-07  0.1540531E-06
  0.3352293E+00  0.6165718E-07  0.1642642E-06
  0.3391047E+00  0.6596487E-07  0.1747334E-06
  0.3430024E+00  0.7041687E-07  0.1854635E-06
  0.3469224E+00  0.7500287E-07  0.1964228E-06
  0.3508647E+00  0.7969585E-07  0.2075373E-06
  0.3548292E+00  0.8444448E-07  0.2186713E-06
  0.3588160E+00  0.8916654E-07  0.2296129E-06
  0.3628251E+00  0.9374891E-07  0.2400755E-06
  0.3668565E+00  0.9806001E-07  0.2497319E-06
  0.3709101E+00  0.1019764E-06  0.2582829E-06
  0.3749860E+00  0.1054103E-06  0.2655251E-06
  0.3790842E+00  0.1083461E-06  0.2714411E-06
  0.3832047E+00  0.1108649E-06  0.2762542E-06
  0.3873474E+00  0.1131424E-06  0.2804175E-06
  0.3915124E+00  0.1154001E-06  0.2844877E-06
  0.3956996E+00  0.1177874E-06  0.2888326E-06
  0.3999092E+00  0.1203342E-06  0.2935207E-06
  0.4041410E+00  0.1230382E-06  0.2985408E-06
  0.4083951E+00  0.1259013E-06  0.3038927E-06
  0.4126714E+00  0.1289857E-06  0.3097203E-06
  0.4169701E+00  0.1325490E-06  0.3166315E-06
  0.4212910E+00  0.1372824E-06  0.3262526E-06
  0.4256342E+00  0.1444755E-06  0.3415908E-06
  0.4299996E+00  0.1564501E-06  0.3680205E-06
  0.4343873E+00  0.1778426E-06  0.4162244E-06
  0.4387973E+00  0.2210553E-06  0.5147533E-06
  0.4432296E+00  0.3505221E-06  0.8121408E-06
