 #     E1  dGamma/dq   dGamma/dE1 
  0.2784088E-05  0.1993998E-11  0.1843374E-08
  0.2505679E-04  0.1795921E-10  0.5534199E-08
  0.6960220E-04  0.4996094E-10  0.9237392E-08
  0.1364203E-03  0.9814590E-10  0.1296173E-07
  0.2255111E-03  0.1627450E-09  0.1671683E-07
  0.3368746E-03  0.2440872E-09  0.2051356E-07
  0.4705109E-03  0.3426158E-09  0.2436424E-07
  0.6264198E-03  0.4588948E-09  0.2828203E-07
  0.8046014E-03  0.5936041E-09  0.3228024E-07
  0.1005056E-02  0.7475356E-09  0.3637199E-07
  0.1227783E-02  0.9215863E-09  0.4057004E-07
  0.1472783E-02  0.1116750E-08  0.4488663E-07
  0.1740055E-02  0.1334109E-08  0.4933329E-07
  0.2029600E-02  0.1574820E-08  0.5392075E-07
  0.2341418E-02  0.1840100E-08  0.5865867E-07
  0.2675509E-02  0.2131207E-08  0.6355542E-07
  0.3031872E-02  0.2449408E-08  0.6861766E-07
  0.3410508E-02  0.2795945E-08  0.7384981E-07
  0.3811416E-02  0.3171890E-08  0.7925107E-07
  0.4234598E-02  0.3578021E-08  0.8481390E-07
  0.4680052E-02  0.4014847E-08  0.9052611E-07
  0.5147779E-02  0.4482566E-08  0.9637113E-07
  0.5637778E-02  0.4981033E-08  0.1023283E-06
  0.6150050E-02  0.5509735E-08  0.1083731E-06
  0.6684595E-02  0.6067777E-08  0.1144781E-06
  0.7241413E-02  0.6653876E-08  0.1206128E-06
  0.7820503E-02  0.7266371E-08  0.1267449E-06
  0.8421866E-02  0.7903226E-08  0.1328405E-06
  0.9045502E-02  0.8562050E-08  0.1388646E-06
  0.9691410E-02  0.9240094E-08  0.1447815E-06
  0.1035959E-01  0.9934252E-08  0.1505546E-06
  0.1105005E-01  0.1064104E-07  0.1561465E-06
  0.1176277E-01  0.1135655E-07  0.1615183E-06
  0.1249777E-01  0.1207641E-07  0.1666295E-06
  0.1325504E-01  0.1279573E-07  0.1714370E-06
  0.1403459E-01  0.1350912E-07  0.1758967E-06
  0.1483640E-01  0.1421105E-07  0.1799666E-06
  0.1566049E-01  0.1489588E-07  0.1836088E-06
  0.1650686E-01  0.1555802E-07  0.1867894E-06
  0.1737549E-01  0.1619200E-07  0.1894794E-06
  0.1826640E-01  0.1679255E-07  0.1916551E-06
  0.1917958E-01  0.1735468E-07  0.1932980E-06
  0.2011504E-01  0.1787378E-07  0.1943955E-06
  0.2107276E-01  0.1834567E-07  0.1949409E-06
  0.2205276E-01  0.1876666E-07  0.1949332E-06
  0.2305503E-01  0.1913360E-07  0.1943767E-06
  0.2407958E-01  0.1944396E-07  0.1932817E-06
  0.2512639E-01  0.1969580E-07  0.1916632E-06
  0.2619548E-01  0.1988776E-07  0.1895409E-06
  0.2728685E-01  0.2001916E-07  0.1869388E-06
  0.2840048E-01  0.2008991E-07  0.1838846E-06
  0.2953639E-01  0.2010044E-07  0.1804086E-06
  0.3069457E-01  0.2005181E-07  0.1765440E-06
  0.3187502E-01  0.1994573E-07  0.1723276E-06
  0.3307775E-01  0.1978443E-07  0.1677976E-06
  0.3430275E-01  0.1957061E-07  0.1629934E-06
  0.3555002E-01  0.1930738E-07  0.1579551E-06
  0.3681956E-01  0.1899828E-07  0.1527232E-06
  0.3811138E-01  0.1864720E-07  0.1473386E-06
  0.3942547E-01  0.1825837E-07  0.1418416E-06
  0.4076183E-01  0.1783628E-07  0.1362724E-06
  0.4212047E-01  0.1738575E-07  0.1306704E-06
  0.4350137E-01  0.1691171E-07  0.1250738E-06
  0.4490456E-01  0.1641919E-07  0.1195190E-06
  0.4633001E-01  0.1591331E-07  0.1140406E-06
  0.4777773E-01  0.1539913E-07  0.1086710E-06
  0.4924773E-01  0.1488178E-07  0.1034408E-06
  0.5074000E-01  0.1436623E-07  0.9837798E-07
  0.5225455E-01  0.1385743E-07  0.9350848E-07
  0.5379136E-01  0.1336009E-07  0.8885531E-07
  0.5535045E-01  0.1287833E-07  0.8443633E-07
  0.5693182E-01  0.1241598E-07  0.8026639E-07
  0.5853545E-01  0.1197658E-07  0.7635783E-07
  0.6016136E-01  0.1156333E-07  0.7272005E-07
  0.6180954E-01  0.1117904E-07  0.6935964E-07
  0.6347999E-01  0.1082621E-07  0.6628090E-07
  0.6517272E-01  0.1050696E-07  0.6348551E-07
  0.6688771E-01  0.1022300E-07  0.6097271E-07
  0.6862498E-01  0.9975655E-08  0.5873954E-07
  0.7038453E-01  0.9765914E-08  0.5678119E-07
  0.7216634E-01  0.9594451E-08  0.5509130E-07
  0.7397043E-01  0.9461565E-08  0.5366166E-07
  0.7579680E-01  0.9367186E-08  0.5248243E-07
  0.7764543E-01  0.9310942E-08  0.5154255E-07
  0.7951634E-01  0.9292226E-08  0.5083020E-07
  0.8140952E-01  0.9310274E-08  0.5033327E-07
  0.8332497E-01  0.9363849E-08  0.5003767E-07
  0.8526269E-01  0.9450786E-08  0.4992507E-07
  0.8722269E-01  0.9568736E-08  0.4997699E-07
  0.8920496E-01  0.9715260E-08  0.5017532E-07
  0.9120951E-01  0.9887891E-08  0.5050262E-07
  0.9323632E-01  0.1008412E-07  0.5094199E-07
  0.9528541E-01  0.1030138E-07  0.5147689E-07
  0.9735677E-01  0.1053701E-07  0.5209123E-07
  0.9945041E-01  0.1078833E-07  0.5276927E-07
  0.1015663E+00  0.1105253E-07  0.5349546E-07
  0.1037045E+00  0.1132668E-07  0.5425430E-07
  0.1058649E+00  0.1160779E-07  0.5503055E-07
  0.1080477E+00  0.1189269E-07  0.5580879E-07
  0.1102527E+00  0.1217793E-07  0.5657299E-07
  0.1124799E+00  0.1245994E-07  0.5730714E-07
  0.1147295E+00  0.1273629E-07  0.5800105E-07
  0.1170013E+00  0.1300589E-07  0.5865093E-07
  0.1192954E+00  0.1326823E-07  0.5925586E-07
  0.1216117E+00  0.1352402E-07  0.5982026E-07
  0.1239504E+00  0.1377460E-07  0.6035113E-07
  0.1263113E+00  0.1402187E-07  0.6085766E-07
  0.1286945E+00  0.1426813E-07  0.6135040E-07
  0.1310999E+00  0.1451589E-07  0.6184048E-07
  0.1335276E+00  0.1476781E-07  0.6233912E-07
  0.1359776E+00  0.1502643E-07  0.6285681E-07
  0.1384499E+00  0.1529414E-07  0.6340288E-07
  0.1409445E+00  0.1557306E-07  0.6398529E-07
  0.1434613E+00  0.1586495E-07  0.6461029E-07
  0.1460004E+00  0.1617107E-07  0.6528180E-07
  0.1485617E+00  0.1649209E-07  0.6600128E-07
  0.1511454E+00  0.1682788E-07  0.6676706E-07
  0.1537513E+00  0.1717755E-07  0.6757440E-07
  0.1563794E+00  0.1753950E-07  0.6841597E-07
  0.1590299E+00  0.1791155E-07  0.6928259E-07
  0.1617026E+00  0.1829062E-07  0.7016169E-07
  0.1643976E+00  0.1867194E-07  0.7103494E-07
  0.1671149E+00  0.1905063E-07  0.7188396E-07
  0.1698544E+00  0.1942191E-07  0.7269152E-07
  0.1726162E+00  0.1978122E-07  0.7344167E-07
  0.1754003E+00  0.2012422E-07  0.7411979E-07
  0.1782067E+00  0.2044687E-07  0.7471280E-07
  0.1810353E+00  0.2074549E-07  0.7520942E-07
  0.1838862E+00  0.2101682E-07  0.7560016E-07
  0.1867594E+00  0.2125793E-07  0.7587696E-07
  0.1896549E+00  0.2146614E-07  0.7603301E-07
  0.1925726E+00  0.2163900E-07  0.7606242E-07
  0.1955126E+00  0.2177415E-07  0.7595986E-07
  0.1984748E+00  0.2186934E-07  0.7572044E-07
  0.2014594E+00  0.2192244E-07  0.7533996E-07
  0.2044662E+00  0.2193150E-07  0.7481486E-07
  0.2074953E+00  0.2189509E-07  0.7414345E-07
  0.2105467E+00  0.2181252E-07  0.7332667E-07
  0.2136203E+00  0.2168455E-07  0.7237014E-07
  0.2167162E+00  0.2151334E-07  0.7128405E-07
  0.2198344E+00  0.2130226E-07  0.7008227E-07
  0.2229748E+00  0.2105607E-07  0.6878278E-07
  0.2261375E+00  0.2078125E-07  0.6740864E-07
  0.2293225E+00  0.2048618E-07  0.6598845E-07
  0.2325298E+00  0.2018088E-07  0.6455516E-07
  0.2357594E+00  0.1987654E-07  0.6314465E-07
  0.2390112E+00  0.1958515E-07  0.6179426E-07
  0.2422853E+00  0.1931901E-07  0.6054128E-07
  0.2455816E+00  0.1908998E-07  0.5942072E-07
  0.2489003E+00  0.1890933E-07  0.5846470E-07
  0.2522412E+00  0.1878729E-07  0.5770140E-07
  0.2556043E+00  0.1873319E-07  0.5715550E-07
  0.2589898E+00  0.1875565E-07  0.5684877E-07
  0.2623975E+00  0.1886228E-07  0.5679952E-07
  0.2658275E+00  0.1905994E-07  0.5702324E-07
  0.2692798E+00  0.1935569E-07  0.5753565E-07
  0.2727543E+00  0.1975818E-07  0.5835679E-07
  0.2762511E+00  0.2027788E-07  0.5951149E-07
  0.2797702E+00  0.2092785E-07  0.6103153E-07
  0.2833116E+00  0.2172374E-07  0.6295536E-07
  0.2868752E+00  0.2268510E-07  0.6533176E-07
  0.2904611E+00  0.2383495E-07  0.6821823E-07
  0.2940693E+00  0.2519772E-07  0.7167484E-07
  0.2976997E+00  0.2679860E-07  0.7576231E-07
  0.3013525E+00  0.2866098E-07  0.8053487E-07
  0.3050275E+00  0.3080148E-07  0.8602652E-07
  0.3087247E+00  0.3322600E-07  0.9224070E-07
  0.3124443E+00  0.3592905E-07  0.9914932E-07
  0.3161861E+00  0.3889628E-07  0.1067006E-06
  0.3199502E+00  0.4210796E-07  0.1148295E-06
  0.3237365E+00  0.4554375E-07  0.1234705E-06
  0.3275452E+00  0.4918671E-07  0.1325691E-06
  0.3313761E+00  0.5302466E-07  0.1420848E-06
  0.3352293E+00  0.5705576E-07  0.1520053E-06
  0.3391047E+00  0.6128934E-07  0.1623485E-06
  0.3430024E+00  0.6573106E-07  0.1731220E-06
  0.3469224E+00  0.7037349E-07  0.1842991E-06
  0.3508647E+00  0.7519229E-07  0.1958095E-06
  0.3548292E+00  0.8013903E-07  0.2075222E-06
  0.3588160E+00  0.8513403E-07  0.2192288E-06
  0.3628251E+00  0.9006458E-07  0.2306405E-06
  0.3668565E+00  0.9479517E-07  0.2414173E-06
  0.3709101E+00  0.9919296E-07  0.2512330E-06
  0.3749860E+00  0.1031556E-06  0.2598458E-06
  0.3790842E+00  0.1066503E-06  0.2671927E-06
  0.3832047E+00  0.1097403E-06  0.2734520E-06
  0.3873474E+00  0.1125863E-06  0.2790395E-06
  0.3915124E+00  0.1154001E-06  0.2844878E-06
  0.3956996E+00  0.1183256E-06  0.2901524E-06
  0.3999092E+00  0.1213885E-06  0.2960924E-06
  0.4041410E+00  0.1245794E-06  0.3022804E-06
  0.4083951E+00  0.1278876E-06  0.3086872E-06
  0.4126714E+00  0.1313568E-06  0.3154137E-06
  0.4169701E+00  0.1352224E-06  0.3230178E-06
  0.4212910E+00  0.1401629E-06  0.3330981E-06
  0.4256342E+00  0.1474681E-06  0.3486663E-06
  0.4299996E+00  0.1594788E-06  0.3751451E-06
  0.4343873E+00  0.1808681E-06  0.4233051E-06
  0.4387973E+00  0.2240422E-06  0.5217087E-06
  0.4432296E+00  0.3534660E-06  0.8189616E-06
