 #  r,DGAMMADR(IR) 
   5.0000000000000001E-003   7.2429436578522652E-009   1.0000000000000000E-002
   1.4999999999999999E-002   2.1735772283361023E-008   1.0000000000000000E-002
   2.5000000000000001E-002   3.6249428951577532E-008   1.0000000000000000E-002
   3.5000000000000003E-002   5.0797812740769596E-008   1.0000000000000000E-002
   4.4999999999999998E-002   6.5394843323070566E-008   1.0000000000000000E-002
   5.5000000000000000E-002   8.0054469240346159E-008   1.0000000000000000E-002
   6.5000000000000002E-002   9.4790676218327448E-008   1.0000000000000000E-002
   7.4999999999999997E-002   1.0961749944912227E-007   1.0000000000000000E-002
   8.5000000000000006E-002   1.2454919072304248E-007   1.0000000000000000E-002
   9.5000000000000001E-002   1.3960048596841895E-007   1.0000000000000000E-002
  0.10500000000000000        1.5478658395067491E-007   1.0000000000000000E-002
  0.11500000000000000        1.7012313826359193E-007   1.0000000000000000E-002
  0.12500000000000000        1.8562626766572135E-007   1.0000000000000000E-002
  0.13500000000000001        2.0131257520404877E-007   1.0000000000000000E-002
  0.14499999999999999        2.1719915997946735E-007   1.0000000000000000E-002
  0.15500000000000000        2.3330364544049752E-007   1.0000000000000000E-002
  0.16500000000000001        2.4964418870812860E-007   1.0000000000000000E-002
  0.17500000000000002        2.6623950917111220E-007   1.0000000000000000E-002
  0.18500000000000000        2.8310892624543385E-007   1.0000000000000000E-002
  0.19500000000000001        3.0027254267863140E-007   1.0000000000000000E-002
  0.20500000000000002        3.1775137177303651E-007   1.0000000000000000E-002
  0.21500000000000000        3.3556730010618710E-007   1.0000000000000000E-002
  0.22500000000000001        3.5374310011104095E-007   1.0000000000000000E-002
  0.23500000000000001        3.7230244484279751E-007   1.0000000000000000E-002
  0.24500000000000000        3.9126993618842138E-007   1.0000000000000000E-002
  0.25500000000000000        4.1067113140612009E-007   1.0000000000000000E-002
  0.26500000000000001        4.3053257937802378E-007   1.0000000000000000E-002
  0.27500000000000002        4.5088185173609626E-007   1.0000000000000000E-002
  0.28500000000000003        4.7174757874965579E-007   1.0000000000000000E-002
  0.29499999999999998        4.9315957582997952E-007   1.0000000000000000E-002
  0.30499999999999999        5.1515024807205699E-007   1.0000000000000000E-002
  0.31500000000000000        5.3775562895606201E-007   1.0000000000000000E-002
  0.32500000000000001        5.6101483433490722E-007   1.0000000000000000E-002
  0.33500000000000002        5.8496985487851306E-007   1.0000000000000000E-002
  0.34500000000000003        6.0966574534284008E-007   1.0000000000000000E-002
  0.35499999999999998        6.3515043135852019E-007   1.0000000000000000E-002
  0.36499999999999999        6.6147509493609064E-007   1.0000000000000000E-002
  0.37500000000000000        6.8869411524804323E-007   1.0000000000000000E-002
  0.38500000000000001        7.1686507790675716E-007   1.0000000000000000E-002
  0.39500000000000002        7.4604927598789617E-007   1.0000000000000000E-002
  0.40500000000000003        7.7631168016494146E-007   1.0000000000000000E-002
  0.41500000000000004        8.0772097216970153E-007   1.0000000000000000E-002
  0.42499999999999999        8.4034980569410005E-007   1.0000000000000000E-002
  0.43500000000000000        8.7427523527542482E-007   1.0000000000000000E-002
  0.44500000000000001        9.0957877670222391E-007   1.0000000000000000E-002
  0.45500000000000002        9.4634650122828021E-007   1.0000000000000000E-002
  0.46500000000000002        9.8466936611672232E-007   1.0000000000000000E-002
  0.47500000000000003        1.0246436299894415E-006   1.0000000000000000E-002
  0.48499999999999999        1.0663718817461806E-006   1.0000000000000000E-002
  0.49500000000000000        1.1099706203525757E-006   1.0000000000000000E-002
  0.50500000000000000        1.1555737496092089E-006   1.0000000000000000E-002
  0.51500000000000001        1.2033313092273766E-006   1.0000000000000000E-002
  0.52500000000000002        1.2534078320275038E-006   1.0000000000000000E-002
  0.53500000000000003        1.3059857605441222E-006   1.0000000000000000E-002
  0.54500000000000004        1.3612626372210189E-006   1.0000000000000000E-002
  0.55500000000000005        1.4194548692886508E-006   1.0000000000000000E-002
  0.56500000000000006        1.4807998373400367E-006   1.0000000000000000E-002
  0.57500000000000007        1.5455539730954389E-006   1.0000000000000000E-002
  0.58499999999999996        1.6139945557581207E-006   1.0000000000000000E-002
  0.59499999999999997        1.6864251412275250E-006   1.0000000000000000E-002
  0.60499999999999998        1.7631751501390061E-006   1.0000000000000000E-002
  0.61499999999999999        1.8446001025584675E-006   1.0000000000000000E-002
  0.62500000000000000        1.9310833452578648E-006   1.0000000000000000E-002
  0.63500000000000001        2.0230389441504650E-006   1.0000000000000000E-002
  0.64500000000000002        2.1209210676841233E-006   1.0000000000000000E-002
  0.65500000000000003        2.2252659341322087E-006   1.0000000000000000E-002
  0.66500000000000004        2.3367136569903848E-006   1.0000000000000000E-002
  0.67500000000000004        2.4559938883033040E-006   1.0000000000000000E-002
  0.68500000000000005        2.5839305895359688E-006   1.0000000000000000E-002
  0.69500000000000006        2.7214320959424766E-006   1.0000000000000000E-002
  0.70499999999999996        2.8695204626746788E-006   1.0000000000000000E-002
  0.71499999999999997        3.0293248231820819E-006   1.0000000000000000E-002
  0.72499999999999998        3.2020769553295070E-006   1.0000000000000000E-002
  0.73499999999999999        3.3891370614033867E-006   1.0000000000000000E-002
  0.74500000000000000        3.5920084750746228E-006   1.0000000000000000E-002
  0.75500000000000000        3.8123301009531808E-006   1.0000000000000000E-002
  0.76500000000000001        4.0518852220120813E-006   1.0000000000000000E-002
  0.77500000000000002        4.3126391948756937E-006   1.0000000000000000E-002
  0.78500000000000003        4.5970887995071518E-006   1.0000000000000000E-002
  0.79500000000000004        4.9085586376443876E-006   1.0000000000000000E-002
  0.80500000000000005        5.2510059241367578E-006   1.0000000000000000E-002
  0.81500000000000006        5.6292393378194350E-006   1.0000000000000000E-002
  0.82500000000000007        6.0488390881216847E-006   1.0000000000000000E-002
  0.83499999999999996        6.5161821789575037E-006   1.0000000000000000E-002
  0.84499999999999997        7.0388514617459926E-006   1.0000000000000000E-002
  0.85499999999999998        7.6256237564627634E-006   1.0000000000000000E-002
  0.86499999999999999        8.2865119510109522E-006   1.0000000000000000E-002
  0.87500000000000000        9.0329887740979203E-006   1.0000000000000000E-002
  0.88500000000000001        9.8797725304289315E-006   1.0000000000000000E-002
  0.89500000000000002        1.0846817694416373E-005   1.0000000000000000E-002
  0.90500000000000003        1.1958971429615581E-005   1.0000000000000000E-002
  0.91500000000000004        1.3246053724799047E-005   1.0000000000000000E-002
  0.92500000000000004        1.4744411372003581E-005   1.0000000000000000E-002
  0.93500000000000005        1.6496825853144662E-005   1.0000000000000000E-002
  0.94500000000000006        1.8553858396992725E-005   1.0000000000000000E-002
  0.95500000000000007        2.0990223269007588E-005   1.0000000000000000E-002
  0.96499999999999997        2.3941884149242999E-005   1.0000000000000000E-002
  0.97499999999999998        2.7624899709071095E-005   1.0000000000000000E-002
  0.98499999999999999        3.2335632322160996E-005   1.0000000000000000E-002
  0.99500000000000000        3.8472307670283294E-005   1.0000000000000000E-002
