 #  phi,DGAMMADPHI(IPHI) 
   3.4906585039886591E-002   2.3824717675031038E-008   6.9813170079773182E-002
  0.10471975511965978        1.5431427216819240E-008   6.9813170079773182E-002
  0.17453292519943295        1.0367497993421574E-008   6.9813170079773182E-002
  0.24434609527920614        7.5397252598367468E-009   6.9813170079773182E-002
  0.31415926535897931        6.0434574682896658E-009   6.9813170079773182E-002
  0.38397243543875248        5.4125389306057576E-009   6.9813170079773182E-002
  0.45378560551852570        5.3197101902134368E-009   6.9813170079773182E-002
  0.52359877559829882        5.3363624739122276E-009   6.9813170079773182E-002
  0.59341194567807209        5.1989580215009443E-009   6.9813170079773182E-002
  0.66322511575784526        5.0744121738947005E-009   6.9813170079773182E-002
  0.73303828583761843        5.2892355758803076E-009   6.9813170079773182E-002
  0.80285145591739160        5.6304247178675061E-009   6.9813170079773182E-002
  0.87266462599716477        5.3413179396347628E-009   6.9813170079773182E-002
  0.94247779607693793        4.4351474540518511E-009   6.9813170079773182E-002
   1.0122909661567112        3.4561905343298164E-009   6.9813170079773182E-002
   1.0821041362364843        2.5679015662271014E-009   6.9813170079773182E-002
   1.1519173063162575        1.6677132668138416E-009   6.9813170079773182E-002
   1.2217304763960306        9.5437630219817481E-010   6.9813170079773182E-002
   1.2915436464758039        6.0481625572212501E-010   6.9813170079773182E-002
   1.3613568165555769        4.4862241746093589E-010   6.9813170079773182E-002
   1.4311699866353502        3.5389892417589594E-010   6.9813170079773182E-002
   1.5009831567151235        3.5462672549332021E-010   6.9813170079773182E-002
   1.5707963267948966        4.5214222685928544E-010   6.9813170079773182E-002
   1.6406094968746698        5.4097564402068202E-010   6.9813170079773182E-002
   1.7104226669544429        5.8589023484749120E-010   6.9813170079773182E-002
   1.7802358370342162        6.3450122097248046E-010   6.9813170079773182E-002
   1.8500490071139892        7.0641547319522749E-010   6.9813170079773182E-002
   1.9198621771937625        8.1257768305636919E-010   6.9813170079773182E-002
   1.9896753472735358        9.5098761201763366E-010   6.9813170079773182E-002
   2.0594885173533091        1.0637720287489221E-009   6.9813170079773182E-002
   2.1293016874330819        1.0544479982661333E-009   6.9813170079773182E-002
   2.1991148575128552        9.4722251896293143E-010   6.9813170079773182E-002
   2.2689280275926285        8.7292519777100460E-010   6.9813170079773182E-002
   2.3387411976724017        9.1300229287154314E-010   6.9813170079773182E-002
   2.4085543677521746        1.0920330184263902E-009   6.9813170079773182E-002
   2.4783675378319479        1.4287889955063408E-009   6.9813170079773182E-002
   2.5481807079117211        1.9566817213781236E-009   6.9813170079773182E-002
   2.6179938779914944        2.6274542036532247E-009   6.9813170079773182E-002
   2.6878070480712677        3.3054823521194282E-009   6.9813170079773182E-002
   2.7576202181510405        3.7545400950423900E-009   6.9813170079773182E-002
   2.8274333882308138        3.7359120173804233E-009   6.9813170079773182E-002
   2.8972465583105871        3.2784292521726594E-009   6.9813170079773182E-002
   2.9670597283903604        2.6990694866327358E-009   6.9813170079773182E-002
   3.0368728984701332        2.2413510214254563E-009   6.9813170079773182E-002
   3.1066860685499065        2.0211471999387743E-009   6.9813170079773182E-002
   3.1764992386296798        2.0211471999387731E-009   6.9813170079773182E-002
   3.2463124087094530        2.2413510214254526E-009   6.9813170079773182E-002
   3.3161255787892263        2.6990694866327469E-009   6.9813170079773182E-002
   3.3859387488689991        3.2784292521726734E-009   6.9813170079773182E-002
   3.4557519189487724        3.7359120173804150E-009   6.9813170079773182E-002
   3.5255650890285457        3.7545400950423883E-009   6.9813170079773182E-002
   3.5953782591083190        3.3054823521194212E-009   6.9813170079773182E-002
   3.6651914291880923        2.6274542036532264E-009   6.9813170079773182E-002
   3.7350045992678651        1.9566817213781194E-009   6.9813170079773182E-002
   3.8048177693476384        1.4287889955063478E-009   6.9813170079773182E-002
   3.8746309394274117        1.0920330184263869E-009   6.9813170079773182E-002
   3.9444441095071849        9.1300229287154273E-010   6.9813170079773182E-002
   4.0142572795869578        8.7292519777100604E-010   6.9813170079773182E-002
   4.0840704496667311        9.4722251896293804E-010   6.9813170079773182E-002
   4.1538836197465043        1.0544479982661238E-009   6.9813170079773182E-002
   4.2236967898262776        1.0637720287489237E-009   6.9813170079773182E-002
   4.2935099599060509        9.5098761201763490E-010   6.9813170079773182E-002
   4.3633231299858242        8.1257768305636816E-010   6.9813170079773182E-002
   4.4331363000655974        7.0641547319522708E-010   6.9813170079773182E-002
   4.5029494701453698        6.3450122097247798E-010   6.9813170079773182E-002
   4.5727626402251431        5.8589023484748841E-010   6.9813170079773182E-002
   4.6425758103049164        5.4097564402068316E-010   6.9813170079773182E-002
   4.7123889803846897        4.5214222685928596E-010   6.9813170079773182E-002
   4.7822021504644630        3.5462672549332047E-010   6.9813170079773182E-002
   4.8520153205442362        3.5389892417589609E-010   6.9813170079773182E-002
   4.9218284906240095        4.4862241746093569E-010   6.9813170079773182E-002
   4.9916416607037828        6.0481625572212366E-010   6.9813170079773182E-002
   5.0614548307835561        9.5437630219817419E-010   6.9813170079773182E-002
   5.1312680008633285        1.6677132668138290E-009   6.9813170079773182E-002
   5.2010811709431017        2.5679015662270886E-009   6.9813170079773182E-002
   5.2708943410228750        3.4561905343298098E-009   6.9813170079773182E-002
   5.3407075111026483        4.4351474540518561E-009   6.9813170079773182E-002
   5.4105206811824216        5.3413179396347785E-009   6.9813170079773182E-002
   5.4803338512621949        5.6304247178675185E-009   6.9813170079773182E-002
   5.5501470213419681        5.2892355758802844E-009   6.9813170079773182E-002
   5.6199601914217414        5.0744121738946997E-009   6.9813170079773182E-002
   5.6897733615015147        5.1989580215009468E-009   6.9813170079773182E-002
   5.7595865315812871        5.3363624739122301E-009   6.9813170079773182E-002
   5.8293997016610604        5.3197101902134435E-009   6.9813170079773182E-002
   5.8992128717408336        5.4125389306057601E-009   6.9813170079773182E-002
   5.9690260418206069        6.0434574682896732E-009   6.9813170079773182E-002
   6.0388392119003802        7.5397252598367484E-009   6.9813170079773182E-002
   6.1086523819801535        1.0367497993421574E-008   6.9813170079773182E-002
   6.1784655520599268        1.5431427216819244E-008   6.9813170079773182E-002
   6.2482787221397000        2.3824717675031035E-008   6.9813170079773182E-002
