 #  r,DGAMMADR(IR) 
   5.0000000000000001E-003   1.6504746449308097E-010   1.0000000000000000E-002
   1.4999999999999999E-002   4.9525897893770634E-010   1.0000000000000000E-002
   2.5000000000000001E-002   8.2582011528060235E-010   1.0000000000000000E-002
   3.5000000000000003E-002   1.1569635259026466E-009   1.0000000000000000E-002
   4.4999999999999998E-002   1.4889212878582698E-009   1.0000000000000000E-002
   5.5000000000000000E-002   1.8219248094568672E-009   1.0000000000000000E-002
   6.5000000000000002E-002   2.1562048752214763E-009   1.0000000000000000E-002
   7.4999999999999997E-002   2.4919922338056661E-009   1.0000000000000000E-002
   8.5000000000000006E-002   2.8295329197215475E-009   1.0000000000000000E-002
   9.5000000000000001E-002   3.1691139243790227E-009   1.0000000000000000E-002
  0.10500000000000000        3.5110616442054854E-009   1.0000000000000000E-002
  0.11500000000000000        3.8557402531408121E-009   1.0000000000000000E-002
  0.12500000000000000        4.2035510464386756E-009   1.0000000000000000E-002
  0.13500000000000001        4.5549313719755251E-009   1.0000000000000000E-002
  0.14499999999999999        4.9103539421821466E-009   1.0000000000000000E-002
  0.15500000000000000        5.2703251298125228E-009   1.0000000000000000E-002
  0.16500000000000001        5.6353846728997639E-009   1.0000000000000000E-002
  0.17500000000000002        6.0061049029899581E-009   1.0000000000000000E-002
  0.18500000000000000        6.3830901077664217E-009   1.0000000000000000E-002
  0.19500000000000001        6.7669744028027911E-009   1.0000000000000000E-002
  0.20500000000000002        7.1584219077447547E-009   1.0000000000000000E-002
  0.21500000000000000        7.5581290631650075E-009   1.0000000000000000E-002
  0.22500000000000001        7.9668261707217060E-009   1.0000000000000000E-002
  0.23500000000000001        8.3852788170110701E-009   1.0000000000000000E-002
  0.24500000000000000        8.8142892290113796E-009   1.0000000000000000E-002
  0.25500000000000000        9.2546978341845081E-009   1.0000000000000000E-002
  0.26500000000000001        9.7073849588527847E-009   1.0000000000000000E-002
  0.27500000000000002        1.0173272140928363E-008   1.0000000000000000E-002
  0.28500000000000003        1.0653324862790202E-008   1.0000000000000000E-002
  0.29499999999999998        1.1148542257762192E-008   1.0000000000000000E-002
  0.30499999999999999        1.1659781614636722E-008   1.0000000000000000E-002
  0.31500000000000000        1.2187624913543654E-008   1.0000000000000000E-002
  0.32500000000000001        1.2732445486352221E-008   1.0000000000000000E-002
  0.33500000000000002        1.3294429615302606E-008   1.0000000000000000E-002
  0.34500000000000003        1.3873560793958155E-008   1.0000000000000000E-002
  0.35499999999999998        1.4469637607097862E-008   1.0000000000000000E-002
  0.36499999999999999        1.5082239931797469E-008   1.0000000000000000E-002
  0.37500000000000000        1.5710744979818850E-008   1.0000000000000000E-002
  0.38500000000000001        1.6354320333632029E-008   1.0000000000000000E-002
  0.39500000000000002        1.7011905230345293E-008   1.0000000000000000E-002
  0.40500000000000003        1.7682229948127957E-008   1.0000000000000000E-002
  0.41500000000000004        1.8363821151855664E-008   1.0000000000000000E-002
  0.42499999999999999        1.9055003800282273E-008   1.0000000000000000E-002
  0.43500000000000000        1.9753914510114030E-008   1.0000000000000000E-002
  0.44500000000000001        2.0458530665864515E-008   1.0000000000000000E-002
  0.45500000000000002        2.1166703465484010E-008   1.0000000000000000E-002
  0.46500000000000002        2.1876222846020857E-008   1.0000000000000000E-002
  0.47500000000000003        2.2585018561304236E-008   1.0000000000000000E-002
  0.48499999999999999        2.3291264692784563E-008   1.0000000000000000E-002
  0.49500000000000000        2.3993858128783254E-008   1.0000000000000000E-002
  0.50500000000000000        2.4692629611786674E-008   1.0000000000000000E-002
  0.51500000000000001        2.5388117063868987E-008   1.0000000000000000E-002
  0.52500000000000002        2.6081487052320739E-008   1.0000000000000000E-002
  0.53500000000000003        2.6774556496928588E-008   1.0000000000000000E-002
  0.54500000000000004        2.7469676589069920E-008   1.0000000000000000E-002
  0.55500000000000005        2.8169866285256226E-008   1.0000000000000000E-002
  0.56500000000000006        2.8878779256003157E-008   1.0000000000000000E-002
  0.57500000000000007        2.9600660945118534E-008   1.0000000000000000E-002
  0.58499999999999996        3.0340447690670975E-008   1.0000000000000000E-002
  0.59499999999999997        3.1103874097627255E-008   1.0000000000000000E-002
  0.60499999999999998        3.1897467223991309E-008   1.0000000000000000E-002
  0.61499999999999999        3.2728628935780760E-008   1.0000000000000000E-002
  0.62500000000000000        3.3605762321909247E-008   1.0000000000000000E-002
  0.63500000000000001        3.4538414996305326E-008   1.0000000000000000E-002
  0.64500000000000002        3.5537346767118579E-008   1.0000000000000000E-002
  0.65500000000000003        3.6614077780041715E-008   1.0000000000000000E-002
  0.66500000000000004        3.7780927225549143E-008   1.0000000000000000E-002
  0.67500000000000004        3.9051670388587487E-008   1.0000000000000000E-002
  0.68500000000000005        4.0441843699189029E-008   1.0000000000000000E-002
  0.69500000000000006        4.1969248904505274E-008   1.0000000000000000E-002
  0.70499999999999996        4.3654037852216223E-008   1.0000000000000000E-002
  0.71499999999999997        4.5519196462113854E-008   1.0000000000000000E-002
  0.72499999999999998        4.7590875304173418E-008   1.0000000000000000E-002
  0.73499999999999999        4.9898831125784100E-008   1.0000000000000000E-002
  0.74500000000000000        5.2476689733141517E-008   1.0000000000000000E-002
  0.75500000000000000        5.5362518606963629E-008   1.0000000000000000E-002
  0.76500000000000001        5.8599208812058938E-008   1.0000000000000000E-002
  0.77500000000000002        6.2234810290058532E-008   1.0000000000000000E-002
  0.78500000000000003        6.6322045545392637E-008   1.0000000000000000E-002
  0.79500000000000004        7.0917446269795348E-008   1.0000000000000000E-002
  0.80500000000000005        7.6082066216221618E-008   1.0000000000000000E-002
  0.81500000000000006        8.1881537621017061E-008   1.0000000000000000E-002
  0.82500000000000007        8.8386945734992361E-008   1.0000000000000000E-002
  0.83499999999999996        9.5674947284995148E-008   1.0000000000000000E-002
  0.84499999999999997        1.0382895143680120E-007   1.0000000000000000E-002
  0.85499999999999998        1.1293900081661416E-007   1.0000000000000000E-002
  0.86499999999999999        1.2310596339684101E-007   1.0000000000000000E-002
  0.87500000000000000        1.3444325802005130E-007   1.0000000000000000E-002
  0.88500000000000001        1.4708911112941695E-007   1.0000000000000000E-002
  0.89500000000000002        1.6122899378200514E-007   1.0000000000000000E-002
  0.90500000000000003        1.7710590688998374E-007   1.0000000000000000E-002
  0.91500000000000004        1.9503809606035568E-007   1.0000000000000000E-002
  0.92500000000000004        2.1545386242242737E-007   1.0000000000000000E-002
  0.93500000000000005        2.3894809038400955E-007   1.0000000000000000E-002
  0.94500000000000006        2.6641450208610946E-007   1.0000000000000000E-002
  0.95500000000000007        2.9924094368811597E-007   1.0000000000000000E-002
  0.96499999999999997        3.3975624073693617E-007   1.0000000000000000E-002
  0.97499999999999998        3.9278952482436034E-007   1.0000000000000000E-002
  0.98499999999999999        4.7239365257532137E-007   1.0000000000000000E-002
  0.99500000000000000        6.5505011853210926E-007   1.0000000000000000E-002
