 #     E1  dGamma/dq   dGamma/dE1 
  0.2784088E-05  0.3436194E-11  0.3176629E-08
  0.2505679E-04  0.3088664E-10  0.9517835E-08
  0.6960220E-04  0.8557619E-10  0.1582238E-07
  0.1364203E-03  0.1670813E-09  0.2206575E-07
  0.2255111E-03  0.2747811E-09  0.2822494E-07
  0.3368746E-03  0.4078902E-09  0.3427989E-07
  0.4705109E-03  0.5655096E-09  0.4021475E-07
  0.6264198E-03  0.7466946E-09  0.4601935E-07
  0.8046014E-03  0.9505368E-09  0.5169027E-07
  0.1005056E-02  0.1176254E-08  0.5723165E-07
  0.1227783E-02  0.1423278E-08  0.6265552E-07
  0.1472783E-02  0.1691335E-08  0.6798147E-07
  0.1740055E-02  0.1980487E-08  0.7323534E-07
  0.2029600E-02  0.2291132E-08  0.7844677E-07
  0.2341418E-02  0.2623920E-08  0.8364527E-07
  0.2675509E-02  0.2979564E-08  0.8885458E-07
  0.3031872E-02  0.3358510E-08  0.9408523E-07
  0.3410508E-02  0.3760462E-08  0.9932577E-07
  0.3811416E-02  0.4184331E-08  0.1045474E-06
  0.4234598E-02  0.4628478E-08  0.1097141E-06
  0.4680052E-02  0.5090357E-08  0.1147766E-06
  0.5147779E-02  0.5566415E-08  0.1196729E-06
  0.5637778E-02  0.6052086E-08  0.1243315E-06
  0.6150050E-02  0.6541890E-08  0.1286750E-06
  0.6684595E-02  0.7029630E-08  0.1326249E-06
  0.7241413E-02  0.7508690E-08  0.1361077E-06
  0.7820503E-02  0.7972440E-08  0.1390606E-06
  0.8421866E-02  0.8414716E-08  0.1414378E-06
  0.9045502E-02  0.8830347E-08  0.1432160E-06
  0.9691410E-02  0.9215715E-08  0.1443995E-06
  0.1035959E-01  0.9569282E-08  0.1450235E-06
  0.1105005E-01  0.9892080E-08  0.1451563E-06
  0.1176277E-01  0.1018812E-07  0.1449004E-06
  0.1249777E-01  0.1046479E-07  0.1443925E-06
  0.1325504E-01  0.1073307E-07  0.1438016E-06
  0.1403459E-01  0.1100195E-07  0.1432518E-06
  0.1483640E-01  0.1127444E-07  0.1427778E-06
  0.1566049E-01  0.1155322E-07  0.1424067E-06
  0.1650686E-01  0.1184109E-07  0.1421640E-06
  0.1737549E-01  0.1214094E-07  0.1420738E-06
  0.1826640E-01  0.1245567E-07  0.1421579E-06
  0.1917958E-01  0.1278811E-07  0.1424352E-06
  0.2011504E-01  0.1314094E-07  0.1429211E-06
  0.2107276E-01  0.1351649E-07  0.1436262E-06
  0.2205276E-01  0.1391664E-07  0.1445550E-06
  0.2305503E-01  0.1434253E-07  0.1457045E-06
  0.2407958E-01  0.1479432E-07  0.1470622E-06
  0.2512639E-01  0.1527092E-07  0.1486040E-06
  0.2619548E-01  0.1576959E-07  0.1502925E-06
  0.2728685E-01  0.1628561E-07  0.1520749E-06
  0.2840048E-01  0.1681190E-07  0.1538807E-06
  0.2953639E-01  0.1733874E-07  0.1556213E-06
  0.3069457E-01  0.1785784E-07  0.1572275E-06
  0.3187502E-01  0.1836604E-07  0.1586794E-06
  0.3307775E-01  0.1886083E-07  0.1599643E-06
  0.3430275E-01  0.1934003E-07  0.1610731E-06
  0.3555002E-01  0.1980189E-07  0.1620007E-06
  0.3681956E-01  0.2024514E-07  0.1627465E-06
  0.3811138E-01  0.2066913E-07  0.1633146E-06
  0.3942547E-01  0.2107390E-07  0.1637143E-06
  0.4076183E-01  0.2146029E-07  0.1639604E-06
  0.4212047E-01  0.2183005E-07  0.1640734E-06
  0.4350137E-01  0.2218584E-07  0.1640796E-06
  0.4490456E-01  0.2253132E-07  0.1640105E-06
  0.4633001E-01  0.2287113E-07  0.1639030E-06
  0.4777773E-01  0.2321093E-07  0.1637985E-06
  0.4924773E-01  0.2355735E-07  0.1637433E-06
  0.5074000E-01  0.2391804E-07  0.1637875E-06
  0.5225455E-01  0.2430164E-07  0.1639849E-06
  0.5379136E-01  0.2471495E-07  0.1643742E-06
  0.5535045E-01  0.2516052E-07  0.1649640E-06
  0.5693182E-01  0.2564056E-07  0.1657602E-06
  0.5853545E-01  0.2615738E-07  0.1667689E-06
  0.6016136E-01  0.2671338E-07  0.1679965E-06
  0.6180954E-01  0.2731102E-07  0.1694496E-06
  0.6347999E-01  0.2795294E-07  0.1711352E-06
  0.6517272E-01  0.2864187E-07  0.1730608E-06
  0.6688771E-01  0.2938064E-07  0.1752340E-06
  0.6862498E-01  0.3017224E-07  0.1776629E-06
  0.7038453E-01  0.3101980E-07  0.1803560E-06
  0.7216634E-01  0.3192667E-07  0.1833228E-06
  0.7397043E-01  0.3289631E-07  0.1865728E-06
  0.7579680E-01  0.3393226E-07  0.1901155E-06
  0.7764543E-01  0.3503823E-07  0.1939610E-06
  0.7951634E-01  0.3621816E-07  0.1981201E-06
  0.8140952E-01  0.3747636E-07  0.2026049E-06
  0.8332497E-01  0.3881830E-07  0.2074336E-06
  0.8526269E-01  0.4025138E-07  0.2126334E-06
  0.8722269E-01  0.4178385E-07  0.2182348E-06
  0.8920496E-01  0.4342463E-07  0.2242704E-06
  0.9120951E-01  0.4518322E-07  0.2307743E-06
  0.9323632E-01  0.4706912E-07  0.2377791E-06
  0.9528541E-01  0.4909045E-07  0.2453093E-06
  0.9735677E-01  0.5125143E-07  0.2533688E-06
  0.9945041E-01  0.5354663E-07  0.2619142E-06
  0.1015663E+00  0.5595012E-07  0.2708049E-06
  0.1037045E+00  0.5839732E-07  0.2797205E-06
  0.1058649E+00  0.6075964E-07  0.2880510E-06
  0.1080477E+00  0.6282498E-07  0.2948186E-06
  0.1102527E+00  0.6431894E-07  0.2987959E-06
  0.1124799E+00  0.6500157E-07  0.2989624E-06
  0.1147295E+00  0.6483675E-07  0.2952664E-06
  0.1170013E+00  0.6400888E-07  0.2886524E-06
  0.1192954E+00  0.6276828E-07  0.2803230E-06
  0.1216117E+00  0.6132708E-07  0.2712656E-06
  0.1239504E+00  0.5982316E-07  0.2621052E-06
  0.1263113E+00  0.5833202E-07  0.2531723E-06
  0.1286945E+00  0.5688957E-07  0.2446149E-06
  0.1310999E+00  0.5551003E-07  0.2364833E-06
  0.1335276E+00  0.5419713E-07  0.2287815E-06
  0.1359776E+00  0.5295020E-07  0.2214951E-06
  0.1384499E+00  0.5176699E-07  0.2146035E-06
  0.1409445E+00  0.5064523E-07  0.2080869E-06
  0.1434613E+00  0.4958324E-07  0.2019286E-06
  0.1460004E+00  0.4857995E-07  0.1961148E-06
  0.1485617E+00  0.4763509E-07  0.1906355E-06
  0.1511454E+00  0.4674919E-07  0.1854842E-06
  0.1537513E+00  0.4592348E-07  0.1806574E-06
  0.1563794E+00  0.4515993E-07  0.1761545E-06
  0.1590299E+00  0.4446128E-07  0.1719780E-06
  0.1617026E+00  0.4382971E-07  0.1681281E-06
  0.1643976E+00  0.4326462E-07  0.1645945E-06
  0.1671149E+00  0.4276540E-07  0.1613672E-06
  0.1698544E+00  0.4233192E-07  0.1584381E-06
  0.1726162E+00  0.4196454E-07  0.1558016E-06
  0.1754003E+00  0.4166393E-07  0.1534530E-06
  0.1782067E+00  0.4143097E-07  0.1513887E-06
  0.1810353E+00  0.4126684E-07  0.1496063E-06
  0.1838862E+00  0.4117280E-07  0.1481037E-06
  0.1867594E+00  0.4114980E-07  0.1468780E-06
  0.1896549E+00  0.4119820E-07  0.1459239E-06
  0.1925726E+00  0.4131727E-07  0.1452328E-06
  0.1955126E+00  0.4150482E-07  0.1447909E-06
  0.1984748E+00  0.4175688E-07  0.1445791E-06
  0.2014594E+00  0.4206753E-07  0.1445718E-06
  0.2044662E+00  0.4242845E-07  0.1447360E-06
  0.2074953E+00  0.4282920E-07  0.1450328E-06
  0.2105467E+00  0.4325890E-07  0.1454225E-06
  0.2136203E+00  0.4371059E-07  0.1458800E-06
  0.2167162E+00  0.4417768E-07  0.1463819E-06
  0.2198344E+00  0.4465232E-07  0.1469016E-06
  0.2229748E+00  0.4512573E-07  0.1474099E-06
  0.2261375E+00  0.4558886E-07  0.1478777E-06
  0.2293225E+00  0.4603317E-07  0.1482783E-06
  0.2325298E+00  0.4645116E-07  0.1485893E-06
  0.2357594E+00  0.4683659E-07  0.1487925E-06
  0.2390112E+00  0.4718447E-07  0.1488745E-06
  0.2422853E+00  0.4749116E-07  0.1488263E-06
  0.2455816E+00  0.4775325E-07  0.1486398E-06
  0.2489003E+00  0.4796793E-07  0.1483094E-06
  0.2522412E+00  0.4813229E-07  0.1478287E-06
  0.2556043E+00  0.4824296E-07  0.1471906E-06
  0.2589898E+00  0.4829753E-07  0.1463908E-06
  0.2623975E+00  0.4829346E-07  0.1454249E-06
  0.2658275E+00  0.4822888E-07  0.1442904E-06
  0.2692798E+00  0.4810350E-07  0.1429898E-06
  0.2727543E+00  0.4791239E-07  0.1415117E-06
  0.2762511E+00  0.4764627E-07  0.1398322E-06
  0.2797702E+00  0.4729287E-07  0.1379193E-06
  0.2833116E+00  0.4684137E-07  0.1357462E-06
  0.2868752E+00  0.4628295E-07  0.1332922E-06
  0.2904611E+00  0.4561365E-07  0.1305513E-06
  0.2940693E+00  0.4483818E-07  0.1275421E-06
  0.2976997E+00  0.4396739E-07  0.1243002E-06
  0.3013525E+00  0.4301724E-07  0.1208747E-06
  0.3050275E+00  0.4201030E-07  0.1173320E-06
  0.3087247E+00  0.4097406E-07  0.1137506E-06
  0.3124443E+00  0.3993687E-07  0.1102092E-06
  0.3161861E+00  0.3892349E-07  0.1067753E-06
  0.3199502E+00  0.3795299E-07  0.1034987E-06
  0.3237365E+00  0.3703646E-07  0.1004070E-06
  0.3275452E+00  0.3617758E-07  0.9750664E-07
  0.3313761E+00  0.3538417E-07  0.9481537E-07
  0.3352293E+00  0.3466999E-07  0.9236619E-07
  0.3391047E+00  0.3405255E-07  0.9020134E-07
  0.3430024E+00  0.3355771E-07  0.8838406E-07
  0.3469224E+00  0.3321996E-07  0.8699878E-07
  0.3508647E+00  0.3307724E-07  0.8613699E-07
  0.3548292E+00  0.3316744E-07  0.8588801E-07
  0.3588160E+00  0.3352352E-07  0.8632646E-07
  0.3628251E+00  0.3416535E-07  0.8749182E-07
  0.3668565E+00  0.3508977E-07  0.8936402E-07
  0.3709101E+00  0.3626284E-07  0.9184545E-07
  0.3749860E+00  0.3761992E-07  0.9476339E-07
  0.3790842E+00  0.3907151E-07  0.9788646E-07
  0.3832047E+00  0.4051276E-07  0.1009501E-06
  0.3873474E+00  0.4183478E-07  0.1036854E-06
  0.3915124E+00  0.4293663E-07  0.1058487E-06
  0.3956996E+00  0.4374294E-07  0.1072643E-06
  0.3999092E+00  0.4421298E-07  0.1078448E-06
  0.4041410E+00  0.4434288E-07  0.1075939E-06
  0.4083951E+00  0.4416892E-07  0.1066122E-06
  0.4126714E+00  0.4377291E-07  0.1051074E-06
  0.4169701E+00  0.4329735E-07  0.1034282E-06
  0.4212910E+00  0.4299077E-07  0.1021679E-06
  0.4256342E+00  0.4325703E-07  0.1022748E-06
  0.4299996E+00  0.4426180E-07  0.1041179E-06
  0.4343873E+00  0.4527970E-07  0.1059730E-06
  0.4387973E+00  0.4479354E-07  0.1043070E-06
  0.4432296E+00  0.3881664E-07  0.8993605E-07
