 #  r,DGAMMADR(IR) 
   5.0000000000000001E-003   1.8303713390416457E-010   1.0000000000000000E-002
   1.4999999999999999E-002   5.4925040679809904E-010   1.0000000000000000E-002
   2.5000000000000001E-002   9.1588043635336894E-010   1.0000000000000000E-002
   3.5000000000000003E-002   1.2832042171084544E-009   1.0000000000000000E-002
   4.4999999999999998E-002   1.6514975445943993E-009   1.0000000000000000E-002
   5.5000000000000000E-002   2.0210346682329519E-009   1.0000000000000000E-002
   6.5000000000000002E-002   2.3920880786310238E-009   1.0000000000000000E-002
   7.4999999999999997E-002   2.7649287322961878E-009   1.0000000000000000E-002
   8.5000000000000006E-002   3.1398370700454914E-009   1.0000000000000000E-002
   9.5000000000000001E-002   3.5171220386511835E-009   1.0000000000000000E-002
  0.10500000000000000        3.8971202702437801E-009   1.0000000000000000E-002
  0.11500000000000000        4.2801945549971247E-009   1.0000000000000000E-002
  0.12500000000000000        4.6667326001663143E-009   1.0000000000000000E-002
  0.13500000000000001        5.0571450445489428E-009   1.0000000000000000E-002
  0.14499999999999999        5.4518638064267808E-009   1.0000000000000000E-002
  0.15500000000000000        5.8513390679242506E-009   1.0000000000000000E-002
  0.16500000000000001        6.2560378672777040E-009   1.0000000000000000E-002
  0.17500000000000002        6.6664418697601687E-009   1.0000000000000000E-002
  0.18500000000000000        7.0830462071917526E-009   1.0000000000000000E-002
  0.19500000000000001        7.5063692035198799E-009   1.0000000000000000E-002
  0.20500000000000002        7.9369607522239116E-009   1.0000000000000000E-002
  0.21500000000000000        8.3754000944376859E-009   1.0000000000000000E-002
  0.22500000000000001        8.8222959815970210E-009   1.0000000000000000E-002
  0.23500000000000001        9.2782875762985585E-009   1.0000000000000000E-002
  0.24500000000000000        9.7440465358112636E-009   1.0000000000000000E-002
  0.25500000000000000        1.0220277922546115E-008   1.0000000000000000E-002
  0.26500000000000001        1.0707723380651058E-008   1.0000000000000000E-002
  0.27500000000000002        1.1207162340241117E-008   1.0000000000000000E-002
  0.28500000000000003        1.1719415863773829E-008   1.0000000000000000E-002
  0.29499999999999998        1.2245337507358850E-008   1.0000000000000000E-002
  0.30499999999999999        1.2785643502165443E-008   1.0000000000000000E-002
  0.31500000000000000        1.3340785318666644E-008   1.0000000000000000E-002
  0.32500000000000001        1.3911016084833953E-008   1.0000000000000000E-002
  0.33500000000000002        1.4496413421833249E-008   1.0000000000000000E-002
  0.34500000000000003        1.5096867409372102E-008   1.0000000000000000E-002
  0.35499999999999998        1.5712100310802363E-008   1.0000000000000000E-002
  0.36499999999999999        1.6341635467393390E-008   1.0000000000000000E-002
  0.37500000000000000        1.6984816952755858E-008   1.0000000000000000E-002
  0.38500000000000001        1.7640804710165991E-008   1.0000000000000000E-002
  0.39500000000000002        1.8308563326703141E-008   1.0000000000000000E-002
  0.40500000000000003        1.8986887161939180E-008   1.0000000000000000E-002
  0.41500000000000004        1.9674409698751743E-008   1.0000000000000000E-002
  0.42499999999999999        2.0369611253314727E-008   1.0000000000000000E-002
  0.43500000000000000        2.1070843119674850E-008   1.0000000000000000E-002
  0.44500000000000001        2.1776365268093554E-008   1.0000000000000000E-002
  0.45500000000000002        2.2484388154745491E-008   1.0000000000000000E-002
  0.46500000000000002        2.3193134451740598E-008   1.0000000000000000E-002
  0.47500000000000003        2.3900996933960079E-008   1.0000000000000000E-002
  0.48499999999999999        2.4606657578649744E-008   1.0000000000000000E-002
  0.49500000000000000        2.5309580802600509E-008   1.0000000000000000E-002
  0.50500000000000000        2.6010209902462588E-008   1.0000000000000000E-002
  0.51500000000000001        2.6709738552037628E-008   1.0000000000000000E-002
  0.52500000000000002        2.7410013930215043E-008   1.0000000000000000E-002
  0.53500000000000003        2.8113554526717932E-008   1.0000000000000000E-002
  0.54500000000000004        2.8823438908840171E-008   1.0000000000000000E-002
  0.55500000000000005        2.9543413031988895E-008   1.0000000000000000E-002
  0.56500000000000006        3.0277859832051733E-008   1.0000000000000000E-002
  0.57500000000000007        3.1031766283525771E-008   1.0000000000000000E-002
  0.58499999999999996        3.1810824127877235E-008   1.0000000000000000E-002
  0.59499999999999997        3.2621509996175555E-008   1.0000000000000000E-002
  0.60499999999999998        3.3471097101436633E-008   1.0000000000000000E-002
  0.61499999999999999        3.4367752434734910E-008   1.0000000000000000E-002
  0.62500000000000000        3.5320684159615115E-008   1.0000000000000000E-002
  0.63500000000000001        3.6340299041300995E-008   1.0000000000000000E-002
  0.64500000000000002        3.7438271179599921E-008   1.0000000000000000E-002
  0.65500000000000003        3.8627168528501191E-008   1.0000000000000000E-002
  0.66500000000000004        3.9920536340253295E-008   1.0000000000000000E-002
  0.67500000000000004        4.1333554663459455E-008   1.0000000000000000E-002
  0.68500000000000005        4.2883361265842535E-008   1.0000000000000000E-002
  0.69500000000000006        4.4589554991490553E-008   1.0000000000000000E-002
  0.70499999999999996        4.6474265184080792E-008   1.0000000000000000E-002
  0.71499999999999997        4.8562662954778232E-008   1.0000000000000000E-002
  0.72499999999999998        5.0883301353381259E-008   1.0000000000000000E-002
  0.73499999999999999        5.3468579633108909E-008   1.0000000000000000E-002
  0.74500000000000000        5.6355007199690058E-008   1.0000000000000000E-002
  0.75500000000000000        5.9583856280618839E-008   1.0000000000000000E-002
  0.76500000000000001        6.3201599287890286E-008   1.0000000000000000E-002
  0.77500000000000002        6.7260231175959328E-008   1.0000000000000000E-002
  0.78500000000000003        7.1816497158536419E-008   1.0000000000000000E-002
  0.79500000000000004        7.6930742204044248E-008   1.0000000000000000E-002
  0.80500000000000005        8.2667806178793614E-008   1.0000000000000000E-002
  0.81500000000000006        8.9097043412359267E-008   1.0000000000000000E-002
  0.82500000000000007        9.6293279323886335E-008   1.0000000000000000E-002
  0.83499999999999996        1.0433712152250398E-007   1.0000000000000000E-002
  0.84499999999999997        1.1331607818530753E-007   1.0000000000000000E-002
  0.85499999999999998        1.2332474759318555E-007   1.0000000000000000E-002
  0.86499999999999999        1.3446988204878619E-007   1.0000000000000000E-002
  0.87500000000000000        1.4687288436119359E-007   1.0000000000000000E-002
  0.88500000000000001        1.6068160066832415E-007   1.0000000000000000E-002
  0.89500000000000002        1.7609326174457114E-007   1.0000000000000000E-002
  0.90500000000000003        1.9336899013014712E-007   1.0000000000000000E-002
  0.91500000000000004        2.1285525227697029E-007   1.0000000000000000E-002
  0.92500000000000004        2.3501137931299179E-007   1.0000000000000000E-002
  0.93500000000000005        2.6046818790987744E-007   1.0000000000000000E-002
  0.94500000000000006        2.9017240354535443E-007   1.0000000000000000E-002
  0.95500000000000007        3.2559912118958074E-007   1.0000000000000000E-002
  0.96499999999999997        3.6923525561980009E-007   1.0000000000000000E-002
  0.97499999999999998        4.2625330389886905E-007   1.0000000000000000E-002
  0.98499999999999999        5.1168696955358501E-007   1.0000000000000000E-002
  0.99500000000000000        7.0597021454579483E-007   1.0000000000000000E-002
