 #     E1  dGamma/dq   dGamma/dE1 
  0.2784088E-05  0.3320804E-10  0.3069955E-07
  0.2505679E-04  0.2982627E-09  0.9191080E-07
  0.6960220E-04  0.8251560E-09  0.1525650E-06
  0.1364203E-03  0.1607611E-08  0.2123106E-06
  0.2255111E-03  0.2636586E-08  0.2708246E-06
  0.3368746E-03  0.3900711E-08  0.3278233E-06
  0.4705109E-03  0.5386867E-08  0.3830731E-06
  0.6264198E-03  0.7080901E-08  0.4364013E-06
  0.8046014E-03  0.8968456E-08  0.4877054E-06
  0.1005056E-02  0.1103589E-07  0.5369606E-06
  0.1227783E-02  0.1327120E-07  0.5842242E-06
  0.1472783E-02  0.1566488E-07  0.6296337E-06
  0.1740055E-02  0.1821057E-07  0.6733988E-06
  0.2029600E-02  0.2090528E-07  0.7157823E-06
  0.2341418E-02  0.2374902E-07  0.7570708E-06
  0.2675509E-02  0.2674359E-07  0.7975296E-06
  0.3031872E-02  0.2989023E-07  0.8373443E-06
  0.3410508E-02  0.3318605E-07  0.8765491E-06
  0.3811416E-02  0.3662221E-07  0.9150221E-06
  0.4234598E-02  0.4018466E-07  0.9525427E-06
  0.4680052E-02  0.4385223E-07  0.9887731E-06
  0.5147779E-02  0.4759587E-07  0.1023269E-05
  0.5637778E-02  0.5137857E-07  0.1055500E-05
  0.6150050E-02  0.5515612E-07  0.1084887E-05
  0.6684595E-02  0.5887875E-07  0.1110839E-05
  0.7241413E-02  0.6249368E-07  0.1132804E-05
  0.7820503E-02  0.6594838E-07  0.1150316E-05
  0.8421866E-02  0.6919460E-07  0.1163050E-05
  0.9045502E-02  0.7219273E-07  0.1170867E-05
  0.9691410E-02  0.7491628E-07  0.1173851E-05
  0.1035959E-01  0.7735613E-07  0.1172340E-05
  0.1105005E-01  0.7952424E-07  0.1166938E-05
  0.1176277E-01  0.8145679E-07  0.1158518E-05
  0.1249777E-01  0.8321673E-07  0.1148219E-05
  0.1325504E-01  0.8489533E-07  0.1137427E-05
  0.1403459E-01  0.8656795E-07  0.1127165E-05
  0.1483640E-01  0.8826297E-07  0.1117749E-05
  0.1566049E-01  0.9000605E-07  0.1109428E-05
  0.1650686E-01  0.9182343E-07  0.1102431E-05
  0.1737549E-01  0.9374151E-07  0.1096967E-05
  0.1826640E-01  0.9578633E-07  0.1093219E-05
  0.1917958E-01  0.9798285E-07  0.1091342E-05
  0.2011504E-01  0.1003541E-06  0.1091453E-05
  0.2107276E-01  0.1029199E-06  0.1093626E-05
  0.2205276E-01  0.1056954E-06  0.1097880E-05
  0.2305503E-01  0.1086893E-06  0.1104166E-05
  0.2407958E-01  0.1119015E-06  0.1112351E-05
  0.2512639E-01  0.1153205E-06  0.1122204E-05
  0.2619548E-01  0.1189204E-06  0.1133375E-05
  0.2728685E-01  0.1226576E-06  0.1145376E-05
  0.2840048E-01  0.1264672E-06  0.1157565E-05
  0.2953639E-01  0.1302606E-06  0.1169135E-05
  0.3069457E-01  0.1339640E-06  0.1179472E-05
  0.3187502E-01  0.1375538E-06  0.1188441E-05
  0.3307775E-01  0.1410119E-06  0.1195964E-05
  0.3430275E-01  0.1443229E-06  0.1201991E-05
  0.3555002E-01  0.1474739E-06  0.1206495E-05
  0.3681956E-01  0.1504556E-06  0.1209481E-05
  0.3811138E-01  0.1532626E-06  0.1210986E-05
  0.3942547E-01  0.1558944E-06  0.1211079E-05
  0.4076183E-01  0.1583558E-06  0.1209867E-05
  0.4212047E-01  0.1606572E-06  0.1207491E-05
  0.4350137E-01  0.1628153E-06  0.1204132E-05
  0.4490456E-01  0.1648534E-06  0.1200005E-05
  0.4633001E-01  0.1668019E-06  0.1195364E-05
  0.4777773E-01  0.1686986E-06  0.1190499E-05
  0.4924773E-01  0.1705891E-06  0.1185737E-05
  0.5074000E-01  0.1725271E-06  0.1181442E-05
  0.5225455E-01  0.1745749E-06  0.1178013E-05
  0.5379136E-01  0.1767816E-06  0.1175740E-05
  0.5535045E-01  0.1791619E-06  0.1174668E-05
  0.5693182E-01  0.1817261E-06  0.1174817E-05
  0.5853545E-01  0.1844840E-06  0.1176195E-05
  0.6016136E-01  0.1874439E-06  0.1178807E-05
  0.6180954E-01  0.1906131E-06  0.1182647E-05
  0.6347999E-01  0.1939973E-06  0.1187702E-05
  0.6517272E-01  0.1976008E-06  0.1193950E-05
  0.6688771E-01  0.2014257E-06  0.1201356E-05
  0.6862498E-01  0.2054720E-06  0.1209879E-05
  0.7038453E-01  0.2097375E-06  0.1219460E-05
  0.7216634E-01  0.2142168E-06  0.1230032E-05
  0.7397043E-01  0.2189020E-06  0.1241512E-05
  0.7579680E-01  0.2237813E-06  0.1253801E-05
  0.7764543E-01  0.2288395E-06  0.1266786E-05
  0.7951634E-01  0.2340572E-06  0.1280336E-05
  0.8140952E-01  0.2394108E-06  0.1294304E-05
  0.8332497E-01  0.2448849E-06  0.1308593E-05
  0.8526269E-01  0.2504872E-06  0.1323233E-05
  0.8722269E-01  0.2562291E-06  0.1338271E-05
  0.8920496E-01  0.2621233E-06  0.1353759E-05
  0.9120951E-01  0.2681834E-06  0.1369752E-05
  0.9323632E-01  0.2744242E-06  0.1386309E-05
  0.9528541E-01  0.2808625E-06  0.1403495E-05
  0.9735677E-01  0.2875175E-06  0.1421384E-05
  0.9945041E-01  0.2944113E-06  0.1440063E-05
  0.1015663E+00  0.3015683E-06  0.1459624E-05
  0.1037045E+00  0.3090148E-06  0.1480167E-05
  0.1058649E+00  0.3167780E-06  0.1501790E-05
  0.1080477E+00  0.3248850E-06  0.1524587E-05
  0.1102527E+00  0.3333628E-06  0.1548648E-05
  0.1124799E+00  0.3422380E-06  0.1574059E-05
  0.1147295E+00  0.3515370E-06  0.1600898E-05
  0.1170013E+00  0.3612878E-06  0.1629252E-05
  0.1192954E+00  0.3715181E-06  0.1659199E-05
  0.1216117E+00  0.3822520E-06  0.1690800E-05
  0.1239504E+00  0.3935193E-06  0.1724139E-05
  0.1263113E+00  0.4053572E-06  0.1759329E-05
  0.1286945E+00  0.4178074E-06  0.1796497E-05
  0.1310999E+00  0.4309123E-06  0.1835769E-05
  0.1335276E+00  0.4447138E-06  0.1877263E-05
  0.1359776E+00  0.4592541E-06  0.1921098E-05
  0.1384499E+00  0.4745777E-06  0.1967393E-05
  0.1409445E+00  0.4907329E-06  0.2016283E-05
  0.1434613E+00  0.5077737E-06  0.2067917E-05
  0.1460004E+00  0.5257562E-06  0.2122451E-05
  0.1485617E+00  0.5447393E-06  0.2180045E-05
  0.1511454E+00  0.5647861E-06  0.2240871E-05
  0.1537513E+00  0.5859654E-06  0.2305116E-05
  0.1563794E+00  0.6083511E-06  0.2372983E-05
  0.1590299E+00  0.6320219E-06  0.2444686E-05
  0.1617026E+00  0.6570641E-06  0.2520458E-05
  0.1643976E+00  0.6835764E-06  0.2600576E-05
  0.1671149E+00  0.7116662E-06  0.2685339E-05
  0.1698544E+00  0.7414472E-06  0.2775058E-05
  0.1726162E+00  0.7730405E-06  0.2870065E-05
  0.1754003E+00  0.8065722E-06  0.2970697E-05
  0.1782067E+00  0.8421719E-06  0.3077294E-05
  0.1810353E+00  0.8799760E-06  0.3190211E-05
  0.1838862E+00  0.9201259E-06  0.3309809E-05
  0.1867594E+00  0.9627669E-06  0.3436451E-05
  0.1896549E+00  0.1008054E-05  0.3570523E-05
  0.1925726E+00  0.1056162E-05  0.3712475E-05
  0.1955126E+00  0.1107291E-05  0.3862823E-05
  0.1984748E+00  0.1161661E-05  0.4022137E-05
  0.2014594E+00  0.1219505E-05  0.4191025E-05
  0.2044662E+00  0.1281082E-05  0.4370150E-05
  0.2074953E+00  0.1346657E-05  0.4560193E-05
  0.2105467E+00  0.1416528E-05  0.4761909E-05
  0.2136203E+00  0.1491005E-05  0.4976087E-05
  0.2167162E+00  0.1570400E-05  0.5203491E-05
  0.2198344E+00  0.1655042E-05  0.5444918E-05
  0.2229748E+00  0.1745266E-05  0.5701170E-05
  0.2261375E+00  0.1841397E-05  0.5972983E-05
  0.2293225E+00  0.1943756E-05  0.6261072E-05
  0.2325298E+00  0.2052703E-05  0.6566245E-05
  0.2357594E+00  0.2168620E-05  0.6889366E-05
  0.2390112E+00  0.2291886E-05  0.7231263E-05
  0.2422853E+00  0.2422873E-05  0.7592721E-05
  0.2455816E+00  0.2561917E-05  0.7974388E-05
  0.2489003E+00  0.2709341E-05  0.8376861E-05
  0.2522412E+00  0.2865430E-05  0.8800597E-05
  0.2556043E+00  0.3030379E-05  0.9245769E-05
  0.2589898E+00  0.3204310E-05  0.9712330E-05
  0.2623975E+00  0.3387230E-05  0.1019988E-04
  0.2658275E+00  0.3578994E-05  0.1070758E-04
  0.2692798E+00  0.3779398E-05  0.1123443E-04
  0.2727543E+00  0.3988303E-05  0.1177965E-04
  0.2762511E+00  0.4205535E-05  0.1234240E-04
  0.2797702E+00  0.4430804E-05  0.1292147E-04
  0.2833116E+00  0.4663554E-05  0.1351497E-04
  0.2868752E+00  0.4902965E-05  0.1412026E-04
  0.2904611E+00  0.5147865E-05  0.1473375E-04
  0.2940693E+00  0.5396576E-05  0.1535054E-04
  0.2976997E+00  0.5646947E-05  0.1596448E-04
  0.3013525E+00  0.5896335E-05  0.1656819E-04
  0.3050275E+00  0.6141444E-05  0.1715265E-04
  0.3087247E+00  0.6378279E-05  0.1770712E-04
  0.3124443E+00  0.6602274E-05  0.1821955E-04
  0.3161861E+00  0.6808538E-05  0.1867724E-04
  0.3199502E+00  0.6992029E-05  0.1906744E-04
  0.3237365E+00  0.7147736E-05  0.1937773E-04
  0.3275452E+00  0.7270847E-05  0.1959655E-04
  0.3313761E+00  0.7356972E-05  0.1971373E-04
  0.3352293E+00  0.7402304E-05  0.1972088E-04
  0.3391047E+00  0.7403796E-05  0.1961182E-04
  0.3430024E+00  0.7359342E-05  0.1938298E-04
  0.3469224E+00  0.7267952E-05  0.1903383E-04
  0.3508647E+00  0.7129918E-05  0.1856714E-04
  0.3548292E+00  0.6946952E-05  0.1798933E-04
  0.3588160E+00  0.6722271E-05  0.1731053E-04
  0.3628251E+00  0.6460435E-05  0.1654411E-04
  0.3668565E+00  0.6166941E-05  0.1570551E-04
  0.3709101E+00  0.5847602E-05  0.1481064E-04
  0.3749860E+00  0.5508213E-05  0.1387501E-04
  0.3790842E+00  0.5154125E-05  0.1291271E-04
  0.3832047E+00  0.4790071E-05  0.1193595E-04
  0.3873474E+00  0.4420092E-05  0.1095497E-04
  0.3915124E+00  0.4047734E-05  0.9978596E-05
  0.3956996E+00  0.3676863E-05  0.9016227E-05
  0.3999092E+00  0.3311969E-05  0.8078595E-05
  0.4041410E+00  0.2956853E-05  0.7174532E-05
  0.4083951E+00  0.2614153E-05  0.6309878E-05
  0.4126714E+00  0.2285381E-05  0.5487652E-05
  0.4169701E+00  0.1971424E-05  0.4709315E-05
  0.4212910E+00  0.1673081E-05  0.3976090E-05
  0.4256342E+00  0.1390095E-05  0.3286674E-05
  0.4299996E+00  0.1120258E-05  0.2635204E-05
  0.4343873E+00  0.8594138E-06  0.2011379E-05
  0.4387973E+00  0.6000441E-06  0.1397274E-05
  0.4432296E+00  0.3094717E-06  0.7170291E-06
