 #  phi,DGAMMADPHI(IPHI) 
   3.4906585039886591E-002   1.4905286711390218E-009   6.9813170079773182E-002
  0.10471975511965978        1.4673053226634926E-009   6.9813170079773182E-002
  0.17453292519943295        1.4092421111654450E-009   6.9813170079773182E-002
  0.24434609527920614        1.3417010127399816E-009   6.9813170079773182E-002
  0.31415926535897931        1.3394188556695157E-009   6.9813170079773182E-002
  0.38397243543875248        1.5085139712829093E-009   6.9813170079773182E-002
  0.45378560551852570        1.9162663240348193E-009   6.9813170079773182E-002
  0.52359877559829882        2.4971074786224041E-009   6.9813170079773182E-002
  0.59341194567807209        3.3073513651010454E-009   6.9813170079773182E-002
  0.66322511575784526        4.7319420776955135E-009   6.9813170079773182E-002
  0.73303828583761843        7.1970799732658590E-009   6.9813170079773182E-002
  0.80285145591739160        1.0852632193675580E-008   6.9813170079773182E-002
  0.87266462599716477        1.5539099406792942E-008   6.9813170079773182E-002
  0.94247779607693793        2.0822776680882368E-008   6.9813170079773182E-002
   1.0122909661567112        2.5460054584848197E-008   6.9813170079773182E-002
   1.0821041362364843        2.8330428859673022E-008   6.9813170079773182E-002
   1.1519173063162575        2.9481002954297740E-008   6.9813170079773182E-002
   1.2217304763960306        2.8842958918760745E-008   6.9813170079773182E-002
   1.2915436464758039        2.5846158533163928E-008   6.9813170079773182E-002
   1.3613568165555769        2.1422904257204766E-008   6.9813170079773182E-002
   1.4311699866353502        1.8146525643118124E-008   6.9813170079773182E-002
   1.5009831567151235        1.6591358439519452E-008   6.9813170079773182E-002
   1.5707963267948966        1.5496223427457831E-008   6.9813170079773182E-002
   1.6406094968746698        1.4036066844623830E-008   6.9813170079773182E-002
   1.7104226669544429        1.2658707553671259E-008   6.9813170079773182E-002
   1.7802358370342162        1.2138205367723712E-008   6.9813170079773182E-002
   1.8500490071139892        1.2687322098570159E-008   6.9813170079773182E-002
   1.9198621771937625        1.4253837374610455E-008   6.9813170079773182E-002
   1.9896753472735358        1.6999451265735729E-008   6.9813170079773182E-002
   2.0594885173533091        2.1537683241975904E-008   6.9813170079773182E-002
   2.1293016874330819        2.8647904996562428E-008   6.9813170079773182E-002
   2.1991148575128552        3.8537228887583534E-008   6.9813170079773182E-002
   2.2689280275926285        5.2509865249266105E-008   6.9813170079773182E-002
   2.3387411976724017        7.2221666002481081E-008   6.9813170079773182E-002
   2.4085543677521746        1.0029614255655986E-007   6.9813170079773182E-002
   2.4783675378319479        1.3962568099149094E-007   6.9813170079773182E-002
   2.5481807079117211        1.9461678949056596E-007   6.9813170079773182E-002
   2.6179938779914944        2.7422707297510063E-007   6.9813170079773182E-002
   2.6878070480712677        3.8643796850345108E-007   6.9813170079773182E-002
   2.7576202181510405        5.3827027453471057E-007   6.9813170079773182E-002
   2.8274333882308138        7.3230668861958096E-007   6.9813170079773182E-002
   2.8972465583105871        9.6248541306166995E-007   6.9813170079773182E-002
   2.9670597283903604        1.2170830350905708E-006   6.9813170079773182E-002
   3.0368728984701332        1.4525673376008922E-006   6.9813170079773182E-002
   3.1066860685499065        1.5965184338844321E-006   6.9813170079773182E-002
   3.1764992386296798        1.5965184338844319E-006   6.9813170079773182E-002
   3.2463124087094530        1.4525673376008922E-006   6.9813170079773182E-002
   3.3161255787892263        1.2170830350905708E-006   6.9813170079773182E-002
   3.3859387488689991        9.6248541306166995E-007   6.9813170079773182E-002
   3.4557519189487724        7.3230668861958118E-007   6.9813170079773182E-002
   3.5255650890285457        5.3827027453471131E-007   6.9813170079773182E-002
   3.5953782591083190        3.8643796850345097E-007   6.9813170079773182E-002
   3.6651914291880923        2.7422707297510031E-007   6.9813170079773182E-002
   3.7350045992678651        1.9461678949056639E-007   6.9813170079773182E-002
   3.8048177693476384        1.3962568099149109E-007   6.9813170079773182E-002
   3.8746309394274117        1.0029614255655992E-007   6.9813170079773182E-002
   3.9444441095071849        7.2221666002481015E-008   6.9813170079773182E-002
   4.0142572795869578        5.2509865249266144E-008   6.9813170079773182E-002
   4.0840704496667311        3.8537228887583547E-008   6.9813170079773182E-002
   4.1538836197465043        2.8647904996562501E-008   6.9813170079773182E-002
   4.2236967898262776        2.1537683241975888E-008   6.9813170079773182E-002
   4.2935099599060509        1.6999451265735703E-008   6.9813170079773182E-002
   4.3633231299858242        1.4253837374610458E-008   6.9813170079773182E-002
   4.4331363000655974        1.2687322098570152E-008   6.9813170079773182E-002
   4.5029494701453698        1.2138205367723717E-008   6.9813170079773182E-002
   4.5727626402251431        1.2658707553671254E-008   6.9813170079773182E-002
   4.6425758103049164        1.4036066844623840E-008   6.9813170079773182E-002
   4.7123889803846897        1.5496223427457817E-008   6.9813170079773182E-002
   4.7822021504644630        1.6591358439519458E-008   6.9813170079773182E-002
   4.8520153205442362        1.8146525643118114E-008   6.9813170079773182E-002
   4.9218284906240095        2.1422904257204746E-008   6.9813170079773182E-002
   4.9916416607037828        2.5846158533163942E-008   6.9813170079773182E-002
   5.0614548307835561        2.8842958918760791E-008   6.9813170079773182E-002
   5.1312680008633285        2.9481002954297740E-008   6.9813170079773182E-002
   5.2010811709431017        2.8330428859673032E-008   6.9813170079773182E-002
   5.2708943410228750        2.5460054584848313E-008   6.9813170079773182E-002
   5.3407075111026483        2.0822776680882338E-008   6.9813170079773182E-002
   5.4105206811824216        1.5539099406792976E-008   6.9813170079773182E-002
   5.4803338512621949        1.0852632193675562E-008   6.9813170079773182E-002
   5.5501470213419681        7.1970799732658606E-009   6.9813170079773182E-002
   5.6199601914217414        4.7319420776955135E-009   6.9813170079773182E-002
   5.6897733615015147        3.3073513651010413E-009   6.9813170079773182E-002
   5.7595865315812871        2.4971074786224062E-009   6.9813170079773182E-002
   5.8293997016610604        1.9162663240348114E-009   6.9813170079773182E-002
   5.8992128717408336        1.5085139712829128E-009   6.9813170079773182E-002
   5.9690260418206069        1.3394188556695099E-009   6.9813170079773182E-002
   6.0388392119003802        1.3417010127399791E-009   6.9813170079773182E-002
   6.1086523819801535        1.4092421111654481E-009   6.9813170079773182E-002
   6.1784655520599268        1.4673053226634924E-009   6.9813170079773182E-002
   6.2482787221397000        1.4905286711390251E-009   6.9813170079773182E-002
