 #  phi,DGAMMADPHI(IPHI) 
   3.4906585039886591E-002   2.4284917292549624E-008   6.9813170079773182E-002
  0.10471975511965978        1.5758297334765814E-008   6.9813170079773182E-002
  0.17453292519943295        1.0598638149373233E-008   6.9813170079773182E-002
  0.24434609527920614        7.6975896907173630E-009   6.9813170079773182E-002
  0.31415926535897931        6.1411430228504437E-009   6.9813170079773182E-002
  0.38397243543875248        5.4602430482333046E-009   6.9813170079773182E-002
  0.45378560551852570        5.3179638462216947E-009   6.9813170079773182E-002
  0.52359877559829882        5.2750098022912083E-009   6.9813170079773182E-002
  0.59341194567807209        5.0668248324012506E-009   6.9813170079773182E-002
  0.66322511575784526        4.8666317956177964E-009   6.9813170079773182E-002
  0.73303828583761843        4.9991003895037377E-009   6.9813170079773182E-002
  0.80285145591739160        5.2508650117369568E-009   6.9813170079773182E-002
  0.87266462599716477        4.8889229241510883E-009   6.9813170079773182E-002
  0.94247779607693793        3.9547165004742552E-009   6.9813170079773182E-002
   1.0122909661567112        2.9948196451251183E-009   6.9813170079773182E-002
   1.0821041362364843        2.1692403437393185E-009   6.9813170079773182E-002
   1.1519173063162575        1.3800288585703878E-009   6.9813170079773182E-002
   1.2217304763960306        8.0522574553038696E-010   6.9813170079773182E-002
   1.2915436464758039        5.7680681917834050E-010   6.9813170079773182E-002
   1.3613568165555769        5.1806382534414782E-010   6.9813170079773182E-002
   1.4311699866353502        5.3662098613270752E-010   6.9813170079773182E-002
   1.5009831567151235        6.6953154701871311E-010   6.9813170079773182E-002
   1.5707963267948966        8.9400584573639857E-010   6.9813170079773182E-002
   1.6406094968746698        1.0988383798385185E-009   6.9813170079773182E-002
   1.7104226669544429        1.2675357763222702E-009   6.9813170079773182E-002
   1.7802358370342162        1.4639056305689778E-009   6.9813170079773182E-002
   1.8500490071139892        1.7103159021080984E-009   6.9813170079773182E-002
   1.9198621771937625        2.0366793430665575E-009   6.9813170079773182E-002
   1.9896753472735358        2.4461649618074590E-009   6.9813170079773182E-002
   2.0594885173533091        2.8038660103286463E-009   6.9813170079773182E-002
   2.1293016874330819        2.8041652134377513E-009   6.9813170079773182E-002
   2.1991148575128552        2.4583478142749942E-009   6.9813170079773182E-002
   2.2689280275926285        2.1013940356520228E-009   6.9813170079773182E-002
   2.3387411976724017        1.8999347400449623E-009   6.9813170079773182E-002
   2.4085543677521746        1.8849176857766209E-009   6.9813170079773182E-002
   2.4783675378319479        2.0565714633488138E-009   6.9813170079773182E-002
   2.5481807079117211        2.4466537961861014E-009   6.9813170079773182E-002
   2.6179938779914944        2.9927011135612958E-009   6.9813170079773182E-002
   2.6878070480712677        3.5429498689573154E-009   6.9813170079773182E-002
   2.7576202181510405        3.8543300613228183E-009   6.9813170079773182E-002
   2.8274333882308138        3.6888692899001459E-009   6.9813170079773182E-002
   2.8972465583105871        3.0774024838202415E-009   6.9813170079773182E-002
   2.9670597283903604        2.3428340430206685E-009   6.9813170079773182E-002
   3.0368728984701332        1.7618508340193304E-009   6.9813170079773182E-002
   3.1066860685499065        1.4811324950537511E-009   6.9813170079773182E-002
   3.1764992386296798        1.4811324950537499E-009   6.9813170079773182E-002
   3.2463124087094530        1.7618508340193279E-009   6.9813170079773182E-002
   3.3161255787892263        2.3428340430206804E-009   6.9813170079773182E-002
   3.3859387488689991        3.0774024838202547E-009   6.9813170079773182E-002
   3.4557519189487724        3.6888692899001397E-009   6.9813170079773182E-002
   3.5255650890285457        3.8543300613228158E-009   6.9813170079773182E-002
   3.5953782591083190        3.5429498689573063E-009   6.9813170079773182E-002
   3.6651914291880923        2.9927011135612987E-009   6.9813170079773182E-002
   3.7350045992678651        2.4466537961860968E-009   6.9813170079773182E-002
   3.8048177693476384        2.0565714633488187E-009   6.9813170079773182E-002
   3.8746309394274117        1.8849176857766197E-009   6.9813170079773182E-002
   3.9444441095071849        1.8999347400449619E-009   6.9813170079773182E-002
   4.0142572795869578        2.1013940356520241E-009   6.9813170079773182E-002
   4.0840704496667311        2.4583478142750161E-009   6.9813170079773182E-002
   4.1538836197465043        2.8041652134377194E-009   6.9813170079773182E-002
   4.2236967898262776        2.8038660103286595E-009   6.9813170079773182E-002
   4.2935099599060509        2.4461649618074611E-009   6.9813170079773182E-002
   4.3633231299858242        2.0366793430665525E-009   6.9813170079773182E-002
   4.4331363000655974        1.7103159021080978E-009   6.9813170079773182E-002
   4.5029494701453698        1.4639056305689722E-009   6.9813170079773182E-002
   4.5727626402251431        1.2675357763222636E-009   6.9813170079773182E-002
   4.6425758103049164        1.0988383798385216E-009   6.9813170079773182E-002
   4.7123889803846897        8.9400584573639888E-010   6.9813170079773182E-002
   4.7822021504644630        6.6953154701871425E-010   6.9813170079773182E-002
   4.8520153205442362        5.3662098613270732E-010   6.9813170079773182E-002
   4.9218284906240095        5.1806382534414813E-010   6.9813170079773182E-002
   4.9916416607037828        5.7680681917833988E-010   6.9813170079773182E-002
   5.0614548307835561        8.0522574553038592E-010   6.9813170079773182E-002
   5.1312680008633285        1.3800288585703762E-009   6.9813170079773182E-002
   5.2010811709431017        2.1692403437393065E-009   6.9813170079773182E-002
   5.2708943410228750        2.9948196451251141E-009   6.9813170079773182E-002
   5.3407075111026483        3.9547165004742618E-009   6.9813170079773182E-002
   5.4105206811824216        4.8889229241511024E-009   6.9813170079773182E-002
   5.4803338512621949        5.2508650117369684E-009   6.9813170079773182E-002
   5.5501470213419681        4.9991003895037128E-009   6.9813170079773182E-002
   5.6199601914217414        4.8666317956177964E-009   6.9813170079773182E-002
   5.6897733615015147        5.0668248324012531E-009   6.9813170079773182E-002
   5.7595865315812871        5.2750098022912108E-009   6.9813170079773182E-002
   5.8293997016610604        5.3179638462217004E-009   6.9813170079773182E-002
   5.8992128717408336        5.4602430482333055E-009   6.9813170079773182E-002
   5.9690260418206069        6.1411430228504486E-009   6.9813170079773182E-002
   6.0388392119003802        7.6975896907173630E-009   6.9813170079773182E-002
   6.1086523819801535        1.0598638149373231E-008   6.9813170079773182E-002
   6.1784655520599268        1.5758297334765814E-008   6.9813170079773182E-002
   6.2482787221397000        2.4284917292549624E-008   6.9813170079773182E-002
