 #  phi,DGAMMADPHI(IPHI) 
   3.4906585039886591E-002   3.9531578069336162E-008   6.9813170079773182E-002
  0.10471975511965978        2.5994230729836418E-008   6.9813170079773182E-002
  0.17453292519943295        1.7563011020971924E-008   6.9813170079773182E-002
  0.24434609527920614        1.2846072138986979E-008   6.9813170079773182E-002
  0.31415926535897931        1.0264675957361078E-008   6.9813170079773182E-002
  0.38397243543875248        8.9419157175019005E-009   6.9813170079773182E-002
  0.45378560551852570        8.3806316168094788E-009   6.9813170079773182E-002
  0.52359877559829882        8.1923526435152536E-009   6.9813170079773182E-002
  0.59341194567807209        8.2916879309362973E-009   6.9813170079773182E-002
  0.66322511575784526        8.9233939494180823E-009   6.9813170079773182E-002
  0.73303828583761843        1.0309203622088993E-008   6.9813170079773182E-002
  0.80285145591739160        1.2363036159671168E-008   6.9813170079773182E-002
  0.87266462599716477        1.4943954372229912E-008   6.9813170079773182E-002
  0.94247779607693793        1.8089311361691397E-008   6.9813170079773182E-002
   1.0122909661567112        2.1336808941907810E-008   6.9813170079773182E-002
   1.0821041362364843        2.4022217926629048E-008   6.9813170079773182E-002
   1.1519173063162575        2.6145288661665384E-008   6.9813170079773182E-002
   1.2217304763960306        2.8010676001609999E-008   6.9813170079773182E-002
   1.2915436464758039        2.9596895254907571E-008   6.9813170079773182E-002
   1.3613568165555769        3.1000041109878043E-008   6.9813170079773182E-002
   1.4311699866353502        3.3059166496082711E-008   6.9813170079773182E-002
   1.5009831567151235        3.6091432211937491E-008   6.9813170079773182E-002
   1.5707963267948966        3.9639112618599501E-008   6.9813170079773182E-002
   1.6406094968746698        4.3342490183016426E-008   6.9813170079773182E-002
   1.7104226669544429        4.7667575506286509E-008   6.9813170079773182E-002
   1.7802358370342162        5.3499529025948684E-008   6.9813170079773182E-002
   1.8500490071139892        6.1143619776788176E-008   6.9813170079773182E-002
   1.9198621771937625        7.1053868880263208E-008   6.9813170079773182E-002
   1.9896753472735358        8.4335571951625423E-008   6.9813170079773182E-002
   2.0594885173533091        1.0207632192931929E-007   6.9813170079773182E-002
   2.1293016874330819        9.6124580417180105E-008   6.9813170079773182E-002
   2.1991148575128552        6.9064358816737547E-008   6.9813170079773182E-002
   2.2689280275926285        5.1953234902551011E-008   6.9813170079773182E-002
   2.3387411976724017        4.4268600305896124E-008   6.9813170079773182E-002
   2.4085543677521746        4.5149024325372239E-008   6.9813170079773182E-002
   2.4783675378319479        5.5333975779685423E-008   6.9813170079773182E-002
   2.5481807079117211        7.6959271521071612E-008   6.9813170079773182E-002
   2.6179938779914944        1.1466189420773016E-007   6.9813170079773182E-002
   2.6878070480712677        1.7337164636836125E-007   6.9813170079773182E-002
   2.7576202181510405        2.5779038970235926E-007   6.9813170079773182E-002
   2.8274333882308138        3.7008177581549444E-007   6.9813170079773182E-002
   2.8972465583105871        5.0749001409065582E-007   6.9813170079773182E-002
   2.9670597283903604        6.6401848763947584E-007   6.9813170079773182E-002
   3.0368728984701332        8.1206836094685379E-007   6.9813170079773182E-002
   3.1066860685499065        9.0358015671030587E-007   6.9813170079773182E-002
   3.1764992386296798        9.0358015671030566E-007   6.9813170079773182E-002
   3.2463124087094530        8.1206836094685358E-007   6.9813170079773182E-002
   3.3161255787892263        6.6401848763947594E-007   6.9813170079773182E-002
   3.3859387488689991        5.0749001409065592E-007   6.9813170079773182E-002
   3.4557519189487724        3.7008177581549454E-007   6.9813170079773182E-002
   3.5255650890285457        2.5779038970235968E-007   6.9813170079773182E-002
   3.5953782591083190        1.7337164636836127E-007   6.9813170079773182E-002
   3.6651914291880923        1.1466189420772996E-007   6.9813170079773182E-002
   3.7350045992678651        7.6959271521071797E-008   6.9813170079773182E-002
   3.8048177693476384        5.5333975779685450E-008   6.9813170079773182E-002
   3.8746309394274117        4.5149024325372298E-008   6.9813170079773182E-002
   3.9444441095071849        4.4268600305896111E-008   6.9813170079773182E-002
   4.0142572795869578        5.1953234902550998E-008   6.9813170079773182E-002
   4.0840704496667311        6.9064358816738778E-008   6.9813170079773182E-002
   4.1538836197465043        9.6124580417175989E-008   6.9813170079773182E-002
   4.2236967898262776        1.0207632192932158E-007   6.9813170079773182E-002
   4.2935099599060509        8.4335571951625000E-008   6.9813170079773182E-002
   4.3633231299858242        7.1053868880263022E-008   6.9813170079773182E-002
   4.4331363000655974        6.1143619776788176E-008   6.9813170079773182E-002
   4.5029494701453698        5.3499529025948525E-008   6.9813170079773182E-002
   4.5727626402251431        4.7667575506286357E-008   6.9813170079773182E-002
   4.6425758103049164        4.3342490183016499E-008   6.9813170079773182E-002
   4.7123889803846897        3.9639112618599488E-008   6.9813170079773182E-002
   4.7822021504644630        3.6091432211937511E-008   6.9813170079773182E-002
   4.8520153205442362        3.3059166496082718E-008   6.9813170079773182E-002
   4.9218284906240095        3.1000041109878050E-008   6.9813170079773182E-002
   4.9916416607037828        2.9596895254907577E-008   6.9813170079773182E-002
   5.0614548307835561        2.8010676001609996E-008   6.9813170079773182E-002
   5.1312680008633285        2.6145288661665371E-008   6.9813170079773182E-002
   5.2010811709431017        2.4022217926629038E-008   6.9813170079773182E-002
   5.2708943410228750        2.1336808941907889E-008   6.9813170079773182E-002
   5.3407075111026483        1.8089311361691371E-008   6.9813170079773182E-002
   5.4105206811824216        1.4943954372229972E-008   6.9813170079773182E-002
   5.4803338512621949        1.2363036159671176E-008   6.9813170079773182E-002
   5.5501470213419681        1.0309203622088965E-008   6.9813170079773182E-002
   5.6199601914217414        8.9233939494180823E-009   6.9813170079773182E-002
   5.6897733615015147        8.2916879309362973E-009   6.9813170079773182E-002
   5.7595865315812871        8.1923526435152536E-009   6.9813170079773182E-002
   5.8293997016610604        8.3806316168094837E-009   6.9813170079773182E-002
   5.8992128717408336        8.9419157175018989E-009   6.9813170079773182E-002
   5.9690260418206069        1.0264675957361083E-008   6.9813170079773182E-002
   6.0388392119003802        1.2846072138986984E-008   6.9813170079773182E-002
   6.1086523819801535        1.7563011020971924E-008   6.9813170079773182E-002
   6.1784655520599268        2.5994230729836421E-008   6.9813170079773182E-002
   6.2482787221397000        3.9531578069336162E-008   6.9813170079773182E-002
