 #  r,DGAMMADR(IR) 
   5.0000000000000001E-003   2.4930620066289926E-009   1.0000000000000000E-002
   1.4999999999999999E-002   7.4827692330525615E-009   1.0000000000000000E-002
   2.5000000000000001E-002   1.2483241544687854E-008   1.0000000000000000E-002
   3.5000000000000003E-002   1.7501707332206927E-008   1.0000000000000000E-002
   4.4999999999999998E-002   2.2545473123818555E-008   1.0000000000000000E-002
   5.5000000000000000E-002   2.7621956119387590E-008   1.0000000000000000E-002
   6.5000000000000002E-002   3.2738718016848930E-008   1.0000000000000000E-002
   7.4999999999999997E-002   3.7903493005836421E-008   1.0000000000000000E-002
   8.5000000000000006E-002   4.3123921742938667E-008   1.0000000000000000E-002
   9.5000000000000001E-002   4.8407100123228898E-008   1.0000000000000000E-002
  0.10500000000000000        5.3759687779152927E-008   1.0000000000000000E-002
  0.11500000000000000        5.9187993124055653E-008   1.0000000000000000E-002
  0.12500000000000000        6.4698026035536728E-008   1.0000000000000000E-002
  0.13500000000000001        7.0295545535990498E-008   1.0000000000000000E-002
  0.14499999999999999        7.5986114313326030E-008   1.0000000000000000E-002
  0.15500000000000000        8.1775151829891020E-008   1.0000000000000000E-002
  0.16500000000000001        8.7668003063587993E-008   1.0000000000000000E-002
  0.17500000000000002        9.3670004947972096E-008   1.0000000000000000E-002
  0.18500000000000000        9.9786562358137724E-008   1.0000000000000000E-002
  0.19500000000000001        1.0602318092165445E-007   1.0000000000000000E-002
  0.20500000000000002        1.1238545416978540E-007   1.0000000000000000E-002
  0.21500000000000000        1.1887908866429188E-007   1.0000000000000000E-002
  0.22500000000000001        1.2550992614230245E-007   1.0000000000000000E-002
  0.23500000000000001        1.3228398312715583E-007   1.0000000000000000E-002
  0.24500000000000000        1.3920747154472085E-007   1.0000000000000000E-002
  0.25500000000000000        1.4628685061799413E-007   1.0000000000000000E-002
  0.26500000000000001        1.5352884691538157E-007   1.0000000000000000E-002
  0.27500000000000002        1.6094049803306170E-007   1.0000000000000000E-002
  0.28500000000000003        1.6852921609049978E-007   1.0000000000000000E-002
  0.29499999999999998        1.7630282272656965E-007   1.0000000000000000E-002
  0.30499999999999999        1.8426978609029666E-007   1.0000000000000000E-002
  0.31500000000000000        1.9243940537580481E-007   1.0000000000000000E-002
  0.32500000000000001        2.0082172694382383E-007   1.0000000000000000E-002
  0.33500000000000002        2.0942753640766454E-007   1.0000000000000000E-002
  0.34500000000000003        2.1826832545651189E-007   1.0000000000000000E-002
  0.35499999999999998        2.2735637425018036E-007   1.0000000000000000E-002
  0.36499999999999999        2.3670475742902170E-007   1.0000000000000000E-002
  0.37500000000000000        2.4632738217617469E-007   1.0000000000000000E-002
  0.38500000000000001        2.5623911901863918E-007   1.0000000000000000E-002
  0.39500000000000002        2.6645577215085782E-007   1.0000000000000000E-002
  0.40500000000000003        2.7699415212519271E-007   1.0000000000000000E-002
  0.41500000000000004        2.8787221544631954E-007   1.0000000000000000E-002
  0.42499999999999999        2.9910918404675107E-007   1.0000000000000000E-002
  0.43500000000000000        3.1072555537199400E-007   1.0000000000000000E-002
  0.44500000000000001        3.2274328842556672E-007   1.0000000000000000E-002
  0.45500000000000002        3.3518599580263821E-007   1.0000000000000000E-002
  0.46500000000000002        3.4807984627080358E-007   1.0000000000000000E-002
  0.47500000000000003        3.6145667139260496E-007   1.0000000000000000E-002
  0.48499999999999999        3.7535399986100093E-007   1.0000000000000000E-002
  0.49500000000000000        3.8981296444059369E-007   1.0000000000000000E-002
  0.50500000000000000        4.0487869949135826E-007   1.0000000000000000E-002
  0.51500000000000001        4.2060126035313387E-007   1.0000000000000000E-002
  0.52500000000000002        4.3703768983103830E-007   1.0000000000000000E-002
  0.53500000000000003        4.5425186579839041E-007   1.0000000000000000E-002
  0.54500000000000004        4.7231598694098789E-007   1.0000000000000000E-002
  0.55500000000000005        4.9131201423406731E-007   1.0000000000000000E-002
  0.56500000000000006        5.1133201319427766E-007   1.0000000000000000E-002
  0.57500000000000007        5.3247950952222629E-007   1.0000000000000000E-002
  0.58499999999999996        5.5487077241919304E-007   1.0000000000000000E-002
  0.59499999999999997        5.7863627509277799E-007   1.0000000000000000E-002
  0.60499999999999998        6.0392204134753970E-007   1.0000000000000000E-002
  0.61499999999999999        6.3089103336828891E-007   1.0000000000000000E-002
  0.62500000000000000        6.5972452930342366E-007   1.0000000000000000E-002
  0.63500000000000001        6.9062377306091866E-007   1.0000000000000000E-002
  0.64500000000000002        7.2381148779887967E-007   1.0000000000000000E-002
  0.65500000000000003        7.5953537877001753E-007   1.0000000000000000E-002
  0.66500000000000004        7.9807277487033636E-007   1.0000000000000000E-002
  0.67500000000000004        8.3973509190539278E-007   1.0000000000000000E-002
  0.68500000000000005        8.8487281273178092E-007   1.0000000000000000E-002
  0.69500000000000006        9.3387987353152970E-007   1.0000000000000000E-002
  0.70499999999999996        9.8719938283228709E-007   1.0000000000000000E-002
  0.71499999999999997        1.0453288168414530E-006   1.0000000000000000E-002
  0.72499999999999998        1.1088247770028417E-006   1.0000000000000000E-002
  0.73499999999999999        1.1783104079041784E-006   1.0000000000000000E-002
  0.74500000000000000        1.2544828614702399E-006   1.0000000000000000E-002
  0.75500000000000000        1.3381182551401043E-006   1.0000000000000000E-002
  0.76500000000000001        1.4300790766831227E-006   1.0000000000000000E-002
  0.77500000000000002        1.5313432544433269E-006   1.0000000000000000E-002
  0.78500000000000003        1.6431356707387203E-006   1.0000000000000000E-002
  0.79500000000000004        1.7670493060374553E-006   1.0000000000000000E-002
  0.80500000000000005        1.9050391170747582E-006   1.0000000000000000E-002
  0.81500000000000006        2.0595204223627437E-006   1.0000000000000000E-002
  0.82500000000000007        2.2334033741752704E-006   1.0000000000000000E-002
  0.83499999999999996        2.4301569912833943E-006   1.0000000000000000E-002
  0.84499999999999997        2.6539806042949613E-006   1.0000000000000000E-002
  0.85499999999999998        2.9098847013110586E-006   1.0000000000000000E-002
  0.86499999999999999        3.2037972801872078E-006   1.0000000000000000E-002
  0.87500000000000000        3.5427322001761556E-006   1.0000000000000000E-002
  0.88500000000000001        3.9355419131970204E-006   1.0000000000000000E-002
  0.89500000000000002        4.3939505820534676E-006   1.0000000000000000E-002
  0.90500000000000003        4.9328927835236718E-006   1.0000000000000000E-002
  0.91500000000000004        5.5709791666146060E-006   1.0000000000000000E-002
  0.92500000000000004        6.3313165141784269E-006   1.0000000000000000E-002
  0.93500000000000005        7.2419798334977025E-006   1.0000000000000000E-002
  0.94500000000000006        8.3376999612438769E-006   1.0000000000000000E-002
  0.95500000000000007        9.6705509821685380E-006   1.0000000000000000E-002
  0.96499999999999997        1.1336459192152982E-005   1.0000000000000000E-002
  0.97499999999999998        1.3499432009640571E-005   1.0000000000000000E-002
  0.98499999999999999        1.6439544999119662E-005   1.0000000000000000E-002
  0.99500000000000000        2.0899437007300929E-005   1.0000000000000000E-002
