 #  phi,DGAMMADPHI(IPHI) 
   3.4906585039886591E-002   5.0231943487499259E-008   6.9813170079773182E-002
  0.10471975511965978        3.2771689241154251E-008   6.9813170079773182E-002
  0.17453292519943295        2.1970567755355828E-008   6.9813170079773182E-002
  0.24434609527920614        1.5883560310312936E-008   6.9813170079773182E-002
  0.31415926535897931        1.2506927023889174E-008   6.9813170079773182E-002
  0.38397243543875248        1.0742535210125456E-008   6.9813170079773182E-002
  0.45378560551852570        9.9488712940060630E-009   6.9813170079773182E-002
  0.52359877559829882        9.5792633206786622E-009   6.9813170079773182E-002
  0.59341194567807209        9.4210064495334123E-009   6.9813170079773182E-002
  0.66322511575784526        9.7050731856495083E-009   6.9813170079773182E-002
  0.73303828583761843        1.0730066973938845E-008   6.9813170079773182E-002
  0.80285145591739160        1.2324934357426030E-008   6.9813170079773182E-002
  0.87266462599716477        1.3999773314647997E-008   6.9813170079773182E-002
  0.94247779607693793        1.5727224665777483E-008   6.9813170079773182E-002
   1.0122909661567112        1.7403575958500003E-008   6.9813170079773182E-002
   1.0821041362364843        1.8628493951508993E-008   6.9813170079773182E-002
   1.1519173063162575        1.9353671997948940E-008   6.9813170079773182E-002
   1.2217304763960306        1.9974790213694327E-008   6.9813170079773182E-002
   1.2915436464758039        2.0721204850649387E-008   6.9813170079773182E-002
   1.3613568165555769        2.1642595846138160E-008   6.9813170079773182E-002
   1.4311699866353502        2.3209729059314250E-008   6.9813170079773182E-002
   1.5009831567151235        2.5674605276127318E-008   6.9813170079773182E-002
   1.5707963267948966        2.8775707504673511E-008   6.9813170079773182E-002
   1.6406094968746698        3.2240282284873261E-008   6.9813170079773182E-002
   1.7104226669544429        3.6377120163489489E-008   6.9813170079773182E-002
   1.7802358370342162        4.1771942117146867E-008   6.9813170079773182E-002
   1.8500490071139892        4.8446436890151705E-008   6.9813170079773182E-002
   1.9198621771937625        5.6389023994686315E-008   6.9813170079773182E-002
   1.9896753472735358        6.5936863904154145E-008   6.9813170079773182E-002
   2.0594885173533091        7.7229143104164498E-008   6.9813170079773182E-002
   2.1293016874330819        7.2525737791936018E-008   6.9813170079773182E-002
   2.1991148575128552        5.4178409608892008E-008   6.9813170079773182E-002
   2.2689280275926285        4.2145346449161702E-008   6.9813170079773182E-002
   2.3387411976724017        3.6516439095329328E-008   6.9813170079773182E-002
   2.4085543677521746        3.6907097853715510E-008   6.9813170079773182E-002
   2.4783675378319479        4.4017916639928015E-008   6.9813170079773182E-002
   2.5481807079117211        5.9437644404030677E-008   6.9813170079773182E-002
   2.6179938779914944        8.6316653315041599E-008   6.9813170079773182E-002
   2.6878070480712677        1.2791104916950927E-007   6.9813170079773182E-002
   2.7576202181510405        1.8729271427406638E-007   6.9813170079773182E-002
   2.8274333882308138        2.6582246419729269E-007   6.9813170079773182E-002
   2.8972465583105871        3.6153355287144841E-007   6.9813170079773182E-002
   2.9670597283903604        4.7023260798992045E-007   6.9813170079773182E-002
   3.0368728984701332        5.7282607560962971E-007   6.9813170079773182E-002
   3.1066860685499065        6.3617752931486179E-007   6.9813170079773182E-002
   3.1764992386296798        6.3617752931486158E-007   6.9813170079773182E-002
   3.2463124087094530        5.7282607560962971E-007   6.9813170079773182E-002
   3.3161255787892263        4.7023260798992050E-007   6.9813170079773182E-002
   3.3859387488689991        3.6153355287144836E-007   6.9813170079773182E-002
   3.4557519189487724        2.6582246419729263E-007   6.9813170079773182E-002
   3.5255650890285457        1.8729271427406657E-007   6.9813170079773182E-002
   3.5953782591083190        1.2791104916950927E-007   6.9813170079773182E-002
   3.6651914291880923        8.6316653315041454E-008   6.9813170079773182E-002
   3.7350045992678651        5.9437644404030816E-008   6.9813170079773182E-002
   3.8048177693476384        4.4017916639928029E-008   6.9813170079773182E-002
   3.8746309394274117        3.6907097853715530E-008   6.9813170079773182E-002
   3.9444441095071849        3.6516439095329322E-008   6.9813170079773182E-002
   4.0142572795869578        4.2145346449161669E-008   6.9813170079773182E-002
   4.0840704496667311        5.4178409608892816E-008   6.9813170079773182E-002
   4.1538836197465043        7.2525737791933397E-008   6.9813170079773182E-002
   4.2236967898262776        7.7229143104165953E-008   6.9813170079773182E-002
   4.2935099599060509        6.5936863904153881E-008   6.9813170079773182E-002
   4.3633231299858242        5.6389023994686176E-008   6.9813170079773182E-002
   4.4331363000655974        4.8446436890151705E-008   6.9813170079773182E-002
   4.5029494701453698        4.1771942117146748E-008   6.9813170079773182E-002
   4.5727626402251431        3.6377120163489370E-008   6.9813170079773182E-002
   4.6425758103049164        3.2240282284873314E-008   6.9813170079773182E-002
   4.7123889803846897        2.8775707504673508E-008   6.9813170079773182E-002
   4.7822021504644630        2.5674605276127331E-008   6.9813170079773182E-002
   4.8520153205442362        2.3209729059314250E-008   6.9813170079773182E-002
   4.9218284906240095        2.1642595846138170E-008   6.9813170079773182E-002
   4.9916416607037828        2.0721204850649387E-008   6.9813170079773182E-002
   5.0614548307835561        1.9974790213694334E-008   6.9813170079773182E-002
   5.1312680008633285        1.9353671997948913E-008   6.9813170079773182E-002
   5.2010811709431017        1.8628493951508974E-008   6.9813170079773182E-002
   5.2708943410228750        1.7403575958500069E-008   6.9813170079773182E-002
   5.3407075111026483        1.5727224665777473E-008   6.9813170079773182E-002
   5.4105206811824216        1.3999773314648064E-008   6.9813170079773182E-002
   5.4803338512621949        1.2324934357426040E-008   6.9813170079773182E-002
   5.5501470213419681        1.0730066973938810E-008   6.9813170079773182E-002
   5.6199601914217414        9.7050731856495083E-009   6.9813170079773182E-002
   5.6897733615015147        9.4210064495334156E-009   6.9813170079773182E-002
   5.7595865315812871        9.5792633206786605E-009   6.9813170079773182E-002
   5.8293997016610604        9.9488712940060696E-009   6.9813170079773182E-002
   5.8992128717408336        1.0742535210125451E-008   6.9813170079773182E-002
   5.9690260418206069        1.2506927023889184E-008   6.9813170079773182E-002
   6.0388392119003802        1.5883560310312943E-008   6.9813170079773182E-002
   6.1086523819801535        2.1970567755355825E-008   6.9813170079773182E-002
   6.1784655520599268        3.2771689241154258E-008   6.9813170079773182E-002
   6.2482787221397000        5.0231943487499252E-008   6.9813170079773182E-002
