 #     E1  dGamma/dq   dGamma/dE1 
  0.2784088E-05  0.1107342E-08  0.1023695E-05
  0.2505679E-04  0.9941810E-08  0.3063607E-05
  0.6960220E-04  0.2748156E-07  0.5081128E-05
  0.1364203E-03  0.5346948E-07  0.7061496E-05
  0.2255111E-03  0.8752317E-07  0.8990199E-05
  0.3368746E-03  0.1291391E-06  0.1085310E-04
  0.4705109E-03  0.1776988E-06  0.1263659E-04
  0.6264198E-03  0.2324771E-06  0.1432774E-04
  0.8046014E-03  0.2926531E-06  0.1591450E-04
  0.1005056E-02  0.3573242E-06  0.1738592E-04
  0.1227783E-02  0.4255239E-06  0.1873240E-04
  0.1472783E-02  0.4962434E-06  0.1994599E-04
  0.1740055E-02  0.5684572E-06  0.2102067E-04
  0.2029600E-02  0.6411538E-06  0.2195266E-04
  0.2341418E-02  0.7133694E-06  0.2274078E-04
  0.2675509E-02  0.7842277E-06  0.2338672E-04
  0.3031872E-02  0.8529816E-06  0.2389541E-04
  0.3410508E-02  0.9190564E-06  0.2427520E-04
  0.3811416E-02  0.9819819E-06  0.2453525E-04
  0.4234598E-02  0.1041319E-05  0.2468357E-04
  0.4680052E-02  0.1096729E-05  0.2472888E-04
  0.5147779E-02  0.1147978E-05  0.2468049E-04
  0.5637778E-02  0.1194927E-05  0.2454808E-04
  0.6150050E-02  0.1237527E-05  0.2434141E-04
  0.6684595E-02  0.1275807E-05  0.2407009E-04
  0.7241413E-02  0.1309856E-05  0.2374335E-04
  0.7820503E-02  0.1339806E-05  0.2336980E-04
  0.8421866E-02  0.1365817E-05  0.2295718E-04
  0.9045502E-02  0.1388048E-05  0.2251222E-04
  0.9691410E-02  0.1406640E-05  0.2204042E-04
  0.1035959E-01  0.1421690E-05  0.2154587E-04
  0.1105005E-01  0.1433225E-05  0.2103112E-04
  0.1176277E-01  0.1441172E-05  0.2049705E-04
  0.1249777E-01  0.1445341E-05  0.1994271E-04
  0.1325504E-01  0.1445396E-05  0.1936541E-04
  0.1403459E-01  0.1441189E-05  0.1876512E-04
  0.1483640E-01  0.1432963E-05  0.1814684E-04
  0.1566049E-01  0.1421015E-05  0.1751565E-04
  0.1650686E-01  0.1405661E-05  0.1687636E-04
  0.1737549E-01  0.1387232E-05  0.1623345E-04
  0.1826640E-01  0.1366063E-05  0.1559102E-04
  0.1917958E-01  0.1342491E-05  0.1495278E-04
  0.2011504E-01  0.1316846E-05  0.1432204E-04
  0.2107276E-01  0.1289448E-05  0.1370167E-04
  0.2205276E-01  0.1260598E-05  0.1309409E-04
  0.2305503E-01  0.1230574E-05  0.1250130E-04
  0.2407958E-01  0.1199627E-05  0.1192483E-04
  0.2512639E-01  0.1167979E-05  0.1136580E-04
  0.2619548E-01  0.1135813E-05  0.1082490E-04
  0.2728685E-01  0.1103277E-05  0.1030239E-04
  0.2840048E-01  0.1070479E-05  0.9798179E-05
  0.2953639E-01  0.1037485E-05  0.9311796E-05
  0.3069457E-01  0.1004415E-05  0.8843265E-05
  0.3187502E-01  0.9714934E-06  0.8393534E-05
  0.3307775E-01  0.9389358E-06  0.7963393E-05
  0.3430275E-01  0.9069352E-06  0.7553392E-05
  0.3555002E-01  0.8756611E-06  0.7163848E-05
  0.3681956E-01  0.8452583E-06  0.6794858E-05
  0.3811138E-01  0.8158468E-06  0.6446315E-05
  0.3942547E-01  0.7875211E-06  0.6117923E-05
  0.4076183E-01  0.7603510E-06  0.5809216E-05
  0.4212047E-01  0.7343819E-06  0.5519575E-05
  0.4350137E-01  0.7096348E-06  0.5248240E-05
  0.4490456E-01  0.6861081E-06  0.4994334E-05
  0.4633001E-01  0.6637787E-06  0.4756882E-05
  0.4777773E-01  0.6426040E-06  0.4534829E-05
  0.4924773E-01  0.6225243E-06  0.4327065E-05
  0.5074000E-01  0.6034653E-06  0.4132447E-05
  0.5225455E-01  0.5853425E-06  0.3949829E-05
  0.5379136E-01  0.5681262E-06  0.3778494E-05
  0.5535045E-01  0.5518838E-06  0.3618406E-05
  0.5693182E-01  0.5366826E-06  0.3469527E-05
  0.5853545E-01  0.5225794E-06  0.3331755E-05
  0.6016136E-01  0.5096206E-06  0.3204929E-05
  0.6180954E-01  0.4978429E-06  0.3088836E-05
  0.6347999E-01  0.4872737E-06  0.2983217E-05
  0.6517272E-01  0.4779310E-06  0.2887769E-05
  0.6688771E-01  0.4698245E-06  0.2802159E-05
  0.6862498E-01  0.4629570E-06  0.2726025E-05
  0.7038453E-01  0.4573246E-06  0.2658987E-05
  0.7216634E-01  0.4529184E-06  0.2600656E-05
  0.7397043E-01  0.4497257E-06  0.2550638E-05
  0.7579680E-01  0.4477308E-06  0.2508544E-05
  0.7764543E-01  0.4469164E-06  0.2473994E-05
  0.7951634E-01  0.4472650E-06  0.2446622E-05
  0.8140952E-01  0.4487591E-06  0.2426084E-05
  0.8332497E-01  0.4513861E-06  0.2412075E-05
  0.8526269E-01  0.4551378E-06  0.2404328E-05
  0.8722269E-01  0.4600017E-06  0.2402564E-05
  0.8920496E-01  0.4659609E-06  0.2406496E-05
  0.9120951E-01  0.4729947E-06  0.2415830E-05
  0.9323632E-01  0.4810764E-06  0.2430255E-05
  0.9528541E-01  0.4901717E-06  0.2449431E-05
  0.9735677E-01  0.5002324E-06  0.2472971E-05
  0.9945041E-01  0.5111811E-06  0.2500355E-05
  0.1015663E+00  0.5228788E-06  0.2530792E-05
  0.1037045E+00  0.5350722E-06  0.2562972E-05
  0.1058649E+00  0.5473211E-06  0.2594755E-05
  0.1080477E+00  0.5589452E-06  0.2622961E-05
  0.1102527E+00  0.5690915E-06  0.2643734E-05
  0.1124799E+00  0.5770145E-06  0.2653869E-05
  0.1147295E+00  0.5825563E-06  0.2652960E-05
  0.1170013E+00  0.5861913E-06  0.2643470E-05
  0.1192954E+00  0.5885825E-06  0.2628608E-05
  0.1216117E+00  0.5902789E-06  0.2610957E-05
  0.1239504E+00  0.5916308E-06  0.2592132E-05
  0.1263113E+00  0.5928239E-06  0.2572971E-05
  0.1286945E+00  0.5939364E-06  0.2553820E-05
  0.1310999E+00  0.5949832E-06  0.2534742E-05
  0.1335276E+00  0.5959448E-06  0.2515653E-05
  0.1359776E+00  0.5967883E-06  0.2496415E-05
  0.1384499E+00  0.5974816E-06  0.2476900E-05
  0.1409445E+00  0.5979999E-06  0.2457013E-05
  0.1434613E+00  0.5983265E-06  0.2436695E-05
  0.1460004E+00  0.5984481E-06  0.2415904E-05
  0.1485617E+00  0.5983569E-06  0.2394623E-05
  0.1511454E+00  0.5980485E-06  0.2372845E-05
  0.1537513E+00  0.5975212E-06  0.2350576E-05
  0.1563794E+00  0.5967760E-06  0.2327833E-05
  0.1590299E+00  0.5958213E-06  0.2304660E-05
  0.1617026E+00  0.5946647E-06  0.2281098E-05
  0.1643976E+00  0.5932991E-06  0.2257128E-05
  0.1671149E+00  0.5917185E-06  0.2232738E-05
  0.1698544E+00  0.5899202E-06  0.2207929E-05
  0.1726162E+00  0.5879050E-06  0.2182713E-05
  0.1754003E+00  0.5856742E-06  0.2157104E-05
  0.1782067E+00  0.5832312E-06  0.2131125E-05
  0.1810353E+00  0.5805821E-06  0.2104807E-05
  0.1838862E+00  0.5777344E-06  0.2078183E-05
  0.1867594E+00  0.5746932E-06  0.2051280E-05
  0.1896549E+00  0.5714622E-06  0.2024118E-05
  0.1925726E+00  0.5680426E-06  0.1996705E-05
  0.1955126E+00  0.5644299E-06  0.1969033E-05
  0.1984748E+00  0.5606153E-06  0.1941076E-05
  0.2014594E+00  0.5565844E-06  0.1912791E-05
  0.2044662E+00  0.5523169E-06  0.1884117E-05
  0.2074953E+00  0.5477882E-06  0.1854978E-05
  0.2105467E+00  0.5429735E-06  0.1825302E-05
  0.2136203E+00  0.5378542E-06  0.1795038E-05
  0.2167162E+00  0.5324157E-06  0.1764150E-05
  0.2198344E+00  0.5266440E-06  0.1732605E-05
  0.2229748E+00  0.5205272E-06  0.1700379E-05
  0.2261375E+00  0.5140588E-06  0.1667465E-05
  0.2293225E+00  0.5072405E-06  0.1633882E-05
  0.2325298E+00  0.5000819E-06  0.1599676E-05
  0.2357594E+00  0.4926001E-06  0.1564913E-05
  0.2390112E+00  0.4848198E-06  0.1529683E-05
  0.2422853E+00  0.4767736E-06  0.1494098E-05
  0.2455816E+00  0.4684974E-06  0.1458275E-05
  0.2489003E+00  0.4600323E-06  0.1422348E-05
  0.2522412E+00  0.4514223E-06  0.1386453E-05
  0.2556043E+00  0.4427146E-06  0.1350734E-05
  0.2589898E+00  0.4339629E-06  0.1315351E-05
  0.2623975E+00  0.4252247E-06  0.1280468E-05
  0.2658275E+00  0.4165495E-06  0.1246226E-05
  0.2692798E+00  0.4079500E-06  0.1212649E-05
  0.2727543E+00  0.3994236E-06  0.1179718E-05
  0.2762511E+00  0.3909630E-06  0.1147397E-05
  0.2797702E+00  0.3825597E-06  0.1115652E-05
  0.2833116E+00  0.3742104E-06  0.1084461E-05
  0.2868752E+00  0.3659176E-06  0.1053821E-05
  0.2904611E+00  0.3576928E-06  0.1023756E-05
  0.2940693E+00  0.3495585E-06  0.9943180E-06
  0.2976997E+00  0.3415431E-06  0.9655761E-06
  0.3013525E+00  0.3336761E-06  0.9376008E-06
  0.3050275E+00  0.3259851E-06  0.9104552E-06
  0.3087247E+00  0.3184901E-06  0.8841796E-06
  0.3124443E+00  0.3111988E-06  0.8587798E-06
  0.3161861E+00  0.3041047E-06  0.8342228E-06
  0.3199502E+00  0.2971912E-06  0.8104477E-06
  0.3237365E+00  0.2904344E-06  0.7873765E-06
  0.3275452E+00  0.2838161E-06  0.7649476E-06
  0.3313761E+00  0.2773534E-06  0.7431957E-06
  0.3352293E+00  0.2710802E-06  0.7221994E-06
  0.3391047E+00  0.2650422E-06  0.7020666E-06
  0.3430024E+00  0.2593015E-06  0.6829466E-06
  0.3469224E+00  0.2539375E-06  0.6650295E-06
  0.3508647E+00  0.2490412E-06  0.6485323E-06
  0.3548292E+00  0.2447058E-06  0.6336725E-06
  0.3588160E+00  0.2410139E-06  0.6206351E-06
  0.3628251E+00  0.2380221E-06  0.6095353E-06
  0.3668565E+00  0.2357520E-06  0.6003957E-06
  0.3709101E+00  0.2341946E-06  0.5931612E-06
  0.3749860E+00  0.2333289E-06  0.5877481E-06
  0.3790842E+00  0.2331545E-06  0.5841255E-06
  0.3832047E+00  0.2337230E-06  0.5823933E-06
  0.3873474E+00  0.2351545E-06  0.5828184E-06
  0.3915124E+00  0.2376147E-06  0.5857750E-06
  0.3956996E+00  0.2412332E-06  0.5915405E-06
  0.3999092E+00  0.2460584E-06  0.6001887E-06
  0.4041410E+00  0.2521190E-06  0.6117435E-06
  0.4083951E+00  0.2594632E-06  0.6262761E-06
  0.4126714E+00  0.2682334E-06  0.6440816E-06
  0.4169701E+00  0.2788514E-06  0.6661171E-06
  0.4212910E+00  0.2923815E-06  0.6948468E-06
  0.4256342E+00  0.3109630E-06  0.7352259E-06
  0.4299996E+00  0.3388623E-06  0.7971123E-06
  0.4343873E+00  0.3853790E-06  0.9019443E-06
  0.4387973E+00  0.4765190E-06  0.1109631E-05
  0.4432296E+00  0.7472044E-06  0.1731232E-05
