 #  r,DGAMMADR(IR) 
   5.0000000000000001E-003   1.5996439295740041E-009   1.0000000000000000E-002
   1.4999999999999999E-002   4.8015920041028601E-009   1.0000000000000000E-002
   2.5000000000000001E-002   8.0115319429471518E-009   1.0000000000000000E-002
   3.5000000000000003E-002   1.1234829186024345E-008   1.0000000000000000E-002
   4.4999999999999998E-002   1.4476905947646554E-008   1.0000000000000000E-002
   5.5000000000000000E-002   1.7743264888312569E-008   1.0000000000000000E-002
   6.5000000000000002E-002   2.1039513758773661E-008   1.0000000000000000E-002
   7.4999999999999997E-002   2.4371386965864037E-008   1.0000000000000000E-002
   8.5000000000000006E-002   2.7744597545464398E-008   1.0000000000000000E-002
   9.5000000000000001E-002   3.1164582453090477E-008   1.0000000000000000E-002
  0.10500000000000000        3.4636571590093530E-008   1.0000000000000000E-002
  0.11500000000000000        3.8165643447560941E-008   1.0000000000000000E-002
  0.12500000000000000        4.1756762413161123E-008   1.0000000000000000E-002
  0.13500000000000001        4.5414814028422045E-008   1.0000000000000000E-002
  0.14499999999999999        4.9144644493392106E-008   1.0000000000000000E-002
  0.15500000000000000        5.2951101079824780E-008   1.0000000000000000E-002
  0.16500000000000001        5.6839081733225818E-008   1.0000000000000000E-002
  0.17500000000000002        6.0813585584687833E-008   1.0000000000000000E-002
  0.18500000000000000        6.4879769335329311E-008   1.0000000000000000E-002
  0.19500000000000001        6.9042966783143754E-008   1.0000000000000000E-002
  0.20500000000000002        7.3308683097961822E-008   1.0000000000000000E-002
  0.21500000000000000        7.7682623098320544E-008   1.0000000000000000E-002
  0.22500000000000001        8.2170715799281412E-008   1.0000000000000000E-002
  0.23500000000000001        8.6779149532713735E-008   1.0000000000000000E-002
  0.24500000000000000        9.1514393244134990E-008   1.0000000000000000E-002
  0.25500000000000000        9.6383242087714591E-008   1.0000000000000000E-002
  0.26500000000000001        1.0139283837305690E-007   1.0000000000000000E-002
  0.27500000000000002        1.0655070966092409E-007   1.0000000000000000E-002
  0.28500000000000003        1.1186482519202089E-007   1.0000000000000000E-002
  0.29499999999999998        1.1734360927539150E-007   1.0000000000000000E-002
  0.30499999999999999        1.2299586860374004E-007   1.0000000000000000E-002
  0.31500000000000000        1.2883075003480929E-007   1.0000000000000000E-002
  0.32500000000000001        1.3485779165084861E-007   1.0000000000000000E-002
  0.33500000000000002        1.4108696633512269E-007   1.0000000000000000E-002
  0.34500000000000003        1.4752864709377334E-007   1.0000000000000000E-002
  0.35499999999999998        1.5419371358376862E-007   1.0000000000000000E-002
  0.36499999999999999        1.6109351838804742E-007   1.0000000000000000E-002
  0.37500000000000000        1.6823994596725214E-007   1.0000000000000000E-002
  0.38500000000000001        1.7564552028258334E-007   1.0000000000000000E-002
  0.39500000000000002        1.8332334480254356E-007   1.0000000000000000E-002
  0.40500000000000003        1.9128718400223751E-007   1.0000000000000000E-002
  0.41500000000000004        1.9955157749536050E-007   1.0000000000000000E-002
  0.42499999999999999        2.0813192251603966E-007   1.0000000000000000E-002
  0.43500000000000000        2.1704446494377725E-007   1.0000000000000000E-002
  0.44500000000000001        2.2630645458826003E-007   1.0000000000000000E-002
  0.45500000000000002        2.3593630438283599E-007   1.0000000000000000E-002
  0.46500000000000002        2.4595420355858790E-007   1.0000000000000000E-002
  0.47500000000000003        2.5638420895116579E-007   1.0000000000000000E-002
  0.48499999999999999        2.6725435392454263E-007   1.0000000000000000E-002
  0.49500000000000000        2.7859606914651822E-007   1.0000000000000000E-002
  0.50500000000000000        2.9044478326619703E-007   1.0000000000000000E-002
  0.51500000000000001        3.0284024416668694E-007   1.0000000000000000E-002
  0.52500000000000002        3.1582771309995651E-007   1.0000000000000000E-002
  0.53500000000000003        3.2945796008776468E-007   1.0000000000000000E-002
  0.54500000000000004        3.4378805150639188E-007   1.0000000000000000E-002
  0.55500000000000005        3.5888250240379142E-007   1.0000000000000000E-002
  0.56500000000000006        3.7481348816222196E-007   1.0000000000000000E-002
  0.57500000000000007        3.9166163296598220E-007   1.0000000000000000E-002
  0.58499999999999996        4.0951691199891262E-007   1.0000000000000000E-002
  0.59499999999999997        4.2847987411726991E-007   1.0000000000000000E-002
  0.60499999999999998        4.4866244725571727E-007   1.0000000000000000E-002
  0.61499999999999999        4.7018887875098080E-007   1.0000000000000000E-002
  0.62500000000000000        4.9319667476559666E-007   1.0000000000000000E-002
  0.63500000000000001        5.1783774554949659E-007   1.0000000000000000E-002
  0.64500000000000002        5.4427945832899992E-007   1.0000000000000000E-002
  0.65500000000000003        5.7270526888639593E-007   1.0000000000000000E-002
  0.66500000000000004        6.0331720579938412E-007   1.0000000000000000E-002
  0.67500000000000004        6.3633983824403076E-007   1.0000000000000000E-002
  0.68500000000000005        6.7202378398375568E-007   1.0000000000000000E-002
  0.69500000000000006        7.1064929339085372E-007   1.0000000000000000E-002
  0.70499999999999996        7.5252988256519001E-007   1.0000000000000000E-002
  0.71499999999999997        7.9801630088796345E-007   1.0000000000000000E-002
  0.72499999999999998        8.4750012710539766E-007   1.0000000000000000E-002
  0.73499999999999999        9.0141872476992247E-007   1.0000000000000000E-002
  0.74500000000000000        9.6026041532228102E-007   1.0000000000000000E-002
  0.75500000000000000        1.0245682221737775E-006   1.0000000000000000E-002
  0.76500000000000001        1.0949451013351162E-006   1.0000000000000000E-002
  0.77500000000000002        1.1720754421706630E-006   1.0000000000000000E-002
  0.78500000000000003        1.2568161416465390E-006   1.0000000000000000E-002
  0.79500000000000004        1.3502774577042262E-006   1.0000000000000000E-002
  0.80500000000000005        1.4538186677560091E-006   1.0000000000000000E-002
  0.81500000000000006        1.5691129265683837E-006   1.0000000000000000E-002
  0.82500000000000007        1.6981712282459715E-006   1.0000000000000000E-002
  0.83499999999999996        1.8433860317556216E-006   1.0000000000000000E-002
  0.84499999999999997        2.0076458583449272E-006   1.0000000000000000E-002
  0.85499999999999998        2.1943904991563196E-006   1.0000000000000000E-002
  0.86499999999999999        2.4076852949229513E-006   1.0000000000000000E-002
  0.87500000000000000        2.6523368269251243E-006   1.0000000000000000E-002
  0.88500000000000001        2.9343998943332436E-006   1.0000000000000000E-002
  0.89500000000000002        3.2618764811813173E-006   1.0000000000000000E-002
  0.90500000000000003        3.6449563729045113E-006   1.0000000000000000E-002
  0.91500000000000004        4.0963410372578281E-006   1.0000000000000000E-002
  0.92500000000000004        4.6317433799531577E-006   1.0000000000000000E-002
  0.93500000000000005        5.2702062646726507E-006   1.0000000000000000E-002
  0.94500000000000006        6.0353224854919472E-006   1.0000000000000000E-002
  0.95500000000000007        6.9623979196570776E-006   1.0000000000000000E-002
  0.96499999999999997        8.1162566739534317E-006   1.0000000000000000E-002
  0.97499999999999998        9.6083243831489889E-006   1.0000000000000000E-002
  0.98499999999999999        1.1633466630681075E-005   1.0000000000000000E-002
  0.99500000000000000        1.4734282984673439E-005   1.0000000000000000E-002
