DEG	LO2	NLO2	N2LO2	N3LO2	N4LO1	N4LO2	N4LO3	N4LO4	N4LO+
0	2.247	3.415	3.998	4.159	3.858	4.029	4.185	4.307	4.014
1	2.248	3.416	3.998	4.159	3.858	4.029	4.185	4.307	4.015
2	2.25	3.417	3.999	4.159	3.859	4.03	4.186	4.307	4.015
3	2.254	3.418	4	4.16	3.86	4.031	4.186	4.308	4.016
4	2.259	3.42	4.001	4.161	3.861	4.032	4.187	4.309	4.017
5	2.266	3.423	4.003	4.163	3.863	4.034	4.189	4.31	4.019
6	2.274	3.426	4.005	4.164	3.865	4.035	4.19	4.311	4.021
7	2.284	3.43	4.007	4.166	3.868	4.038	4.192	4.313	4.023
8	2.296	3.435	4.01	4.168	3.871	4.04	4.194	4.314	4.026
9	2.308	3.439	4.013	4.171	3.874	4.043	4.196	4.316	4.029
10	2.322	3.445	4.016	4.173	3.878	4.045	4.199	4.318	4.032
11	2.337	3.45	4.02	4.176	3.882	4.049	4.201	4.32	4.035
12	2.353	3.456	4.023	4.179	3.886	4.052	4.204	4.322	4.038
13	2.371	3.463	4.027	4.182	3.89	4.055	4.206	4.324	4.042
14	2.389	3.469	4.031	4.184	3.894	4.058	4.209	4.326	4.046
15	2.409	3.476	4.035	4.187	3.898	4.062	4.211	4.328	4.049
16	2.429	3.483	4.039	4.19	3.903	4.065	4.214	4.33	4.053
17	2.451	3.49	4.043	4.193	3.907	4.068	4.216	4.332	4.056
18	2.473	3.497	4.047	4.196	3.912	4.071	4.219	4.334	4.06
19	2.496	3.504	4.051	4.198	3.916	4.074	4.221	4.335	4.063
20	2.519	3.511	4.054	4.201	3.92	4.077	4.223	4.336	4.066
21	2.543	3.518	4.057	4.203	3.924	4.08	4.224	4.337	4.069
22	2.567	3.524	4.06	4.204	3.927	4.082	4.225	4.337	4.072
23	2.591	3.531	4.063	4.206	3.931	4.084	4.226	4.337	4.074
24	2.616	3.537	4.065	4.206	3.934	4.085	4.227	4.337	4.076
25	2.641	3.542	4.067	4.207	3.936	4.086	4.226	4.336	4.077
26	2.666	3.547	4.068	4.207	3.938	4.087	4.226	4.334	4.078
27	2.691	3.552	4.069	4.206	3.94	4.087	4.225	4.332	4.078
28	2.716	3.556	4.069	4.205	3.941	4.086	4.223	4.329	4.078
29	2.741	3.559	4.069	4.204	3.941	4.085	4.22	4.326	4.077
30	2.765	3.562	4.068	4.201	3.941	4.083	4.217	4.322	4.075
31	2.789	3.564	4.066	4.198	3.94	4.081	4.213	4.317	4.073
32	2.813	3.565	4.063	4.194	3.938	4.077	4.209	4.311	4.069
33	2.836	3.565	4.06	4.19	3.936	4.073	4.203	4.305	4.065
34	2.858	3.565	4.056	4.184	3.933	4.069	4.197	4.298	4.061
35	2.88	3.563	4.051	4.178	3.929	4.063	4.19	4.289	4.055
36	2.901	3.561	4.045	4.171	3.924	4.056	4.182	4.28	4.049
37	2.921	3.557	4.038	4.163	3.918	4.049	4.174	4.271	4.041
38	2.94	3.553	4.03	4.155	3.911	4.041	4.164	4.26	4.033
39	2.958	3.547	4.022	4.145	3.904	4.031	4.153	4.248	4.024
40	2.976	3.541	4.012	4.135	3.895	4.021	4.142	4.235	4.013
41	2.992	3.533	4.001	4.123	3.886	4.01	4.129	4.222	4.002
42	3.007	3.524	3.99	4.111	3.876	3.998	4.116	4.207	3.99
43	3.021	3.514	3.977	4.097	3.864	3.985	4.101	4.192	3.977
44	3.034	3.503	3.963	4.083	3.852	3.971	4.086	4.175	3.963
45	3.046	3.491	3.949	4.068	3.839	3.956	4.07	4.158	3.947
46	3.056	3.478	3.933	4.052	3.824	3.94	4.053	4.14	3.931
47	3.066	3.464	3.917	4.035	3.809	3.923	4.034	4.12	3.914
48	3.073	3.448	3.899	4.017	3.793	3.906	4.015	4.1	3.896
49	3.08	3.432	3.881	3.999	3.776	3.887	3.995	4.079	3.877
50	3.085	3.414	3.861	3.979	3.758	3.868	3.975	4.057	3.857
51	3.089	3.396	3.841	3.958	3.739	3.847	3.953	4.035	3.836
52	3.092	3.376	3.82	3.937	3.719	3.826	3.93	4.011	3.815
53	3.093	3.355	3.797	3.915	3.698	3.804	3.907	3.987	3.792
54	3.093	3.334	3.774	3.892	3.677	3.781	3.883	3.961	3.769
55	3.092	3.311	3.751	3.869	3.655	3.757	3.858	3.936	3.744
56	3.089	3.288	3.726	3.844	3.631	3.733	3.833	3.909	3.719
57	3.085	3.263	3.701	3.819	3.608	3.708	3.806	3.882	3.694
58	3.08	3.238	3.675	3.794	3.583	3.682	3.779	3.854	3.667
59	3.074	3.212	3.648	3.767	3.558	3.656	3.752	3.825	3.64
60	3.066	3.185	3.62	3.741	3.532	3.629	3.724	3.796	3.612
61	3.057	3.158	3.592	3.713	3.505	3.601	3.695	3.767	3.584
62	3.047	3.13	3.564	3.685	3.478	3.573	3.666	3.737	3.555
63	3.036	3.101	3.535	3.657	3.451	3.545	3.636	3.706	3.526
64	3.023	3.072	3.505	3.628	3.423	3.516	3.606	3.676	3.496
65	3.01	3.042	3.475	3.599	3.394	3.486	3.576	3.644	3.466
66	2.995	3.011	3.445	3.57	3.365	3.457	3.545	3.613	3.435
67	2.979	2.981	3.414	3.54	3.336	3.427	3.515	3.581	3.405
68	2.963	2.95	3.383	3.51	3.307	3.396	3.483	3.549	3.373
69	2.945	2.918	3.352	3.479	3.277	3.366	3.452	3.517	3.342
70	2.926	2.887	3.321	3.449	3.247	3.335	3.421	3.485	3.31
71	2.907	2.855	3.289	3.419	3.217	3.304	3.389	3.453	3.279
72	2.887	2.823	3.257	3.388	3.186	3.274	3.357	3.42	3.247
73	2.866	2.791	3.225	3.357	3.156	3.243	3.326	3.388	3.215
74	2.844	2.758	3.194	3.327	3.126	3.212	3.294	3.356	3.183
75	2.822	2.726	3.162	3.296	3.095	3.181	3.263	3.324	3.152
76	2.799	2.694	3.13	3.266	3.065	3.15	3.231	3.292	3.12
77	2.775	2.662	3.099	3.235	3.035	3.119	3.2	3.26	3.089
78	2.751	2.63	3.067	3.205	3.004	3.089	3.169	3.228	3.057
79	2.726	2.599	3.036	3.175	2.974	3.059	3.138	3.197	3.026
80	2.701	2.567	3.005	3.145	2.945	3.029	3.108	3.166	2.995
81	2.675	2.536	2.974	3.116	2.915	2.999	3.077	3.136	2.965
82	2.649	2.505	2.944	3.086	2.886	2.97	3.048	3.105	2.935
83	2.623	2.475	2.914	3.058	2.857	2.941	3.018	3.076	2.905
84	2.596	2.445	2.884	3.029	2.828	2.912	2.989	3.046	2.876
85	2.569	2.415	2.855	3.001	2.8	2.884	2.961	3.017	2.847
86	2.542	2.386	2.826	2.973	2.772	2.856	2.933	2.989	2.819
87	2.515	2.358	2.798	2.946	2.745	2.829	2.905	2.961	2.791
88	2.488	2.33	2.771	2.92	2.718	2.802	2.878	2.934	2.763
89	2.46	2.303	2.743	2.894	2.692	2.776	2.852	2.908	2.737
90	2.433	2.276	2.717	2.868	2.666	2.75	2.826	2.882	2.711
91	2.405	2.25	2.691	2.843	2.641	2.725	2.801	2.856	2.685
92	2.378	2.225	2.666	2.819	2.617	2.701	2.777	2.832	2.66
93	2.35	2.201	2.641	2.795	2.593	2.677	2.753	2.808	2.636
94	2.323	2.177	2.617	2.772	2.569	2.654	2.73	2.785	2.613
95	2.296	2.154	2.594	2.749	2.547	2.632	2.707	2.763	2.59
96	2.269	2.132	2.572	2.728	2.525	2.61	2.686	2.741	2.568
97	2.243	2.111	2.55	2.707	2.504	2.59	2.665	2.72	2.547
98	2.216	2.09	2.529	2.686	2.483	2.569	2.645	2.7	2.527
99	2.19	2.071	2.509	2.667	2.463	2.55	2.626	2.681	2.507
100	2.164	2.052	2.49	2.648	2.444	2.531	2.607	2.662	2.488
101	2.139	2.034	2.471	2.63	2.426	2.514	2.589	2.645	2.47
102	2.114	2.017	2.453	2.612	2.408	2.496	2.573	2.628	2.453
103	2.089	2.001	2.437	2.595	2.392	2.48	2.556	2.612	2.437
104	2.065	1.986	2.42	2.58	2.376	2.465	2.541	2.597	2.422
105	2.041	1.972	2.405	2.564	2.36	2.45	2.527	2.583	2.407
106	2.018	1.959	2.391	2.55	2.346	2.436	2.513	2.569	2.393
107	1.995	1.947	2.377	2.536	2.332	2.423	2.5	2.557	2.38
108	1.973	1.935	2.365	2.524	2.32	2.411	2.489	2.545	2.368
109	1.951	1.925	2.353	2.512	2.307	2.399	2.477	2.534	2.357
110	1.93	1.916	2.342	2.5	2.296	2.389	2.467	2.524	2.347
111	1.909	1.907	2.332	2.49	2.286	2.379	2.458	2.515	2.338
112	1.889	1.9	2.323	2.48	2.276	2.37	2.449	2.507	2.329
113	1.87	1.893	2.314	2.471	2.267	2.362	2.441	2.5	2.321
114	1.851	1.888	2.307	2.463	2.259	2.354	2.434	2.493	2.314
115	1.833	1.883	2.3	2.455	2.252	2.348	2.428	2.487	2.308
116	1.815	1.879	2.294	2.449	2.245	2.342	2.423	2.482	2.303
117	1.798	1.877	2.289	2.443	2.239	2.337	2.418	2.478	2.299
118	1.782	1.875	2.285	2.437	2.234	2.332	2.414	2.475	2.295
119	1.767	1.873	2.281	2.433	2.23	2.329	2.411	2.472	2.292
120	1.752	1.873	2.278	2.429	2.227	2.326	2.409	2.47	2.29
121	1.737	1.874	2.277	2.426	2.224	2.324	2.407	2.469	2.289
122	1.724	1.875	2.275	2.423	2.221	2.322	2.406	2.469	2.288
123	1.711	1.877	2.275	2.421	2.22	2.321	2.406	2.469	2.288
124	1.698	1.88	2.275	2.42	2.219	2.321	2.407	2.47	2.289
125	1.687	1.884	2.276	2.419	2.219	2.322	2.408	2.471	2.29
126	1.676	1.889	2.278	2.419	2.219	2.323	2.41	2.474	2.293
127	1.666	1.894	2.28	2.42	2.22	2.325	2.412	2.477	2.295
128	1.656	1.9	2.283	2.421	2.222	2.327	2.415	2.48	2.299
129	1.647	1.906	2.286	2.423	2.224	2.33	2.418	2.484	2.303
130	1.639	1.913	2.29	2.425	2.227	2.333	2.422	2.489	2.307
131	1.631	1.921	2.295	2.427	2.23	2.337	2.427	2.494	2.313
132	1.624	1.93	2.3	2.431	2.234	2.342	2.432	2.5	2.318
133	1.617	1.939	2.306	2.434	2.238	2.347	2.438	2.506	2.324
134	1.611	1.948	2.312	2.438	2.243	2.352	2.444	2.513	2.331
135	1.606	1.958	2.318	2.443	2.248	2.358	2.45	2.52	2.338
136	1.601	1.968	2.326	2.448	2.254	2.364	2.457	2.527	2.346
137	1.597	1.979	2.333	2.453	2.26	2.371	2.464	2.535	2.354
138	1.593	1.99	2.341	2.458	2.266	2.378	2.472	2.543	2.362
139	1.59	2.002	2.349	2.464	2.272	2.385	2.48	2.552	2.37
140	1.588	2.014	2.358	2.47	2.279	2.392	2.488	2.56	2.379
141	1.586	2.026	2.366	2.477	2.287	2.4	2.497	2.57	2.388
142	1.584	2.039	2.376	2.483	2.294	2.408	2.505	2.579	2.398
143	1.583	2.051	2.385	2.49	2.302	2.417	2.514	2.588	2.407
144	1.582	2.064	2.394	2.497	2.31	2.425	2.523	2.598	2.417
145	1.581	2.077	2.404	2.505	2.318	2.434	2.533	2.608	2.427
146	1.581	2.09	2.414	2.512	2.326	2.442	2.542	2.618	2.437
147	1.581	2.104	2.424	2.52	2.334	2.451	2.552	2.628	2.448
148	1.582	2.117	2.434	2.527	2.343	2.46	2.561	2.638	2.458
149	1.583	2.13	2.444	2.535	2.351	2.469	2.571	2.648	2.468
150	1.584	2.144	2.454	2.543	2.36	2.478	2.58	2.658	2.479
151	1.585	2.157	2.464	2.55	2.368	2.487	2.59	2.668	2.489
152	1.587	2.17	2.474	2.558	2.377	2.496	2.599	2.678	2.499
153	1.589	2.183	2.484	2.566	2.385	2.505	2.609	2.688	2.509
154	1.591	2.196	2.494	2.573	2.394	2.514	2.618	2.698	2.519
155	1.593	2.208	2.504	2.581	2.402	2.523	2.628	2.708	2.529
156	1.595	2.221	2.514	2.588	2.41	2.532	2.637	2.718	2.539
157	1.598	2.233	2.523	2.596	2.418	2.54	2.646	2.727	2.549
158	1.6	2.245	2.532	2.603	2.426	2.548	2.654	2.736	2.558
159	1.603	2.257	2.542	2.61	2.434	2.556	2.663	2.745	2.567
160	1.605	2.268	2.55	2.617	2.441	2.564	2.671	2.754	2.576
161	1.608	2.279	2.559	2.623	2.449	2.572	2.679	2.762	2.585
162	1.611	2.289	2.567	2.63	2.456	2.579	2.687	2.77	2.593
163	1.613	2.3	2.575	2.636	2.462	2.586	2.694	2.778	2.601
164	1.616	2.309	2.583	2.642	2.469	2.593	2.702	2.786	2.609
165	1.618	2.318	2.59	2.647	2.475	2.6	2.708	2.793	2.616
166	1.621	2.327	2.597	2.653	2.481	2.606	2.715	2.8	2.623
167	1.623	2.335	2.603	2.658	2.487	2.612	2.721	2.806	2.629
168	1.626	2.343	2.609	2.662	2.492	2.617	2.727	2.812	2.636
169	1.628	2.35	2.615	2.667	2.497	2.622	2.732	2.817	2.641
170	1.63	2.357	2.62	2.671	2.501	2.627	2.737	2.822	2.646
171	1.632	2.363	2.625	2.674	2.505	2.631	2.741	2.827	2.651
172	1.633	2.368	2.629	2.678	2.509	2.635	2.745	2.831	2.656
173	1.635	2.373	2.633	2.681	2.512	2.638	2.749	2.835	2.659
174	1.636	2.377	2.636	2.683	2.515	2.641	2.752	2.838	2.663
175	1.637	2.381	2.639	2.686	2.517	2.644	2.755	2.841	2.666
176	1.638	2.384	2.642	2.687	2.519	2.646	2.757	2.843	2.668
177	1.639	2.386	2.643	2.689	2.521	2.647	2.758	2.845	2.67
178	1.639	2.388	2.645	2.69	2.522	2.648	2.76	2.846	2.671
179	1.64	2.389	2.645	2.69	2.523	2.649	2.76	2.847	2.672
180	1.64	2.389	2.646	2.691	2.523	2.649	2.761	2.847	2.672
