DEG	LO2	NLO2	N2LO2	N3LO2	N4LO1	N4LO2	N4LO3	N4LO4	N4LO+2	AV18
0	3.027	4.372	4.929	5.062	4.799	4.95	5.092	5.198	4.941	5.088
1	3.028	4.373	4.93	5.063	4.8	4.951	5.093	5.199	4.942	5.088
2	3.033	4.376	4.933	5.065	4.803	4.954	5.096	5.202	4.944	5.091
3	3.042	4.381	4.937	5.07	4.807	4.958	5.1	5.206	4.949	5.095
4	3.053	4.389	4.944	5.076	4.814	4.965	5.106	5.212	4.956	5.101
5	3.068	4.398	4.953	5.084	4.822	4.973	5.114	5.22	4.964	5.109
6	3.086	4.41	4.963	5.094	4.833	4.983	5.124	5.23	4.974	5.118
7	3.107	4.424	4.975	5.106	4.845	4.995	5.136	5.241	4.986	5.129
8	3.131	4.439	4.989	5.119	4.858	5.008	5.149	5.254	4.999	5.142
9	3.158	4.456	5.005	5.134	4.874	5.023	5.163	5.268	5.014	5.156
10	3.188	4.476	5.022	5.15	4.891	5.04	5.179	5.284	5.031	5.171
11	3.22	4.497	5.041	5.168	4.91	5.058	5.197	5.301	5.049	5.188
12	3.256	4.519	5.061	5.187	4.93	5.077	5.216	5.319	5.068	5.206
13	3.294	4.543	5.083	5.207	4.951	5.098	5.236	5.339	5.089	5.226
14	3.334	4.569	5.106	5.229	4.974	5.12	5.257	5.36	5.111	5.246
15	3.377	4.596	5.13	5.252	4.997	5.143	5.28	5.382	5.134	5.268
16	3.422	4.624	5.155	5.276	5.022	5.167	5.303	5.405	5.159	5.29
17	3.469	4.653	5.182	5.301	5.048	5.192	5.328	5.429	5.184	5.314
18	3.519	4.684	5.209	5.326	5.075	5.218	5.353	5.454	5.21	5.338
19	3.569	4.715	5.237	5.353	5.103	5.245	5.379	5.479	5.237	5.362
20	3.622	4.747	5.266	5.38	5.131	5.272	5.405	5.505	5.264	5.388
21	3.676	4.78	5.295	5.407	5.16	5.3	5.432	5.531	5.292	5.413
22	3.731	4.813	5.324	5.435	5.189	5.328	5.46	5.558	5.321	5.439
23	3.788	4.847	5.354	5.463	5.219	5.357	5.487	5.585	5.349	5.466
24	3.845	4.88	5.384	5.492	5.249	5.385	5.515	5.612	5.378	5.492
25	3.903	4.914	5.415	5.52	5.279	5.414	5.543	5.639	5.407	5.518
26	3.962	4.948	5.445	5.548	5.309	5.443	5.571	5.666	5.436	5.544
27	4.022	4.982	5.475	5.577	5.338	5.471	5.598	5.693	5.465	5.57
28	4.081	5.016	5.505	5.605	5.368	5.5	5.626	5.719	5.493	5.596
29	4.141	5.049	5.534	5.632	5.397	5.527	5.653	5.745	5.521	5.621
30	4.201	5.082	5.563	5.659	5.426	5.555	5.679	5.771	5.548	5.646
31	4.261	5.114	5.591	5.686	5.454	5.582	5.705	5.796	5.575	5.67
32	4.321	5.145	5.619	5.712	5.481	5.608	5.73	5.82	5.601	5.693
33	4.38	5.176	5.646	5.737	5.508	5.633	5.754	5.843	5.626	5.715
34	4.438	5.206	5.671	5.761	5.534	5.657	5.777	5.865	5.651	5.737
35	4.496	5.234	5.696	5.784	5.558	5.681	5.799	5.886	5.674	5.757
36	4.552	5.261	5.72	5.806	5.582	5.703	5.82	5.907	5.696	5.776
37	4.608	5.287	5.742	5.827	5.605	5.724	5.84	5.926	5.717	5.794
38	4.663	5.312	5.763	5.846	5.626	5.744	5.859	5.943	5.737	5.811
39	4.716	5.335	5.783	5.865	5.646	5.762	5.876	5.96	5.755	5.826
40	4.768	5.357	5.801	5.882	5.664	5.779	5.892	5.974	5.772	5.84
41	4.818	5.377	5.818	5.897	5.681	5.795	5.906	5.988	5.788	5.852
42	4.866	5.395	5.833	5.911	5.697	5.809	5.919	6	5.801	5.863
43	4.913	5.412	5.847	5.923	5.71	5.821	5.93	6.01	5.814	5.872
44	4.958	5.426	5.859	5.934	5.723	5.832	5.94	6.019	5.824	5.88
45	5.001	5.439	5.869	5.943	5.733	5.841	5.947	6.026	5.833	5.886
46	5.042	5.45	5.877	5.951	5.742	5.848	5.954	6.031	5.84	5.89
47	5.081	5.459	5.884	5.956	5.749	5.854	5.958	6.034	5.846	5.892
48	5.117	5.466	5.888	5.96	5.754	5.858	5.961	6.036	5.849	5.893
49	5.152	5.471	5.891	5.962	5.758	5.86	5.961	6.036	5.851	5.892
50	5.184	5.474	5.892	5.963	5.759	5.86	5.96	6.034	5.851	5.889
51	5.213	5.475	5.891	5.961	5.759	5.858	5.958	6.03	5.849	5.884
52	5.241	5.474	5.888	5.958	5.757	5.855	5.953	6.025	5.845	5.878
53	5.266	5.471	5.884	5.953	5.753	5.849	5.946	6.017	5.839	5.869
54	5.288	5.466	5.877	5.946	5.747	5.842	5.938	6.008	5.831	5.859
55	5.308	5.459	5.868	5.937	5.74	5.833	5.928	5.997	5.822	5.847
56	5.325	5.45	5.858	5.927	5.73	5.822	5.916	5.984	5.811	5.834
57	5.34	5.439	5.846	5.914	5.719	5.81	5.903	5.97	5.798	5.818
58	5.353	5.426	5.832	5.9	5.706	5.795	5.887	5.954	5.783	5.801
59	5.363	5.411	5.816	5.885	5.691	5.779	5.87	5.936	5.766	5.782
60	5.37	5.394	5.798	5.867	5.674	5.762	5.851	5.916	5.748	5.762
61	5.375	5.375	5.779	5.848	5.656	5.742	5.831	5.895	5.728	5.74
62	5.377	5.354	5.757	5.828	5.636	5.721	5.809	5.872	5.707	5.716
63	5.377	5.332	5.735	5.805	5.615	5.699	5.785	5.848	5.683	5.691
64	5.375	5.308	5.71	5.782	5.592	5.674	5.76	5.822	5.659	5.665
65	5.37	5.282	5.685	5.756	5.567	5.649	5.733	5.795	5.633	5.637
66	5.363	5.255	5.657	5.73	5.541	5.622	5.705	5.766	5.605	5.608
67	5.353	5.226	5.629	5.702	5.514	5.593	5.676	5.736	5.576	5.577
68	5.342	5.196	5.598	5.673	5.485	5.564	5.646	5.705	5.546	5.545
69	5.328	5.164	5.567	5.642	5.455	5.533	5.614	5.672	5.514	5.513
70	5.312	5.131	5.534	5.61	5.424	5.501	5.581	5.639	5.481	5.479
71	5.293	5.097	5.5	5.578	5.391	5.467	5.547	5.604	5.447	5.444
72	5.273	5.061	5.465	5.544	5.358	5.433	5.512	5.568	5.413	5.408
73	5.251	5.024	5.429	5.509	5.323	5.398	5.476	5.532	5.377	5.371
74	5.227	4.987	5.392	5.473	5.287	5.361	5.439	5.494	5.34	5.333
75	5.201	4.948	5.355	5.436	5.251	5.324	5.401	5.456	5.302	5.294
76	5.173	4.909	5.316	5.399	5.214	5.286	5.362	5.417	5.264	5.255
77	5.143	4.868	5.276	5.361	5.176	5.248	5.323	5.377	5.224	5.216
78	5.112	4.827	5.236	5.322	5.137	5.208	5.283	5.337	5.185	5.175
79	5.08	4.786	5.195	5.282	5.098	5.169	5.243	5.296	5.144	5.134
80	5.046	4.743	5.154	5.242	5.058	5.128	5.202	5.255	5.103	5.093
81	5.01	4.701	5.112	5.202	5.017	5.087	5.16	5.213	5.062	5.052
82	4.973	4.657	5.07	5.161	4.977	5.046	5.119	5.171	5.02	5.01
83	4.935	4.614	5.027	5.119	4.935	5.004	5.077	5.129	4.978	4.968
84	4.895	4.57	4.984	5.078	4.894	4.963	5.034	5.086	4.936	4.926
85	4.855	4.526	4.941	5.036	4.852	4.921	4.992	5.043	4.893	4.883
86	4.813	4.482	4.898	4.994	4.81	4.878	4.949	5.001	4.85	4.841
87	4.771	4.438	4.854	4.952	4.768	4.836	4.907	4.958	4.808	4.799
88	4.727	4.393	4.811	4.91	4.726	4.794	4.864	4.915	4.765	4.757
89	4.683	4.349	4.768	4.868	4.684	4.752	4.822	4.872	4.723	4.715
90	4.638	4.305	4.724	4.826	4.642	4.71	4.78	4.83	4.68	4.673
91	4.592	4.262	4.681	4.784	4.6	4.668	4.738	4.788	4.638	4.632
92	4.546	4.218	4.638	4.743	4.559	4.626	4.696	4.746	4.596	4.591
93	4.499	4.175	4.596	4.701	4.517	4.585	4.654	4.704	4.554	4.55
94	4.452	4.132	4.554	4.66	4.476	4.544	4.613	4.663	4.513	4.51
95	4.404	4.09	4.512	4.619	4.435	4.503	4.572	4.622	4.472	4.47
96	4.356	4.048	4.47	4.579	4.395	4.462	4.532	4.581	4.431	4.431
97	4.308	4.006	4.429	4.539	4.355	4.423	4.492	4.542	4.391	4.392
98	4.259	3.966	4.388	4.499	4.315	4.383	4.452	4.502	4.352	4.354
99	4.211	3.925	4.348	4.46	4.276	4.344	4.413	4.463	4.313	4.316
100	4.162	3.886	4.309	4.422	4.237	4.306	4.375	4.425	4.274	4.28
101	4.113	3.847	4.27	4.384	4.199	4.268	4.338	4.388	4.236	4.243
102	4.064	3.809	4.232	4.346	4.162	4.231	4.301	4.351	4.199	4.208
103	4.016	3.772	4.195	4.309	4.125	4.195	4.264	4.315	4.163	4.174
104	3.967	3.736	4.158	4.273	4.089	4.159	4.229	4.279	4.127	4.14
105	3.919	3.7	4.122	4.238	4.054	4.124	4.194	4.245	4.093	4.107
106	3.871	3.665	4.087	4.203	4.019	4.09	4.16	4.211	4.058	4.075
107	3.823	3.632	4.053	4.169	3.986	4.057	4.127	4.178	4.025	4.044
108	3.776	3.599	4.019	4.136	3.952	4.024	4.095	4.146	3.993	4.014
109	3.729	3.567	3.986	4.104	3.92	3.992	4.063	4.115	3.961	3.984
110	3.682	3.536	3.955	4.072	3.889	3.961	4.033	4.085	3.931	3.956
111	3.636	3.506	3.924	4.041	3.858	3.931	4.003	4.055	3.901	3.928
112	3.59	3.477	3.894	4.011	3.828	3.902	3.974	4.027	3.872	3.902
113	3.545	3.45	3.864	3.982	3.799	3.874	3.946	3.999	3.844	3.876
114	3.501	3.423	3.836	3.954	3.771	3.846	3.919	3.972	3.817	3.852
115	3.457	3.397	3.809	3.926	3.744	3.82	3.893	3.946	3.79	3.828
116	3.414	3.372	3.783	3.9	3.718	3.794	3.868	3.921	3.765	3.805
117	3.371	3.349	3.757	3.874	3.692	3.769	3.843	3.898	3.741	3.784
118	3.329	3.326	3.733	3.849	3.667	3.745	3.82	3.875	3.718	3.763
119	3.288	3.305	3.709	3.825	3.644	3.722	3.797	3.852	3.695	3.743
120	3.248	3.284	3.687	3.802	3.621	3.7	3.776	3.831	3.674	3.724
121	3.208	3.265	3.665	3.78	3.599	3.679	3.755	3.811	3.653	3.707
122	3.169	3.246	3.644	3.758	3.578	3.659	3.736	3.792	3.633	3.69
123	3.131	3.229	3.624	3.738	3.558	3.639	3.717	3.773	3.615	3.674
124	3.094	3.212	3.606	3.718	3.539	3.621	3.699	3.756	3.597	3.659
125	3.057	3.197	3.588	3.699	3.52	3.603	3.682	3.739	3.58	3.645
126	3.022	3.182	3.571	3.681	3.502	3.587	3.666	3.724	3.564	3.632
127	2.987	3.169	3.554	3.664	3.486	3.571	3.65	3.709	3.549	3.619
128	2.953	3.157	3.539	3.648	3.47	3.556	3.636	3.695	3.534	3.608
129	2.92	3.145	3.525	3.632	3.455	3.541	3.622	3.682	3.521	3.597
130	2.888	3.134	3.511	3.617	3.44	3.528	3.609	3.669	3.508	3.587
131	2.857	3.125	3.498	3.603	3.427	3.515	3.597	3.658	3.496	3.578
132	2.826	3.116	3.486	3.59	3.414	3.503	3.586	3.647	3.485	3.57
133	2.797	3.108	3.475	3.577	3.402	3.492	3.576	3.637	3.475	3.563
134	2.768	3.1	3.465	3.565	3.391	3.482	3.566	3.628	3.465	3.556
135	2.74	3.094	3.455	3.554	3.38	3.472	3.557	3.62	3.456	3.55
136	2.713	3.088	3.446	3.544	3.37	3.463	3.548	3.612	3.448	3.545
137	2.687	3.084	3.438	3.534	3.361	3.455	3.541	3.605	3.441	3.541
138	2.662	3.079	3.43	3.525	3.353	3.447	3.534	3.598	3.434	3.537
139	2.638	3.076	3.423	3.516	3.345	3.44	3.527	3.592	3.428	3.533
140	2.614	3.073	3.417	3.508	3.337	3.433	3.522	3.587	3.422	3.531
141	2.592	3.071	3.411	3.501	3.331	3.428	3.516	3.582	3.417	3.528
142	2.57	3.069	3.406	3.494	3.324	3.422	3.512	3.578	3.413	3.527
143	2.549	3.068	3.402	3.488	3.319	3.418	3.508	3.575	3.409	3.526
144	2.529	3.068	3.398	3.482	3.314	3.413	3.504	3.572	3.406	3.525
145	2.51	3.068	3.394	3.477	3.309	3.409	3.501	3.569	3.403	3.525
146	2.491	3.068	3.391	3.472	3.305	3.406	3.498	3.567	3.4	3.525
147	2.473	3.069	3.388	3.468	3.301	3.403	3.496	3.565	3.398	3.526
148	2.456	3.07	3.386	3.464	3.298	3.401	3.494	3.564	3.397	3.526
149	2.44	3.072	3.384	3.46	3.295	3.399	3.493	3.563	3.396	3.528
150	2.424	3.074	3.383	3.457	3.293	3.397	3.492	3.562	3.395	3.529
151	2.409	3.076	3.382	3.454	3.29	3.395	3.491	3.562	3.394	3.531
152	2.395	3.079	3.381	3.452	3.289	3.394	3.49	3.562	3.394	3.533
153	2.382	3.081	3.381	3.45	3.287	3.394	3.49	3.562	3.394	3.535
154	2.369	3.084	3.381	3.448	3.286	3.393	3.49	3.562	3.394	3.538
155	2.357	3.087	3.381	3.446	3.285	3.393	3.49	3.563	3.395	3.54
156	2.345	3.091	3.381	3.445	3.284	3.393	3.491	3.564	3.395	3.543
157	2.334	3.094	3.381	3.444	3.283	3.393	3.491	3.565	3.396	3.546
158	2.324	3.098	3.382	3.443	3.283	3.393	3.492	3.566	3.397	3.549
159	2.314	3.101	3.383	3.442	3.283	3.393	3.493	3.567	3.398	3.552
160	2.305	3.105	3.383	3.442	3.283	3.394	3.494	3.568	3.4	3.555
161	2.296	3.108	3.384	3.441	3.283	3.394	3.495	3.57	3.401	3.558
162	2.288	3.112	3.386	3.441	3.283	3.395	3.496	3.571	3.402	3.561
163	2.281	3.115	3.387	3.441	3.283	3.396	3.497	3.573	3.404	3.564
164	2.274	3.119	3.388	3.441	3.284	3.397	3.499	3.574	3.405	3.567
165	2.267	3.122	3.389	3.441	3.284	3.398	3.5	3.576	3.406	3.57
166	2.261	3.126	3.39	3.441	3.285	3.399	3.501	3.577	3.408	3.573
167	2.255	3.129	3.391	3.441	3.285	3.4	3.502	3.579	3.409	3.575
168	2.25	3.132	3.393	3.441	3.286	3.4	3.504	3.58	3.411	3.578
169	2.245	3.134	3.394	3.442	3.286	3.401	3.505	3.582	3.412	3.58
170	2.241	3.137	3.395	3.442	3.287	3.402	3.506	3.583	3.413	3.582
171	2.237	3.139	3.396	3.442	3.287	3.403	3.507	3.584	3.414	3.584
172	2.234	3.142	3.397	3.442	3.288	3.404	3.508	3.585	3.415	3.586
173	2.231	3.144	3.397	3.442	3.288	3.404	3.509	3.586	3.416	3.588
174	2.229	3.145	3.398	3.443	3.289	3.405	3.509	3.587	3.417	3.589
175	2.226	3.147	3.399	3.443	3.289	3.405	3.51	3.588	3.418	3.591
176	2.225	3.148	3.399	3.443	3.289	3.406	3.511	3.589	3.419	3.592
177	2.223	3.149	3.4	3.443	3.29	3.406	3.511	3.589	3.419	3.592
178	2.222	3.15	3.4	3.443	3.29	3.407	3.511	3.59	3.419	3.593
179	2.222	3.15	3.4	3.443	3.29	3.407	3.512	3.59	3.42	3.593
180	2.222	3.15	3.4	3.443	3.29	3.407	3.512	3.59	3.42	3.593
