DEG	LO2	NLO2	N2LO2	N3LO2	N4LO1	N4LO2	N4LO3	N4LO4	N4LO+2	AV18
0	-0	-0	-0	-0	-0	-0	-0	-0	-0	-0
1	0.001905	0.004985	0.004444	0.005067	0.004951	0.004925	0.004881	0.004848	0.004623	0.004451
2	0.0038	0.009953999999999999	0.008874	0.01012	0.009887	0.009834000000000001	0.009748	0.009682	0.009231	0.008888999999999999
3	0.005675	0.01489	0.01328	0.01514	0.01479	0.01471	0.01458	0.01449	0.01381	0.0133
4	0.00752	0.01977	0.01763	0.02011	0.01965	0.01954	0.01938	0.01925	0.01835	0.01767
5	0.009325999999999999	0.02459	0.02194	0.02502	0.02444	0.02432	0.02411	0.02395	0.02282	0.02198
6	0.01109	0.02932	0.02617	0.02985	0.02916	0.02901	0.02877	0.02858	0.02723	0.02623
7	0.01279	0.03396	0.03032	0.03459	0.03378	0.03362	0.03334	0.03312	0.03155	0.0304
8	0.01443	0.03849	0.03437	0.03923	0.0383	0.03812	0.03781	0.03757	0.03577	0.03448
9	0.016	0.04289	0.03832	0.04375	0.0427	0.04251	0.04217	0.04191	0.03989	0.03846
10	0.0175	0.04716	0.04216	0.04814	0.04698	0.04677	0.0464	0.04612	0.04388	0.04233
11	0.01891	0.05128	0.04586	0.05239	0.05111	0.0509	0.05051	0.05021	0.04774	0.04607
12	0.02025	0.05524	0.04943	0.05648	0.05509	0.05488	0.05446	0.05415	0.05147	0.04968
13	0.0215	0.05904	0.05286	0.06042	0.05891	0.0587	0.05827	0.05794	0.05504	0.05316
14	0.02265	0.06265999999999999	0.05613	0.06419	0.06257	0.06236	0.06191	0.06158	0.05846	0.05648
15	0.02372	0.06610000000000001	0.05925	0.06778000000000001	0.06605	0.06584	0.06539	0.06504	0.06172	0.05966
16	0.0247	0.06934999999999999	0.0622	0.07119	0.06934	0.06915	0.06869	0.06834	0.06481000000000001	0.06267
17	0.02559	0.07242	0.06498	0.07441	0.07246	0.07227	0.07181	0.07146	0.06772	0.06553
18	0.02638	0.07529	0.06759	0.07743999999999999	0.07538	0.07521	0.07475	0.07439999999999999	0.07045999999999999	0.06821000000000001
19	0.02709	0.07797	0.07003	0.08028	0.0781	0.07795000000000001	0.0775	0.07715	0.07301000000000001	0.07072000000000001
20	0.02771	0.08044999999999999	0.07228999999999999	0.08291	0.08064	0.0805	0.08006000000000001	0.07972	0.07538	0.07306
21	0.02825	0.08273	0.07436	0.08534	0.08297	0.08286	0.08241999999999999	0.08209	0.07757	0.07522
22	0.0287	0.08481	0.07625999999999999	0.08757	0.0851	0.08502	0.08459999999999999	0.08427999999999999	0.07957	0.07721
23	0.02907	0.08669	0.07797	0.08959	0.08704000000000001	0.08698	0.08656999999999999	0.08627	0.08137999999999999	0.07902000000000001
24	0.02936	0.08838	0.07951	0.09141000000000001	0.08877	0.08874	0.08835	0.08806	0.083	0.08064
25	0.02957	0.08988	0.08086	0.09303	0.09031	0.09031	0.08994000000000001	0.08967	0.08444	0.08209
26	0.02972	0.09118	0.08203000000000001	0.09444	0.09164	0.09168	0.09132999999999999	0.09107999999999999	0.08569	0.08337
27	0.02979	0.09229999999999999	0.08303000000000001	0.09565	0.09279	0.09285	0.09253	0.09229999999999999	0.08674999999999999	0.08445999999999999
28	0.0298	0.09322999999999999	0.08384999999999999	0.09666	0.09374	0.09383	0.09354	0.09333	0.08763	0.08538
29	0.02974	0.09397999999999999	0.08449	0.09748	0.0945	0.09463000000000001	0.09436	0.09417	0.08834	0.08613
30	0.02962	0.09455	0.08495999999999999	0.09810000000000001	0.09507	0.09523	0.095	0.09483	0.08885999999999999	0.0867
31	0.02944	0.09495000000000001	0.08527	0.09853000000000001	0.09546	0.09565	0.09544999999999999	0.0953	0.08921	0.0871
32	0.02921	0.09517	0.0854	0.09878000000000001	0.09566	0.09589	0.09572	0.0956	0.08939	0.08734
33	0.02892	0.09523	0.08538	0.09883	0.09569	0.09594999999999999	0.09581000000000001	0.09572	0.08939	0.08741
34	0.02858	0.09513000000000001	0.08519	0.09871000000000001	0.09554	0.09583	0.09572	0.09566	0.08923	0.08733
35	0.0282	0.09487	0.08484	0.0984	0.09523	0.09554	0.09547	0.09543	0.08891	0.08708
36	0.02776	0.09445000000000001	0.08434	0.09791999999999999	0.09474	0.09508	0.09504	0.09503	0.08842	0.08667
37	0.02729	0.09389	0.08369	0.09727	0.09408999999999999	0.09446	0.09445000000000001	0.09446	0.08778	0.08611000000000001
38	0.02676	0.09318	0.08288	0.09644999999999999	0.09327000000000001	0.09368	0.09370000000000001	0.09374	0.08698	0.0854
39	0.0262	0.09232	0.08193	0.09546	0.09229999999999999	0.09273000000000001	0.09278	0.09285	0.08603	0.08454
40	0.0256	0.09132	0.08084	0.09431	0.09118	0.09163	0.09171	0.09181	0.08493000000000001	0.08354
41	0.02496	0.09019000000000001	0.0796	0.09301	0.08989999999999999	0.09037000000000001	0.09049	0.09061	0.08368	0.08239
42	0.02429	0.08893	0.07822999999999999	0.09154	0.08848	0.08896999999999999	0.08912	0.08926000000000001	0.08229	0.08110000000000001
43	0.02357	0.08753	0.07672	0.08993	0.08691	0.08742	0.0876	0.08776	0.08076	0.07967
44	0.02283	0.08599999999999999	0.07507	0.08816	0.0852	0.08572	0.08593000000000001	0.08612	0.0791	0.07811
45	0.02205	0.08434999999999999	0.0733	0.08624999999999999	0.08334	0.08388	0.08412	0.08434	0.07729	0.07641000000000001
46	0.02123	0.08258	0.07139	0.0842	0.08135000000000001	0.08191	0.08217000000000001	0.08241	0.07536	0.07457999999999999
47	0.02039	0.08069	0.06936	0.082	0.07922999999999999	0.07979	0.08008	0.08035	0.07328999999999999	0.07262
48	0.01951	0.07867	0.0672	0.07967	0.07697	0.07754	0.07786	0.07815	0.07109	0.07053
49	0.0186	0.07654	0.06492000000000001	0.07718999999999999	0.07459	0.07516	0.07550999999999999	0.07581	0.06877	0.06832000000000001
50	0.01766	0.07428999999999999	0.06251	0.07459	0.07207	0.07265000000000001	0.07302	0.07335	0.06632	0.06598999999999999
51	0.01669	0.07192999999999999	0.05998	0.07185	0.06943000000000001	0.07001	0.0704	0.07074999999999999	0.06374	0.06353
52	0.01569	0.06945999999999999	0.05734	0.06898	0.06666	0.06725	0.06766	0.06802999999999999	0.06105	0.06095
53	0.01466	0.06687	0.05457	0.06598	0.06378	0.06436	0.06479	0.06518	0.05823	0.05825
54	0.0136	0.06417	0.05169	0.06286	0.06077	0.06135	0.0618	0.06221	0.05529	0.05543
55	0.01251	0.06136	0.04869	0.05961	0.05764	0.05821	0.05868	0.05911	0.05224	0.05249
56	0.0114	0.05845	0.04558	0.05624	0.05439	0.05495	0.05545	0.05589	0.04907	0.04944
57	0.01025	0.05542	0.04235	0.05275	0.05102	0.05158	0.05209	0.05255	0.04578	0.04628
58	0.00907	0.05228	0.039	0.04914	0.04754	0.04809	0.04862	0.0491	0.04238	0.043
59	0.007861	0.04904	0.03555	0.04541	0.04394	0.04448	0.04502	0.04552	0.03887	0.03961
60	0.006623	0.04568	0.03198	0.04157	0.04023	0.04075	0.04132	0.04183	0.03524	0.0361
61	0.005355	0.04222	0.0283	0.0376	0.03641	0.03691	0.03749	0.03802	0.0315	0.03249
62	0.004055	0.03865	0.02451	0.03353	0.03247	0.03296	0.03356	0.0341	0.02765	0.02877
63	0.002725	0.03497	0.02061	0.02934	0.02843	0.0289	0.02951	0.03007	0.02369	0.02494
64	0.001364	0.03118	0.01659	0.02504	0.02427	0.02472	0.02535	0.02592	0.01962	0.021
65	-2.897e-05	0.02728	0.01247	0.02062	0.02	0.02044	0.02107	0.02167	0.01544	0.01695
66	-0.001454	0.02328	0.008244	0.0161	0.01563	0.01604	0.01669	0.01731	0.01115	0.0128
67	-0.002911	0.01916	0.003906	0.01147	0.01115	0.01154	0.01221	0.01283	0.006762	0.008545000000000001
68	-0.004401	0.01494	-0.0005392	0.006739	0.006563	0.00693	0.007612	0.008253999999999999	0.002265	0.004185
69	-0.005924	0.0106	-0.005091	0.001899	0.001871	0.002215	0.002912	0.003571	-0.002337	-0.0002764
70	-0.00748	0.006161	-0.009749000000000001	-0.003043	-0.002925	-0.002604	-0.001892	-0.001217	-0.007043	-0.004839
71	-0.009070999999999999	0.001608	-0.01451	-0.008088	-0.007823999999999999	-0.007526	-0.006799	-0.006106	-0.01185	-0.009501000000000001
72	-0.0107	-0.003053	-0.01938	-0.01323	-0.01282	-0.01255	-0.01181	-0.0111	-0.01676	-0.01426
73	-0.01235	-0.007823999999999999	-0.02435	-0.01847	-0.01792	-0.01767	-0.01691	-0.01618	-0.02177	-0.01912
74	-0.01405	-0.0127	-0.02942	-0.02381	-0.02312	-0.02289	-0.02212	-0.02137	-0.02687	-0.02407
75	-0.01578	-0.01769	-0.03459	-0.02925	-0.02842	-0.02821	-0.02742	-0.02665	-0.03207	-0.02911
76	-0.01755	-0.02279	-0.03986	-0.03477	-0.03381	-0.03362	-0.03281	-0.03202	-0.03737	-0.03425
77	-0.01935	-0.02799	-0.04523	-0.04038	-0.03929	-0.03913	-0.03829	-0.03748	-0.04276	-0.03947
78	-0.02119	-0.0333	-0.05069	-0.04608	-0.04486	-0.04472	-0.04386	-0.04303	-0.04824	-0.04478
79	-0.02306	-0.03872	-0.05625	-0.05187	-0.05053	-0.0504	-0.04952	-0.04867	-0.0538	-0.05017
80	-0.02498	-0.04424	-0.06189	-0.05773	-0.05628	-0.05617	-0.05526	-0.05438	-0.05945	-0.05564
81	-0.02693	-0.04986	-0.06763	-0.06368	-0.06211	-0.06202	-0.06108	-0.06018	-0.06519	-0.06119
82	-0.02892	-0.05558	-0.07345	-0.06969	-0.06802	-0.06794	-0.06698	-0.06604	-0.07099999999999999	-0.06680999999999999
83	-0.03095	-0.0614	-0.07935	-0.07578	-0.07401000000000001	-0.07394000000000001	-0.07295	-0.07198	-0.07689	-0.0725
84	-0.03301	-0.06730999999999999	-0.08533	-0.08194	-0.08007	-0.08001	-0.07899	-0.07799	-0.08284999999999999	-0.07826
85	-0.03511	-0.07332	-0.09139	-0.08815000000000001	-0.0862	-0.08615	-0.08509	-0.08406	-0.08888	-0.08408
86	-0.03726	-0.07942	-0.09751	-0.09443	-0.0924	-0.09235	-0.09125	-0.09018	-0.09497	-0.08996
87	-0.03944	-0.08561000000000001	-0.1037	-0.1008	-0.09865	-0.09861	-0.09747	-0.09637	-0.1011	-0.09589
88	-0.04166	-0.09188	-0.11	-0.1071	-0.105	-0.1049	-0.1037	-0.1026	-0.1073	-0.1019
89	-0.04391	-0.09822	-0.1163	-0.1136	-0.1113	-0.1113	-0.11	-0.1089	-0.1136	-0.1079
90	-0.04621	-0.1046	-0.1226	-0.12	-0.1177	-0.1177	-0.1164	-0.1152	-0.1199	-0.1139
91	-0.04854	-0.1111	-0.1291	-0.1265	-0.1242	-0.1241	-0.1228	-0.1215	-0.1262	-0.12
92	-0.05091	-0.1177	-0.1355	-0.133	-0.1307	-0.1306	-0.1292	-0.1279	-0.1326	-0.1261
93	-0.05331	-0.1243	-0.142	-0.1396	-0.1372	-0.1371	-0.1356	-0.1343	-0.139	-0.1323
94	-0.05575	-0.1309	-0.1485	-0.1461	-0.1437	-0.1436	-0.1421	-0.1406	-0.1454	-0.1384
95	-0.05823	-0.1376	-0.1551	-0.1527	-0.1503	-0.1501	-0.1485	-0.147	-0.1518	-0.1445
96	-0.06074	-0.1444	-0.1616	-0.1592	-0.1568	-0.1566	-0.155	-0.1534	-0.1583	-0.1506
97	-0.06328	-0.1511	-0.1682	-0.1657	-0.1634	-0.1631	-0.1614	-0.1598	-0.1647	-0.1568
98	-0.06586	-0.1579	-0.1747	-0.1723	-0.17	-0.1696	-0.1678	-0.1662	-0.1711	-0.1629
99	-0.06847	-0.1647	-0.1812	-0.1788	-0.1765	-0.1761	-0.1742	-0.1725	-0.1775	-0.1689
100	-0.0711	-0.1715	-0.1878	-0.1852	-0.183	-0.1826	-0.1806	-0.1788	-0.1838	-0.1749
101	-0.07376000000000001	-0.1782	-0.1942	-0.1916	-0.1895	-0.189	-0.1869	-0.185	-0.1902	-0.1809
102	-0.07645	-0.185	-0.2007	-0.198	-0.1959	-0.1953	-0.1932	-0.1912	-0.1964	-0.1868
103	-0.07915999999999999	-0.1917	-0.2071	-0.2043	-0.2023	-0.2016	-0.1994	-0.1973	-0.2026	-0.1927
104	-0.08189	-0.1984	-0.2134	-0.2105	-0.2086	-0.2078	-0.2055	-0.2033	-0.2088	-0.1984
105	-0.08464000000000001	-0.205	-0.2197	-0.2167	-0.2148	-0.214	-0.2115	-0.2093	-0.2148	-0.2041
106	-0.08740000000000001	-0.2115	-0.2258	-0.2227	-0.2209	-0.22	-0.2175	-0.2151	-0.2208	-0.2097
107	-0.09018	-0.218	-0.2319	-0.2286	-0.227	-0.226	-0.2233	-0.2209	-0.2267	-0.2151
108	-0.09297	-0.2244	-0.2379	-0.2345	-0.2329	-0.2318	-0.229	-0.2265	-0.2324	-0.2205
109	-0.09576	-0.2306	-0.2438	-0.2402	-0.2388	-0.2375	-0.2346	-0.232	-0.2381	-0.2257
110	-0.09855	-0.2368	-0.2495	-0.2458	-0.2445	-0.2431	-0.2401	-0.2373	-0.2436	-0.2308
111	-0.1013	-0.2428	-0.2551	-0.2512	-0.25	-0.2485	-0.2454	-0.2426	-0.2489	-0.2357
112	-0.1041	-0.2486	-0.2605	-0.2564	-0.2554	-0.2538	-0.2505	-0.2476	-0.2541	-0.2404
113	-0.1069	-0.2543	-0.2658	-0.2616	-0.2607	-0.2589	-0.2555	-0.2525	-0.2592	-0.245
114	-0.1097	-0.2598	-0.2709	-0.2665	-0.2657	-0.2639	-0.2603	-0.2572	-0.264	-0.2494
115	-0.1124	-0.2651	-0.2758	-0.2712	-0.2706	-0.2686	-0.2649	-0.2616	-0.2687	-0.2536
116	-0.1151	-0.2702	-0.2805	-0.2757	-0.2753	-0.2731	-0.2693	-0.2659	-0.2731	-0.2576
117	-0.1178	-0.2751	-0.285	-0.2801	-0.2798	-0.2775	-0.2735	-0.27	-0.2774	-0.2614
118	-0.1204	-0.2798	-0.2893	-0.2842	-0.284	-0.2816	-0.2774	-0.2739	-0.2814	-0.265
119	-0.1231	-0.2842	-0.2933	-0.2881	-0.2881	-0.2855	-0.2812	-0.2775	-0.2852	-0.2683
120	-0.1256	-0.2883	-0.2971	-0.2917	-0.2919	-0.2891	-0.2847	-0.2809	-0.2887	-0.2714
121	-0.1281	-0.2922	-0.3007	-0.2951	-0.2954	-0.2925	-0.2879	-0.284	-0.292	-0.2743
122	-0.1305	-0.2958	-0.3039	-0.2982	-0.2987	-0.2956	-0.2909	-0.2869	-0.2951	-0.2769
123	-0.1329	-0.2991	-0.3069	-0.3011	-0.3017	-0.2984	-0.2936	-0.2895	-0.2979	-0.2792
124	-0.1352	-0.3021	-0.3097	-0.3037	-0.3045	-0.301	-0.296	-0.2919	-0.3003	-0.2813
125	-0.1374	-0.3048	-0.3121	-0.306	-0.3069	-0.3033	-0.2982	-0.2939	-0.3026	-0.2831
126	-0.1395	-0.3072	-0.3142	-0.308	-0.3091	-0.3053	-0.3001	-0.2957	-0.3045	-0.2846
127	-0.1415	-0.3093	-0.3161	-0.3098	-0.3109	-0.307	-0.3016	-0.2972	-0.3061	-0.2858
128	-0.1434	-0.311	-0.3176	-0.3112	-0.3125	-0.3084	-0.3029	-0.2984	-0.3074	-0.2867
129	-0.1452	-0.3123	-0.3188	-0.3123	-0.3138	-0.3095	-0.3039	-0.2993	-0.3084	-0.2874
130	-0.1469	-0.3134	-0.3196	-0.3131	-0.3147	-0.3103	-0.3046	-0.2998	-0.3091	-0.2877
131	-0.1484	-0.314	-0.3202	-0.3136	-0.3153	-0.3107	-0.3049	-0.3001	-0.3095	-0.2878
132	-0.1498	-0.3144	-0.3204	-0.3138	-0.3156	-0.3109	-0.3049	-0.3001	-0.3095	-0.2876
133	-0.1511	-0.3143	-0.3202	-0.3137	-0.3155	-0.3107	-0.3047	-0.2997	-0.3093	-0.287
134	-0.1522	-0.3139	-0.3198	-0.3132	-0.3151	-0.3102	-0.3041	-0.2991	-0.3087	-0.2862
135	-0.1531	-0.3131	-0.319	-0.3124	-0.3144	-0.3093	-0.3031	-0.2981	-0.3077	-0.285
136	-0.1539	-0.312	-0.3178	-0.3112	-0.3133	-0.3082	-0.3019	-0.2968	-0.3065	-0.2836
137	-0.1545	-0.3105	-0.3163	-0.3098	-0.3119	-0.3066	-0.3003	-0.2952	-0.3049	-0.2819
138	-0.1549	-0.3087	-0.3144	-0.308	-0.3102	-0.3048	-0.2984	-0.2933	-0.303	-0.2798
139	-0.1552	-0.3065	-0.3122	-0.3059	-0.3081	-0.3026	-0.2962	-0.291	-0.3008	-0.2775
140	-0.1552	-0.3039	-0.3097	-0.3034	-0.3057	-0.3001	-0.2937	-0.2885	-0.2982	-0.2749
141	-0.1551	-0.301	-0.3068	-0.3006	-0.3029	-0.2973	-0.2908	-0.2856	-0.2953	-0.272
142	-0.1547	-0.2978	-0.3036	-0.2975	-0.2998	-0.2942	-0.2877	-0.2825	-0.2921	-0.2688
143	-0.1542	-0.2942	-0.3001	-0.2941	-0.2964	-0.2907	-0.2842	-0.279	-0.2886	-0.2653
144	-0.1534	-0.2903	-0.2962	-0.2903	-0.2927	-0.2869	-0.2805	-0.2752	-0.2848	-0.2615
145	-0.1525	-0.286	-0.292	-0.2863	-0.2886	-0.2828	-0.2764	-0.2712	-0.2806	-0.2575
146	-0.1513	-0.2815	-0.2875	-0.2819	-0.2842	-0.2784	-0.272	-0.2668	-0.2762	-0.2532
147	-0.1499	-0.2766	-0.2827	-0.2772	-0.2795	-0.2737	-0.2673	-0.2622	-0.2715	-0.2487
148	-0.1483	-0.2714	-0.2775	-0.2722	-0.2745	-0.2687	-0.2624	-0.2573	-0.2665	-0.2439
149	-0.1464	-0.2659	-0.2721	-0.2669	-0.2692	-0.2635	-0.2572	-0.2522	-0.2611	-0.2388
150	-0.1443	-0.2601	-0.2663	-0.2613	-0.2636	-0.2579	-0.2517	-0.2467	-0.2556	-0.2335
151	-0.1421	-0.2541	-0.2603	-0.2555	-0.2577	-0.252	-0.2459	-0.241	-0.2497	-0.228
152	-0.1396	-0.2478	-0.254	-0.2493	-0.2515	-0.2459	-0.2399	-0.2351	-0.2436	-0.2222
153	-0.1368	-0.2412	-0.2474	-0.2429	-0.245	-0.2395	-0.2336	-0.2289	-0.2372	-0.2163
154	-0.1339	-0.2344	-0.2406	-0.2363	-0.2383	-0.2329	-0.2271	-0.2225	-0.2306	-0.2101
155	-0.1308	-0.2273	-0.2335	-0.2293	-0.2313	-0.226	-0.2203	-0.2158	-0.2237	-0.2037
156	-0.1274	-0.22	-0.2261	-0.2222	-0.2241	-0.2189	-0.2133	-0.2089	-0.2166	-0.1971
157	-0.1238	-0.2125	-0.2185	-0.2148	-0.2166	-0.2115	-0.2061	-0.2019	-0.2093	-0.1903
158	-0.12	-0.2047	-0.2107	-0.2071	-0.2089	-0.204	-0.1987	-0.1946	-0.2018	-0.1834
159	-0.1161	-0.1968	-0.2026	-0.1992	-0.201	-0.1962	-0.1911	-0.1871	-0.194	-0.1762
160	-0.1119	-0.1886	-0.1944	-0.1912	-0.1928	-0.1882	-0.1833	-0.1794	-0.1861	-0.1689
161	-0.1076	-0.1803	-0.1859	-0.1829	-0.1845	-0.18	-0.1753	-0.1716	-0.1779	-0.1614
162	-0.103	-0.1718	-0.1773	-0.1744	-0.1759	-0.1716	-0.1671	-0.1635	-0.1696	-0.1538
163	-0.09830999999999999	-0.1632	-0.1684	-0.1658	-0.1672	-0.1631	-0.1587	-0.1553	-0.1612	-0.1461
164	-0.09343	-0.1544	-0.1594	-0.1569	-0.1583	-0.1543	-0.1502	-0.147	-0.1525	-0.1382
165	-0.08840000000000001	-0.1454	-0.1502	-0.1479	-0.1492	-0.1455	-0.1416	-0.1385	-0.1437	-0.1301
166	-0.08321000000000001	-0.1363	-0.1409	-0.1388	-0.14	-0.1364	-0.1328	-0.1299	-0.1348	-0.122
167	-0.07789	-0.1271	-0.1315	-0.1295	-0.1306	-0.1273	-0.1238	-0.1211	-0.1257	-0.1138
168	-0.07242999999999999	-0.1178	-0.1219	-0.12	-0.1211	-0.118	-0.1148	-0.1123	-0.1165	-0.1054
169	-0.06684	-0.1083	-0.1121	-0.1105	-0.1114	-0.1086	-0.1056	-0.1033	-0.1072	-0.09694999999999999
170	-0.06114	-0.09878000000000001	-0.1023	-0.1008	-0.1017	-0.09904	-0.09635000000000001	-0.09422999999999999	-0.0978	-0.08841
171	-0.05533	-0.08914999999999999	-0.09236	-0.09102	-0.09180000000000001	-0.08942	-0.08698	-0.08507000000000001	-0.08828999999999999	-0.0798
172	-0.04943	-0.07944	-0.08233	-0.08115	-0.08184	-0.07971	-0.07753	-0.07582	-0.07870000000000001	-0.07111000000000001
173	-0.04344	-0.06967	-0.07222000000000001	-0.07119	-0.07179000000000001	-0.06992	-0.06801	-0.0665	-0.06902999999999999	-0.06236
174	-0.03737	-0.05983	-0.06204	-0.06116	-0.06167	-0.06006	-0.05841	-0.05712	-0.05929	-0.05355
175	-0.03125	-0.04994	-0.05179	-0.05106	-0.05149	-0.05014	-0.04876	-0.04768	-0.0495	-0.0447
176	-0.02506	-0.04	-0.04149	-0.04091	-0.04126	-0.04017	-0.03907	-0.0382	-0.03966	-0.03581
177	-0.01883	-0.03003	-0.03116	-0.03072	-0.03098	-0.03017	-0.02933	-0.02868	-0.02978	-0.02688
178	-0.01257	-0.02004	-0.02079	-0.0205	-0.02067	-0.02013	-0.01957	-0.01914	-0.01987	-0.01794
179	-0.006293	-0.01002	-0.0104	-0.01025	-0.01034	-0.01007	-0.009790999999999999	-0.009573	-0.009938000000000001	-0.008972000000000001
180	-0	-0	-0	-0	-0	-0	-0	-0	-0	-0
