   0.00000E+00   0.00000E+00   0.00000E+00   0.00000E+00   0.00000E+00   0.00000E+00
   0.10027E+01   0.52670E-03   0.37508E-03   0.31500E-03   0.29836E-03   0.29776E-03
   0.19996E+01   0.21020E-02   0.14975E-02   0.12580E-02   0.11921E-02   0.11891E-02
   0.30023E+01   0.47138E-02   0.33596E-02   0.28226E-02   0.26750E-02   0.26690E-02
   0.39992E+01   0.83367E-02   0.59455E-02   0.49993E-02   0.47387E-02   0.47287E-02
   0.50019E+01   0.12945E-01   0.92401E-02   0.77750E-02   0.73707E-02   0.73557E-02
   0.59989E+01   0.18500E-01   0.13221E-01   0.11133E-01   0.10557E-01   0.10536E-01
   0.70015E+01   0.24965E-01   0.17860E-01   0.15046E-01   0.14284E-01   0.14254E-01
   0.79985E+01   0.32270E-01   0.23118E-01   0.19508E-01   0.18513E-01   0.18473E-01
   0.90012E+01   0.40379E-01   0.28972E-01   0.24472E-01   0.23244E-01   0.23194E-01
   0.99981E+01   0.49232E-01   0.35377E-01   0.29922E-01   0.28433E-01   0.28373E-01
   0.11001E+02   0.58760E-01   0.42300E-01   0.35830E-01   0.34065E-01   0.33985E-01
   0.11998E+02   0.68886E-01   0.49702E-01   0.42158E-01   0.40107E-01   0.40017E-01
   0.13000E+02   0.79578E-01   0.57520E-01   0.48879E-01   0.46536E-01   0.46416E-01
   0.13997E+02   0.90758E-01   0.65749E-01   0.55949E-01   0.53310E-01   0.53170E-01
   0.15000E+02   0.10230E+00   0.74289E-01   0.63346E-01   0.60396E-01   0.60236E-01
   0.16003E+02   0.11422E+00   0.83152E-01   0.71029E-01   0.67771E-01   0.67581E-01
   0.17000E+02   0.12644E+00   0.92278E-01   0.78968E-01   0.75399E-01   0.75189E-01
   0.18002E+02   0.13889E+00   0.10162E+00   0.87124E-01   0.83255E-01   0.83005E-01
   0.18999E+02   0.15149E+00   0.11115E+00   0.95481E-01   0.91312E-01   0.91032E-01
   0.20002E+02   0.16428E+00   0.12080E+00   0.10399E+00   0.99518E-01   0.99198E-01
   0.20999E+02   0.17705E+00   0.13057E+00   0.11263E+00   0.10791E+00   0.10751E+00
   0.22002E+02   0.18991E+00   0.14044E+00   0.12136E+00   0.11635E+00   0.11595E+00
   0.22999E+02   0.20270E+00   0.15028E+00   0.13013E+00   0.12488E+00   0.12438E+00
   0.24001E+02   0.21534E+00   0.16014E+00   0.13895E+00   0.13339E+00   0.13289E+00
   0.24998E+02   0.22797E+00   0.17005E+00   0.14786E+00   0.14199E+00   0.14149E+00
   0.26001E+02   0.24051E+00   0.17981E+00   0.15674E+00   0.15068E+00   0.15008E+00
   0.26998E+02   0.25280E+00   0.18960E+00   0.16558E+00   0.15925E+00   0.15855E+00
   0.28000E+02   0.26494E+00   0.19926E+00   0.17431E+00   0.16781E+00   0.16711E+00
   0.28997E+02   0.27683E+00   0.20880E+00   0.18307E+00   0.17635E+00   0.17555E+00
   0.30000E+02   0.28852E+00   0.21824E+00   0.19164E+00   0.18478E+00   0.18388E+00
   0.31003E+02   0.29991E+00   0.22748E+00   0.20016E+00   0.19309E+00   0.19219E+00
   0.32000E+02   0.31100E+00   0.23653E+00   0.20863E+00   0.20127E+00   0.20037E+00
   0.33002E+02   0.32194E+00   0.24544E+00   0.21688E+00   0.20945E+00   0.20835E+00
   0.33999E+02   0.33243E+00   0.25418E+00   0.22500E+00   0.21741E+00   0.21631E+00
   0.35002E+02   0.34273E+00   0.26268E+00   0.23300E+00   0.22525E+00   0.22405E+00
   0.35999E+02   0.35272E+00   0.27102E+00   0.24076E+00   0.23289E+00   0.23159E+00
   0.37002E+02   0.36231E+00   0.27916E+00   0.24848E+00   0.24039E+00   0.23899E+00
   0.37999E+02   0.37171E+00   0.28701E+00   0.25590E+00   0.24780E+00   0.24630E+00
   0.39001E+02   0.38075E+00   0.29467E+00   0.26319E+00   0.25489E+00   0.25339E+00
   0.39998E+02   0.38944E+00   0.30207E+00   0.27033E+00   0.26187E+00   0.26027E+00
   0.41001E+02   0.39779E+00   0.30934E+00   0.27717E+00   0.26863E+00   0.26693E+00
   0.41998E+02   0.40583E+00   0.31626E+00   0.28388E+00   0.27529E+00   0.27339E+00
   0.43000E+02   0.41358E+00   0.32293E+00   0.29036E+00   0.28163E+00   0.27973E+00
   0.43997E+02   0.42097E+00   0.32948E+00   0.29663E+00   0.28786E+00   0.28576E+00
   0.45000E+02   0.42812E+00   0.33570E+00   0.30269E+00   0.29379E+00   0.29169E+00
   0.46003E+02   0.43482E+00   0.34174E+00   0.30861E+00   0.29960E+00   0.29730E+00
   0.47000E+02   0.44136E+00   0.34746E+00   0.31422E+00   0.30511E+00   0.30281E+00
   0.48002E+02   0.44751E+00   0.35299E+00   0.31963E+00   0.31051E+00   0.30801E+00
   0.48999E+02   0.45341E+00   0.35823E+00   0.32491E+00   0.31560E+00   0.31300E+00
   0.50002E+02   0.45891E+00   0.36328E+00   0.32988E+00   0.32049E+00   0.31779E+00
   0.50999E+02   0.46430E+00   0.36813E+00   0.33465E+00   0.32517E+00   0.32237E+00
   0.52002E+02   0.46930E+00   0.37263E+00   0.33920E+00   0.32975E+00   0.32675E+00
   0.52999E+02   0.47390E+00   0.37697E+00   0.34363E+00   0.33401E+00   0.33091E+00
   0.54001E+02   0.47845E+00   0.38105E+00   0.34776E+00   0.33797E+00   0.33487E+00
   0.54998E+02   0.48254E+00   0.38490E+00   0.35168E+00   0.34184E+00   0.33864E+00
   0.56001E+02   0.48649E+00   0.38852E+00   0.35540E+00   0.34549E+00   0.34209E+00
   0.56998E+02   0.49009E+00   0.39192E+00   0.35889E+00   0.34894E+00   0.34544E+00
   0.58001E+02   0.49339E+00   0.39512E+00   0.36219E+00   0.35209E+00   0.34849E+00
   0.58997E+02   0.49659E+00   0.39811E+00   0.36529E+00   0.35514E+00   0.35134E+00
   0.60000E+02   0.49944E+00   0.40089E+00   0.36818E+00   0.35798E+00   0.35398E+00
   0.61003E+02   0.50194E+00   0.40334E+00   0.37085E+00   0.36052E+00   0.35652E+00
   0.62000E+02   0.50438E+00   0.40571E+00   0.37334E+00   0.36286E+00   0.35876E+00
   0.63002E+02   0.50643E+00   0.40783E+00   0.37570E+00   0.36509E+00   0.36079E+00
   0.63999E+02   0.50833E+00   0.40968E+00   0.37778E+00   0.36703E+00   0.36263E+00
   0.65002E+02   0.51003E+00   0.41143E+00   0.37965E+00   0.36887E+00   0.36427E+00
   0.65999E+02   0.51138E+00   0.41286E+00   0.38131E+00   0.37040E+00   0.36570E+00
   0.67002E+02   0.51253E+00   0.41418E+00   0.38287E+00   0.37183E+00   0.36693E+00
   0.67999E+02   0.51348E+00   0.41520E+00   0.38413E+00   0.37296E+00   0.36796E+00
   0.69001E+02   0.51423E+00   0.41613E+00   0.38530E+00   0.37399E+00   0.36879E+00
   0.69998E+02   0.51478E+00   0.41675E+00   0.38626E+00   0.37482E+00   0.36952E+00
   0.71001E+02   0.51517E+00   0.41735E+00   0.38706E+00   0.37547E+00   0.36997E+00
   0.71998E+02   0.51547E+00   0.41775E+00   0.38766E+00   0.37592E+00   0.37032E+00
   0.73001E+02   0.51547E+00   0.41795E+00   0.38806E+00   0.37617E+00   0.37037E+00
   0.73997E+02   0.51527E+00   0.41795E+00   0.38835E+00   0.37622E+00   0.37032E+00
   0.75000E+02   0.51482E+00   0.41782E+00   0.38834E+00   0.37616E+00   0.37006E+00
   0.76003E+02   0.51427E+00   0.41744E+00   0.38825E+00   0.37582E+00   0.36962E+00
   0.77000E+02   0.51342E+00   0.41692E+00   0.38804E+00   0.37536E+00   0.36896E+00
   0.78002E+02   0.51251E+00   0.41616E+00   0.38756E+00   0.37472E+00   0.36822E+00
   0.78999E+02   0.51131E+00   0.41526E+00   0.38696E+00   0.37397E+00   0.36717E+00
   0.80002E+02   0.50991E+00   0.41426E+00   0.38616E+00   0.37292E+00   0.36602E+00
   0.80999E+02   0.50836E+00   0.41298E+00   0.38517E+00   0.37177E+00   0.36467E+00
   0.82002E+02   0.50656E+00   0.41158E+00   0.38407E+00   0.37042E+00   0.36322E+00
   0.82999E+02   0.50456E+00   0.40998E+00   0.38277E+00   0.36887E+00   0.36147E+00
   0.84001E+02   0.50235E+00   0.40828E+00   0.38137E+00   0.36722E+00   0.35972E+00
   0.84998E+02   0.50000E+00   0.40640E+00   0.37968E+00   0.36538E+00   0.35768E+00
   0.86001E+02   0.49750E+00   0.40430E+00   0.37798E+00   0.36343E+00   0.35553E+00
   0.86998E+02   0.49480E+00   0.40205E+00   0.37600E+00   0.36119E+00   0.35319E+00
   0.88001E+02   0.49190E+00   0.39965E+00   0.37390E+00   0.35894E+00   0.35064E+00
   0.88998E+02   0.48870E+00   0.39715E+00   0.37170E+00   0.35639E+00   0.34799E+00
   0.90000E+02   0.48544E+00   0.39437E+00   0.36931E+00   0.35374E+00   0.34524E+00
   0.90997E+02   0.48199E+00   0.39154E+00   0.36680E+00   0.35099E+00   0.34229E+00
   0.92000E+02   0.47829E+00   0.38854E+00   0.36409E+00   0.34803E+00   0.33913E+00
   0.93003E+02   0.47449E+00   0.38534E+00   0.36119E+00   0.34498E+00   0.33588E+00
   0.93999E+02   0.47049E+00   0.38204E+00   0.35829E+00   0.34173E+00   0.33253E+00
   0.95002E+02   0.46634E+00   0.37861E+00   0.35518E+00   0.33838E+00   0.32898E+00
   0.95999E+02   0.46199E+00   0.37499E+00   0.35187E+00   0.33482E+00   0.32532E+00
   0.97002E+02   0.45743E+00   0.37126E+00   0.34845E+00   0.33116E+00   0.32146E+00
   0.97999E+02   0.45278E+00   0.36738E+00   0.34491E+00   0.32739E+00   0.31749E+00
   0.99001E+02   0.44788E+00   0.36333E+00   0.34129E+00   0.32343E+00   0.31343E+00
   0.99998E+02   0.44288E+00   0.35918E+00   0.33746E+00   0.31937E+00   0.30927E+00
   0.10100E+03   0.43768E+00   0.35488E+00   0.33351E+00   0.31519E+00   0.30499E+00
   0.10200E+03   0.43238E+00   0.35048E+00   0.32946E+00   0.31092E+00   0.30052E+00
   0.10300E+03   0.42693E+00   0.34595E+00   0.32530E+00   0.30653E+00   0.29603E+00
   0.10400E+03   0.42123E+00   0.34130E+00   0.32102E+00   0.30195E+00   0.29135E+00
   0.10500E+03   0.41548E+00   0.33653E+00   0.31664E+00   0.29735E+00   0.28665E+00
   0.10600E+03   0.40953E+00   0.33165E+00   0.31215E+00   0.29266E+00   0.28176E+00
   0.10700E+03   0.40343E+00   0.32670E+00   0.30752E+00   0.28775E+00   0.27685E+00
   0.10800E+03   0.39728E+00   0.32158E+00   0.30281E+00   0.28284E+00   0.27184E+00
   0.10900E+03   0.39093E+00   0.31641E+00   0.29797E+00   0.27782E+00   0.26672E+00
   0.11000E+03   0.38438E+00   0.31108E+00   0.29301E+00   0.27269E+00   0.26149E+00
   0.11100E+03   0.37783E+00   0.30566E+00   0.28795E+00   0.26756E+00   0.25626E+00
   0.11200E+03   0.37108E+00   0.30018E+00   0.28286E+00   0.26232E+00   0.25092E+00
   0.11300E+03   0.36433E+00   0.29461E+00   0.27768E+00   0.25697E+00   0.24557E+00
   0.11400E+03   0.35744E+00   0.28896E+00   0.27235E+00   0.25151E+00   0.24011E+00
   0.11500E+03   0.35044E+00   0.28326E+00   0.26700E+00   0.24614E+00   0.23464E+00
   0.11600E+03   0.34339E+00   0.27749E+00   0.26167E+00   0.24057E+00   0.22917E+00
   0.11700E+03   0.33669E+00   0.27184E+00   0.25629E+00   0.23513E+00   0.22363E+00
   0.11800E+03   0.32989E+00   0.26619E+00   0.25082E+00   0.22960E+00   0.21810E+00
   0.11900E+03   0.32299E+00   0.26035E+00   0.24530E+00   0.22394E+00   0.21254E+00
   0.12000E+03   0.31605E+00   0.25457E+00   0.23976E+00   0.21837E+00   0.20697E+00
   0.12100E+03   0.30895E+00   0.24873E+00   0.23419E+00   0.21268E+00   0.20138E+00
   0.12200E+03   0.30185E+00   0.24273E+00   0.22849E+00   0.20708E+00   0.19578E+00
   0.12300E+03   0.29466E+00   0.23678E+00   0.22277E+00   0.20137E+00   0.19017E+00
   0.12400E+03   0.28741E+00   0.23076E+00   0.21711E+00   0.19574E+00   0.18454E+00
   0.12500E+03   0.28011E+00   0.22477E+00   0.21131E+00   0.19000E+00   0.17900E+00
   0.12600E+03   0.27277E+00   0.21865E+00   0.20550E+00   0.18434E+00   0.17344E+00
   0.12700E+03   0.26537E+00   0.21255E+00   0.19976E+00   0.17867E+00   0.16787E+00
   0.12800E+03   0.25793E+00   0.20648E+00   0.19387E+00   0.17298E+00   0.16228E+00
   0.12900E+03   0.25049E+00   0.20036E+00   0.18807E+00   0.16738E+00   0.15678E+00
   0.13000E+03   0.24309E+00   0.19427E+00   0.18222E+00   0.16175E+00   0.15135E+00
   0.13100E+03   0.23560E+00   0.18813E+00   0.17645E+00   0.15612E+00   0.14592E+00
   0.13200E+03   0.22811E+00   0.18203E+00   0.17066E+00   0.15057E+00   0.14057E+00
   0.13300E+03   0.22062E+00   0.17584E+00   0.16481E+00   0.14510E+00   0.13530E+00
   0.13400E+03   0.21318E+00   0.16973E+00   0.15906E+00   0.13963E+00   0.13003E+00
   0.13500E+03   0.20573E+00   0.16367E+00   0.15328E+00   0.13424E+00   0.12484E+00
   0.13600E+03   0.19831E+00   0.15764E+00   0.14757E+00   0.12883E+00   0.11973E+00
   0.13700E+03   0.19091E+00   0.15165E+00   0.14193E+00   0.12362E+00   0.11462E+00
   0.13800E+03   0.18353E+00   0.14568E+00   0.13626E+00   0.11838E+00   0.10966E+00
   0.13900E+03   0.17622E+00   0.13976E+00   0.13067E+00   0.11324E+00   0.10477E+00
   0.14000E+03   0.16898E+00   0.13391E+00   0.12517E+00   0.10815E+00   0.99959E-01
   0.14100E+03   0.16181E+00   0.12812E+00   0.11967E+00   0.10317E+00   0.95230E-01
   0.14200E+03   0.15466E+00   0.12237E+00   0.11426E+00   0.98256E-01   0.90596E-01
   0.14300E+03   0.14764E+00   0.11671E+00   0.10893E+00   0.93439E-01   0.86049E-01
   0.14400E+03   0.14068E+00   0.11112E+00   0.10367E+00   0.88713E-01   0.81613E-01
   0.14500E+03   0.13380E+00   0.10561E+00   0.98492E-01   0.84088E-01   0.77258E-01
   0.14600E+03   0.12704E+00   0.10020E+00   0.93405E-01   0.79561E-01   0.73021E-01
   0.14700E+03   0.12040E+00   0.94882E-01   0.88422E-01   0.75131E-01   0.68881E-01
   0.14800E+03   0.11388E+00   0.89672E-01   0.83525E-01   0.70819E-01   0.64859E-01
   0.14900E+03   0.10743E+00   0.84547E-01   0.78731E-01   0.66609E-01   0.60929E-01
   0.15000E+03   0.10114E+00   0.79537E-01   0.74044E-01   0.62502E-01   0.57122E-01
   0.15100E+03   0.95027E-01   0.74665E-01   0.69476E-01   0.58530E-01   0.53440E-01
   0.15200E+03   0.89030E-01   0.69902E-01   0.65023E-01   0.54665E-01   0.49855E-01
   0.15300E+03   0.83142E-01   0.65245E-01   0.60677E-01   0.50909E-01   0.46389E-01
   0.15400E+03   0.77470E-01   0.60750E-01   0.56473E-01   0.47293E-01   0.43053E-01
   0.15500E+03   0.71907E-01   0.56360E-01   0.52386E-01   0.43786E-01   0.39826E-01
   0.15600E+03   0.66559E-01   0.52132E-01   0.48430E-01   0.40409E-01   0.36729E-01
   0.15700E+03   0.61366E-01   0.48036E-01   0.44615E-01   0.37159E-01   0.33749E-01
   0.15800E+03   0.56353E-01   0.44091E-01   0.40945E-01   0.34045E-01   0.30885E-01
   0.15900E+03   0.51529E-01   0.40295E-01   0.37405E-01   0.31051E-01   0.28151E-01
   0.16000E+03   0.46895E-01   0.36643E-01   0.34012E-01   0.28196E-01   0.25546E-01
   0.16100E+03   0.42461E-01   0.33161E-01   0.30774E-01   0.25473E-01   0.23063E-01
   0.16200E+03   0.38222E-01   0.29837E-01   0.27689E-01   0.22882E-01   0.20702E-01
   0.16300E+03   0.34186E-01   0.26674E-01   0.24750E-01   0.20424E-01   0.18474E-01
   0.16400E+03   0.30365E-01   0.23684E-01   0.21968E-01   0.18109E-01   0.16359E-01
   0.16500E+03   0.26754E-01   0.20863E-01   0.19344E-01   0.15929E-01   0.14389E-01
   0.16600E+03   0.23360E-01   0.18203E-01   0.16882E-01   0.13883E-01   0.12533E-01
   0.16700E+03   0.20180E-01   0.15723E-01   0.14579E-01   0.11973E-01   0.10806E-01
   0.16800E+03   0.17231E-01   0.13420E-01   0.12439E-01   0.10211E-01   0.92084E-02
   0.16900E+03   0.14504E-01   0.11293E-01   0.10466E-01   0.85844E-02   0.77374E-02
   0.17000E+03   0.12008E-01   0.93472E-02   0.86612E-02   0.70977E-02   0.63957E-02
   0.17100E+03   0.97391E-02   0.75796E-02   0.70234E-02   0.57515E-02   0.51805E-02
   0.17200E+03   0.77055E-02   0.59945E-02   0.55547E-02   0.45463E-02   0.40933E-02
   0.17300E+03   0.59057E-02   0.45945E-02   0.42563E-02   0.34812E-02   0.31332E-02
   0.17400E+03   0.43434E-02   0.33784E-02   0.31293E-02   0.25587E-02   0.23027E-02
   0.17500E+03   0.30188E-02   0.23470E-02   0.21750E-02   0.17770E-02   0.15990E-02
   0.17600E+03   0.19336E-02   0.15034E-02   0.13922E-02   0.11376E-02   0.10233E-02
   0.17700E+03   0.10880E-02   0.84591E-03   0.78358E-03   0.63988E-03   0.57558E-03
   0.17800E+03   0.48380E-03   0.37610E-03   0.34833E-03   0.28445E-03   0.25575E-03
   0.17900E+03   0.12099E-03   0.94046E-04   0.87107E-04   0.71113E-04   0.63953E-04
   0.18000E+03   0.00000E+00   0.00000E+00   0.00000E+00   0.00000E+00   0.00000E+00
   0.18000E+03   0.00000E+00   0.00000E+00   0.00000E+00   0.00000E+00   0.00000E+00
   0.17900E+03   0.00000E+00   0.10414E-04   0.45453E-04   0.50367E-04   0.43207E-04
   0.17800E+03   0.00000E+00   0.41897E-04   0.18187E-03   0.20155E-03   0.17285E-03
   0.17700E+03   0.00000E+00   0.94689E-04   0.40942E-03   0.45352E-03   0.38922E-03
   0.17600E+03   0.00000E+00   0.16945E-03   0.72781E-03   0.80665E-03   0.69235E-03
   0.17500E+03   0.00000E+00   0.26699E-03   0.11390E-02   0.12610E-02   0.10830E-02
   0.17400E+03   0.00000E+00   0.38960E-03   0.16407E-02   0.18173E-02   0.15613E-02
   0.17300E+03   0.00000E+00   0.53749E-03   0.22357E-02   0.24748E-02   0.21268E-02
   0.17200E+03   0.00000E+00   0.71150E-03   0.29233E-02   0.32357E-02   0.27827E-02
   0.17100E+03   0.00000E+00   0.91635E-03   0.37046E-02   0.40985E-02   0.35275E-02
   0.17000E+03   0.00000E+00   0.11508E-02   0.45788E-02   0.50643E-02   0.43623E-02
   0.16900E+03   0.00000E+00   0.14213E-02   0.55497E-02   0.61356E-02   0.52886E-02
   0.16800E+03   0.00000E+00   0.17264E-02   0.66150E-02   0.73106E-02   0.63076E-02
   0.16700E+03   0.00000E+00   0.20727E-02   0.77805E-02   0.85868E-02   0.74198E-02
   0.16600E+03   0.00000E+00   0.24566E-02   0.90385E-02   0.99768E-02   0.86268E-02
   0.16500E+03   0.00000E+00   0.28967E-02   0.10396E-01   0.11471E-01   0.99315E-02
   0.16400E+03   0.00000E+00   0.33758E-02   0.11852E-01   0.13071E-01   0.11321E-01
   0.16300E+03   0.00000E+00   0.39058E-02   0.13410E-01   0.14776E-01   0.12826E-01
   0.16200E+03   0.00000E+00   0.45033E-02   0.15071E-01   0.16598E-01   0.14418E-01
   0.16100E+03   0.00000E+00   0.51586E-02   0.16826E-01   0.18527E-01   0.16117E-01
   0.16000E+03   0.00000E+00   0.58769E-02   0.18688E-01   0.20564E-01   0.17914E-01
   0.15900E+03   0.00000E+00   0.66655E-02   0.20655E-01   0.22709E-01   0.19809E-01
   0.15800E+03   0.00000E+00   0.75293E-02   0.22735E-01   0.24975E-01   0.21815E-01
   0.15700E+03   0.00000E+00   0.84635E-02   0.24905E-01   0.27341E-01   0.23931E-01
   0.15600E+03   0.00000E+00   0.94879E-02   0.27190E-01   0.29831E-01   0.26151E-01
   0.15500E+03   0.00000E+00   0.10600E-01   0.29594E-01   0.32434E-01   0.28474E-01
   0.15400E+03   0.00000E+00   0.11790E-01   0.32087E-01   0.35147E-01   0.30907E-01
   0.15300E+03   0.00000E+00   0.13095E-01   0.34703E-01   0.37971E-01   0.33451E-01
   0.15200E+03   0.00000E+00   0.14478E-01   0.37417E-01   0.40915E-01   0.36105E-01
   0.15100E+03   0.00000E+00   0.15975E-01   0.40244E-01   0.43970E-01   0.38880E-01
   0.15000E+03   0.00000E+00   0.17603E-01   0.43196E-01   0.47138E-01   0.41758E-01
   0.14900E+03   0.00000E+00   0.19333E-01   0.46249E-01   0.50431E-01   0.44751E-01
   0.14800E+03   0.00000E+00   0.21148E-01   0.49395E-01   0.53821E-01   0.47861E-01
   0.14700E+03   0.00000E+00   0.23118E-01   0.52678E-01   0.57329E-01   0.51079E-01
   0.14600E+03   0.00000E+00   0.25216E-01   0.56055E-01   0.60959E-01   0.54419E-01
   0.14500E+03   0.00000E+00   0.27426E-01   0.59548E-01   0.64692E-01   0.57862E-01
   0.14400E+03   0.00000E+00   0.29756E-01   0.63146E-01   0.68527E-01   0.61427E-01
   0.14300E+03   0.00000E+00   0.32230E-01   0.66852E-01   0.72481E-01   0.65091E-01
   0.14200E+03   0.00000E+00   0.34850E-01   0.70664E-01   0.76544E-01   0.68884E-01
   0.14100E+03   0.00000E+00   0.37581E-01   0.74573E-01   0.80710E-01   0.72770E-01
   0.14000E+03   0.00000E+00   0.40472E-01   0.78631E-01   0.84971E-01   0.76781E-01
   0.13900E+03   0.00000E+00   0.43498E-01   0.82727E-01   0.89360E-01   0.80890E-01
   0.13800E+03   0.00000E+00   0.46662E-01   0.86941E-01   0.93818E-01   0.85098E-01
   0.13700E+03   0.00000E+00   0.49947E-01   0.91272E-01   0.98385E-01   0.89385E-01
   0.13600E+03   0.00000E+00   0.53362E-01   0.95632E-01   0.10297E+00   0.93866E-01
   0.13500E+03   0.00000E+00   0.56934E-01   0.10012E+00   0.10776E+00   0.98361E-01
   0.13400E+03   0.00000E+00   0.60673E-01   0.10474E+00   0.11257E+00   0.10297E+00
   0.13300E+03   0.00000E+00   0.64557E-01   0.10939E+00   0.11750E+00   0.10770E+00
   0.13200E+03   0.29105E-03   0.68565E-01   0.11414E+00   0.12243E+00   0.11243E+00
   0.13100E+03   0.37988E-02   0.72673E-01   0.11895E+00   0.12748E+00   0.11728E+00
   0.13000E+03   0.75061E-02   0.76930E-01   0.12378E+00   0.13265E+00   0.12225E+00
   0.12900E+03   0.11313E-01   0.81237E-01   0.12873E+00   0.13782E+00   0.12722E+00
   0.12800E+03   0.15469E-01   0.85718E-01   0.13373E+00   0.14302E+00   0.13232E+00
   0.12700E+03   0.19825E-01   0.90249E-01   0.13884E+00   0.14833E+00   0.13753E+00
   0.12600E+03   0.24431E-01   0.94955E-01   0.14390E+00   0.15366E+00   0.14276E+00
   0.12500E+03   0.29286E-01   0.99835E-01   0.14909E+00   0.15900E+00   0.14800E+00
   0.12400E+03   0.34190E-01   0.10464E+00   0.15429E+00   0.16446E+00   0.15326E+00
   0.12300E+03   0.39344E-01   0.10962E+00   0.15943E+00   0.16983E+00   0.15863E+00
   0.12200E+03   0.44748E-01   0.11467E+00   0.16471E+00   0.17532E+00   0.16402E+00
   0.12100E+03   0.50251E-01   0.11987E+00   0.17001E+00   0.18072E+00   0.16942E+00
   0.12000E+03   0.55954E-01   0.12503E+00   0.17524E+00   0.18623E+00   0.17483E+00
   0.11900E+03   0.61806E-01   0.13025E+00   0.18050E+00   0.19166E+00   0.18026E+00
   0.11800E+03   0.67708E-01   0.13561E+00   0.18578E+00   0.19720E+00   0.18570E+00
   0.11700E+03   0.73909E-01   0.14096E+00   0.19111E+00   0.20267E+00   0.19117E+00
   0.11600E+03   0.80010E-01   0.14631E+00   0.19633E+00   0.20803E+00   0.19663E+00
   0.11500E+03   0.85962E-01   0.15154E+00   0.20140E+00   0.21346E+00   0.20196E+00
   0.11400E+03   0.91764E-01   0.15664E+00   0.20645E+00   0.21869E+00   0.20729E+00
   0.11300E+03   0.97666E-01   0.16179E+00   0.21152E+00   0.22403E+00   0.21263E+00
   0.11200E+03   0.10372E+00   0.16702E+00   0.21654E+00   0.22928E+00   0.21788E+00
   0.11100E+03   0.10977E+00   0.17214E+00   0.22145E+00   0.23444E+00   0.22314E+00
   0.11000E+03   0.11582E+00   0.17732E+00   0.22639E+00   0.23951E+00   0.22831E+00
   0.10900E+03   0.12187E+00   0.18239E+00   0.23123E+00   0.24458E+00   0.23348E+00
   0.10800E+03   0.12792E+00   0.18742E+00   0.23599E+00   0.24956E+00   0.23856E+00
   0.10700E+03   0.13397E+00   0.19250E+00   0.24068E+00   0.25445E+00   0.24355E+00
   0.10600E+03   0.13987E+00   0.19735E+00   0.24525E+00   0.25934E+00   0.24844E+00
   0.10500E+03   0.14592E+00   0.20227E+00   0.24976E+00   0.26405E+00   0.25335E+00
   0.10400E+03   0.15177E+00   0.20710E+00   0.25418E+00   0.26865E+00   0.25805E+00
   0.10300E+03   0.15767E+00   0.21185E+00   0.25850E+00   0.27327E+00   0.26277E+00
   0.10200E+03   0.16342E+00   0.21652E+00   0.26274E+00   0.27768E+00   0.26728E+00
   0.10100E+03   0.16912E+00   0.22112E+00   0.26689E+00   0.28201E+00   0.27181E+00
   0.99998E+02   0.17472E+00   0.22562E+00   0.27094E+00   0.28623E+00   0.27613E+00
   0.99001E+02   0.18032E+00   0.23007E+00   0.27491E+00   0.29037E+00   0.28037E+00
   0.97999E+02   0.18582E+00   0.23442E+00   0.27869E+00   0.29441E+00   0.28451E+00
   0.97002E+02   0.19097E+00   0.23854E+00   0.28235E+00   0.29824E+00   0.28854E+00
   0.95999E+02   0.19621E+00   0.24261E+00   0.28593E+00   0.30198E+00   0.29248E+00
   0.95002E+02   0.20126E+00   0.24659E+00   0.28942E+00   0.30562E+00   0.29622E+00
   0.93999E+02   0.20611E+00   0.25036E+00   0.29271E+00   0.30907E+00   0.29987E+00
   0.93003E+02   0.21091E+00   0.25406E+00   0.29581E+00   0.31242E+00   0.30332E+00
   0.92000E+02   0.21551E+00   0.25766E+00   0.29891E+00   0.31557E+00   0.30667E+00
   0.90997E+02   0.22001E+00   0.26106E+00   0.30180E+00   0.31861E+00   0.30991E+00
   0.90000E+02   0.22416E+00   0.26423E+00   0.30449E+00   0.32146E+00   0.31296E+00
   0.88998E+02   0.22830E+00   0.26745E+00   0.30710E+00   0.32421E+00   0.31581E+00
   0.88001E+02   0.23230E+00   0.27035E+00   0.30950E+00   0.32686E+00   0.31856E+00
   0.86998E+02   0.23600E+00   0.27315E+00   0.31180E+00   0.32921E+00   0.32121E+00
   0.86001E+02   0.23970E+00   0.27590E+00   0.31402E+00   0.33157E+00   0.32367E+00
   0.84998E+02   0.24300E+00   0.27840E+00   0.31592E+00   0.33362E+00   0.32592E+00
   0.84001E+02   0.24625E+00   0.28072E+00   0.31783E+00   0.33558E+00   0.32808E+00
   0.82999E+02   0.24924E+00   0.28282E+00   0.31943E+00   0.33733E+00   0.32993E+00
   0.82002E+02   0.25204E+00   0.28482E+00   0.32093E+00   0.33898E+00   0.33178E+00
   0.80999E+02   0.25464E+00   0.28662E+00   0.32223E+00   0.34043E+00   0.33333E+00
   0.80002E+02   0.25709E+00   0.28834E+00   0.32344E+00   0.34168E+00   0.33478E+00
   0.78999E+02   0.25929E+00   0.28974E+00   0.32444E+00   0.34283E+00   0.33603E+00
   0.78002E+02   0.26129E+00   0.29104E+00   0.32524E+00   0.34368E+00   0.33718E+00
   0.77000E+02   0.26318E+00   0.29228E+00   0.32596E+00   0.34444E+00   0.33804E+00
   0.76003E+02   0.26473E+00   0.29316E+00   0.32635E+00   0.34498E+00   0.33878E+00
   0.75000E+02   0.26618E+00   0.29398E+00   0.32666E+00   0.34544E+00   0.33934E+00
   0.73997E+02   0.26733E+00   0.29445E+00   0.32685E+00   0.34558E+00   0.33968E+00
   0.73001E+02   0.26833E+00   0.29485E+00   0.32674E+00   0.34563E+00   0.33983E+00
   0.71998E+02   0.26913E+00   0.29505E+00   0.32654E+00   0.34548E+00   0.33988E+00
   0.71001E+02   0.26963E+00   0.29505E+00   0.32614E+00   0.34513E+00   0.33963E+00
   0.69998E+02   0.27002E+00   0.29485E+00   0.32554E+00   0.34458E+00   0.33928E+00
   0.69001E+02   0.26997E+00   0.29447E+00   0.32470E+00   0.34381E+00   0.33861E+00
   0.67999E+02   0.26972E+00   0.29380E+00   0.32367E+00   0.34284E+00   0.33784E+00
   0.67002E+02   0.26927E+00   0.29302E+00   0.32253E+00   0.34177E+00   0.33687E+00
   0.65999E+02   0.26862E+00   0.29194E+00   0.32109E+00   0.34040E+00   0.33570E+00
   0.65002E+02   0.26777E+00   0.29077E+00   0.31955E+00   0.33893E+00   0.33433E+00
   0.63999E+02   0.26667E+00   0.28932E+00   0.31782E+00   0.33717E+00   0.33277E+00
   0.63002E+02   0.26537E+00   0.28777E+00   0.31590E+00   0.33531E+00   0.33101E+00
   0.62000E+02   0.26382E+00   0.28589E+00   0.31366E+00   0.33314E+00   0.32904E+00
   0.61003E+02   0.26206E+00   0.28386E+00   0.31135E+00   0.33088E+00   0.32688E+00
   0.60000E+02   0.26016E+00   0.28171E+00   0.30882E+00   0.32842E+00   0.32442E+00
   0.58997E+02   0.25801E+00   0.27929E+00   0.30611E+00   0.32566E+00   0.32186E+00
   0.58001E+02   0.25561E+00   0.27668E+00   0.30321E+00   0.32271E+00   0.31911E+00
   0.56998E+02   0.25311E+00   0.27388E+00   0.30011E+00   0.31966E+00   0.31616E+00
   0.56001E+02   0.25031E+00   0.27088E+00   0.29680E+00   0.31631E+00   0.31291E+00
   0.54998E+02   0.24726E+00   0.26770E+00   0.29332E+00   0.31276E+00   0.30956E+00
   0.54001E+02   0.24415E+00   0.26435E+00   0.28964E+00   0.30903E+00   0.30593E+00
   0.52999E+02   0.24070E+00   0.26083E+00   0.28577E+00   0.30519E+00   0.30209E+00
   0.52002E+02   0.23710E+00   0.25697E+00   0.28160E+00   0.30105E+00   0.29805E+00
   0.50999E+02   0.23330E+00   0.25307E+00   0.27735E+00   0.29663E+00   0.29383E+00
   0.50002E+02   0.22929E+00   0.24892E+00   0.27292E+00   0.29211E+00   0.28941E+00
   0.48999E+02   0.22519E+00   0.24457E+00   0.26829E+00   0.28740E+00   0.28480E+00
   0.48002E+02   0.22069E+00   0.24001E+00   0.26337E+00   0.28249E+00   0.27999E+00
   0.47000E+02   0.21624E+00   0.23534E+00   0.25838E+00   0.27729E+00   0.27499E+00
   0.46003E+02   0.21138E+00   0.23046E+00   0.25319E+00   0.27200E+00   0.26970E+00
   0.45000E+02   0.20648E+00   0.22530E+00   0.24771E+00   0.26641E+00   0.26431E+00
   0.43997E+02   0.20143E+00   0.22012E+00   0.24217E+00   0.26074E+00   0.25864E+00
   0.43000E+02   0.19622E+00   0.21467E+00   0.23644E+00   0.25477E+00   0.25287E+00
   0.41998E+02   0.19077E+00   0.20914E+00   0.23052E+00   0.24871E+00   0.24681E+00
   0.41001E+02   0.18521E+00   0.20346E+00   0.22443E+00   0.24237E+00   0.24067E+00
   0.39998E+02   0.17956E+00   0.19753E+00   0.21827E+00   0.23593E+00   0.23433E+00
   0.39001E+02   0.17365E+00   0.19153E+00   0.21181E+00   0.22931E+00   0.22781E+00
   0.37999E+02   0.16769E+00   0.18539E+00   0.20530E+00   0.22260E+00   0.22110E+00
   0.37002E+02   0.16169E+00   0.17924E+00   0.19872E+00   0.21561E+00   0.21421E+00
   0.35999E+02   0.15548E+00   0.17278E+00   0.19184E+00   0.20851E+00   0.20721E+00
   0.35002E+02   0.14927E+00   0.16632E+00   0.18500E+00   0.20135E+00   0.20015E+00
   0.33999E+02   0.14297E+00   0.15982E+00   0.17800E+00   0.19399E+00   0.19289E+00
   0.33002E+02   0.13666E+00   0.15316E+00   0.17092E+00   0.18655E+00   0.18545E+00
   0.32000E+02   0.13020E+00   0.14647E+00   0.16377E+00   0.17893E+00   0.17803E+00
   0.31003E+02   0.12369E+00   0.13972E+00   0.15644E+00   0.17131E+00   0.17041E+00
   0.30000E+02   0.11728E+00   0.13296E+00   0.14916E+00   0.16362E+00   0.16272E+00
   0.28997E+02   0.11097E+00   0.12620E+00   0.14193E+00   0.15585E+00   0.15505E+00
   0.28000E+02   0.10446E+00   0.11934E+00   0.13449E+00   0.14799E+00   0.14729E+00
   0.26998E+02   0.98199E-01   0.11260E+00   0.12722E+00   0.14015E+00   0.13945E+00
   0.26001E+02   0.91888E-01   0.10579E+00   0.11986E+00   0.13232E+00   0.13172E+00
   0.24998E+02   0.85626E-01   0.99150E-01   0.11254E+00   0.12441E+00   0.12391E+00
   0.24001E+02   0.79463E-01   0.92463E-01   0.10525E+00   0.11661E+00   0.11611E+00
   0.22999E+02   0.73500E-01   0.85925E-01   0.98074E-01   0.10892E+00   0.10842E+00
   0.22002E+02   0.67687E-01   0.79561E-01   0.91039E-01   0.10125E+00   0.10085E+00
   0.20999E+02   0.61948E-01   0.73235E-01   0.84073E-01   0.93689E-01   0.93289E-01
   0.20002E+02   0.56519E-01   0.67123E-01   0.77253E-01   0.86202E-01   0.85882E-01
   0.18999E+02   0.51109E-01   0.61151E-01   0.70579E-01   0.78908E-01   0.78628E-01
   0.18002E+02   0.46055E-01   0.55382E-01   0.64096E-01   0.71785E-01   0.71535E-01
   0.17000E+02   0.41160E-01   0.49802E-01   0.57812E-01   0.64861E-01   0.64651E-01
   0.16003E+02   0.36515E-01   0.44448E-01   0.51751E-01   0.58169E-01   0.57979E-01
   0.15000E+02   0.32116E-01   0.39331E-01   0.45934E-01   0.51724E-01   0.51564E-01
   0.13997E+02   0.27962E-01   0.34471E-01   0.40371E-01   0.45550E-01   0.45410E-01
   0.13000E+02   0.24122E-01   0.29900E-01   0.35121E-01   0.39684E-01   0.39564E-01
   0.11998E+02   0.20534E-01   0.25618E-01   0.30162E-01   0.34133E-01   0.34043E-01
   0.11001E+02   0.17240E-01   0.21620E-01   0.25530E-01   0.28935E-01   0.28855E-01
   0.99981E+01   0.14228E-01   0.17943E-01   0.21238E-01   0.24107E-01   0.24047E-01
   0.90012E+01   0.11501E-01   0.14588E-01   0.17308E-01   0.19676E-01   0.19626E-01
   0.79985E+01   0.90699E-02   0.11562E-01   0.13752E-01   0.15647E-01   0.15607E-01
   0.70015E+01   0.69349E-02   0.88798E-02   0.10574E-01   0.12056E-01   0.12026E-01
   0.59989E+01   0.50800E-02   0.65369E-02   0.78034E-02   0.88989E-02   0.88779E-02
   0.50019E+01   0.35287E-02   0.45499E-02   0.54390E-02   0.62073E-02   0.61923E-02
   0.39992E+01   0.22553E-02   0.29165E-02   0.34907E-02   0.39873E-02   0.39773E-02
   0.30023E+01   0.12662E-02   0.16424E-02   0.19674E-02   0.22490E-02   0.22430E-02
   0.19996E+01   0.56198E-03   0.73048E-03   0.87598E-03   0.10019E-02   0.99886E-03
   0.10027E+01   0.14050E-03   0.18272E-03   0.21920E-03   0.25064E-03   0.25004E-03
   0.00000E+00   0.00000E+00   0.00000E+00   0.00000E+00   0.00000E+00   0.00000E+00
