   0.00000E+00   0.61980E+01   0.62545E+01   0.62528E+01   0.61217E+01   0.61517E+01
   0.10027E+01   0.62120E+01   0.62675E+01   0.62668E+01   0.61347E+01   0.61647E+01
   0.19996E+01   0.62520E+01   0.63072E+01   0.63067E+01   0.61757E+01   0.62057E+01
   0.30023E+01   0.63180E+01   0.63737E+01   0.63726E+01   0.62426E+01   0.62726E+01
   0.39992E+01   0.64110E+01   0.64671E+01   0.64654E+01   0.63356E+01   0.63656E+01
   0.50019E+01   0.65310E+01   0.65856E+01   0.65853E+01   0.64566E+01   0.64866E+01
   0.59989E+01   0.66760E+01   0.67308E+01   0.67301E+01   0.66025E+01   0.66325E+01
   0.70015E+01   0.68480E+01   0.69020E+01   0.69019E+01   0.67744E+01   0.68044E+01
   0.79985E+01   0.70440E+01   0.70987E+01   0.70975E+01   0.69723E+01   0.70023E+01
   0.90012E+01   0.72660E+01   0.73193E+01   0.73191E+01   0.71952E+01   0.72252E+01
   0.99981E+01   0.75120E+01   0.75650E+01   0.75648E+01   0.74421E+01   0.74721E+01
   0.11001E+02   0.77820E+01   0.78354E+01   0.78344E+01   0.77140E+01   0.77440E+01
   0.11998E+02   0.80760E+01   0.81285E+01   0.81279E+01   0.80099E+01   0.80399E+01
   0.13000E+02   0.83930E+01   0.84449E+01   0.84444E+01   0.83288E+01   0.83578E+01
   0.13997E+02   0.87320E+01   0.87827E+01   0.87828E+01   0.86696E+01   0.86986E+01
   0.15000E+02   0.90930E+01   0.91426E+01   0.91433E+01   0.90315E+01   0.90615E+01
   0.16003E+02   0.94750E+01   0.95235E+01   0.95247E+01   0.94153E+01   0.94453E+01
   0.17000E+02   0.98760E+01   0.99250E+01   0.99251E+01   0.98191E+01   0.98491E+01
   0.18002E+02   0.10300E+02   0.10341E+02   0.10349E+02   0.10243E+02   0.10273E+02
   0.18999E+02   0.10740E+02   0.10790E+02   0.10788E+02   0.10683E+02   0.10713E+02
   0.20002E+02   0.11200E+02   0.11247E+02   0.11247E+02   0.11143E+02   0.11173E+02
   0.20999E+02   0.11670E+02   0.11712E+02   0.11716E+02   0.11622E+02   0.11652E+02
   0.22002E+02   0.12160E+02   0.12199E+02   0.12205E+02   0.12112E+02   0.12142E+02
   0.22999E+02   0.12660E+02   0.12706E+02   0.12705E+02   0.12622E+02   0.12652E+02
   0.24001E+02   0.13180E+02   0.13221E+02   0.13223E+02   0.13142E+02   0.13172E+02
   0.24998E+02   0.13720E+02   0.13761E+02   0.13763E+02   0.13682E+02   0.13712E+02
   0.26001E+02   0.14260E+02   0.14295E+02   0.14302E+02   0.14231E+02   0.14261E+02
   0.26998E+02   0.14820E+02   0.14853E+02   0.14861E+02   0.14791E+02   0.14811E+02
   0.28000E+02   0.15380E+02   0.15420E+02   0.15420E+02   0.15351E+02   0.15381E+02
   0.28997E+02   0.15960E+02   0.15997E+02   0.16000E+02   0.15931E+02   0.15961E+02
   0.30000E+02   0.16540E+02   0.16572E+02   0.16578E+02   0.16520E+02   0.16550E+02
   0.31003E+02   0.17130E+02   0.17159E+02   0.17167E+02   0.17110E+02   0.17140E+02
   0.32000E+02   0.17720E+02   0.17754E+02   0.17756E+02   0.17710E+02   0.17740E+02
   0.33002E+02   0.18320E+02   0.18351E+02   0.18355E+02   0.18309E+02   0.18339E+02
   0.33999E+02   0.18922E+02   0.18956E+02   0.18954E+02   0.18919E+02   0.18949E+02
   0.35002E+02   0.19542E+02   0.19566E+02   0.19564E+02   0.19529E+02   0.19559E+02
   0.35999E+02   0.20172E+02   0.20176E+02   0.20174E+02   0.20139E+02   0.20169E+02
   0.37002E+02   0.20792E+02   0.20786E+02   0.20774E+02   0.20749E+02   0.20779E+02
   0.37999E+02   0.21412E+02   0.21396E+02   0.21384E+02   0.21359E+02   0.21389E+02
   0.39001E+02   0.22032E+02   0.21996E+02   0.21994E+02   0.21969E+02   0.21999E+02
   0.39998E+02   0.22654E+02   0.22607E+02   0.22594E+02   0.22579E+02   0.22599E+02
   0.41001E+02   0.23274E+02   0.23207E+02   0.23194E+02   0.23179E+02   0.23209E+02
   0.41998E+02   0.23884E+02   0.23807E+02   0.23784E+02   0.23779E+02   0.23809E+02
   0.43000E+02   0.24484E+02   0.24397E+02   0.24374E+02   0.24369E+02   0.24399E+02
   0.43997E+02   0.25084E+02   0.24987E+02   0.24954E+02   0.24959E+02   0.24979E+02
   0.45000E+02   0.25674E+02   0.25567E+02   0.25534E+02   0.25539E+02   0.25559E+02
   0.46003E+02   0.26264E+02   0.26137E+02   0.26104E+02   0.26109E+02   0.26129E+02
   0.47000E+02   0.26839E+02   0.26698E+02   0.26654E+02   0.26669E+02   0.26699E+02
   0.48002E+02   0.27410E+02   0.27251E+02   0.27205E+02   0.27219E+02   0.27249E+02
   0.48999E+02   0.27980E+02   0.27794E+02   0.27746E+02   0.27760E+02   0.27790E+02
   0.50002E+02   0.28530E+02   0.28327E+02   0.28267E+02   0.28290E+02   0.28320E+02
   0.50999E+02   0.29070E+02   0.28839E+02   0.28787E+02   0.28810E+02   0.28830E+02
   0.52002E+02   0.29590E+02   0.29352E+02   0.29288E+02   0.29310E+02   0.29340E+02
   0.52999E+02   0.30100E+02   0.29845E+02   0.29769E+02   0.29800E+02   0.29830E+02
   0.54001E+02   0.30599E+02   0.30317E+02   0.30249E+02   0.30271E+02   0.30301E+02
   0.54998E+02   0.31078E+02   0.30779E+02   0.30700E+02   0.30731E+02   0.30761E+02
   0.56001E+02   0.31546E+02   0.31232E+02   0.31141E+02   0.31181E+02   0.31211E+02
   0.56998E+02   0.31995E+02   0.31664E+02   0.31571E+02   0.31611E+02   0.31631E+02
   0.58001E+02   0.32423E+02   0.32076E+02   0.31982E+02   0.32021E+02   0.32051E+02
   0.58997E+02   0.32840E+02   0.32468E+02   0.32372E+02   0.32411E+02   0.32441E+02
   0.60000E+02   0.33238E+02   0.32850E+02   0.32743E+02   0.32792E+02   0.32822E+02
   0.61003E+02   0.33615E+02   0.33212E+02   0.33103E+02   0.33152E+02   0.33182E+02
   0.62000E+02   0.33972E+02   0.33554E+02   0.33444E+02   0.33492E+02   0.33522E+02
   0.63002E+02   0.34308E+02   0.33876E+02   0.33754E+02   0.33812E+02   0.33842E+02
   0.63999E+02   0.34624E+02   0.34177E+02   0.34055E+02   0.34112E+02   0.34142E+02
   0.65002E+02   0.34919E+02   0.34459E+02   0.34335E+02   0.34392E+02   0.34422E+02
   0.65999E+02   0.35205E+02   0.34730E+02   0.34606E+02   0.34662E+02   0.34682E+02
   0.67002E+02   0.35459E+02   0.34971E+02   0.34846E+02   0.34902E+02   0.34932E+02
   0.67999E+02   0.35694E+02   0.35193E+02   0.35066E+02   0.35122E+02   0.35152E+02
   0.69001E+02   0.35908E+02   0.35404E+02   0.35267E+02   0.35332E+02   0.35352E+02
   0.69998E+02   0.36102E+02   0.35585E+02   0.35447E+02   0.35513E+02   0.35533E+02
   0.71001E+02   0.36275E+02   0.35746E+02   0.35607E+02   0.35673E+02   0.35703E+02
   0.71998E+02   0.36428E+02   0.35896E+02   0.35747E+02   0.35813E+02   0.35843E+02
   0.73001E+02   0.36560E+02   0.36017E+02   0.35867E+02   0.35933E+02   0.35963E+02
   0.73997E+02   0.36673E+02   0.36118E+02   0.35968E+02   0.36033E+02   0.36063E+02
   0.75000E+02   0.36764E+02   0.36198E+02   0.36048E+02   0.36113E+02   0.36143E+02
   0.76003E+02   0.36836E+02   0.36258E+02   0.36108E+02   0.36183E+02   0.36203E+02
   0.77000E+02   0.36877E+02   0.36299E+02   0.36148E+02   0.36223E+02   0.36243E+02
   0.78002E+02   0.36907E+02   0.36319E+02   0.36168E+02   0.36243E+02   0.36263E+02
   0.78999E+02   0.36918E+02   0.36329E+02   0.36158E+02   0.36243E+02   0.36263E+02
   0.80002E+02   0.36898E+02   0.36309E+02   0.36138E+02   0.36223E+02   0.36243E+02
   0.80999E+02   0.36867E+02   0.36269E+02   0.36108E+02   0.36183E+02   0.36203E+02
   0.82002E+02   0.36806E+02   0.36208E+02   0.36048E+02   0.36123E+02   0.36153E+02
   0.82999E+02   0.36735E+02   0.36138E+02   0.35968E+02   0.36043E+02   0.36073E+02
   0.84001E+02   0.36643E+02   0.36038E+02   0.35868E+02   0.35953E+02   0.35973E+02
   0.84998E+02   0.36531E+02   0.35927E+02   0.35757E+02   0.35833E+02   0.35863E+02
   0.86001E+02   0.36399E+02   0.35797E+02   0.35627E+02   0.35703E+02   0.35733E+02
   0.86998E+02   0.36246E+02   0.35646E+02   0.35477E+02   0.35553E+02   0.35573E+02
   0.88001E+02   0.36083E+02   0.35475E+02   0.35307E+02   0.35383E+02   0.35413E+02
   0.88998E+02   0.35890E+02   0.35294E+02   0.35117E+02   0.35203E+02   0.35223E+02
   0.90000E+02   0.35686E+02   0.35093E+02   0.34916E+02   0.35002E+02   0.35022E+02
   0.90997E+02   0.35472E+02   0.34872E+02   0.34706E+02   0.34782E+02   0.34802E+02
   0.92000E+02   0.35228E+02   0.34641E+02   0.34466E+02   0.34542E+02   0.34572E+02
   0.93003E+02   0.34983E+02   0.34390E+02   0.34215E+02   0.34292E+02   0.34322E+02
   0.93999E+02   0.34709E+02   0.34118E+02   0.33955E+02   0.34032E+02   0.34062E+02
   0.95002E+02   0.34424E+02   0.33847E+02   0.33675E+02   0.33752E+02   0.33782E+02
   0.95999E+02   0.34128E+02   0.33556E+02   0.33384E+02   0.33462E+02   0.33482E+02
   0.97002E+02   0.33812E+02   0.33244E+02   0.33084E+02   0.33152E+02   0.33182E+02
   0.97999E+02   0.33487E+02   0.32923E+02   0.32764E+02   0.32832E+02   0.32862E+02
   0.99001E+02   0.33150E+02   0.32591E+02   0.32433E+02   0.32502E+02   0.32532E+02
   0.99998E+02   0.32794E+02   0.32249E+02   0.32083E+02   0.32161E+02   0.32181E+02
   0.10100E+03   0.32427E+02   0.31887E+02   0.31732E+02   0.31801E+02   0.31821E+02
   0.10200E+03   0.32050E+02   0.31516E+02   0.31362E+02   0.31431E+02   0.31461E+02
   0.10300E+03   0.31663E+02   0.31144E+02   0.30991E+02   0.31051E+02   0.31081E+02
   0.10400E+03   0.31266E+02   0.30752E+02   0.30601E+02   0.30661E+02   0.30691E+02
   0.10500E+03   0.30859E+02   0.30350E+02   0.30200E+02   0.30271E+02   0.30291E+02
   0.10600E+03   0.30431E+02   0.29938E+02   0.29800E+02   0.29861E+02   0.29881E+02
   0.10700E+03   0.30003E+02   0.29526E+02   0.29379E+02   0.29440E+02   0.29470E+02
   0.10800E+03   0.29565E+02   0.29103E+02   0.28958E+02   0.29020E+02   0.29040E+02
   0.10900E+03   0.29127E+02   0.28661E+02   0.28528E+02   0.28590E+02   0.28610E+02
   0.11000E+03   0.28669E+02   0.28229E+02   0.28087E+02   0.28150E+02   0.28170E+02
   0.11100E+03   0.28210E+02   0.27777E+02   0.27647E+02   0.27700E+02   0.27720E+02
   0.11200E+03   0.27742E+02   0.27324E+02   0.27196E+02   0.27250E+02   0.27270E+02
   0.11300E+03   0.27273E+02   0.26862E+02   0.26735E+02   0.26789E+02   0.26809E+02
   0.11400E+03   0.26794E+02   0.26400E+02   0.26275E+02   0.26329E+02   0.26349E+02
   0.11500E+03   0.26315E+02   0.25927E+02   0.25814E+02   0.25859E+02   0.25879E+02
   0.11600E+03   0.25826E+02   0.25455E+02   0.25343E+02   0.25389E+02   0.25409E+02
   0.11700E+03   0.25337E+02   0.24983E+02   0.24873E+02   0.24909E+02   0.24939E+02
   0.11800E+03   0.24838E+02   0.24500E+02   0.24392E+02   0.24429E+02   0.24459E+02
   0.11900E+03   0.24339E+02   0.24018E+02   0.23912E+02   0.23948E+02   0.23978E+02
   0.12000E+03   0.23840E+02   0.23525E+02   0.23431E+02   0.23468E+02   0.23488E+02
   0.12100E+03   0.23341E+02   0.23043E+02   0.22950E+02   0.22978E+02   0.23008E+02
   0.12200E+03   0.22841E+02   0.22550E+02   0.22460E+02   0.22498E+02   0.22518E+02
   0.12300E+03   0.22332E+02   0.22068E+02   0.21979E+02   0.22008E+02   0.22028E+02
   0.12400E+03   0.21833E+02   0.21575E+02   0.21488E+02   0.21518E+02   0.21548E+02
   0.12500E+03   0.21324E+02   0.21083E+02   0.21008E+02   0.21027E+02   0.21057E+02
   0.12600E+03   0.20824E+02   0.20600E+02   0.20527E+02   0.20547E+02   0.20567E+02
   0.12700E+03   0.20315E+02   0.20108E+02   0.20036E+02   0.20057E+02   0.20077E+02
   0.12800E+03   0.19816E+02   0.19625E+02   0.19556E+02   0.19577E+02   0.19597E+02
   0.12900E+03   0.19316E+02   0.19133E+02   0.19075E+02   0.19087E+02   0.19117E+02
   0.13000E+03   0.18817E+02   0.18650E+02   0.18594E+02   0.18606E+02   0.18636E+02
   0.13100E+03   0.18318E+02   0.18178E+02   0.18124E+02   0.18136E+02   0.18156E+02
   0.13200E+03   0.17829E+02   0.17696E+02   0.17653E+02   0.17656E+02   0.17686E+02
   0.13300E+03   0.17340E+02   0.17223E+02   0.17182E+02   0.17186E+02   0.17206E+02
   0.13400E+03   0.16861E+02   0.16761E+02   0.16722E+02   0.16716E+02   0.16746E+02
   0.13500E+03   0.16382E+02   0.16288E+02   0.16261E+02   0.16256E+02   0.16276E+02
   0.13600E+03   0.15907E+02   0.15837E+02   0.15801E+02   0.15796E+02   0.15826E+02
   0.13700E+03   0.15447E+02   0.15377E+02   0.15351E+02   0.15346E+02   0.15366E+02
   0.13800E+03   0.14984E+02   0.14936E+02   0.14900E+02   0.14895E+02   0.14925E+02
   0.13900E+03   0.14534E+02   0.14486E+02   0.14470E+02   0.14455E+02   0.14475E+02
   0.14000E+03   0.14097E+02   0.14057E+02   0.14031E+02   0.14026E+02   0.14046E+02
   0.14100E+03   0.13657E+02   0.13627E+02   0.13611E+02   0.13596E+02   0.13616E+02
   0.14200E+03   0.13227E+02   0.13207E+02   0.13191E+02   0.13166E+02   0.13196E+02
   0.14300E+03   0.12797E+02   0.12787E+02   0.12771E+02   0.12756E+02   0.12776E+02
   0.14400E+03   0.12387E+02   0.12377E+02   0.12371E+02   0.12346E+02   0.12366E+02
   0.14500E+03   0.11977E+02   0.11977E+02   0.11971E+02   0.11946E+02   0.11966E+02
   0.14600E+03   0.11579E+02   0.11588E+02   0.11581E+02   0.11556E+02   0.11576E+02
   0.14700E+03   0.11189E+02   0.11208E+02   0.11201E+02   0.11166E+02   0.11186E+02
   0.14800E+03   0.10800E+02   0.10828E+02   0.10821E+02   0.10796E+02   0.10816E+02
   0.14900E+03   0.10440E+02   0.10460E+02   0.10462E+02   0.10426E+02   0.10446E+02
   0.15000E+03   0.10080E+02   0.10112E+02   0.10102E+02   0.10066E+02   0.10086E+02
   0.15100E+03   0.97360E+01   0.97620E+01   0.97588E+01   0.97201E+01   0.97411E+01
   0.15200E+03   0.93990E+01   0.94254E+01   0.94224E+01   0.93813E+01   0.94023E+01
   0.15300E+03   0.90720E+01   0.90990E+01   0.90961E+01   0.90515E+01   0.90735E+01
   0.15400E+03   0.87550E+01   0.87815E+01   0.87798E+01   0.87326E+01   0.87536E+01
   0.15500E+03   0.84480E+01   0.84746E+01   0.84734E+01   0.84238E+01   0.84448E+01
   0.15600E+03   0.81510E+01   0.81787E+01   0.81769E+01   0.81249E+01   0.81459E+01
   0.15700E+03   0.78650E+01   0.78929E+01   0.78915E+01   0.78371E+01   0.78581E+01
   0.15800E+03   0.75890E+01   0.76168E+01   0.76160E+01   0.75602E+01   0.75812E+01
   0.15900E+03   0.73250E+01   0.73529E+01   0.73526E+01   0.72944E+01   0.73154E+01
   0.16000E+03   0.70720E+01   0.70998E+01   0.71001E+01   0.70395E+01   0.70605E+01
   0.16100E+03   0.68300E+01   0.68587E+01   0.68586E+01   0.67967E+01   0.68177E+01
   0.16200E+03   0.65990E+01   0.66283E+01   0.66280E+01   0.65648E+01   0.65848E+01
   0.16300E+03   0.63800E+01   0.64089E+01   0.64094E+01   0.63439E+01   0.63649E+01
   0.16400E+03   0.61730E+01   0.62025E+01   0.62029E+01   0.61360E+01   0.61570E+01
   0.16500E+03   0.59780E+01   0.60071E+01   0.60083E+01   0.59391E+01   0.59601E+01
   0.16600E+03   0.57940E+01   0.58242E+01   0.58246E+01   0.57552E+01   0.57752E+01
   0.16700E+03   0.56230E+01   0.56525E+01   0.56540E+01   0.55823E+01   0.56033E+01
   0.16800E+03   0.54640E+01   0.54938E+01   0.54953E+01   0.54234E+01   0.54434E+01
   0.16900E+03   0.53180E+01   0.53482E+01   0.53497E+01   0.52755E+01   0.52965E+01
   0.17000E+03   0.51840E+01   0.52143E+01   0.52160E+01   0.51406E+01   0.51616E+01
   0.17100E+03   0.50620E+01   0.50921E+01   0.50942E+01   0.50186E+01   0.50386E+01
   0.17200E+03   0.49530E+01   0.49829E+01   0.49854E+01   0.49087E+01   0.49287E+01
   0.17300E+03   0.48570E+01   0.48867E+01   0.48896E+01   0.48117E+01   0.48317E+01
   0.17400E+03   0.47730E+01   0.48032E+01   0.48058E+01   0.47278E+01   0.47478E+01
   0.17500E+03   0.47020E+01   0.47327E+01   0.47349E+01   0.46558E+01   0.46768E+01
   0.17600E+03   0.46440E+01   0.46743E+01   0.46770E+01   0.45979E+01   0.46179E+01
   0.17700E+03   0.45990E+01   0.46295E+01   0.46321E+01   0.45519E+01   0.45729E+01
   0.17800E+03   0.45660E+01   0.45965E+01   0.45991E+01   0.45199E+01   0.45399E+01
   0.17900E+03   0.45470E+01   0.45778E+01   0.45802E+01   0.44999E+01   0.45209E+01
   0.18000E+03   0.45410E+01   0.45711E+01   0.45743E+01   0.44939E+01   0.45139E+01
   0.18000E+03   0.36150E+01   0.43229E+01   0.45077E+01   0.44761E+01   0.44961E+01
   0.17900E+03   0.36230E+01   0.43302E+01   0.45138E+01   0.44821E+01   0.45031E+01
   0.17800E+03   0.36440E+01   0.43495E+01   0.45329E+01   0.45021E+01   0.45221E+01
   0.17700E+03   0.36770E+01   0.43825E+01   0.45659E+01   0.45341E+01   0.45551E+01
   0.17600E+03   0.37240E+01   0.44277E+01   0.46110E+01   0.45801E+01   0.46001E+01
   0.17500E+03   0.37860E+01   0.44873E+01   0.46691E+01   0.46382E+01   0.46592E+01
   0.17400E+03   0.38610E+01   0.45588E+01   0.47402E+01   0.47102E+01   0.47302E+01
   0.17300E+03   0.39490E+01   0.46433E+01   0.48244E+01   0.47943E+01   0.48143E+01
   0.17200E+03   0.40510E+01   0.47411E+01   0.49206E+01   0.48913E+01   0.49113E+01
   0.17100E+03   0.41660E+01   0.48519E+01   0.50298E+01   0.50014E+01   0.50214E+01
   0.17000E+03   0.42940E+01   0.49757E+01   0.51520E+01   0.51234E+01   0.51444E+01
   0.16900E+03   0.44360E+01   0.51118E+01   0.52863E+01   0.52585E+01   0.52795E+01
   0.16800E+03   0.45920E+01   0.52602E+01   0.54327E+01   0.54066E+01   0.54266E+01
   0.16700E+03   0.47610E+01   0.54215E+01   0.55920E+01   0.55657E+01   0.55867E+01
   0.16600E+03   0.49420E+01   0.55958E+01   0.57634E+01   0.57388E+01   0.57588E+01
   0.16500E+03   0.51340E+01   0.57809E+01   0.59477E+01   0.59229E+01   0.59439E+01
   0.16400E+03   0.53410E+01   0.59795E+01   0.61431E+01   0.61200E+01   0.61410E+01
   0.16300E+03   0.55600E+01   0.61891E+01   0.63506E+01   0.63281E+01   0.63491E+01
   0.16200E+03   0.57910E+01   0.64117E+01   0.65700E+01   0.65492E+01   0.65692E+01
   0.16100E+03   0.60340E+01   0.66453E+01   0.68014E+01   0.67813E+01   0.68023E+01
   0.16000E+03   0.62900E+01   0.68902E+01   0.70439E+01   0.70245E+01   0.70455E+01
   0.15900E+03   0.65570E+01   0.71471E+01   0.72974E+01   0.72796E+01   0.73006E+01
   0.15800E+03   0.68370E+01   0.74152E+01   0.75620E+01   0.75458E+01   0.75668E+01
   0.15700E+03   0.71270E+01   0.76951E+01   0.78385E+01   0.78229E+01   0.78439E+01
   0.15600E+03   0.74290E+01   0.79853E+01   0.81251E+01   0.81111E+01   0.81321E+01
   0.15500E+03   0.77420E+01   0.82854E+01   0.84226E+01   0.84102E+01   0.84312E+01
   0.15400E+03   0.80650E+01   0.85965E+01   0.87302E+01   0.87194E+01   0.87404E+01
   0.15300E+03   0.84000E+01   0.89190E+01   0.90479E+01   0.90385E+01   0.90605E+01
   0.15200E+03   0.87470E+01   0.92506E+01   0.93756E+01   0.93687E+01   0.93897E+01
   0.15100E+03   0.91020E+01   0.95920E+01   0.97132E+01   0.97079E+01   0.97289E+01
   0.15000E+03   0.94680E+01   0.99480E+01   0.10058E+02   0.10054E+02   0.10074E+02
   0.14900E+03   0.98400E+01   0.10300E+02   0.10418E+02   0.10414E+02   0.10434E+02
   0.14800E+03   0.10220E+02   0.10672E+02   0.10779E+02   0.10784E+02   0.10804E+02
   0.14700E+03   0.10611E+02   0.11052E+02   0.11159E+02   0.11154E+02   0.11174E+02
   0.14600E+03   0.11001E+02   0.11432E+02   0.11539E+02   0.11544E+02   0.11564E+02
   0.14500E+03   0.11403E+02   0.11823E+02   0.11929E+02   0.11934E+02   0.11954E+02
   0.14400E+03   0.11813E+02   0.12223E+02   0.12329E+02   0.12334E+02   0.12354E+02
   0.14300E+03   0.12223E+02   0.12633E+02   0.12729E+02   0.12744E+02   0.12764E+02
   0.14200E+03   0.12653E+02   0.13053E+02   0.13149E+02   0.13154E+02   0.13184E+02
   0.14100E+03   0.13083E+02   0.13473E+02   0.13569E+02   0.13584E+02   0.13604E+02
   0.14000E+03   0.13523E+02   0.13903E+02   0.13989E+02   0.14014E+02   0.14034E+02
   0.13900E+03   0.13966E+02   0.14334E+02   0.14430E+02   0.14445E+02   0.14465E+02
   0.13800E+03   0.14416E+02   0.14784E+02   0.14860E+02   0.14885E+02   0.14915E+02
   0.13700E+03   0.14873E+02   0.15223E+02   0.15309E+02   0.15334E+02   0.15354E+02
   0.13600E+03   0.15333E+02   0.15683E+02   0.15759E+02   0.15784E+02   0.15814E+02
   0.13500E+03   0.15798E+02   0.16132E+02   0.16219E+02   0.16244E+02   0.16264E+02
   0.13400E+03   0.16259E+02   0.16599E+02   0.16678E+02   0.16704E+02   0.16734E+02
   0.13300E+03   0.16720E+02   0.17057E+02   0.17138E+02   0.17174E+02   0.17194E+02
   0.13200E+03   0.17191E+02   0.17524E+02   0.17607E+02   0.17644E+02   0.17674E+02
   0.13100E+03   0.17662E+02   0.18002E+02   0.18076E+02   0.18124E+02   0.18144E+02
   0.13000E+03   0.18143E+02   0.18470E+02   0.18546E+02   0.18594E+02   0.18624E+02
   0.12900E+03   0.18624E+02   0.18947E+02   0.19025E+02   0.19073E+02   0.19103E+02
   0.12800E+03   0.19104E+02   0.19435E+02   0.19504E+02   0.19563E+02   0.19583E+02
   0.12700E+03   0.19585E+02   0.19912E+02   0.19984E+02   0.20043E+02   0.20063E+02
   0.12600E+03   0.20076E+02   0.20400E+02   0.20473E+02   0.20533E+02   0.20553E+02
   0.12500E+03   0.20556E+02   0.20877E+02   0.20952E+02   0.21013E+02   0.21043E+02
   0.12400E+03   0.21047E+02   0.21365E+02   0.21432E+02   0.21502E+02   0.21532E+02
   0.12300E+03   0.21528E+02   0.21852E+02   0.21921E+02   0.21992E+02   0.22012E+02
   0.12200E+03   0.22019E+02   0.22330E+02   0.22400E+02   0.22482E+02   0.22502E+02
   0.12100E+03   0.22499E+02   0.22817E+02   0.22890E+02   0.22962E+02   0.22992E+02
   0.12000E+03   0.22980E+02   0.23295E+02   0.23369E+02   0.23452E+02   0.23472E+02
   0.11900E+03   0.23461E+02   0.23782E+02   0.23848E+02   0.23932E+02   0.23962E+02
   0.11800E+03   0.23942E+02   0.24260E+02   0.24328E+02   0.24411E+02   0.24441E+02
   0.11700E+03   0.24423E+02   0.24737E+02   0.24807E+02   0.24891E+02   0.24921E+02
   0.11600E+03   0.24894E+02   0.25205E+02   0.25277E+02   0.25371E+02   0.25391E+02
   0.11500E+03   0.25365E+02   0.25673E+02   0.25746E+02   0.25841E+02   0.25861E+02
   0.11400E+03   0.25826E+02   0.26140E+02   0.26205E+02   0.26311E+02   0.26331E+02
   0.11300E+03   0.26287E+02   0.26598E+02   0.26665E+02   0.26771E+02   0.26791E+02
   0.11200E+03   0.26738E+02   0.27056E+02   0.27124E+02   0.27230E+02   0.27250E+02
   0.11100E+03   0.27190E+02   0.27503E+02   0.27573E+02   0.27680E+02   0.27700E+02
   0.11000E+03   0.27631E+02   0.27951E+02   0.28013E+02   0.28130E+02   0.28150E+02
   0.10900E+03   0.28073E+02   0.28379E+02   0.28452E+02   0.28570E+02   0.28590E+02
   0.10800E+03   0.28495E+02   0.28817E+02   0.28882E+02   0.29000E+02   0.29020E+02
   0.10700E+03   0.28917E+02   0.29234E+02   0.29301E+02   0.29420E+02   0.29450E+02
   0.10600E+03   0.29329E+02   0.29642E+02   0.29720E+02   0.29839E+02   0.29859E+02
   0.10500E+03   0.29741E+02   0.30050E+02   0.30120E+02   0.30249E+02   0.30269E+02
   0.10400E+03   0.30134E+02   0.30448E+02   0.30519E+02   0.30639E+02   0.30669E+02
   0.10300E+03   0.30517E+02   0.30836E+02   0.30909E+02   0.31029E+02   0.31059E+02
   0.10200E+03   0.30890E+02   0.31204E+02   0.31278E+02   0.31409E+02   0.31439E+02
   0.10100E+03   0.31253E+02   0.31573E+02   0.31648E+02   0.31779E+02   0.31799E+02
   0.99998E+02   0.31606E+02   0.31931E+02   0.31997E+02   0.32139E+02   0.32159E+02
   0.99001E+02   0.31950E+02   0.32269E+02   0.32347E+02   0.32478E+02   0.32508E+02
   0.97999E+02   0.32273E+02   0.32597E+02   0.32676E+02   0.32808E+02   0.32838E+02
   0.97002E+02   0.32588E+02   0.32916E+02   0.32996E+02   0.33128E+02   0.33158E+02
   0.95999E+02   0.32892E+02   0.33224E+02   0.33296E+02   0.33438E+02   0.33458E+02
   0.95002E+02   0.33176E+02   0.33513E+02   0.33585E+02   0.33728E+02   0.33758E+02
   0.93999E+02   0.33451E+02   0.33782E+02   0.33865E+02   0.34008E+02   0.34038E+02
   0.93003E+02   0.33717E+02   0.34050E+02   0.34125E+02   0.34268E+02   0.34298E+02
   0.92000E+02   0.33952E+02   0.34299E+02   0.34374E+02   0.34518E+02   0.34548E+02
   0.90997E+02   0.34188E+02   0.34528E+02   0.34614E+02   0.34758E+02   0.34778E+02
   0.90000E+02   0.34394E+02   0.34747E+02   0.34824E+02   0.34978E+02   0.34998E+02
   0.88998E+02   0.34590E+02   0.34946E+02   0.35023E+02   0.35177E+02   0.35197E+02
   0.88001E+02   0.34777E+02   0.35125E+02   0.35213E+02   0.35357E+02   0.35387E+02
   0.86998E+02   0.34934E+02   0.35294E+02   0.35383E+02   0.35527E+02   0.35547E+02
   0.86001E+02   0.35081E+02   0.35443E+02   0.35533E+02   0.35677E+02   0.35707E+02
   0.84998E+02   0.35209E+02   0.35573E+02   0.35663E+02   0.35807E+02   0.35837E+02
   0.84001E+02   0.35317E+02   0.35682E+02   0.35772E+02   0.35927E+02   0.35947E+02
   0.82999E+02   0.35405E+02   0.35782E+02   0.35872E+02   0.36017E+02   0.36047E+02
   0.82002E+02   0.35474E+02   0.35852E+02   0.35952E+02   0.36097E+02   0.36127E+02
   0.80999E+02   0.35533E+02   0.35911E+02   0.36012E+02   0.36157E+02   0.36177E+02
   0.80002E+02   0.35562E+02   0.35951E+02   0.36042E+02   0.36197E+02   0.36217E+02
   0.78999E+02   0.35582E+02   0.35971E+02   0.36062E+02   0.36217E+02   0.36237E+02
   0.78002E+02   0.35573E+02   0.35961E+02   0.36072E+02   0.36217E+02   0.36237E+02
   0.77000E+02   0.35543E+02   0.35941E+02   0.36052E+02   0.36197E+02   0.36217E+02
   0.76003E+02   0.35504E+02   0.35902E+02   0.36012E+02   0.36157E+02   0.36177E+02
   0.75000E+02   0.35436E+02   0.35842E+02   0.35952E+02   0.36087E+02   0.36117E+02
   0.73997E+02   0.35347E+02   0.35762E+02   0.35872E+02   0.36007E+02   0.36037E+02
   0.73001E+02   0.35240E+02   0.35663E+02   0.35773E+02   0.35907E+02   0.35937E+02
   0.71998E+02   0.35112E+02   0.35544E+02   0.35653E+02   0.35787E+02   0.35817E+02
   0.71001E+02   0.34965E+02   0.35394E+02   0.35513E+02   0.35647E+02   0.35677E+02
   0.69998E+02   0.34798E+02   0.35235E+02   0.35353E+02   0.35487E+02   0.35507E+02
   0.69001E+02   0.34612E+02   0.35056E+02   0.35173E+02   0.35308E+02   0.35328E+02
   0.67999E+02   0.34406E+02   0.34847E+02   0.34974E+02   0.35098E+02   0.35128E+02
   0.67002E+02   0.34181E+02   0.34629E+02   0.34754E+02   0.34878E+02   0.34908E+02
   0.65999E+02   0.33935E+02   0.34390E+02   0.34514E+02   0.34638E+02   0.34658E+02
   0.65002E+02   0.33661E+02   0.34121E+02   0.34245E+02   0.34368E+02   0.34398E+02
   0.63999E+02   0.33376E+02   0.33843E+02   0.33965E+02   0.34088E+02   0.34118E+02
   0.63002E+02   0.33072E+02   0.33544E+02   0.33666E+02   0.33788E+02   0.33818E+02
   0.62000E+02   0.32748E+02   0.33226E+02   0.33356E+02   0.33468E+02   0.33498E+02
   0.61003E+02   0.32405E+02   0.32888E+02   0.33017E+02   0.33128E+02   0.33158E+02
   0.60000E+02   0.32042E+02   0.32530E+02   0.32657E+02   0.32768E+02   0.32798E+02
   0.58997E+02   0.31660E+02   0.32152E+02   0.32288E+02   0.32389E+02   0.32419E+02
   0.58001E+02   0.31257E+02   0.31764E+02   0.31898E+02   0.31999E+02   0.32029E+02
   0.56998E+02   0.30845E+02   0.31356E+02   0.31489E+02   0.31589E+02   0.31609E+02
   0.56001E+02   0.30414E+02   0.30928E+02   0.31059E+02   0.31159E+02   0.31189E+02
   0.54998E+02   0.29962E+02   0.30481E+02   0.30620E+02   0.30709E+02   0.30739E+02
   0.54001E+02   0.29501E+02   0.30023E+02   0.30171E+02   0.30249E+02   0.30279E+02
   0.52999E+02   0.29020E+02   0.29555E+02   0.29691E+02   0.29780E+02   0.29810E+02
   0.52002E+02   0.28530E+02   0.29068E+02   0.29212E+02   0.29290E+02   0.29320E+02
   0.50999E+02   0.28030E+02   0.28561E+02   0.28713E+02   0.28790E+02   0.28810E+02
   0.50002E+02   0.27510E+02   0.28053E+02   0.28193E+02   0.28270E+02   0.28300E+02
   0.48999E+02   0.26980E+02   0.27526E+02   0.27674E+02   0.27740E+02   0.27770E+02
   0.48002E+02   0.26430E+02   0.26989E+02   0.27135E+02   0.27201E+02   0.27231E+02
   0.47000E+02   0.25881E+02   0.26442E+02   0.26586E+02   0.26651E+02   0.26681E+02
   0.46003E+02   0.25316E+02   0.25883E+02   0.26036E+02   0.26091E+02   0.26111E+02
   0.45000E+02   0.24726E+02   0.25313E+02   0.25466E+02   0.25521E+02   0.25541E+02
   0.43997E+02   0.24136E+02   0.24733E+02   0.24886E+02   0.24941E+02   0.24961E+02
   0.43000E+02   0.23536E+02   0.24143E+02   0.24306E+02   0.24351E+02   0.24381E+02
   0.41998E+02   0.22936E+02   0.23553E+02   0.23716E+02   0.23761E+02   0.23791E+02
   0.41001E+02   0.22326E+02   0.22953E+02   0.23126E+02   0.23161E+02   0.23191E+02
   0.39998E+02   0.21706E+02   0.22353E+02   0.22526E+02   0.22561E+02   0.22581E+02
   0.39001E+02   0.21088E+02   0.21744E+02   0.21926E+02   0.21951E+02   0.21981E+02
   0.37999E+02   0.20468E+02   0.21144E+02   0.21316E+02   0.21341E+02   0.21371E+02
   0.37002E+02   0.19848E+02   0.20534E+02   0.20706E+02   0.20731E+02   0.20761E+02
   0.35999E+02   0.19228E+02   0.19924E+02   0.20106E+02   0.20121E+02   0.20151E+02
   0.35002E+02   0.18598E+02   0.19314E+02   0.19496E+02   0.19511E+02   0.19541E+02
   0.33999E+02   0.17978E+02   0.18704E+02   0.18886E+02   0.18901E+02   0.18931E+02
   0.33002E+02   0.17340E+02   0.18089E+02   0.18285E+02   0.18291E+02   0.18321E+02
   0.32000E+02   0.16720E+02   0.17486E+02   0.17684E+02   0.17690E+02   0.17720E+02
   0.31003E+02   0.16090E+02   0.16881E+02   0.17093E+02   0.17090E+02   0.17120E+02
   0.30000E+02   0.15480E+02   0.16288E+02   0.16502E+02   0.16500E+02   0.16530E+02
   0.28997E+02   0.14860E+02   0.15703E+02   0.15920E+02   0.15909E+02   0.15939E+02
   0.28000E+02   0.14260E+02   0.15120E+02   0.15340E+02   0.15329E+02   0.15359E+02
   0.26998E+02   0.13680E+02   0.14547E+02   0.14779E+02   0.14769E+02   0.14789E+02
   0.26001E+02   0.13100E+02   0.13985E+02   0.14218E+02   0.14209E+02   0.14239E+02
   0.24998E+02   0.12520E+02   0.13439E+02   0.13677E+02   0.13658E+02   0.13688E+02
   0.24001E+02   0.11980E+02   0.12899E+02   0.13137E+02   0.13118E+02   0.13148E+02
   0.22999E+02   0.11420E+02   0.12374E+02   0.12615E+02   0.12598E+02   0.12628E+02
   0.22002E+02   0.10900E+02   0.11861E+02   0.12115E+02   0.12088E+02   0.12118E+02
   0.20999E+02   0.10390E+02   0.11368E+02   0.11624E+02   0.11598E+02   0.11628E+02
   0.20002E+02   0.98800E+01   0.10893E+02   0.11153E+02   0.11117E+02   0.11147E+02
   0.18999E+02   0.94000E+01   0.10430E+02   0.10692E+02   0.10657E+02   0.10687E+02
   0.18002E+02   0.89480E+01   0.99788E+01   0.10251E+02   0.10217E+02   0.10247E+02
   0.17000E+02   0.85100E+01   0.95590E+01   0.98269E+01   0.97929E+01   0.98229E+01
   0.16003E+02   0.80910E+01   0.91525E+01   0.94253E+01   0.93887E+01   0.94187E+01
   0.15000E+02   0.76930E+01   0.87674E+01   0.90427E+01   0.90045E+01   0.90345E+01
   0.13997E+02   0.73160E+01   0.84033E+01   0.86812E+01   0.86424E+01   0.86714E+01
   0.13000E+02   0.69610E+01   0.80611E+01   0.83416E+01   0.83012E+01   0.83302E+01
   0.11998E+02   0.66320E+01   0.77415E+01   0.80241E+01   0.79821E+01   0.80121E+01
   0.11001E+02   0.63240E+01   0.74446E+01   0.77296E+01   0.76860E+01   0.77160E+01
   0.99981E+01   0.60420E+01   0.71710E+01   0.74592E+01   0.74139E+01   0.74439E+01
   0.90012E+01   0.57860E+01   0.69227E+01   0.72129E+01   0.71668E+01   0.71968E+01
   0.79985E+01   0.55540E+01   0.66993E+01   0.69905E+01   0.69437E+01   0.69737E+01
   0.70015E+01   0.53480E+01   0.65000E+01   0.67941E+01   0.67456E+01   0.67756E+01
   0.59989E+01   0.51700E+01   0.63272E+01   0.66219E+01   0.65735E+01   0.66035E+01
   0.50019E+01   0.50190E+01   0.61804E+01   0.64767E+01   0.64274E+01   0.64574E+01
   0.39992E+01   0.48950E+01   0.60609E+01   0.63566E+01   0.63064E+01   0.63364E+01
   0.30023E+01   0.47980E+01   0.59663E+01   0.62634E+01   0.62134E+01   0.62434E+01
   0.19996E+01   0.47280E+01   0.58988E+01   0.61973E+01   0.61463E+01   0.61763E+01
   0.10027E+01   0.46860E+01   0.58585E+01   0.61572E+01   0.61053E+01   0.61353E+01
   0.00000E+00   0.46720E+01   0.58455E+01   0.61432E+01   0.60923E+01   0.61223E+01
