   0.00000E+00   0.00000E+00   0.00000E+00   0.00000E+00   0.00000E+00   0.00000E+00
   0.10027E+01   0.73442E-02   0.59275E-02   0.53944E-02   0.53449E-02   0.52429E-02
   0.19996E+01   0.14559E-01   0.11759E-01   0.10702E-01   0.10599E-01   0.10399E-01
   0.30023E+01   0.21521E-01   0.17403E-01   0.15851E-01   0.15692E-01   0.15402E-01
   0.39992E+01   0.28136E-01   0.22780E-01   0.20753E-01   0.20552E-01   0.20162E-01
   0.50019E+01   0.34290E-01   0.27822E-01   0.25356E-01   0.25091E-01   0.24621E-01
   0.59989E+01   0.39917E-01   0.32462E-01   0.29597E-01   0.29286E-01   0.28736E-01
   0.70015E+01   0.44982E-01   0.36668E-01   0.33457E-01   0.33088E-01   0.32468E-01
   0.79985E+01   0.49449E-01   0.40406E-01   0.36883E-01   0.36466E-01   0.35786E-01
   0.90012E+01   0.53297E-01   0.43667E-01   0.39887E-01   0.39412E-01   0.38682E-01
   0.99981E+01   0.56550E-01   0.46461E-01   0.42469E-01   0.41933E-01   0.41163E-01
   0.11001E+02   0.59210E-01   0.48778E-01   0.44618E-01   0.44032E-01   0.43222E-01
   0.11998E+02   0.61321E-01   0.50652E-01   0.46355E-01   0.45727E-01   0.44887E-01
   0.13000E+02   0.62917E-01   0.52105E-01   0.47712E-01   0.47040E-01   0.46180E-01
   0.13997E+02   0.64044E-01   0.53161E-01   0.48698E-01   0.47989E-01   0.47119E-01
   0.15000E+02   0.64737E-01   0.53864E-01   0.49365E-01   0.48617E-01   0.47727E-01
   0.16003E+02   0.65039E-01   0.54234E-01   0.49714E-01   0.48932E-01   0.48042E-01
   0.17000E+02   0.65003E-01   0.54308E-01   0.49796E-01   0.48985E-01   0.48095E-01
   0.18002E+02   0.64658E-01   0.54118E-01   0.49631E-01   0.48796E-01   0.47906E-01
   0.18999E+02   0.64058E-01   0.53698E-01   0.49251E-01   0.48396E-01   0.47516E-01
   0.20002E+02   0.63226E-01   0.53069E-01   0.48666E-01   0.47805E-01   0.46925E-01
   0.20999E+02   0.62194E-01   0.52264E-01   0.47917E-01   0.47043E-01   0.46173E-01
   0.22002E+02   0.60995E-01   0.51296E-01   0.47024E-01   0.46139E-01   0.45279E-01
   0.22999E+02   0.59640E-01   0.50195E-01   0.45988E-01   0.45105E-01   0.44265E-01
   0.24001E+02   0.58180E-01   0.48986E-01   0.44849E-01   0.43970E-01   0.43140E-01
   0.24998E+02   0.56607E-01   0.47667E-01   0.43618E-01   0.42734E-01   0.41924E-01
   0.26001E+02   0.54944E-01   0.46263E-01   0.42296E-01   0.41428E-01   0.40628E-01
   0.26998E+02   0.53219E-01   0.44783E-01   0.40901E-01   0.40052E-01   0.39262E-01
   0.28000E+02   0.51435E-01   0.43249E-01   0.39456E-01   0.38615E-01   0.37845E-01
   0.28997E+02   0.49598E-01   0.41660E-01   0.37960E-01   0.37128E-01   0.36378E-01
   0.30000E+02   0.47720E-01   0.40039E-01   0.36413E-01   0.35601E-01   0.34871E-01
   0.31003E+02   0.45814E-01   0.38366E-01   0.34835E-01   0.34043E-01   0.33323E-01
   0.32000E+02   0.43883E-01   0.36671E-01   0.33227E-01   0.32456E-01   0.31756E-01
   0.33002E+02   0.41934E-01   0.34954E-01   0.31588E-01   0.30838E-01   0.30158E-01
   0.33999E+02   0.39967E-01   0.33217E-01   0.29930E-01   0.29210E-01   0.28540E-01
   0.35002E+02   0.37995E-01   0.31460E-01   0.28261E-01   0.27563E-01   0.26913E-01
   0.35999E+02   0.36006E-01   0.29693E-01   0.26572E-01   0.25905E-01   0.25275E-01
   0.37002E+02   0.34024E-01   0.27915E-01   0.24873E-01   0.24237E-01   0.23617E-01
   0.37999E+02   0.32022E-01   0.26127E-01   0.23174E-01   0.22549E-01   0.21949E-01
   0.39001E+02   0.30035E-01   0.24341E-01   0.21456E-01   0.20872E-01   0.20282E-01
   0.39998E+02   0.28038E-01   0.22535E-01   0.19737E-01   0.19174E-01   0.18604E-01
   0.41001E+02   0.26044E-01   0.20739E-01   0.18009E-01   0.17476E-01   0.16926E-01
   0.41998E+02   0.24056E-01   0.18934E-01   0.16271E-01   0.15779E-01   0.15239E-01
   0.43000E+02   0.22066E-01   0.17120E-01   0.14533E-01   0.14071E-01   0.13541E-01
   0.43997E+02   0.20076E-01   0.15307E-01   0.12795E-01   0.12364E-01   0.11854E-01
   0.45000E+02   0.18086E-01   0.13497E-01   0.11048E-01   0.10647E-01   0.10154E-01
   0.46003E+02   0.16100E-01   0.11681E-01   0.93056E-02   0.89364E-02   0.84534E-02
   0.47000E+02   0.14115E-01   0.98637E-02   0.75556E-02   0.72182E-02   0.67482E-02
   0.48002E+02   0.12132E-01   0.80433E-02   0.58010E-02   0.54970E-02   0.50410E-02
   0.48999E+02   0.10147E-01   0.62194E-02   0.40425E-02   0.37719E-02   0.33289E-02
   0.50002E+02   0.81604E-02   0.43918E-02   0.22800E-02   0.20428E-02   0.16118E-02
   0.50999E+02   0.61768E-02   0.25623E-02   0.51344E-03   0.31001E-03  -0.10850E-03
   0.52002E+02   0.41867E-02   0.72713E-03  -0.12589E-02  -0.14281E-02  -0.18341E-02
   0.52999E+02   0.21980E-02  -0.11122E-02  -0.30364E-02  -0.31719E-02  -0.35659E-02
   0.54001E+02   0.20474E-03  -0.29571E-02  -0.48199E-02  -0.49207E-02  -0.53037E-02
   0.54998E+02  -0.17903E-02  -0.48082E-02  -0.66101E-02  -0.66775E-02  -0.70485E-02
   0.56001E+02  -0.37903E-02  -0.66650E-02  -0.84082E-02  -0.84402E-02  -0.88002E-02
   0.56998E+02  -0.57961E-02  -0.85297E-02  -0.10214E-01  -0.10207E-01  -0.10557E-01
   0.58001E+02  -0.78118E-02  -0.10402E-01  -0.12029E-01  -0.11994E-01  -0.12324E-01
   0.58997E+02  -0.98348E-02  -0.12284E-01  -0.13854E-01  -0.13780E-01  -0.14100E-01
   0.60000E+02  -0.11865E-01  -0.14175E-01  -0.15688E-01  -0.15577E-01  -0.15897E-01
   0.61003E+02  -0.13903E-01  -0.16076E-01  -0.17532E-01  -0.17383E-01  -0.17693E-01
   0.62000E+02  -0.15948E-01  -0.17986E-01  -0.19386E-01  -0.19200E-01  -0.19500E-01
   0.63002E+02  -0.18006E-01  -0.19906E-01  -0.21251E-01  -0.21036E-01  -0.21326E-01
   0.63999E+02  -0.20080E-01  -0.21846E-01  -0.23125E-01  -0.22883E-01  -0.23153E-01
   0.65002E+02  -0.22155E-01  -0.23796E-01  -0.25019E-01  -0.24739E-01  -0.24999E-01
   0.65999E+02  -0.24255E-01  -0.25764E-01  -0.26932E-01  -0.26605E-01  -0.26865E-01
   0.67002E+02  -0.26367E-01  -0.27733E-01  -0.28856E-01  -0.28492E-01  -0.28742E-01
   0.67999E+02  -0.28487E-01  -0.29732E-01  -0.30790E-01  -0.30398E-01  -0.30638E-01
   0.69001E+02  -0.30627E-01  -0.31740E-01  -0.32744E-01  -0.32314E-01  -0.32544E-01
   0.69998E+02  -0.32789E-01  -0.33769E-01  -0.34717E-01  -0.34251E-01  -0.34471E-01
   0.71001E+02  -0.34969E-01  -0.35817E-01  -0.36711E-01  -0.36207E-01  -0.36417E-01
   0.71998E+02  -0.37156E-01  -0.37875E-01  -0.38715E-01  -0.38174E-01  -0.38374E-01
   0.73001E+02  -0.39378E-01  -0.39964E-01  -0.40748E-01  -0.40170E-01  -0.40360E-01
   0.73997E+02  -0.41605E-01  -0.42062E-01  -0.42792E-01  -0.42176E-01  -0.42356E-01
   0.75000E+02  -0.43867E-01  -0.44191E-01  -0.44866E-01  -0.44213E-01  -0.44383E-01
   0.76003E+02  -0.46144E-01  -0.46338E-01  -0.46949E-01  -0.46259E-01  -0.46429E-01
   0.77000E+02  -0.48380E-01  -0.48489E-01  -0.49058E-01  -0.48334E-01  -0.48494E-01
   0.78002E+02  -0.50470E-01  -0.50616E-01  -0.51186E-01  -0.50426E-01  -0.50586E-01
   0.78999E+02  -0.52590E-01  -0.52773E-01  -0.53323E-01  -0.52548E-01  -0.52688E-01
   0.80002E+02  -0.54730E-01  -0.54960E-01  -0.55500E-01  -0.54690E-01  -0.54830E-01
   0.80999E+02  -0.56900E-01  -0.57167E-01  -0.57687E-01  -0.56862E-01  -0.56992E-01
   0.82002E+02  -0.59090E-01  -0.59391E-01  -0.59914E-01  -0.59053E-01  -0.59173E-01
   0.82999E+02  -0.61310E-01  -0.61658E-01  -0.62161E-01  -0.61275E-01  -0.61395E-01
   0.84001E+02  -0.63560E-01  -0.63944E-01  -0.64438E-01  -0.63527E-01  -0.63637E-01
   0.84998E+02  -0.65840E-01  -0.66259E-01  -0.66744E-01  -0.65809E-01  -0.65909E-01
   0.86001E+02  -0.68140E-01  -0.68603E-01  -0.69081E-01  -0.68111E-01  -0.68201E-01
   0.86998E+02  -0.70480E-01  -0.70979E-01  -0.71448E-01  -0.70453E-01  -0.70533E-01
   0.88001E+02  -0.72433E-01  -0.73285E-01  -0.73815E-01  -0.72817E-01  -0.72887E-01
   0.88998E+02  -0.74422E-01  -0.75608E-01  -0.76212E-01  -0.75210E-01  -0.75280E-01
   0.90000E+02  -0.76430E-01  -0.77972E-01  -0.78639E-01  -0.77634E-01  -0.77694E-01
   0.90997E+02  -0.78454E-01  -0.80357E-01  -0.81103E-01  -0.80097E-01  -0.80147E-01
   0.92000E+02  -0.80495E-01  -0.82780E-01  -0.83598E-01  -0.82590E-01  -0.82630E-01
   0.93003E+02  -0.82583E-01  -0.85233E-01  -0.86132E-01  -0.85113E-01  -0.85153E-01
   0.93999E+02  -0.84698E-01  -0.87726E-01  -0.88706E-01  -0.87676E-01  -0.87716E-01
   0.95002E+02  -0.86841E-01  -0.90257E-01  -0.91309E-01  -0.90279E-01  -0.90309E-01
   0.95999E+02  -0.89037E-01  -0.92820E-01  -0.93943E-01  -0.92922E-01  -0.92932E-01
   0.97002E+02  -0.91254E-01  -0.95430E-01  -0.96626E-01  -0.95595E-01  -0.95605E-01
   0.97999E+02  -0.93519E-01  -0.98069E-01  -0.99349E-01  -0.98308E-01  -0.98318E-01
   0.99001E+02  -0.95827E-01  -0.10078E+00  -0.10209E+00  -0.10109E+00  -0.10109E+00
   0.99998E+02  -0.98154E-01  -0.10348E+00  -0.10487E+00  -0.10388E+00  -0.10388E+00
   0.10100E+03  -0.10056E+00  -0.10627E+00  -0.10774E+00  -0.10668E+00  -0.10668E+00
   0.10200E+03  -0.10298E+00  -0.10907E+00  -0.11061E+00  -0.10957E+00  -0.10957E+00
   0.10300E+03  -0.10538E+00  -0.11187E+00  -0.11358E+00  -0.11246E+00  -0.11246E+00
   0.10400E+03  -0.10789E+00  -0.11476E+00  -0.11655E+00  -0.11545E+00  -0.11545E+00
   0.10500E+03  -0.11051E+00  -0.11776E+00  -0.11953E+00  -0.11845E+00  -0.11845E+00
   0.10600E+03  -0.11310E+00  -0.12075E+00  -0.12260E+00  -0.12154E+00  -0.12154E+00
   0.10700E+03  -0.11571E+00  -0.12374E+00  -0.12567E+00  -0.12463E+00  -0.12463E+00
   0.10800E+03  -0.11840E+00  -0.12684E+00  -0.12884E+00  -0.12782E+00  -0.12772E+00
   0.10900E+03  -0.12108E+00  -0.12992E+00  -0.13211E+00  -0.13101E+00  -0.13091E+00
   0.11000E+03  -0.12389E+00  -0.13312E+00  -0.13528E+00  -0.13421E+00  -0.13421E+00
   0.11100E+03  -0.12665E+00  -0.13630E+00  -0.13865E+00  -0.13750E+00  -0.13750E+00
   0.11200E+03  -0.12955E+00  -0.13959E+00  -0.14192E+00  -0.14089E+00  -0.14079E+00
   0.11300E+03  -0.13252E+00  -0.14298E+00  -0.14539E+00  -0.14428E+00  -0.14418E+00
   0.11400E+03  -0.13552E+00  -0.14627E+00  -0.14876E+00  -0.14778E+00  -0.14768E+00
   0.11500E+03  -0.13846E+00  -0.14975E+00  -0.15233E+00  -0.15127E+00  -0.15117E+00
   0.11600E+03  -0.14156E+00  -0.15324E+00  -0.15580E+00  -0.15476E+00  -0.15466E+00
   0.11700E+03  -0.14470E+00  -0.15672E+00  -0.15947E+00  -0.15835E+00  -0.15825E+00
   0.11800E+03  -0.14787E+00  -0.16030E+00  -0.16314E+00  -0.16204E+00  -0.16194E+00
   0.11900E+03  -0.15114E+00  -0.16389E+00  -0.16680E+00  -0.16573E+00  -0.16563E+00
   0.12000E+03  -0.15439E+00  -0.16756E+00  -0.17057E+00  -0.16952E+00  -0.16932E+00
   0.12100E+03  -0.15776E+00  -0.17135E+00  -0.17434E+00  -0.17332E+00  -0.17312E+00
   0.12200E+03  -0.16123E+00  -0.17513E+00  -0.17821E+00  -0.17721E+00  -0.17701E+00
   0.12300E+03  -0.16468E+00  -0.17901E+00  -0.18208E+00  -0.18110E+00  -0.18090E+00
   0.12400E+03  -0.16825E+00  -0.18290E+00  -0.18605E+00  -0.18499E+00  -0.18489E+00
   0.12500E+03  -0.17179E+00  -0.18678E+00  -0.19001E+00  -0.18908E+00  -0.18888E+00
   0.12600E+03  -0.17544E+00  -0.19075E+00  -0.19408E+00  -0.19307E+00  -0.19287E+00
   0.12700E+03  -0.17908E+00  -0.19483E+00  -0.19815E+00  -0.19716E+00  -0.19696E+00
   0.12800E+03  -0.18282E+00  -0.19891E+00  -0.20232E+00  -0.20136E+00  -0.20116E+00
   0.12900E+03  -0.18657E+00  -0.20299E+00  -0.20648E+00  -0.20555E+00  -0.20525E+00
   0.13000E+03  -0.19041E+00  -0.20717E+00  -0.21065E+00  -0.20974E+00  -0.20954E+00
   0.13100E+03  -0.19426E+00  -0.21134E+00  -0.21492E+00  -0.21403E+00  -0.21373E+00
   0.13200E+03  -0.19820E+00  -0.21562E+00  -0.21919E+00  -0.21832E+00  -0.21802E+00
   0.13300E+03  -0.20225E+00  -0.21990E+00  -0.22345E+00  -0.22261E+00  -0.22231E+00
   0.13400E+03  -0.20619E+00  -0.22418E+00  -0.22782E+00  -0.22700E+00  -0.22670E+00
   0.13500E+03  -0.21026E+00  -0.22846E+00  -0.23219E+00  -0.23140E+00  -0.23100E+00
   0.13600E+03  -0.21433E+00  -0.23275E+00  -0.23646E+00  -0.23569E+00  -0.23539E+00
   0.13700E+03  -0.21850E+00  -0.23713E+00  -0.24083E+00  -0.24008E+00  -0.23978E+00
   0.13800E+03  -0.22270E+00  -0.24142E+00  -0.24520E+00  -0.24447E+00  -0.24407E+00
   0.13900E+03  -0.22680E+00  -0.24572E+00  -0.24947E+00  -0.24886E+00  -0.24846E+00
   0.14000E+03  -0.23100E+00  -0.25001E+00  -0.25374E+00  -0.25316E+00  -0.25276E+00
   0.14100E+03  -0.23510E+00  -0.25430E+00  -0.25801E+00  -0.25745E+00  -0.25705E+00
   0.14200E+03  -0.23935E+00  -0.25851E+00  -0.26219E+00  -0.26164E+00  -0.26124E+00
   0.14300E+03  -0.24340E+00  -0.26261E+00  -0.26626E+00  -0.26583E+00  -0.26543E+00
   0.14400E+03  -0.24745E+00  -0.26672E+00  -0.27034E+00  -0.26993E+00  -0.26943E+00
   0.14500E+03  -0.25156E+00  -0.27064E+00  -0.27422E+00  -0.27392E+00  -0.27342E+00
   0.14600E+03  -0.25549E+00  -0.27447E+00  -0.27800E+00  -0.27772E+00  -0.27722E+00
   0.14700E+03  -0.25932E+00  -0.27820E+00  -0.28158E+00  -0.28141E+00  -0.28091E+00
   0.14800E+03  -0.26305E+00  -0.28173E+00  -0.28506E+00  -0.28491E+00  -0.28431E+00
   0.14900E+03  -0.26656E+00  -0.28495E+00  -0.28824E+00  -0.28820E+00  -0.28760E+00
   0.15000E+03  -0.26982E+00  -0.28798E+00  -0.29112E+00  -0.29120E+00  -0.29060E+00
   0.15100E+03  -0.27288E+00  -0.29072E+00  -0.29380E+00  -0.29399E+00  -0.29329E+00
   0.15200E+03  -0.27569E+00  -0.29317E+00  -0.29609E+00  -0.29639E+00  -0.29569E+00
   0.15300E+03  -0.27815E+00  -0.29523E+00  -0.29798E+00  -0.29839E+00  -0.29769E+00
   0.15400E+03  -0.28032E+00  -0.29690E+00  -0.29947E+00  -0.29998E+00  -0.29928E+00
   0.15500E+03  -0.28207E+00  -0.29798E+00  -0.30047E+00  -0.30108E+00  -0.30038E+00
   0.15600E+03  -0.28329E+00  -0.29859E+00  -0.30097E+00  -0.30168E+00  -0.30088E+00
   0.15700E+03  -0.28405E+00  -0.29870E+00  -0.30077E+00  -0.30158E+00  -0.30078E+00
   0.15800E+03  -0.28421E+00  -0.29805E+00  -0.29998E+00  -0.30089E+00  -0.30009E+00
   0.15900E+03  -0.28362E+00  -0.29660E+00  -0.29840E+00  -0.29939E+00  -0.29859E+00
   0.16000E+03  -0.28232E+00  -0.29448E+00  -0.29592E+00  -0.29710E+00  -0.29620E+00
   0.16100E+03  -0.28022E+00  -0.29139E+00  -0.29265E+00  -0.29390E+00  -0.29300E+00
   0.16200E+03  -0.27717E+00  -0.28731E+00  -0.28828E+00  -0.28971E+00  -0.28881E+00
   0.16300E+03  -0.27306E+00  -0.28217E+00  -0.28292E+00  -0.28442E+00  -0.28352E+00
   0.16400E+03  -0.26786E+00  -0.27586E+00  -0.27647E+00  -0.27804E+00  -0.27714E+00
   0.16500E+03  -0.26144E+00  -0.26837E+00  -0.26873E+00  -0.27045E+00  -0.26945E+00
   0.16600E+03  -0.25375E+00  -0.25961E+00  -0.25979E+00  -0.26147E+00  -0.26057E+00
   0.16700E+03  -0.24464E+00  -0.24948E+00  -0.24947E+00  -0.25119E+00  -0.25029E+00
   0.16800E+03  -0.23417E+00  -0.23798E+00  -0.23775E+00  -0.23951E+00  -0.23861E+00
   0.16900E+03  -0.22210E+00  -0.22501E+00  -0.22464E+00  -0.22643E+00  -0.22553E+00
   0.17000E+03  -0.20854E+00  -0.21057E+00  -0.21013E+00  -0.21186E+00  -0.21096E+00
   0.17100E+03  -0.19339E+00  -0.19475E+00  -0.19414E+00  -0.19579E+00  -0.19499E+00
   0.17200E+03  -0.17671E+00  -0.17746E+00  -0.17675E+00  -0.17832E+00  -0.17762E+00
   0.17300E+03  -0.15855E+00  -0.15870E+00  -0.15806E+00  -0.15955E+00  -0.15885E+00
   0.17400E+03  -0.13886E+00  -0.13876E+00  -0.13809E+00  -0.13938E+00  -0.13878E+00
   0.17500E+03  -0.11760E+00  -0.11755E+00  -0.11689E+00  -0.11811E+00  -0.11761E+00
   0.17600E+03  -0.95410E-01  -0.95295E-01  -0.94822E-01  -0.95812E-01  -0.95392E-01
   0.17700E+03  -0.72330E-01  -0.72229E-01  -0.71877E-01  -0.72639E-01  -0.72319E-01
   0.17800E+03  -0.48590E-01  -0.48518E-01  -0.48281E-01  -0.48807E-01  -0.48587E-01
   0.17900E+03  -0.24410E-01  -0.24378E-01  -0.24254E-01  -0.24518E-01  -0.24408E-01
   0.18000E+03   0.00000E+00   0.00000E+00   0.00000E+00   0.00000E+00   0.00000E+00
   0.18000E+03  -0.00000E+00  -0.00000E+00  -0.00000E+00  -0.00000E+00  -0.00000E+00
   0.17900E+03  -0.28750E-01  -0.25542E-01  -0.24566E-01  -0.24602E-01  -0.24492E-01
   0.17800E+03  -0.57190E-01  -0.50822E-01  -0.48899E-01  -0.48973E-01  -0.48753E-01
   0.17700E+03  -0.84950E-01  -0.75611E-01  -0.72783E-01  -0.72881E-01  -0.72561E-01
   0.17600E+03  -0.11179E+00  -0.99685E-01  -0.95998E-01  -0.96128E-01  -0.95708E-01
   0.17500E+03  -0.13740E+00  -0.12285E+00  -0.11831E+00  -0.11849E+00  -0.11799E+00
   0.17400E+03  -0.16154E+00  -0.14484E+00  -0.13971E+00  -0.13982E+00  -0.13922E+00
   0.17300E+03  -0.18465E+00  -0.16570E+00  -0.15994E+00  -0.16005E+00  -0.15935E+00
   0.17200E+03  -0.20609E+00  -0.18534E+00  -0.17885E+00  -0.17888E+00  -0.17818E+00
   0.17100E+03  -0.22581E+00  -0.20345E+00  -0.19646E+00  -0.19641E+00  -0.19561E+00
   0.17000E+03  -0.24386E+00  -0.22003E+00  -0.21267E+00  -0.21254E+00  -0.21164E+00
   0.16900E+03  -0.26010E+00  -0.23519E+00  -0.22736E+00  -0.22717E+00  -0.22627E+00
   0.16800E+03  -0.27463E+00  -0.24882E+00  -0.24065E+00  -0.24029E+00  -0.23939E+00
   0.16700E+03  -0.28736E+00  -0.26092E+00  -0.25253E+00  -0.25201E+00  -0.25111E+00
   0.16600E+03  -0.29845E+00  -0.27159E+00  -0.26301E+00  -0.26233E+00  -0.26143E+00
   0.16500E+03  -0.30796E+00  -0.28083E+00  -0.27207E+00  -0.27135E+00  -0.27035E+00
   0.16400E+03  -0.31594E+00  -0.28874E+00  -0.27993E+00  -0.27896E+00  -0.27806E+00
   0.16300E+03  -0.32254E+00  -0.29543E+00  -0.28648E+00  -0.28538E+00  -0.28448E+00
   0.16200E+03  -0.32783E+00  -0.30089E+00  -0.29192E+00  -0.29069E+00  -0.28979E+00
   0.16100E+03  -0.33178E+00  -0.30521E+00  -0.29635E+00  -0.29490E+00  -0.29400E+00
   0.16000E+03  -0.33468E+00  -0.30852E+00  -0.29968E+00  -0.29810E+00  -0.29720E+00
   0.15900E+03  -0.33658E+00  -0.31080E+00  -0.30220E+00  -0.30041E+00  -0.29961E+00
   0.15800E+03  -0.33759E+00  -0.31235E+00  -0.30382E+00  -0.30191E+00  -0.30111E+00
   0.15700E+03  -0.33775E+00  -0.31310E+00  -0.30463E+00  -0.30262E+00  -0.30182E+00
   0.15600E+03  -0.33711E+00  -0.31301E+00  -0.30483E+00  -0.30272E+00  -0.30192E+00
   0.15500E+03  -0.33593E+00  -0.31242E+00  -0.30433E+00  -0.30212E+00  -0.30142E+00
   0.15400E+03  -0.33408E+00  -0.31130E+00  -0.30333E+00  -0.30102E+00  -0.30032E+00
   0.15300E+03  -0.33165E+00  -0.30957E+00  -0.30182E+00  -0.29941E+00  -0.29871E+00
   0.15200E+03  -0.32891E+00  -0.30743E+00  -0.29991E+00  -0.29741E+00  -0.29671E+00
   0.15100E+03  -0.32572E+00  -0.30488E+00  -0.29760E+00  -0.29501E+00  -0.29431E+00
   0.15000E+03  -0.32218E+00  -0.30202E+00  -0.29488E+00  -0.29220E+00  -0.29160E+00
   0.14900E+03  -0.31844E+00  -0.29885E+00  -0.29196E+00  -0.28920E+00  -0.28860E+00
   0.14800E+03  -0.31435E+00  -0.29547E+00  -0.28874E+00  -0.28589E+00  -0.28529E+00
   0.14700E+03  -0.31008E+00  -0.29180E+00  -0.28522E+00  -0.28239E+00  -0.28189E+00
   0.14600E+03  -0.30571E+00  -0.28793E+00  -0.28160E+00  -0.27868E+00  -0.27818E+00
   0.14500E+03  -0.30124E+00  -0.28396E+00  -0.27778E+00  -0.27488E+00  -0.27438E+00
   0.14400E+03  -0.29655E+00  -0.27988E+00  -0.27386E+00  -0.27087E+00  -0.27037E+00
   0.14300E+03  -0.29180E+00  -0.27559E+00  -0.26974E+00  -0.26677E+00  -0.26637E+00
   0.14200E+03  -0.28705E+00  -0.27129E+00  -0.26561E+00  -0.26256E+00  -0.26216E+00
   0.14100E+03  -0.28210E+00  -0.26690E+00  -0.26139E+00  -0.25835E+00  -0.25795E+00
   0.14000E+03  -0.27720E+00  -0.26239E+00  -0.25706E+00  -0.25404E+00  -0.25364E+00
   0.13900E+03  -0.27220E+00  -0.25788E+00  -0.25273E+00  -0.24974E+00  -0.24934E+00
   0.13800E+03  -0.26730E+00  -0.25338E+00  -0.24840E+00  -0.24533E+00  -0.24493E+00
   0.13700E+03  -0.26230E+00  -0.24887E+00  -0.24397E+00  -0.24092E+00  -0.24062E+00
   0.13600E+03  -0.25727E+00  -0.24425E+00  -0.23954E+00  -0.23651E+00  -0.23621E+00
   0.13500E+03  -0.25234E+00  -0.23974E+00  -0.23521E+00  -0.23220E+00  -0.23180E+00
   0.13400E+03  -0.24741E+00  -0.23522E+00  -0.23078E+00  -0.22780E+00  -0.22750E+00
   0.13300E+03  -0.24255E+00  -0.23070E+00  -0.22635E+00  -0.22339E+00  -0.22309E+00
   0.13200E+03  -0.23760E+00  -0.22618E+00  -0.22201E+00  -0.21908E+00  -0.21878E+00
   0.13100E+03  -0.23274E+00  -0.22166E+00  -0.21768E+00  -0.21477E+00  -0.21447E+00
   0.13000E+03  -0.22799E+00  -0.21723E+00  -0.21335E+00  -0.21046E+00  -0.21026E+00
   0.12900E+03  -0.22323E+00  -0.21281E+00  -0.20912E+00  -0.20625E+00  -0.20595E+00
   0.12800E+03  -0.21858E+00  -0.20849E+00  -0.20488E+00  -0.20204E+00  -0.20184E+00
   0.12700E+03  -0.21392E+00  -0.20417E+00  -0.20065E+00  -0.19784E+00  -0.19764E+00
   0.12600E+03  -0.20936E+00  -0.19985E+00  -0.19652E+00  -0.19373E+00  -0.19353E+00
   0.12500E+03  -0.20481E+00  -0.19562E+00  -0.19239E+00  -0.18972E+00  -0.18952E+00
   0.12400E+03  -0.20035E+00  -0.19150E+00  -0.18835E+00  -0.18561E+00  -0.18551E+00
   0.12300E+03  -0.19592E+00  -0.18739E+00  -0.18432E+00  -0.18170E+00  -0.18150E+00
   0.12200E+03  -0.19157E+00  -0.18327E+00  -0.18039E+00  -0.17779E+00  -0.17759E+00
   0.12100E+03  -0.18724E+00  -0.17925E+00  -0.17646E+00  -0.17388E+00  -0.17368E+00
   0.12000E+03  -0.18301E+00  -0.17524E+00  -0.17263E+00  -0.17008E+00  -0.16988E+00
   0.11900E+03  -0.17886E+00  -0.17131E+00  -0.16880E+00  -0.16627E+00  -0.16617E+00
   0.11800E+03  -0.17473E+00  -0.16750E+00  -0.16506E+00  -0.16256E+00  -0.16246E+00
   0.11700E+03  -0.17070E+00  -0.16368E+00  -0.16133E+00  -0.15885E+00  -0.15875E+00
   0.11600E+03  -0.16664E+00  -0.15996E+00  -0.15760E+00  -0.15524E+00  -0.15514E+00
   0.11500E+03  -0.16274E+00  -0.15625E+00  -0.15407E+00  -0.15173E+00  -0.15163E+00
   0.11400E+03  -0.15888E+00  -0.15253E+00  -0.15044E+00  -0.14822E+00  -0.14812E+00
   0.11300E+03  -0.15508E+00  -0.14902E+00  -0.14701E+00  -0.14472E+00  -0.14462E+00
   0.11200E+03  -0.15125E+00  -0.14541E+00  -0.14348E+00  -0.14131E+00  -0.14121E+00
   0.11100E+03  -0.14755E+00  -0.14190E+00  -0.14015E+00  -0.13790E+00  -0.13790E+00
   0.11000E+03  -0.14391E+00  -0.13848E+00  -0.13672E+00  -0.13459E+00  -0.13459E+00
   0.10900E+03  -0.14032E+00  -0.13508E+00  -0.13349E+00  -0.13139E+00  -0.13129E+00
   0.10800E+03  -0.13680E+00  -0.13176E+00  -0.13016E+00  -0.12818E+00  -0.12808E+00
   0.10700E+03  -0.13329E+00  -0.12846E+00  -0.12693E+00  -0.12497E+00  -0.12497E+00
   0.10600E+03  -0.12990E+00  -0.12525E+00  -0.12380E+00  -0.12186E+00  -0.12186E+00
   0.10500E+03  -0.12649E+00  -0.12204E+00  -0.12067E+00  -0.11875E+00  -0.11875E+00
   0.10400E+03  -0.12311E+00  -0.11884E+00  -0.11765E+00  -0.11575E+00  -0.11575E+00
   0.10300E+03  -0.11982E+00  -0.11573E+00  -0.11462E+00  -0.11274E+00  -0.11274E+00
   0.10200E+03  -0.11662E+00  -0.11273E+00  -0.11159E+00  -0.10983E+00  -0.10983E+00
   0.10100E+03  -0.11344E+00  -0.10973E+00  -0.10866E+00  -0.10692E+00  -0.10692E+00
   0.99998E+02  -0.11025E+00  -0.10672E+00  -0.10573E+00  -0.10412E+00  -0.10412E+00
   0.99001E+02  -0.10717E+00  -0.10382E+00  -0.10291E+00  -0.10131E+00  -0.10131E+00
   0.97999E+02  -0.10412E+00  -0.10091E+00  -0.10011E+00  -0.98512E-01  -0.98522E-01
   0.97002E+02  -0.10111E+00  -0.98070E-01  -0.97334E-01  -0.95785E-01  -0.95795E-01
   0.95999E+02  -0.98143E-01  -0.95260E-01  -0.94597E-01  -0.93098E-01  -0.93108E-01
   0.95002E+02  -0.95219E-01  -0.92503E-01  -0.91911E-01  -0.90441E-01  -0.90471E-01
   0.93999E+02  -0.92342E-01  -0.89774E-01  -0.89254E-01  -0.87824E-01  -0.87864E-01
   0.93003E+02  -0.89497E-01  -0.87087E-01  -0.86628E-01  -0.85247E-01  -0.85287E-01
   0.92000E+02  -0.86685E-01  -0.84440E-01  -0.84042E-01  -0.82710E-01  -0.82750E-01
   0.90997E+02  -0.83926E-01  -0.81823E-01  -0.81497E-01  -0.80203E-01  -0.80253E-01
   0.90000E+02  -0.81190E-01  -0.79248E-01  -0.78981E-01  -0.77726E-01  -0.77786E-01
   0.88998E+02  -0.78538E-01  -0.76712E-01  -0.76508E-01  -0.75290E-01  -0.75360E-01
   0.88001E+02  -0.75907E-01  -0.74215E-01  -0.74065E-01  -0.72883E-01  -0.72953E-01
   0.86998E+02  -0.73320E-01  -0.71741E-01  -0.71652E-01  -0.70507E-01  -0.70587E-01
   0.86001E+02  -0.71180E-01  -0.69417E-01  -0.69299E-01  -0.68169E-01  -0.68259E-01
   0.84998E+02  -0.69060E-01  -0.67121E-01  -0.66976E-01  -0.65871E-01  -0.65971E-01
   0.84001E+02  -0.66960E-01  -0.64856E-01  -0.64682E-01  -0.63593E-01  -0.63703E-01
   0.82999E+02  -0.64910E-01  -0.62622E-01  -0.62419E-01  -0.61345E-01  -0.61465E-01
   0.82002E+02  -0.62890E-01  -0.60409E-01  -0.60186E-01  -0.59127E-01  -0.59247E-01
   0.80999E+02  -0.60880E-01  -0.58233E-01  -0.57973E-01  -0.56938E-01  -0.57068E-01
   0.80002E+02  -0.58910E-01  -0.56080E-01  -0.55800E-01  -0.54770E-01  -0.54910E-01
   0.78999E+02  -0.56970E-01  -0.53947E-01  -0.53637E-01  -0.52632E-01  -0.52772E-01
   0.78002E+02  -0.55050E-01  -0.51844E-01  -0.51514E-01  -0.50514E-01  -0.50674E-01
   0.77000E+02  -0.53160E-01  -0.49771E-01  -0.49402E-01  -0.48426E-01  -0.48586E-01
   0.76003E+02  -0.51456E-01  -0.47762E-01  -0.47331E-01  -0.46361E-01  -0.46531E-01
   0.75000E+02  -0.49833E-01  -0.45789E-01  -0.45294E-01  -0.44327E-01  -0.44497E-01
   0.73997E+02  -0.48235E-01  -0.43838E-01  -0.43268E-01  -0.42304E-01  -0.42484E-01
   0.73001E+02  -0.46662E-01  -0.41916E-01  -0.41272E-01  -0.40310E-01  -0.40500E-01
   0.71998E+02  -0.45104E-01  -0.40005E-01  -0.39285E-01  -0.38326E-01  -0.38526E-01
   0.71001E+02  -0.43571E-01  -0.38123E-01  -0.37329E-01  -0.36373E-01  -0.36583E-01
   0.69998E+02  -0.42051E-01  -0.36251E-01  -0.35383E-01  -0.34429E-01  -0.34649E-01
   0.69001E+02  -0.40553E-01  -0.34400E-01  -0.33456E-01  -0.32506E-01  -0.32736E-01
   0.67999E+02  -0.39073E-01  -0.32568E-01  -0.31550E-01  -0.30602E-01  -0.30842E-01
   0.67002E+02  -0.37613E-01  -0.30747E-01  -0.29664E-01  -0.28708E-01  -0.28958E-01
   0.65999E+02  -0.36165E-01  -0.28956E-01  -0.27788E-01  -0.26835E-01  -0.27095E-01
   0.65002E+02  -0.34725E-01  -0.27164E-01  -0.25921E-01  -0.24981E-01  -0.25241E-01
   0.63999E+02  -0.33320E-01  -0.25394E-01  -0.24075E-01  -0.23137E-01  -0.23407E-01
   0.63002E+02  -0.31914E-01  -0.23634E-01  -0.22249E-01  -0.21304E-01  -0.21594E-01
   0.62000E+02  -0.30532E-01  -0.21894E-01  -0.20434E-01  -0.19480E-01  -0.19780E-01
   0.61003E+02  -0.29157E-01  -0.20164E-01  -0.18628E-01  -0.17677E-01  -0.17987E-01
   0.60000E+02  -0.27795E-01  -0.18445E-01  -0.16832E-01  -0.15883E-01  -0.16203E-01
   0.58997E+02  -0.26445E-01  -0.16736E-01  -0.15046E-01  -0.14100E-01  -0.14420E-01
   0.58001E+02  -0.25108E-01  -0.15038E-01  -0.13271E-01  -0.12326E-01  -0.12656E-01
   0.56998E+02  -0.23784E-01  -0.13350E-01  -0.11506E-01  -0.10553E-01  -0.10903E-01
   0.56001E+02  -0.22470E-01  -0.11671E-01  -0.97498E-02  -0.87998E-02  -0.91598E-02
   0.54998E+02  -0.21170E-01  -0.10002E-01  -0.80019E-02  -0.70505E-02  -0.74215E-02
   0.54001E+02  -0.19877E-01  -0.83389E-02  -0.62621E-02  -0.53073E-02  -0.56903E-02
   0.52999E+02  -0.18592E-01  -0.66838E-02  -0.45296E-02  -0.35721E-02  -0.39661E-02
   0.52002E+02  -0.17315E-01  -0.50351E-02  -0.28031E-02  -0.18419E-02  -0.22479E-02
   0.50999E+02  -0.16049E-01  -0.33941E-02  -0.10828E-02  -0.11779E-03  -0.53630E-03
   0.50002E+02  -0.14786E-01  -0.17578E-02   0.63196E-03   0.16012E-02   0.11702E-02
   0.48999E+02  -0.13535E-01  -0.12738E-03   0.23415E-02   0.33161E-02   0.28731E-02
   0.48002E+02  -0.12289E-01   0.14987E-02   0.40470E-02   0.50270E-02   0.45710E-02
   0.47000E+02  -0.11047E-01   0.31203E-02   0.57484E-02   0.67338E-02   0.62638E-02
   0.46003E+02  -0.98138E-02   0.47366E-02   0.74444E-02   0.84376E-02   0.79546E-02
   0.45000E+02  -0.85845E-02   0.63491E-02   0.91322E-02   0.10133E-01   0.96403E-02
   0.43997E+02  -0.73617E-02   0.79534E-02   0.10825E-01   0.11836E-01   0.11326E-01
   0.43000E+02  -0.61436E-02   0.95600E-02   0.12507E-01   0.13529E-01   0.12999E-01
   0.41998E+02  -0.49302E-02   0.11166E-01   0.14189E-01   0.15221E-01   0.14681E-01
   0.41001E+02  -0.37245E-02   0.12761E-01   0.15871E-01   0.16904E-01   0.16354E-01
   0.39998E+02  -0.25185E-02   0.14345E-01   0.17543E-01   0.18586E-01   0.18016E-01
   0.39001E+02  -0.13151E-02   0.15939E-01   0.19204E-01   0.20268E-01   0.19678E-01
   0.37999E+02  -0.12172E-03   0.17513E-01   0.20866E-01   0.21931E-01   0.21331E-01
   0.37002E+02   0.10763E-02   0.19085E-01   0.22507E-01   0.23603E-01   0.22983E-01
   0.35999E+02   0.22543E-02   0.20647E-01   0.24148E-01   0.25255E-01   0.24625E-01
   0.35002E+02   0.34450E-02   0.22200E-01   0.25779E-01   0.26897E-01   0.26247E-01
   0.33999E+02   0.46130E-02   0.23743E-01   0.27390E-01   0.28530E-01   0.27860E-01
   0.33002E+02   0.57863E-02   0.25266E-01   0.28992E-01   0.30142E-01   0.29462E-01
   0.32000E+02   0.69370E-02   0.26769E-01   0.30573E-01   0.31744E-01   0.31044E-01
   0.31003E+02   0.80858E-02   0.28254E-01   0.32125E-01   0.33317E-01   0.32597E-01
   0.30000E+02   0.92198E-02   0.29721E-01   0.33647E-01   0.34859E-01   0.34129E-01
   0.28997E+02   0.10342E-01   0.31140E-01   0.35140E-01   0.36372E-01   0.35622E-01
   0.28000E+02   0.11445E-01   0.32531E-01   0.36584E-01   0.37845E-01   0.37075E-01
   0.26998E+02   0.12521E-01   0.33877E-01   0.37979E-01   0.39268E-01   0.38478E-01
   0.26001E+02   0.13576E-01   0.35177E-01   0.39324E-01   0.40632E-01   0.39832E-01
   0.24998E+02   0.14613E-01   0.36413E-01   0.40602E-01   0.41926E-01   0.41116E-01
   0.24001E+02   0.15600E-01   0.37574E-01   0.41791E-01   0.43150E-01   0.42320E-01
   0.22999E+02   0.16540E-01   0.38645E-01   0.42892E-01   0.44275E-01   0.43435E-01
   0.22002E+02   0.17445E-01   0.39624E-01   0.43896E-01   0.45301E-01   0.44441E-01
   0.20999E+02   0.18286E-01   0.40496E-01   0.44763E-01   0.46197E-01   0.45327E-01
   0.20002E+02   0.19054E-01   0.41231E-01   0.45494E-01   0.46955E-01   0.46075E-01
   0.18999E+02   0.19742E-01   0.41822E-01   0.46069E-01   0.47544E-01   0.46664E-01
   0.18002E+02   0.20342E-01   0.42242E-01   0.46449E-01   0.47944E-01   0.47054E-01
   0.17000E+02   0.20837E-01   0.42472E-01   0.46624E-01   0.48135E-01   0.47245E-01
   0.16003E+02   0.21201E-01   0.42486E-01   0.46566E-01   0.48088E-01   0.47198E-01
   0.15000E+02   0.21423E-01   0.42256E-01   0.46255E-01   0.47783E-01   0.46893E-01
   0.13997E+02   0.21496E-01   0.41759E-01   0.45642E-01   0.47171E-01   0.46301E-01
   0.13000E+02   0.21383E-01   0.40975E-01   0.44728E-01   0.46240E-01   0.45380E-01
   0.11998E+02   0.21079E-01   0.39868E-01   0.43465E-01   0.44953E-01   0.44113E-01
   0.11001E+02   0.20570E-01   0.38422E-01   0.41842E-01   0.43288E-01   0.42478E-01
   0.99981E+01   0.19830E-01   0.36619E-01   0.39831E-01   0.41227E-01   0.40457E-01
   0.90012E+01   0.18843E-01   0.34433E-01   0.37413E-01   0.38748E-01   0.38018E-01
   0.79985E+01   0.17611E-01   0.31874E-01   0.34597E-01   0.35854E-01   0.35174E-01
   0.70015E+01   0.16118E-01   0.28932E-01   0.31383E-01   0.32532E-01   0.31912E-01
   0.59989E+01   0.14383E-01   0.25618E-01   0.27763E-01   0.28794E-01   0.28244E-01
   0.50019E+01   0.12410E-01   0.21958E-01   0.23784E-01   0.24669E-01   0.24199E-01
   0.39992E+01   0.10224E-01   0.17980E-01   0.19467E-01   0.20208E-01   0.19818E-01
   0.30023E+01   0.78386E-02   0.13737E-01   0.14869E-01   0.15428E-01   0.15138E-01
   0.19996E+01   0.53146E-02   0.92812E-02   0.10038E-01   0.10421E-01   0.10221E-01
   0.10027E+01   0.26838E-02   0.46785E-02   0.50596E-02   0.52551E-02   0.51531E-02
   0.00000E+00  -0.00000E+00  -0.00000E+00  -0.00000E+00  -0.00000E+00  -0.00000E+00
