   0.00000E+00   0.00000E+00   0.00000E+00   0.00000E+00   0.00000E+00   0.00000E+00
   0.10027E+01   0.65599E-02   0.52284E-02   0.54577E-02   0.51196E-02   0.48176E-02
   0.19996E+01   0.13102E-01   0.10442E-01   0.10901E-01   0.10223E-01   0.96199E-02
   0.30023E+01   0.19604E-01   0.15628E-01   0.16309E-01   0.15292E-01   0.14392E-01
   0.39992E+01   0.26041E-01   0.20753E-01   0.21666E-01   0.20315E-01   0.19125E-01
   0.50019E+01   0.32407E-01   0.25833E-01   0.26959E-01   0.25286E-01   0.23786E-01
   0.59989E+01   0.38664E-01   0.30824E-01   0.32168E-01   0.30165E-01   0.28385E-01
   0.70015E+01   0.44818E-01   0.35728E-01   0.37284E-01   0.34962E-01   0.32892E-01
   0.79985E+01   0.50842E-01   0.40522E-01   0.42294E-01   0.39646E-01   0.37296E-01
   0.90012E+01   0.56711E-01   0.45204E-01   0.47179E-01   0.44218E-01   0.41598E-01
   0.99981E+01   0.62421E-01   0.49761E-01   0.51926E-01   0.48656E-01   0.45766E-01
   0.11001E+02   0.67955E-01   0.54166E-01   0.56527E-01   0.52960E-01   0.49800E-01
   0.11998E+02   0.73285E-01   0.58418E-01   0.60957E-01   0.57110E-01   0.53700E-01
   0.13000E+02   0.78425E-01   0.62515E-01   0.65229E-01   0.61095E-01   0.57435E-01
   0.13997E+02   0.83350E-01   0.66435E-01   0.69323E-01   0.64916E-01   0.61016E-01
   0.15000E+02   0.88045E-01   0.70180E-01   0.73224E-01   0.68552E-01   0.64432E-01
   0.16003E+02   0.92505E-01   0.73733E-01   0.76934E-01   0.72011E-01   0.67671E-01
   0.17000E+02   0.96736E-01   0.77091E-01   0.80442E-01   0.75274E-01   0.70724E-01
   0.18002E+02   0.10072E+00   0.80257E-01   0.83749E-01   0.78352E-01   0.73602E-01
   0.18999E+02   0.10446E+00   0.83225E-01   0.86852E-01   0.81223E-01   0.76283E-01
   0.20002E+02   0.10794E+00   0.85984E-01   0.89730E-01   0.83897E-01   0.78777E-01
   0.20999E+02   0.11116E+00   0.88523E-01   0.92394E-01   0.86373E-01   0.81083E-01
   0.22002E+02   0.11413E+00   0.90864E-01   0.94844E-01   0.88643E-01   0.83193E-01
   0.22999E+02   0.11683E+00   0.92984E-01   0.97068E-01   0.90704E-01   0.85104E-01
   0.24001E+02   0.11929E+00   0.94903E-01   0.99077E-01   0.92559E-01   0.86819E-01
   0.24998E+02   0.12149E+00   0.96603E-01   0.10087E+00   0.94215E-01   0.88345E-01
   0.26001E+02   0.12342E+00   0.98085E-01   0.10244E+00   0.95663E-01   0.89673E-01
   0.26998E+02   0.12510E+00   0.99368E-01   0.10379E+00   0.96903E-01   0.90803E-01
   0.28000E+02   0.12653E+00   0.10044E+00   0.10492E+00   0.97945E-01   0.91745E-01
   0.28997E+02   0.12772E+00   0.10129E+00   0.10585E+00   0.98799E-01   0.92509E-01
   0.30000E+02   0.12866E+00   0.10195E+00   0.10656E+00   0.99444E-01   0.93074E-01
   0.31003E+02   0.12936E+00   0.10241E+00   0.10707E+00   0.99902E-01   0.93462E-01
   0.32000E+02   0.12982E+00   0.10266E+00   0.10738E+00   0.10017E+00   0.93671E-01
   0.33002E+02   0.13005E+00   0.10272E+00   0.10747E+00   0.10025E+00   0.93692E-01
   0.33999E+02   0.13006E+00   0.10259E+00   0.10738E+00   0.10015E+00   0.93546E-01
   0.35002E+02   0.12983E+00   0.10225E+00   0.10707E+00   0.99860E-01   0.93230E-01
   0.35999E+02   0.12939E+00   0.10174E+00   0.10659E+00   0.99398E-01   0.92738E-01
   0.37002E+02   0.12875E+00   0.10105E+00   0.10592E+00   0.98767E-01   0.92087E-01
   0.37999E+02   0.12789E+00   0.10017E+00   0.10506E+00   0.97969E-01   0.91269E-01
   0.39001E+02   0.12682E+00   0.99112E-01   0.10402E+00   0.96992E-01   0.90292E-01
   0.39998E+02   0.12554E+00   0.97885E-01   0.10280E+00   0.95859E-01   0.89159E-01
   0.41001E+02   0.12408E+00   0.96482E-01   0.10142E+00   0.94558E-01   0.87868E-01
   0.41998E+02   0.12243E+00   0.94913E-01   0.99849E-01   0.93109E-01   0.86429E-01
   0.43000E+02   0.12058E+00   0.93182E-01   0.98129E-01   0.91504E-01   0.84844E-01
   0.43997E+02   0.11854E+00   0.91277E-01   0.96232E-01   0.89740E-01   0.83120E-01
   0.45000E+02   0.11633E+00   0.89226E-01   0.94182E-01   0.87831E-01   0.81241E-01
   0.46003E+02   0.11394E+00   0.87011E-01   0.91981E-01   0.85785E-01   0.79235E-01
   0.47000E+02   0.11138E+00   0.84644E-01   0.89612E-01   0.83582E-01   0.77082E-01
   0.48002E+02   0.10863E+00   0.82124E-01   0.87103E-01   0.81242E-01   0.74792E-01
   0.48999E+02   0.10572E+00   0.79455E-01   0.84429E-01   0.78766E-01   0.72376E-01
   0.50002E+02   0.10265E+00   0.76633E-01   0.81624E-01   0.76154E-01   0.69824E-01
   0.50999E+02   0.99443E-01   0.73684E-01   0.78675E-01   0.73410E-01   0.67140E-01
   0.52002E+02   0.96241E-01   0.70679E-01   0.75624E-01   0.70559E-01   0.64359E-01
   0.52999E+02   0.92874E-01   0.67522E-01   0.72431E-01   0.67573E-01   0.61443E-01
   0.54001E+02   0.89357E-01   0.64235E-01   0.69108E-01   0.64462E-01   0.58402E-01
   0.54998E+02   0.85691E-01   0.60808E-01   0.65646E-01   0.61216E-01   0.55246E-01
   0.56001E+02   0.81884E-01   0.57252E-01   0.62053E-01   0.57846E-01   0.51966E-01
   0.56998E+02   0.77918E-01   0.53556E-01   0.58331E-01   0.54360E-01   0.48560E-01
   0.58001E+02   0.73802E-01   0.49719E-01   0.54479E-01   0.50749E-01   0.45039E-01
   0.58997E+02   0.69550E-01   0.45765E-01   0.50498E-01   0.47014E-01   0.41404E-01
   0.60000E+02   0.65133E-01   0.41669E-01   0.46396E-01   0.43154E-01   0.37644E-01
   0.61003E+02   0.60581E-01   0.37445E-01   0.42155E-01   0.39179E-01   0.33769E-01
   0.62000E+02   0.55881E-01   0.33092E-01   0.37805E-01   0.35089E-01   0.29779E-01
   0.63002E+02   0.51030E-01   0.28609E-01   0.33324E-01   0.30884E-01   0.25674E-01
   0.63999E+02   0.46030E-01   0.23987E-01   0.28724E-01   0.26555E-01   0.21455E-01
   0.65002E+02   0.42090E-01   0.19846E-01   0.24294E-01   0.22270E-01   0.17270E-01
   0.65999E+02   0.38316E-01   0.15733E-01   0.19830E-01   0.17898E-01   0.13008E-01
   0.67002E+02   0.34414E-01   0.11504E-01   0.15254E-01   0.13425E-01   0.86468E-02
   0.67999E+02   0.30419E-01   0.71705E-02   0.10579E-01   0.88426E-02   0.41776E-02
   0.69001E+02   0.26291E-01   0.27242E-02   0.57915E-02   0.41538E-02  -0.39823E-03
   0.69998E+02   0.22071E-01  -0.18247E-02   0.90388E-03  -0.63817E-03  -0.50772E-02
   0.71001E+02   0.17726E-01  -0.64821E-02  -0.40895E-02  -0.55345E-02  -0.98585E-02
   0.71998E+02   0.13274E-01  -0.11248E-01  -0.91797E-02  -0.10533E-01  -0.14743E-01
   0.73001E+02   0.87020E-02  -0.16119E-01  -0.14370E-01  -0.15628E-01  -0.19728E-01
   0.73997E+02   0.40200E-02  -0.21092E-01  -0.19662E-01  -0.20824E-01  -0.24804E-01
   0.75000E+02  -0.79000E-03  -0.26173E-01  -0.25058E-01  -0.26122E-01  -0.29982E-01
   0.76003E+02  -0.57200E-02  -0.31358E-01  -0.30535E-01  -0.31511E-01  -0.35261E-01
   0.77000E+02  -0.10750E-01  -0.36643E-01  -0.36103E-01  -0.37000E-01  -0.40630E-01
   0.78002E+02  -0.15910E-01  -0.42029E-01  -0.41766E-01  -0.42571E-01  -0.46091E-01
   0.78999E+02  -0.21190E-01  -0.47519E-01  -0.47521E-01  -0.48234E-01  -0.51634E-01
   0.80002E+02  -0.25856E-01  -0.52734E-01  -0.53169E-01  -0.53899E-01  -0.57179E-01
   0.80999E+02  -0.29588E-01  -0.57533E-01  -0.58651E-01  -0.59515E-01  -0.62685E-01
   0.82002E+02  -0.33401E-01  -0.62403E-01  -0.64188E-01  -0.65200E-01  -0.68260E-01
   0.82999E+02  -0.37293E-01  -0.67343E-01  -0.69800E-01  -0.70961E-01  -0.73911E-01
   0.84001E+02  -0.41251E-01  -0.72351E-01  -0.75475E-01  -0.76790E-01  -0.79630E-01
   0.84998E+02  -0.45289E-01  -0.77428E-01  -0.81196E-01  -0.82686E-01  -0.85416E-01
   0.86001E+02  -0.49411E-01  -0.82563E-01  -0.86986E-01  -0.88642E-01  -0.91262E-01
   0.86998E+02  -0.53604E-01  -0.87759E-01  -0.92860E-01  -0.94655E-01  -0.97145E-01
   0.88001E+02  -0.57842E-01  -0.93047E-01  -0.98656E-01  -0.10069E+00  -0.10309E+00
   0.88998E+02  -0.62165E-01  -0.98342E-01  -0.10466E+00  -0.10685E+00  -0.10915E+00
   0.90000E+02  -0.66552E-01  -0.10365E+00  -0.11056E+00  -0.11300E+00  -0.11520E+00
   0.90997E+02  -0.70975E-01  -0.10912E+00  -0.11655E+00  -0.11914E+00  -0.12124E+00
   0.92000E+02  -0.75568E-01  -0.11452E+00  -0.12255E+00  -0.12539E+00  -0.12739E+00
   0.93003E+02  -0.80126E-01  -0.12000E+00  -0.12864E+00  -0.13164E+00  -0.13354E+00
   0.93999E+02  -0.84704E-01  -0.12549E+00  -0.13464E+00  -0.13789E+00  -0.13969E+00
   0.95002E+02  -0.89352E-01  -0.13107E+00  -0.14073E+00  -0.14414E+00  -0.14584E+00
   0.95999E+02  -0.94165E-01  -0.13658E+00  -0.14674E+00  -0.15039E+00  -0.15209E+00
   0.97002E+02  -0.98842E-01  -0.14217E+00  -0.15274E+00  -0.15664E+00  -0.15824E+00
   0.97999E+02  -0.10369E+00  -0.14770E+00  -0.15885E+00  -0.16290E+00  -0.16440E+00
   0.99001E+02  -0.10855E+00  -0.15323E+00  -0.16487E+00  -0.16916E+00  -0.17056E+00
   0.99998E+02  -0.11338E+00  -0.15885E+00  -0.17078E+00  -0.17542E+00  -0.17662E+00
   0.10100E+03  -0.11821E+00  -0.16432E+00  -0.17672E+00  -0.18159E+00  -0.18279E+00
   0.10200E+03  -0.12311E+00  -0.16988E+00  -0.18265E+00  -0.18765E+00  -0.18875E+00
   0.10300E+03  -0.12798E+00  -0.17536E+00  -0.18849E+00  -0.19373E+00  -0.19473E+00
   0.10400E+03  -0.13290E+00  -0.18078E+00  -0.19425E+00  -0.19971E+00  -0.20071E+00
   0.10500E+03  -0.13773E+00  -0.18619E+00  -0.20001E+00  -0.20569E+00  -0.20649E+00
   0.10600E+03  -0.14257E+00  -0.19147E+00  -0.20560E+00  -0.21148E+00  -0.21228E+00
   0.10700E+03  -0.14741E+00  -0.19674E+00  -0.21109E+00  -0.21728E+00  -0.21798E+00
   0.10800E+03  -0.15221E+00  -0.20195E+00  -0.21659E+00  -0.22288E+00  -0.22348E+00
   0.10900E+03  -0.15687E+00  -0.20707E+00  -0.22191E+00  -0.22839E+00  -0.22899E+00
   0.11000E+03  -0.16162E+00  -0.21205E+00  -0.22715E+00  -0.23381E+00  -0.23431E+00
   0.11100E+03  -0.16620E+00  -0.21695E+00  -0.23220E+00  -0.23903E+00  -0.23943E+00
   0.11200E+03  -0.17070E+00  -0.22170E+00  -0.23708E+00  -0.24417E+00  -0.24447E+00
   0.11300E+03  -0.17516E+00  -0.22638E+00  -0.24197E+00  -0.24912E+00  -0.24942E+00
   0.11400E+03  -0.17951E+00  -0.23091E+00  -0.24658E+00  -0.25398E+00  -0.25408E+00
   0.11500E+03  -0.18372E+00  -0.23526E+00  -0.25101E+00  -0.25854E+00  -0.25864E+00
   0.11600E+03  -0.18782E+00  -0.23947E+00  -0.25526E+00  -0.26292E+00  -0.26292E+00
   0.11700E+03  -0.19182E+00  -0.24352E+00  -0.25944E+00  -0.26721E+00  -0.26711E+00
   0.11800E+03  -0.19568E+00  -0.24740E+00  -0.26333E+00  -0.27121E+00  -0.27101E+00
   0.11900E+03  -0.19943E+00  -0.25108E+00  -0.26707E+00  -0.27503E+00  -0.27473E+00
   0.12000E+03  -0.20288E+00  -0.25456E+00  -0.27051E+00  -0.27855E+00  -0.27815E+00
   0.12100E+03  -0.20623E+00  -0.25788E+00  -0.27377E+00  -0.28188E+00  -0.28138E+00
   0.12200E+03  -0.20943E+00  -0.26088E+00  -0.27677E+00  -0.28493E+00  -0.28443E+00
   0.12300E+03  -0.21244E+00  -0.26373E+00  -0.27960E+00  -0.28769E+00  -0.28719E+00
   0.12400E+03  -0.21519E+00  -0.26641E+00  -0.28214E+00  -0.29026E+00  -0.28956E+00
   0.12500E+03  -0.21779E+00  -0.26876E+00  -0.28441E+00  -0.29255E+00  -0.29185E+00
   0.12600E+03  -0.22019E+00  -0.27086E+00  -0.28641E+00  -0.29455E+00  -0.29375E+00
   0.12700E+03  -0.22234E+00  -0.27279E+00  -0.28823E+00  -0.29625E+00  -0.29535E+00
   0.12800E+03  -0.22424E+00  -0.27439E+00  -0.28968E+00  -0.29768E+00  -0.29668E+00
   0.12900E+03  -0.22583E+00  -0.27573E+00  -0.29085E+00  -0.29882E+00  -0.29772E+00
   0.13000E+03  -0.22738E+00  -0.27676E+00  -0.29176E+00  -0.29967E+00  -0.29847E+00
   0.13100E+03  -0.22843E+00  -0.27758E+00  -0.29237E+00  -0.30013E+00  -0.29893E+00
   0.13200E+03  -0.22943E+00  -0.27808E+00  -0.29272E+00  -0.30040E+00  -0.29900E+00
   0.13300E+03  -0.23008E+00  -0.27825E+00  -0.29281E+00  -0.30029E+00  -0.29889E+00
   0.13400E+03  -0.23042E+00  -0.27822E+00  -0.29249E+00  -0.29989E+00  -0.29839E+00
   0.13500E+03  -0.23047E+00  -0.27784E+00  -0.29190E+00  -0.29909E+00  -0.29749E+00
   0.13600E+03  -0.23037E+00  -0.27714E+00  -0.29095E+00  -0.29811E+00  -0.29641E+00
   0.13700E+03  -0.22991E+00  -0.27616E+00  -0.28981E+00  -0.29664E+00  -0.29494E+00
   0.13800E+03  -0.22926E+00  -0.27483E+00  -0.28829E+00  -0.29498E+00  -0.29318E+00
   0.13900E+03  -0.22830E+00  -0.27325E+00  -0.28650E+00  -0.29294E+00  -0.29114E+00
   0.14000E+03  -0.22695E+00  -0.27137E+00  -0.28431E+00  -0.29059E+00  -0.28869E+00
   0.14100E+03  -0.22544E+00  -0.26917E+00  -0.28186E+00  -0.28796E+00  -0.28596E+00
   0.14200E+03  -0.22364E+00  -0.26666E+00  -0.27910E+00  -0.28504E+00  -0.28294E+00
   0.14300E+03  -0.22153E+00  -0.26391E+00  -0.27607E+00  -0.28172E+00  -0.27962E+00
   0.14400E+03  -0.21918E+00  -0.26077E+00  -0.27266E+00  -0.27811E+00  -0.27601E+00
   0.14500E+03  -0.21652E+00  -0.25739E+00  -0.26906E+00  -0.27421E+00  -0.27201E+00
   0.14600E+03  -0.21366E+00  -0.25371E+00  -0.26507E+00  -0.27002E+00  -0.26782E+00
   0.14700E+03  -0.21046E+00  -0.24976E+00  -0.26079E+00  -0.26553E+00  -0.26333E+00
   0.14800E+03  -0.20705E+00  -0.24545E+00  -0.25624E+00  -0.26075E+00  -0.25855E+00
   0.14900E+03  -0.20329E+00  -0.24092E+00  -0.25137E+00  -0.25576E+00  -0.25336E+00
   0.15000E+03  -0.19934E+00  -0.23603E+00  -0.24623E+00  -0.25039E+00  -0.24809E+00
   0.15100E+03  -0.19523E+00  -0.23098E+00  -0.24090E+00  -0.24473E+00  -0.24243E+00
   0.15200E+03  -0.19082E+00  -0.22562E+00  -0.23516E+00  -0.23886E+00  -0.23656E+00
   0.15300E+03  -0.18611E+00  -0.21996E+00  -0.22923E+00  -0.23269E+00  -0.23039E+00
   0.15400E+03  -0.18126E+00  -0.21413E+00  -0.22312E+00  -0.22633E+00  -0.22403E+00
   0.15500E+03  -0.17615E+00  -0.20802E+00  -0.21661E+00  -0.21968E+00  -0.21738E+00
   0.15600E+03  -0.17084E+00  -0.20161E+00  -0.21000E+00  -0.21283E+00  -0.21053E+00
   0.15700E+03  -0.16533E+00  -0.19501E+00  -0.20310E+00  -0.20567E+00  -0.20347E+00
   0.15800E+03  -0.15952E+00  -0.18820E+00  -0.19589E+00  -0.19842E+00  -0.19622E+00
   0.15900E+03  -0.15372E+00  -0.18114E+00  -0.18851E+00  -0.19088E+00  -0.18868E+00
   0.16000E+03  -0.14751E+00  -0.17393E+00  -0.18101E+00  -0.18312E+00  -0.18102E+00
   0.16100E+03  -0.14130E+00  -0.16648E+00  -0.17323E+00  -0.17518E+00  -0.17308E+00
   0.16200E+03  -0.13479E+00  -0.15887E+00  -0.16522E+00  -0.16703E+00  -0.16503E+00
   0.16300E+03  -0.12829E+00  -0.15101E+00  -0.15714E+00  -0.15879E+00  -0.15689E+00
   0.16400E+03  -0.12154E+00  -0.14303E+00  -0.14875E+00  -0.15024E+00  -0.14844E+00
   0.16500E+03  -0.11462E+00  -0.13487E+00  -0.14026E+00  -0.14170E+00  -0.13990E+00
   0.16600E+03  -0.10757E+00  -0.12659E+00  -0.13167E+00  -0.13285E+00  -0.13125E+00
   0.16700E+03  -0.10040E+00  -0.11820E+00  -0.12288E+00  -0.12400E+00  -0.12240E+00
   0.16800E+03  -0.93160E-01  -0.10963E+00  -0.11389E+00  -0.11496E+00  -0.11346E+00
   0.16900E+03  -0.85757E-01  -0.10087E+00  -0.10491E+00  -0.10581E+00  -0.10441E+00
   0.17000E+03  -0.78279E-01  -0.92089E-01  -0.95714E-01  -0.96507E-01  -0.95267E-01
   0.17100E+03  -0.70706E-01  -0.83174E-01  -0.86445E-01  -0.87141E-01  -0.86011E-01
   0.17200E+03  -0.63053E-01  -0.74168E-01  -0.77085E-01  -0.77685E-01  -0.76675E-01
   0.17300E+03  -0.55336E-01  -0.65080E-01  -0.67634E-01  -0.68149E-01  -0.67259E-01
   0.17400E+03  -0.47543E-01  -0.55920E-01  -0.58112E-01  -0.58542E-01  -0.57772E-01
   0.17500E+03  -0.39710E-01  -0.46695E-01  -0.48522E-01  -0.48876E-01  -0.48236E-01
   0.17600E+03  -0.31817E-01  -0.37414E-01  -0.38880E-01  -0.39159E-01  -0.38649E-01
   0.17700E+03  -0.23889E-01  -0.28101E-01  -0.29197E-01  -0.29411E-01  -0.29021E-01
   0.17800E+03  -0.15946E-01  -0.18751E-01  -0.19484E-01  -0.19624E-01  -0.19364E-01
   0.17900E+03  -0.79744E-02  -0.93812E-02  -0.97425E-02  -0.98172E-02  -0.96852E-02
   0.18000E+03   0.00000E+00   0.00000E+00   0.00000E+00   0.00000E+00   0.00000E+00
   0.18000E+03  -0.00000E+00  -0.00000E+00  -0.00000E+00  -0.00000E+00  -0.00000E+00
   0.17900E+03  -0.12066E-01  -0.11419E-01  -0.10757E-01  -0.10323E-01  -0.10191E-01
   0.17800E+03  -0.24134E-01  -0.22829E-01  -0.21516E-01  -0.20636E-01  -0.20376E-01
   0.17700E+03  -0.36171E-01  -0.34219E-01  -0.32243E-01  -0.30929E-01  -0.30539E-01
   0.17600E+03  -0.48183E-01  -0.45566E-01  -0.42940E-01  -0.41181E-01  -0.40671E-01
   0.17500E+03  -0.60170E-01  -0.56885E-01  -0.53598E-01  -0.51404E-01  -0.50764E-01
   0.17400E+03  -0.72117E-01  -0.68160E-01  -0.64208E-01  -0.61578E-01  -0.60808E-01
   0.17300E+03  -0.84004E-01  -0.79360E-01  -0.74746E-01  -0.71691E-01  -0.70801E-01
   0.17200E+03  -0.95827E-01  -0.90492E-01  -0.85215E-01  -0.81735E-01  -0.80725E-01
   0.17100E+03  -0.10759E+00  -0.10155E+00  -0.95595E-01  -0.91699E-01  -0.90569E-01
   0.17000E+03  -0.11928E+00  -0.11251E+00  -0.10589E+00  -0.10157E+00  -0.10033E+00
   0.16900E+03  -0.13084E+00  -0.12333E+00  -0.11609E+00  -0.11139E+00  -0.10999E+00
   0.16800E+03  -0.14244E+00  -0.13417E+00  -0.12611E+00  -0.12104E+00  -0.11954E+00
   0.16700E+03  -0.15380E+00  -0.14480E+00  -0.13612E+00  -0.13060E+00  -0.12900E+00
   0.16600E+03  -0.16503E+00  -0.15521E+00  -0.14593E+00  -0.13995E+00  -0.13835E+00
   0.16500E+03  -0.17618E+00  -0.16553E+00  -0.15554E+00  -0.14930E+00  -0.14750E+00
   0.16400E+03  -0.18726E+00  -0.17577E+00  -0.16505E+00  -0.15836E+00  -0.15656E+00
   0.16300E+03  -0.19811E+00  -0.18579E+00  -0.17446E+00  -0.16741E+00  -0.16551E+00
   0.16200E+03  -0.20881E+00  -0.19573E+00  -0.18358E+00  -0.17617E+00  -0.17417E+00
   0.16100E+03  -0.21930E+00  -0.20532E+00  -0.19257E+00  -0.18482E+00  -0.18272E+00
   0.16000E+03  -0.22969E+00  -0.21487E+00  -0.20139E+00  -0.19328E+00  -0.19118E+00
   0.15900E+03  -0.23988E+00  -0.22406E+00  -0.20989E+00  -0.20152E+00  -0.19932E+00
   0.15800E+03  -0.24988E+00  -0.23320E+00  -0.21831E+00  -0.20958E+00  -0.20738E+00
   0.15700E+03  -0.25967E+00  -0.24199E+00  -0.22650E+00  -0.21733E+00  -0.21513E+00
   0.15600E+03  -0.26916E+00  -0.25059E+00  -0.23440E+00  -0.22497E+00  -0.22267E+00
   0.15500E+03  -0.27845E+00  -0.25898E+00  -0.24199E+00  -0.23232E+00  -0.23002E+00
   0.15400E+03  -0.28754E+00  -0.26707E+00  -0.24948E+00  -0.23947E+00  -0.23717E+00
   0.15300E+03  -0.29629E+00  -0.27484E+00  -0.25657E+00  -0.24631E+00  -0.24401E+00
   0.15200E+03  -0.30478E+00  -0.28238E+00  -0.26344E+00  -0.25294E+00  -0.25064E+00
   0.15100E+03  -0.31297E+00  -0.28962E+00  -0.27010E+00  -0.25927E+00  -0.25697E+00
   0.15000E+03  -0.32086E+00  -0.29657E+00  -0.27637E+00  -0.26541E+00  -0.26311E+00
   0.14900E+03  -0.32851E+00  -0.30328E+00  -0.28243E+00  -0.27124E+00  -0.26884E+00
   0.14800E+03  -0.33575E+00  -0.30955E+00  -0.28816E+00  -0.27665E+00  -0.27445E+00
   0.14700E+03  -0.34274E+00  -0.31564E+00  -0.29361E+00  -0.28187E+00  -0.27967E+00
   0.14600E+03  -0.34934E+00  -0.32129E+00  -0.29873E+00  -0.28678E+00  -0.28458E+00
   0.14500E+03  -0.35548E+00  -0.32661E+00  -0.30354E+00  -0.29139E+00  -0.28919E+00
   0.14400E+03  -0.36142E+00  -0.33163E+00  -0.30794E+00  -0.29569E+00  -0.29359E+00
   0.14300E+03  -0.36687E+00  -0.33629E+00  -0.31213E+00  -0.29968E+00  -0.29758E+00
   0.14200E+03  -0.37196E+00  -0.34054E+00  -0.31590E+00  -0.30336E+00  -0.30126E+00
   0.14100E+03  -0.37656E+00  -0.34443E+00  -0.31934E+00  -0.30664E+00  -0.30464E+00
   0.14000E+03  -0.38085E+00  -0.34803E+00  -0.32249E+00  -0.30961E+00  -0.30771E+00
   0.13900E+03  -0.38470E+00  -0.35115E+00  -0.32530E+00  -0.31226E+00  -0.31046E+00
   0.13800E+03  -0.38814E+00  -0.35397E+00  -0.32771E+00  -0.31462E+00  -0.31282E+00
   0.13700E+03  -0.39109E+00  -0.35644E+00  -0.32979E+00  -0.31656E+00  -0.31486E+00
   0.13600E+03  -0.39363E+00  -0.35846E+00  -0.33145E+00  -0.31829E+00  -0.31659E+00
   0.13500E+03  -0.39573E+00  -0.36016E+00  -0.33290E+00  -0.31951E+00  -0.31791E+00
   0.13400E+03  -0.39738E+00  -0.36138E+00  -0.33391E+00  -0.32051E+00  -0.31901E+00
   0.13300E+03  -0.39852E+00  -0.36215E+00  -0.33459E+00  -0.32111E+00  -0.31971E+00
   0.13200E+03  -0.39937E+00  -0.36272E+00  -0.33488E+00  -0.32140E+00  -0.32000E+00
   0.13100E+03  -0.39957E+00  -0.36282E+00  -0.33483E+00  -0.32127E+00  -0.32007E+00
   0.13000E+03  -0.39942E+00  -0.36244E+00  -0.33444E+00  -0.32093E+00  -0.31973E+00
   0.12900E+03  -0.39877E+00  -0.36187E+00  -0.33375E+00  -0.32018E+00  -0.31908E+00
   0.12800E+03  -0.39776E+00  -0.36081E+00  -0.33272E+00  -0.31912E+00  -0.31812E+00
   0.12700E+03  -0.39626E+00  -0.35941E+00  -0.33137E+00  -0.31775E+00  -0.31685E+00
   0.12600E+03  -0.39421E+00  -0.35754E+00  -0.32959E+00  -0.31605E+00  -0.31525E+00
   0.12500E+03  -0.39181E+00  -0.35544E+00  -0.32759E+00  -0.31405E+00  -0.31335E+00
   0.12400E+03  -0.38901E+00  -0.35299E+00  -0.32526E+00  -0.31174E+00  -0.31104E+00
   0.12300E+03  -0.38576E+00  -0.35007E+00  -0.32260E+00  -0.30911E+00  -0.30861E+00
   0.12200E+03  -0.38217E+00  -0.34692E+00  -0.31963E+00  -0.30627E+00  -0.30577E+00
   0.12100E+03  -0.37817E+00  -0.34352E+00  -0.31643E+00  -0.30312E+00  -0.30262E+00
   0.12000E+03  -0.37372E+00  -0.33964E+00  -0.31289E+00  -0.29965E+00  -0.29925E+00
   0.11900E+03  -0.36897E+00  -0.33552E+00  -0.30913E+00  -0.29597E+00  -0.29567E+00
   0.11800E+03  -0.36392E+00  -0.33120E+00  -0.30507E+00  -0.29199E+00  -0.29179E+00
   0.11700E+03  -0.35838E+00  -0.32648E+00  -0.30076E+00  -0.28779E+00  -0.28769E+00
   0.11600E+03  -0.35258E+00  -0.32153E+00  -0.29614E+00  -0.28328E+00  -0.28328E+00
   0.11500E+03  -0.34648E+00  -0.31634E+00  -0.29139E+00  -0.27866E+00  -0.27876E+00
   0.11400E+03  -0.34009E+00  -0.31089E+00  -0.28642E+00  -0.27382E+00  -0.27392E+00
   0.11300E+03  -0.33344E+00  -0.30522E+00  -0.28123E+00  -0.26868E+00  -0.26898E+00
   0.11200E+03  -0.32650E+00  -0.29930E+00  -0.27572E+00  -0.26343E+00  -0.26373E+00
   0.11100E+03  -0.31940E+00  -0.29325E+00  -0.27020E+00  -0.25797E+00  -0.25837E+00
   0.11000E+03  -0.31198E+00  -0.28695E+00  -0.26445E+00  -0.25239E+00  -0.25289E+00
   0.10900E+03  -0.30433E+00  -0.28053E+00  -0.25849E+00  -0.24661E+00  -0.24721E+00
   0.10800E+03  -0.29659E+00  -0.27385E+00  -0.25241E+00  -0.24072E+00  -0.24132E+00
   0.10700E+03  -0.28859E+00  -0.26706E+00  -0.24611E+00  -0.23472E+00  -0.23542E+00
   0.10600E+03  -0.28043E+00  -0.26013E+00  -0.23980E+00  -0.22852E+00  -0.22932E+00
   0.10500E+03  -0.27227E+00  -0.25321E+00  -0.23339E+00  -0.22231E+00  -0.22311E+00
   0.10400E+03  -0.26390E+00  -0.24602E+00  -0.22675E+00  -0.21589E+00  -0.21689E+00
   0.10300E+03  -0.25542E+00  -0.23884E+00  -0.22011E+00  -0.20947E+00  -0.21047E+00
   0.10200E+03  -0.24689E+00  -0.23152E+00  -0.21335E+00  -0.20295E+00  -0.20405E+00
   0.10100E+03  -0.23819E+00  -0.22408E+00  -0.20648E+00  -0.19641E+00  -0.19761E+00
   0.99998E+02  -0.22962E+00  -0.21675E+00  -0.19962E+00  -0.18978E+00  -0.19098E+00
   0.99001E+02  -0.22085E+00  -0.20917E+00  -0.19273E+00  -0.18304E+00  -0.18444E+00
   0.97999E+02  -0.21211E+00  -0.20170E+00  -0.18575E+00  -0.17630E+00  -0.17780E+00
   0.97002E+02  -0.20336E+00  -0.19423E+00  -0.17866E+00  -0.16956E+00  -0.17116E+00
   0.95999E+02  -0.19464E+00  -0.18662E+00  -0.17166E+00  -0.16281E+00  -0.16451E+00
   0.95002E+02  -0.18585E+00  -0.17913E+00  -0.16467E+00  -0.15606E+00  -0.15776E+00
   0.93999E+02  -0.17710E+00  -0.17151E+00  -0.15756E+00  -0.14931E+00  -0.15111E+00
   0.93003E+02  -0.16847E+00  -0.16400E+00  -0.15056E+00  -0.14256E+00  -0.14446E+00
   0.92000E+02  -0.15983E+00  -0.15648E+00  -0.14345E+00  -0.13581E+00  -0.13781E+00
   0.90997E+02  -0.15122E+00  -0.14908E+00  -0.13645E+00  -0.12906E+00  -0.13116E+00
   0.90000E+02  -0.14265E+00  -0.14155E+00  -0.12944E+00  -0.12240E+00  -0.12460E+00
   0.88998E+02  -0.13428E+00  -0.13426E+00  -0.12254E+00  -0.11575E+00  -0.11805E+00
   0.88001E+02  -0.12592E+00  -0.12695E+00  -0.11554E+00  -0.10911E+00  -0.11151E+00
   0.86998E+02  -0.11762E+00  -0.11964E+00  -0.10874E+00  -0.10256E+00  -0.10505E+00
   0.86001E+02  -0.10943E+00  -0.11246E+00  -0.10187E+00  -0.96058E-01  -0.98678E-01
   0.84998E+02  -0.10135E+00  -0.10535E+00  -0.95104E-01  -0.89614E-01  -0.92344E-01
   0.84001E+02  -0.93369E-01  -0.98309E-01  -0.88405E-01  -0.83230E-01  -0.86070E-01
   0.82999E+02  -0.85507E-01  -0.91357E-01  -0.81760E-01  -0.76919E-01  -0.79869E-01
   0.82002E+02  -0.77759E-01  -0.84497E-01  -0.75192E-01  -0.70680E-01  -0.73740E-01
   0.80999E+02  -0.70132E-01  -0.77727E-01  -0.68709E-01  -0.64525E-01  -0.67695E-01
   0.80002E+02  -0.62624E-01  -0.71046E-01  -0.62291E-01  -0.58441E-01  -0.61721E-01
   0.78999E+02  -0.56250E-01  -0.64981E-01  -0.56219E-01  -0.52566E-01  -0.55966E-01
   0.78002E+02  -0.50690E-01  -0.59351E-01  -0.50394E-01  -0.46869E-01  -0.50389E-01
   0.77000E+02  -0.45230E-01  -0.53817E-01  -0.44657E-01  -0.41260E-01  -0.44890E-01
   0.76003E+02  -0.39860E-01  -0.48362E-01  -0.39005E-01  -0.35729E-01  -0.39479E-01
   0.75000E+02  -0.34590E-01  -0.43007E-01  -0.33442E-01  -0.30298E-01  -0.34158E-01
   0.73997E+02  -0.29420E-01  -0.37748E-01  -0.27958E-01  -0.24956E-01  -0.28936E-01
   0.73001E+02  -0.24350E-01  -0.32581E-01  -0.22570E-01  -0.19712E-01  -0.23812E-01
   0.71998E+02  -0.19380E-01  -0.27512E-01  -0.17280E-01  -0.14567E-01  -0.18777E-01
   0.71001E+02  -0.14510E-01  -0.22538E-01  -0.12086E-01  -0.95175E-02  -0.13842E-01
   0.69998E+02  -0.97490E-02  -0.17673E-01  -0.69899E-02  -0.45698E-02  -0.90088E-02
   0.69001E+02  -0.50910E-02  -0.12906E-01  -0.19935E-02   0.27623E-03  -0.42758E-02
   0.67999E+02  -0.53920E-03  -0.82489E-02   0.28990E-02   0.50174E-02   0.35240E-03
   0.67002E+02   0.39060E-02  -0.36916E-02   0.76859E-02   0.96552E-02   0.48772E-02
   0.65999E+02   0.82440E-02   0.75500E-03   0.12370E-01   0.14182E-01   0.92922E-02
   0.65002E+02   0.12470E-01   0.50936E-02   0.16946E-01   0.18610E-01   0.13610E-01
   0.63999E+02   0.16330E-01   0.91934E-02   0.21356E-01   0.22885E-01   0.17785E-01
   0.63002E+02   0.18910E-01   0.12611E-01   0.25356E-01   0.26916E-01   0.21706E-01
   0.62000E+02   0.21419E-01   0.15928E-01   0.29255E-01   0.30831E-01   0.25521E-01
   0.61003E+02   0.23859E-01   0.19155E-01   0.33045E-01   0.34641E-01   0.29231E-01
   0.60000E+02   0.26227E-01   0.22291E-01   0.36744E-01   0.38346E-01   0.32836E-01
   0.58997E+02   0.28530E-01   0.25335E-01   0.40322E-01   0.41946E-01   0.36336E-01
   0.58001E+02   0.30758E-01   0.28281E-01   0.43801E-01   0.45431E-01   0.39721E-01
   0.56998E+02   0.32922E-01   0.31144E-01   0.47169E-01   0.48800E-01   0.43000E-01
   0.56001E+02   0.35016E-01   0.33908E-01   0.50427E-01   0.52054E-01   0.46174E-01
   0.54998E+02   0.37029E-01   0.36572E-01   0.53574E-01   0.55204E-01   0.49234E-01
   0.54001E+02   0.38983E-01   0.39145E-01   0.56612E-01   0.58238E-01   0.52178E-01
   0.52999E+02   0.40866E-01   0.41618E-01   0.59529E-01   0.61147E-01   0.55017E-01
   0.52002E+02   0.42679E-01   0.44001E-01   0.62336E-01   0.63941E-01   0.57741E-01
   0.50999E+02   0.44417E-01   0.46276E-01   0.65025E-01   0.66610E-01   0.60340E-01
   0.50002E+02   0.45935E-01   0.48387E-01   0.67556E-01   0.69146E-01   0.62816E-01
   0.48999E+02   0.47358E-01   0.50385E-01   0.69951E-01   0.71554E-01   0.65164E-01
   0.48002E+02   0.48706E-01   0.52276E-01   0.72237E-01   0.73838E-01   0.67388E-01
   0.47000E+02   0.50004E-01   0.54076E-01   0.74388E-01   0.75998E-01   0.69498E-01
   0.46003E+02   0.51216E-01   0.55769E-01   0.76419E-01   0.78035E-01   0.71485E-01
   0.45000E+02   0.52374E-01   0.57374E-01   0.78318E-01   0.79929E-01   0.73339E-01
   0.43997E+02   0.53461E-01   0.58863E-01   0.80088E-01   0.81700E-01   0.75080E-01
   0.43000E+02   0.54478E-01   0.60258E-01   0.81731E-01   0.83336E-01   0.76676E-01
   0.41998E+02   0.55435E-01   0.61547E-01   0.83231E-01   0.84831E-01   0.78151E-01
   0.41001E+02   0.56296E-01   0.62718E-01   0.84602E-01   0.86182E-01   0.79492E-01
   0.39998E+02   0.57098E-01   0.63795E-01   0.85820E-01   0.87401E-01   0.80701E-01
   0.39001E+02   0.57824E-01   0.64748E-01   0.86902E-01   0.88468E-01   0.81768E-01
   0.37999E+02   0.58469E-01   0.65592E-01   0.87839E-01   0.89391E-01   0.82691E-01
   0.37002E+02   0.59035E-01   0.66330E-01   0.88623E-01   0.90153E-01   0.83473E-01
   0.35999E+02   0.59505E-01   0.66935E-01   0.89251E-01   0.90762E-01   0.84102E-01
   0.35002E+02   0.59905E-01   0.67425E-01   0.89726E-01   0.91220E-01   0.84590E-01
   0.33999E+02   0.60200E-01   0.67792E-01   0.90045E-01   0.91514E-01   0.84914E-01
   0.33002E+02   0.60410E-01   0.68037E-01   0.90192E-01   0.91648E-01   0.85088E-01
   0.32000E+02   0.60519E-01   0.68141E-01   0.90184E-01   0.91609E-01   0.85109E-01
   0.31003E+02   0.60538E-01   0.68130E-01   0.89993E-01   0.91398E-01   0.84958E-01
   0.30000E+02   0.60442E-01   0.67972E-01   0.89639E-01   0.91016E-01   0.84646E-01
   0.28997E+02   0.60241E-01   0.67685E-01   0.89110E-01   0.90461E-01   0.84171E-01
   0.28000E+02   0.59929E-01   0.67264E-01   0.88399E-01   0.89715E-01   0.83515E-01
   0.26998E+02   0.59497E-01   0.66692E-01   0.87512E-01   0.88797E-01   0.82697E-01
   0.26001E+02   0.58945E-01   0.65975E-01   0.86443E-01   0.87697E-01   0.81707E-01
   0.24998E+02   0.58272E-01   0.65117E-01   0.85189E-01   0.86405E-01   0.80535E-01
   0.24001E+02   0.57475E-01   0.64117E-01   0.83743E-01   0.84921E-01   0.79181E-01
   0.22999E+02   0.56547E-01   0.62956E-01   0.82112E-01   0.83256E-01   0.77656E-01
   0.22002E+02   0.55489E-01   0.61656E-01   0.80296E-01   0.81397E-01   0.75947E-01
   0.20999E+02   0.54295E-01   0.60197E-01   0.78286E-01   0.79347E-01   0.74057E-01
   0.20002E+02   0.52956E-01   0.58596E-01   0.76090E-01   0.77103E-01   0.71983E-01
   0.18999E+02   0.51478E-01   0.56835E-01   0.73708E-01   0.74677E-01   0.69737E-01
   0.18002E+02   0.49858E-01   0.54923E-01   0.71131E-01   0.72068E-01   0.67318E-01
   0.17000E+02   0.48104E-01   0.52869E-01   0.68378E-01   0.69266E-01   0.64716E-01
   0.16003E+02   0.46195E-01   0.50667E-01   0.65446E-01   0.66289E-01   0.61949E-01
   0.15000E+02   0.44155E-01   0.48320E-01   0.62336E-01   0.63128E-01   0.59008E-01
   0.13997E+02   0.41970E-01   0.45825E-01   0.59057E-01   0.59804E-01   0.55904E-01
   0.13000E+02   0.39655E-01   0.43205E-01   0.55611E-01   0.56305E-01   0.52645E-01
   0.11998E+02   0.37195E-01   0.40442E-01   0.52003E-01   0.52650E-01   0.49240E-01
   0.11001E+02   0.34605E-01   0.37554E-01   0.48253E-01   0.48840E-01   0.45680E-01
   0.99981E+01   0.31899E-01   0.34559E-01   0.44354E-01   0.44884E-01   0.41994E-01
   0.90012E+01   0.29069E-01   0.31436E-01   0.40321E-01   0.40802E-01   0.38182E-01
   0.79985E+01   0.26138E-01   0.28218E-01   0.36166E-01   0.36594E-01   0.34244E-01
   0.70015E+01   0.23102E-01   0.24912E-01   0.31896E-01   0.32278E-01   0.30208E-01
   0.59989E+01   0.19976E-01   0.21516E-01   0.27532E-01   0.27855E-01   0.26075E-01
   0.50019E+01   0.16773E-01   0.18047E-01   0.23081E-01   0.23354E-01   0.21854E-01
   0.39992E+01   0.13499E-01   0.14507E-01   0.18554E-01   0.18765E-01   0.17575E-01
   0.30023E+01   0.10176E-01   0.10932E-01   0.13971E-01   0.14128E-01   0.13228E-01
   0.19996E+01   0.68062E-02   0.73062E-02   0.93391E-02   0.94451E-02   0.88421E-02
   0.10027E+01   0.34101E-02   0.36596E-02   0.46763E-02   0.47304E-02   0.44284E-02
   0.00000E+00  -0.00000E+00  -0.00000E+00  -0.00000E+00  -0.00000E+00  -0.00000E+00
