 #  r,DGAMMADR(IR) 
   5.0000000000000001E-003   6.5569251991278140E-012   1.0000000000000000E-002
   1.4999999999999999E-002   1.9716714997070783E-011   1.0000000000000000E-002
   2.5000000000000001E-002   3.3014018602908688E-011   1.0000000000000000E-002
   3.5000000000000003E-002   4.6539506096803571E-011   1.0000000000000000E-002
   4.4999999999999998E-002   6.0382369932105158E-011   1.0000000000000000E-002
   5.5000000000000000E-002   7.4629796373333730E-011   1.0000000000000000E-002
   6.5000000000000002E-002   8.9366500282001257E-011   1.0000000000000000E-002
   7.4999999999999997E-002   1.0467439788230617E-010   1.0000000000000000E-002
   8.5000000000000006E-002   1.2063464346207989E-010   1.0000000000000000E-002
   9.5000000000000001E-002   1.3733144655671437E-010   1.0000000000000000E-002
  0.10500000000000000        1.5485162400045163E-010   1.0000000000000000E-002
  0.11500000000000000        1.7328398104121222E-010   1.0000000000000000E-002
  0.12500000000000000        1.9271873777689152E-010   1.0000000000000000E-002
  0.13500000000000001        2.1324686204707467E-010   1.0000000000000000E-002
  0.14499999999999999        2.3495933072910904E-010   1.0000000000000000E-002
  0.15500000000000000        2.5794636545884496E-010   1.0000000000000000E-002
  0.16500000000000001        2.8229669723500289E-010   1.0000000000000000E-002
  0.17500000000000002        3.0809693622780858E-010   1.0000000000000000E-002
  0.18500000000000000        3.3543095632676282E-010   1.0000000000000000E-002
  0.19500000000000001        3.6437820405917584E-010   1.0000000000000000E-002
  0.20500000000000002        3.9501305985258612E-010   1.0000000000000000E-002
  0.21500000000000000        4.2740554710465269E-010   1.0000000000000000E-002
  0.22500000000000001        4.6162150604473815E-010   1.0000000000000000E-002
  0.23500000000000001        4.9772261941097678E-010   1.0000000000000000E-002
  0.24500000000000000        5.3576632322566333E-010   1.0000000000000000E-002
  0.25500000000000000        5.7580592284449610E-010   1.0000000000000000E-002
  0.26500000000000001        6.1789055048374483E-010   1.0000000000000000E-002
  0.27500000000000002        6.6206539314146065E-010   1.0000000000000000E-002
  0.28500000000000003        7.0837190198795602E-010   1.0000000000000000E-002
  0.29499999999999998        7.5684742188888204E-010   1.0000000000000000E-002
  0.30499999999999999        8.0751327041450612E-010   1.0000000000000000E-002
  0.31500000000000000        8.6036370528579408E-010   1.0000000000000000E-002
  0.32500000000000001        9.1536848485218426E-010   1.0000000000000000E-002
  0.33500000000000002        9.7247276633942716E-010   1.0000000000000000E-002
  0.34500000000000003        1.0315955759162922E-009   1.0000000000000000E-002
  0.35499999999999998        1.0926296590243323E-009   1.0000000000000000E-002
  0.36499999999999999        1.1554404061801857E-009   1.0000000000000000E-002
  0.37500000000000000        1.2198662842207456E-009   1.0000000000000000E-002
  0.38500000000000001        1.2857195526164526E-009   1.0000000000000000E-002
  0.39500000000000002        1.3527873820834665E-009   1.0000000000000000E-002
  0.40500000000000003        1.4208342357459756E-009   1.0000000000000000E-002
  0.41500000000000004        1.4896050971165787E-009   1.0000000000000000E-002
  0.42499999999999999        1.5588296113516082E-009   1.0000000000000000E-002
  0.43500000000000000        1.6282272715255664E-009   1.0000000000000000E-002
  0.44500000000000001        1.6975136515743654E-009   1.0000000000000000E-002
  0.45500000000000002        1.7664078957450167E-009   1.0000000000000000E-002
  0.46500000000000002        1.8346468681763596E-009   1.0000000000000000E-002
  0.47500000000000003        1.9020155270914838E-009   1.0000000000000000E-002
  0.48499999999999999        1.9683625792235160E-009   1.0000000000000000E-002
  0.49500000000000000        2.0336685780938925E-009   1.0000000000000000E-002
  0.50500000000000000        2.0980679196716831E-009   1.0000000000000000E-002
  0.51500000000000001        2.1618104440540472E-009   1.0000000000000000E-002
  0.52500000000000002        2.2252413464457390E-009   1.0000000000000000E-002
  0.53500000000000003        2.2887963520793880E-009   1.0000000000000000E-002
  0.54500000000000004        2.3529809513544849E-009   1.0000000000000000E-002
  0.55500000000000005        2.4183755170858141E-009   1.0000000000000000E-002
  0.56500000000000006        2.4856280511650012E-009   1.0000000000000000E-002
  0.57500000000000007        2.5554453893073841E-009   1.0000000000000000E-002
  0.58499999999999996        2.6285990589671097E-009   1.0000000000000000E-002
  0.59499999999999997        2.7059349765297125E-009   1.0000000000000000E-002
  0.60499999999999998        2.7883735460708899E-009   1.0000000000000000E-002
  0.61499999999999999        2.8769221921910882E-009   1.0000000000000000E-002
  0.62500000000000000        2.9726933685739120E-009   1.0000000000000000E-002
  0.63500000000000001        3.0769272297668264E-009   1.0000000000000000E-002
  0.64500000000000002        3.1910141006179161E-009   1.0000000000000000E-002
  0.65500000000000003        3.3164845888267825E-009   1.0000000000000000E-002
  0.66500000000000004        3.4550341468824964E-009   1.0000000000000000E-002
  0.67500000000000004        3.6085782608215699E-009   1.0000000000000000E-002
  0.68500000000000005        3.7792858220251450E-009   1.0000000000000000E-002
  0.69500000000000006        3.9696114025005144E-009   1.0000000000000000E-002
  0.70499999999999996        4.1823237330220597E-009   1.0000000000000000E-002
  0.71499999999999997        4.4205311011788041E-009   1.0000000000000000E-002
  0.72499999999999998        4.6877065121500352E-009   1.0000000000000000E-002
  0.73499999999999999        4.9877262982062813E-009   1.0000000000000000E-002
  0.74500000000000000        5.3248984671123697E-009   1.0000000000000000E-002
  0.75500000000000000        5.7039852632213972E-009   1.0000000000000000E-002
  0.76500000000000001        6.1302296505148328E-009   1.0000000000000000E-002
  0.77500000000000002        6.6094136392919048E-009   1.0000000000000000E-002
  0.78500000000000003        7.1480296053953625E-009   1.0000000000000000E-002
  0.79500000000000004        7.7534056322444022E-009   1.0000000000000000E-002
  0.80500000000000005        8.4337731207011991E-009   1.0000000000000000E-002
  0.81500000000000006        9.1983725259475477E-009   1.0000000000000000E-002
  0.82500000000000007        1.0057620584712593E-008   1.0000000000000000E-002
  0.83499999999999996        1.1023306426754284E-008   1.0000000000000000E-002
  0.84499999999999997        1.2108822708189443E-008   1.0000000000000000E-002
  0.85499999999999998        1.3329505750334000E-008   1.0000000000000000E-002
  0.86499999999999999        1.4703117969297720E-008   1.0000000000000000E-002
  0.87500000000000000        1.6250438600442261E-008   1.0000000000000000E-002
  0.88500000000000001        1.7996801320371212E-008   1.0000000000000000E-002
  0.89500000000000002        1.9974141142502774E-008   1.0000000000000000E-002
  0.90500000000000003        2.2222539953786646E-008   1.0000000000000000E-002
  0.91500000000000004        2.4793058130900178E-008   1.0000000000000000E-002
  0.92500000000000004        2.7752536636732750E-008   1.0000000000000000E-002
  0.93500000000000005        3.1192225577665705E-008   1.0000000000000000E-002
  0.94500000000000006        3.5245073355736913E-008   1.0000000000000000E-002
  0.95500000000000007        4.0120123089544717E-008   1.0000000000000000E-002
  0.96499999999999997        4.6189075557297875E-008   1.0000000000000000E-002
  0.97499999999999998        5.4257406808934224E-008   1.0000000000000000E-002
  0.98499999999999999        6.6604367344963392E-008   1.0000000000000000E-002
  0.99500000000000000        9.5000912002079853E-008   1.0000000000000000E-002
