 #  phi,DGAMMADPHI(IPHI) 
   3.4906585039886591E-002   1.2832690741437338E-010   6.9813170079773182E-002
  0.10471975511965978        2.9049169804914563E-010   6.9813170079773182E-002
  0.17453292519943295        6.4112878026004261E-010   6.9813170079773182E-002
  0.24434609527920614        1.2279432004299813E-009   6.9813170079773182E-002
  0.31415926535897931        2.1395890686539578E-009   6.9813170079773182E-002
  0.38397243543875248        3.4803951237599841E-009   6.9813170079773182E-002
  0.45378560551852570        5.4010790026161219E-009   6.9813170079773182E-002
  0.52359877559829882        8.2031398773100940E-009   6.9813170079773182E-002
  0.59341194567807209        1.2165210364060792E-008   6.9813170079773182E-002
  0.66322511575784526        1.7543818155384442E-008   6.9813170079773182E-002
  0.73303828583761843        2.4442276772946900E-008   6.9813170079773182E-002
  0.80285145591739160        3.2611298364304955E-008   6.9813170079773182E-002
  0.87266462599716477        4.1538353600516741E-008   6.9813170079773182E-002
  0.94247779607693793        4.9675351212760776E-008   6.9813170079773182E-002
   1.0122909661567112        5.4597793222287452E-008   6.9813170079773182E-002
   1.0821041362364843        5.4597793222287353E-008   6.9813170079773182E-002
   1.1519173063162575        4.9675351212760835E-008   6.9813170079773182E-002
   1.2217304763960306        4.1538353600516675E-008   6.9813170079773182E-002
   1.2915436464758039        3.2611298364305075E-008   6.9813170079773182E-002
   1.3613568165555769        2.4442276772946833E-008   6.9813170079773182E-002
   1.4311699866353502        1.7543818155384524E-008   6.9813170079773182E-002
   1.5009831567151235        1.2165210364060769E-008   6.9813170079773182E-002
   1.5707963267948966        8.2031398773100791E-009   6.9813170079773182E-002
   1.6406094968746698        5.4010790026161186E-009   6.9813170079773182E-002
   1.7104226669544429        3.4803951237599845E-009   6.9813170079773182E-002
   1.7802358370342162        2.1395890686539570E-009   6.9813170079773182E-002
   1.8500490071139892        1.2279432004299838E-009   6.9813170079773182E-002
   1.9198621771937625        6.4112878026004416E-010   6.9813170079773182E-002
   1.9896753472735358        2.9049169804914480E-010   6.9813170079773182E-002
   2.0594885173533091        1.2832690741437307E-010   6.9813170079773182E-002
   2.1293016874330819        1.2832690741437307E-010   6.9813170079773182E-002
   2.1991148575128552        2.9049169804914537E-010   6.9813170079773182E-002
   2.2689280275926285        6.4112878026004437E-010   6.9813170079773182E-002
   2.3387411976724017        1.2279432004299838E-009   6.9813170079773182E-002
   2.4085543677521746        2.1395890686539549E-009   6.9813170079773182E-002
   2.4783675378319479        3.4803951237599824E-009   6.9813170079773182E-002
   2.5481807079117211        5.4010790026161277E-009   6.9813170079773182E-002
   2.6179938779914944        8.2031398773101486E-009   6.9813170079773182E-002
   2.6878070480712677        1.2165210364060793E-008   6.9813170079773182E-002
   2.7576202181510405        1.7543818155384452E-008   6.9813170079773182E-002
   2.8274333882308138        2.4442276772946909E-008   6.9813170079773182E-002
   2.8972465583105871        3.2611298364305055E-008   6.9813170079773182E-002
   2.9670597283903604        4.1538353600516787E-008   6.9813170079773182E-002
   3.0368728984701332        4.9675351212760776E-008   6.9813170079773182E-002
   3.1066860685499065        5.4597793222287042E-008   6.9813170079773182E-002
   3.1764992386296798        5.4597793222287035E-008   6.9813170079773182E-002
   3.2463124087094530        4.9675351212760762E-008   6.9813170079773182E-002
   3.3161255787892263        4.1538353600516794E-008   6.9813170079773182E-002
   3.3859387488689991        3.2611298364305055E-008   6.9813170079773182E-002
   3.4557519189487724        2.4442276772946966E-008   6.9813170079773182E-002
   3.5255650890285457        1.7543818155384475E-008   6.9813170079773182E-002
   3.5953782591083190        1.2165210364060772E-008   6.9813170079773182E-002
   3.6651914291880923        8.2031398773101354E-009   6.9813170079773182E-002
   3.7350045992678651        5.4010790026161351E-009   6.9813170079773182E-002
   3.8048177693476384        3.4803951237599874E-009   6.9813170079773182E-002
   3.8746309394274117        2.1395890686539578E-009   6.9813170079773182E-002
   3.9444441095071849        1.2279432004299809E-009   6.9813170079773182E-002
   4.0142572795869578        6.4112878026004613E-010   6.9813170079773182E-002
   4.0840704496667311        2.9049169804914635E-010   6.9813170079773182E-002
   4.1538836197465043        1.2832690741437371E-010   6.9813170079773182E-002
   4.2236967898262776        1.2832690741437369E-010   6.9813170079773182E-002
   4.2935099599060509        2.9049169804914599E-010   6.9813170079773182E-002
   4.3633231299858242        6.4112878026004458E-010   6.9813170079773182E-002
   4.4331363000655974        1.2279432004299850E-009   6.9813170079773182E-002
   4.5029494701453698        2.1395890686539516E-009   6.9813170079773182E-002
   4.5727626402251431        3.4803951237599737E-009   6.9813170079773182E-002
   4.6425758103049164        5.4010790026161210E-009   6.9813170079773182E-002
   4.7123889803846897        8.2031398773101089E-009   6.9813170079773182E-002
   4.7822021504644630        1.2165210364060774E-008   6.9813170079773182E-002
   4.8520153205442362        1.7543818155384478E-008   6.9813170079773182E-002
   4.9218284906240095        2.4442276772946913E-008   6.9813170079773182E-002
   4.9916416607037828        3.2611298364305015E-008   6.9813170079773182E-002
   5.0614548307835561        4.1538353600516774E-008   6.9813170079773182E-002
   5.1312680008633285        4.9675351212760570E-008   6.9813170079773182E-002
   5.2010811709431017        5.4597793222287049E-008   6.9813170079773182E-002
   5.2708943410228750        5.4597793222287055E-008   6.9813170079773182E-002
   5.3407075111026483        4.9675351212760762E-008   6.9813170079773182E-002
   5.4105206811824216        4.1538353600516754E-008   6.9813170079773182E-002
   5.4803338512621949        3.2611298364305048E-008   6.9813170079773182E-002
   5.5501470213419681        2.4442276772946896E-008   6.9813170079773182E-002
   5.6199601914217414        1.7543818155384455E-008   6.9813170079773182E-002
   5.6897733615015147        1.2165210364060755E-008   6.9813170079773182E-002
   5.7595865315812871        8.2031398773101618E-009   6.9813170079773182E-002
   5.8293997016610604        5.4010790026161343E-009   6.9813170079773182E-002
   5.8992128717408336        3.4803951237599932E-009   6.9813170079773182E-002
   5.9690260418206069        2.1395890686539644E-009   6.9813170079773182E-002
   6.0388392119003802        1.2279432004299832E-009   6.9813170079773182E-002
   6.1086523819801535        6.4112878026004334E-010   6.9813170079773182E-002
   6.1784655520599268        2.9049169804914578E-010   6.9813170079773182E-002
   6.2482787221397000        1.2832690741437304E-010   6.9813170079773182E-002
