 #  phi,DGAMMADPHI(IPHI) 
   3.4906585039886591E-002   1.3075440812934449E-009   6.9813170079773182E-002
  0.10471975511965978        8.9110517661485110E-010   6.9813170079773182E-002
  0.17453292519943295        6.2473899382255113E-010   6.9813170079773182E-002
  0.24434609527920614        4.7300703306543830E-010   6.9813170079773182E-002
  0.31415926535897931        3.9168618487499174E-010   6.9813170079773182E-002
  0.38397243543875248        3.5456770812360228E-010   6.9813170079773182E-002
  0.45378560551852570        3.4608104181446709E-010   6.9813170079773182E-002
  0.52359877559829882        3.5306473454715384E-010   6.9813170079773182E-002
  0.59341194567807209        3.6793052404640494E-010   6.9813170079773182E-002
  0.66322511575784526        3.8187110004154642E-010   6.9813170079773182E-002
  0.73303828583761843        3.8602477931652048E-010   6.9813170079773182E-002
  0.80285145591739160        3.8077865070524166E-010   6.9813170079773182E-002
  0.87266462599716477        3.7612516834386971E-010   6.9813170079773182E-002
  0.94247779607693793        3.7661814336243612E-010   6.9813170079773182E-002
   1.0122909661567112        3.7988467079192685E-010   6.9813170079773182E-002
   1.0821041362364843        3.7988403356781356E-010   6.9813170079773182E-002
   1.1519173063162575        3.7661397239630414E-010   6.9813170079773182E-002
   1.2217304763960306        3.7611303108638697E-010   6.9813170079773182E-002
   1.2915436464758039        3.8075427092812932E-010   6.9813170079773182E-002
   1.3613568165555769        3.8598648469524840E-010   6.9813170079773182E-002
   1.4311699866353502        3.8182172435025037E-010   6.9813170079773182E-002
   1.5009831567151235        3.6787461948855671E-010   6.9813170079773182E-002
   1.5707963267948966        3.5300502825440126E-010   6.9813170079773182E-002
   1.6406094968746698        3.4601875057876202E-010   6.9813170079773182E-002
   1.7104226669544429        3.5450257943392901E-010   6.9813170079773182E-002
   1.7802358370342162        3.9161552865935972E-010   6.9813170079773182E-002
   1.8500490071139892        4.7292594439420918E-010   6.9813170079773182E-002
   1.9198621771937625        6.2464240861356155E-010   6.9813170079773182E-002
   1.9896753472735358        8.9098980521212251E-010   6.9813170079773182E-002
   2.0594885173533091        1.3074173102734839E-009   6.9813170079773182E-002
   2.1293016874330819        1.3074460445749629E-009   6.9813170079773182E-002
   2.1991148575128552        8.9105491340942103E-010   6.9813170079773182E-002
   2.2689280275926285        6.2472029783588664E-010   6.9813170079773182E-002
   2.3387411976724017        4.7300130240246908E-010   6.9813170079773182E-002
   2.4085543677521746        3.9167828917178455E-010   6.9813170079773182E-002
   2.4783675378319479        3.5454170220596902E-010   6.9813170079773182E-002
   2.5481807079117211        3.4602905545792561E-010   6.9813170079773182E-002
   2.6179938779914944        3.5301296259081514E-010   6.9813170079773182E-002
   2.6878070480712677        3.6792587059940061E-010   6.9813170079773182E-002
   2.7576202181510405        3.8191005737944011E-010   6.9813170079773182E-002
   2.8274333882308138        3.8603941371161907E-010   6.9813170079773182E-002
   2.8972465583105871        3.8075451995868070E-010   6.9813170079773182E-002
   2.9670597283903604        3.7613311938829370E-010   6.9813170079773182E-002
   3.0368728984701332        3.7667754139497676E-010   6.9813170079773182E-002
   3.1066860685499065        3.7995817120024829E-010   6.9813170079773182E-002
   3.1764992386296798        3.7995817120024813E-010   6.9813170079773182E-002
   3.2463124087094530        3.7667754139497655E-010   6.9813170079773182E-002
   3.3161255787892263        3.7613311938829411E-010   6.9813170079773182E-002
   3.3859387488689991        3.8075451995868086E-010   6.9813170079773182E-002
   3.4557519189487724        3.8603941371161948E-010   6.9813170079773182E-002
   3.5255650890285457        3.8191005737944078E-010   6.9813170079773182E-002
   3.5953782591083190        3.6792587059940066E-010   6.9813170079773182E-002
   3.6651914291880923        3.5301296259081421E-010   6.9813170079773182E-002
   3.7350045992678651        3.4602905545792535E-010   6.9813170079773182E-002
   3.8048177693476384        3.5454170220596886E-010   6.9813170079773182E-002
   3.8746309394274117        3.9167828917178502E-010   6.9813170079773182E-002
   3.9444441095071849        4.7300130240246784E-010   6.9813170079773182E-002
   4.0142572795869578        6.2472029783589418E-010   6.9813170079773182E-002
   4.0840704496667311        8.9105491340941379E-010   6.9813170079773182E-002
   4.1538836197465043        1.3074460445748798E-009   6.9813170079773182E-002
   4.2236967898262776        1.3074173102735017E-009   6.9813170079773182E-002
   4.2935099599060509        8.9098980521213430E-010   6.9813170079773182E-002
   4.3633231299858242        6.2464240861357013E-010   6.9813170079773182E-002
   4.4331363000655974        4.7292594439421032E-010   6.9813170079773182E-002
   4.5029494701453698        3.9161552865935962E-010   6.9813170079773182E-002
   4.5727626402251431        3.5450257943392844E-010   6.9813170079773182E-002
   4.6425758103049164        3.4601875057876227E-010   6.9813170079773182E-002
   4.7123889803846897        3.5300502825440178E-010   6.9813170079773182E-002
   4.7822021504644630        3.6787461948855572E-010   6.9813170079773182E-002
   4.8520153205442362        3.8182172435024969E-010   6.9813170079773182E-002
   4.9218284906240095        3.8598648469524886E-010   6.9813170079773182E-002
   4.9916416607037828        3.8075427092812746E-010   6.9813170079773182E-002
   5.0614548307835561        3.7611303108638713E-010   6.9813170079773182E-002
   5.1312680008633285        3.7661397239630280E-010   6.9813170079773182E-002
   5.2010811709431017        3.7988403356781258E-010   6.9813170079773182E-002
   5.2708943410228750        3.7988467079192499E-010   6.9813170079773182E-002
   5.3407075111026483        3.7661814336243555E-010   6.9813170079773182E-002
   5.4105206811824216        3.7612516834386997E-010   6.9813170079773182E-002
   5.4803338512621949        3.8077865070524291E-010   6.9813170079773182E-002
   5.5501470213419681        3.8602477931652038E-010   6.9813170079773182E-002
   5.6199601914217414        3.8187110004154503E-010   6.9813170079773182E-002
   5.6897733615015147        3.6793052404640401E-010   6.9813170079773182E-002
   5.7595865315812871        3.5306473454715560E-010   6.9813170079773182E-002
   5.8293997016610604        3.4608104181446719E-010   6.9813170079773182E-002
   5.8992128717408336        3.5456770812360223E-010   6.9813170079773182E-002
   5.9690260418206069        3.9168618487499205E-010   6.9813170079773182E-002
   6.0388392119003802        4.7300703306543830E-010   6.9813170079773182E-002
   6.1086523819801535        6.2473899382255113E-010   6.9813170079773182E-002
   6.1784655520599268        8.9110517661485151E-010   6.9813170079773182E-002
   6.2482787221397000        1.3075440812934452E-009   6.9813170079773182E-002
