 #  phi,DGAMMADPHI(IPHI) 
   3.4906585039886591E-002   1.1433394982346358E-009   6.9813170079773182E-002
  0.10471975511965978        8.7516748650498321E-010   6.9813170079773182E-002
  0.17453292519943295        8.1842127897557741E-010   6.9813170079773182E-002
  0.24434609527920614        9.6235956767398251E-010   6.9813170079773182E-002
  0.31415926535897931        1.3099092413486746E-009   6.9813170079773182E-002
  0.38397243543875248        1.8886603930658116E-009   6.9813170079773182E-002
  0.45378560551852570        2.7612228201677728E-009   6.9813170079773182E-002
  0.52359877559829882        4.0795358146314363E-009   6.9813170079773182E-002
  0.59341194567807209        5.9860878845069126E-009   6.9813170079773182E-002
  0.66322511575784526        8.6133167811547420E-009   6.9813170079773182E-002
  0.73303828583761843        1.2020605641743458E-008   6.9813170079773182E-002
  0.80285145591739160        1.6112705401584814E-008   6.9813170079773182E-002
  0.87266462599716477        2.0680359742926287E-008   6.9813170079773182E-002
  0.94247779607693793        2.4924280349881853E-008   6.9813170079773182E-002
   1.0122909661567112        2.7518805400288690E-008   6.9813170079773182E-002
   1.0821041362364843        2.7518805400288663E-008   6.9813170079773182E-002
   1.1519173063162575        2.4924280349881890E-008   6.9813170079773182E-002
   1.2217304763960306        2.0680359742926258E-008   6.9813170079773182E-002
   1.2915436464758039        1.6112705401584883E-008   6.9813170079773182E-002
   1.3613568165555769        1.2020605641743424E-008   6.9813170079773182E-002
   1.4311699866353502        8.6133167811547800E-009   6.9813170079773182E-002
   1.5009831567151235        5.9860878845068986E-009   6.9813170079773182E-002
   1.5707963267948966        4.0795358146314280E-009   6.9813170079773182E-002
   1.6406094968746698        2.7612228201677719E-009   6.9813170079773182E-002
   1.7104226669544429        1.8886603930658116E-009   6.9813170079773182E-002
   1.7802358370342162        1.3099092413486744E-009   6.9813170079773182E-002
   1.8500490071139892        9.6235956767398251E-010   6.9813170079773182E-002
   1.9198621771937625        8.1842127897557659E-010   6.9813170079773182E-002
   1.9896753472735358        8.7516748650498931E-010   6.9813170079773182E-002
   2.0594885173533091        1.1433394982345858E-009   6.9813170079773182E-002
   2.1293016874330819        1.1433394982346363E-009   6.9813170079773182E-002
   2.1991148575128552        8.7516748650498487E-010   6.9813170079773182E-002
   2.2689280275926285        8.1842127897557379E-010   6.9813170079773182E-002
   2.3387411976724017        9.6235956767398396E-010   6.9813170079773182E-002
   2.4085543677521746        1.3099092413486729E-009   6.9813170079773182E-002
   2.4783675378319479        1.8886603930658108E-009   6.9813170079773182E-002
   2.5481807079117211        2.7612228201677744E-009   6.9813170079773182E-002
   2.6179938779914944        4.0795358146314619E-009   6.9813170079773182E-002
   2.6878070480712677        5.9860878845069093E-009   6.9813170079773182E-002
   2.7576202181510405        8.6133167811547453E-009   6.9813170079773182E-002
   2.8274333882308138        1.2020605641743455E-008   6.9813170079773182E-002
   2.8972465583105871        1.6112705401584877E-008   6.9813170079773182E-002
   2.9670597283903604        2.0680359742926311E-008   6.9813170079773182E-002
   3.0368728984701332        2.4924280349881857E-008   6.9813170079773182E-002
   3.1066860685499065        2.7518805400288468E-008   6.9813170079773182E-002
   3.1764992386296798        2.7518805400288468E-008   6.9813170079773182E-002
   3.2463124087094530        2.4924280349881857E-008   6.9813170079773182E-002
   3.3161255787892263        2.0680359742926307E-008   6.9813170079773182E-002
   3.3859387488689991        1.6112705401584877E-008   6.9813170079773182E-002
   3.4557519189487724        1.2020605641743487E-008   6.9813170079773182E-002
   3.5255650890285457        8.6133167811547536E-009   6.9813170079773182E-002
   3.5953782591083190        5.9860878845068961E-009   6.9813170079773182E-002
   3.6651914291880923        4.0795358146314536E-009   6.9813170079773182E-002
   3.7350045992678651        2.7612228201677798E-009   6.9813170079773182E-002
   3.8048177693476384        1.8886603930658116E-009   6.9813170079773182E-002
   3.8746309394274117        1.3099092413486748E-009   6.9813170079773182E-002
   3.9444441095071849        9.6235956767398106E-010   6.9813170079773182E-002
   4.0142572795869578        8.1842127897558124E-010   6.9813170079773182E-002
   4.0840704496667311        8.7516748650497929E-010   6.9813170079773182E-002
   4.1538836197465043        1.1433394982345688E-009   6.9813170079773182E-002
   4.2236967898262776        1.1433394982346001E-009   6.9813170079773182E-002
   4.2935099599060509        8.7516748650499924E-010   6.9813170079773182E-002
   4.3633231299858242        8.1842127897558444E-010   6.9813170079773182E-002
   4.4331363000655974        9.6235956767398417E-010   6.9813170079773182E-002
   4.5029494701453698        1.3099092413486711E-009   6.9813170079773182E-002
   4.5727626402251431        1.8886603930658038E-009   6.9813170079773182E-002
   4.6425758103049164        2.7612228201677723E-009   6.9813170079773182E-002
   4.7123889803846897        4.0795358146314437E-009   6.9813170079773182E-002
   4.7822021504644630        5.9860878845069002E-009   6.9813170079773182E-002
   4.8520153205442362        8.6133167811547569E-009   6.9813170079773182E-002
   4.9218284906240095        1.2020605641743460E-008   6.9813170079773182E-002
   4.9916416607037828        1.6112705401584854E-008   6.9813170079773182E-002
   5.0614548307835561        2.0680359742926307E-008   6.9813170079773182E-002
   5.1312680008633285        2.4924280349881744E-008   6.9813170079773182E-002
   5.2010811709431017        2.7518805400288478E-008   6.9813170079773182E-002
   5.2708943410228750        2.7518805400288478E-008   6.9813170079773182E-002
   5.3407075111026483        2.4924280349881850E-008   6.9813170079773182E-002
   5.4105206811824216        2.0680359742926297E-008   6.9813170079773182E-002
   5.4803338512621949        1.6112705401584867E-008   6.9813170079773182E-002
   5.5501470213419681        1.2020605641743458E-008   6.9813170079773182E-002
   5.6199601914217414        8.6133167811547469E-009   6.9813170079773182E-002
   5.6897733615015147        5.9860878845068928E-009   6.9813170079773182E-002
   5.7595865315812871        4.0795358146314685E-009   6.9813170079773182E-002
   5.8293997016610604        2.7612228201677790E-009   6.9813170079773182E-002
   5.8992128717408336        1.8886603930658153E-009   6.9813170079773182E-002
   5.9690260418206069        1.3099092413486781E-009   6.9813170079773182E-002
   6.0388392119003802        9.6235956767398313E-010   6.9813170079773182E-002
   6.1086523819801535        8.1842127897557762E-010   6.9813170079773182E-002
   6.1784655520599268        8.7516748650498311E-010   6.9813170079773182E-002
   6.2482787221397000        1.1433394982346356E-009   6.9813170079773182E-002
