 #  r,DGAMMADR(IR) 
   5.0000000000000001E-003   3.6984846238141858E-011   1.0000000000000000E-002
   1.4999999999999999E-002   1.1115339832725034E-010   1.0000000000000000E-002
   2.5000000000000001E-002   1.8591914092183883E-010   1.0000000000000000E-002
   3.5000000000000003E-002   2.6168224024627304E-010   1.0000000000000000E-002
   4.4999999999999998E-002   3.3884592251517469E-010   1.0000000000000000E-002
   5.5000000000000000E-002   4.1781770025408207E-010   1.0000000000000000E-002
   6.5000000000000002E-002   4.9901060095861786E-010   1.0000000000000000E-002
   7.4999999999999997E-002   5.8284447950376538E-010   1.0000000000000000E-002
   8.5000000000000006E-002   6.6975065301639598E-010   1.0000000000000000E-002
   9.5000000000000001E-002   7.6017923441111405E-010   1.0000000000000000E-002
  0.10500000000000000        8.5460074947179406E-010   1.0000000000000000E-002
  0.11500000000000000        9.5350800262748021E-010   1.0000000000000000E-002
  0.12500000000000000        1.0574183863342864E-009   1.0000000000000000E-002
  0.13500000000000001        1.1668763483229582E-009   1.0000000000000000E-002
  0.14499999999999999        1.2824559728868438E-009   1.0000000000000000E-002
  0.15500000000000000        1.4047636701735618E-009   1.0000000000000000E-002
  0.16500000000000001        1.5344409781962234E-009   1.0000000000000000E-002
  0.17500000000000002        1.6721675147600734E-009   1.0000000000000000E-002
  0.18500000000000000        1.8186640124710655E-009   1.0000000000000000E-002
  0.19500000000000001        1.9746952473498928E-009   1.0000000000000000E-002
  0.20500000000000002        2.1410729349352986E-009   1.0000000000000000E-002
  0.21500000000000000        2.3186588707962222E-009   1.0000000000000000E-002
  0.22500000000000001        2.5083683275766076E-009   1.0000000000000000E-002
  0.23500000000000001        2.7111736024607694E-009   1.0000000000000000E-002
  0.24500000000000000        2.9281077762529708E-009   1.0000000000000000E-002
  0.25500000000000000        3.1602687249485009E-009   1.0000000000000000E-002
  0.26500000000000001        3.4088233046887133E-009   1.0000000000000000E-002
  0.27500000000000002        3.6750117938344768E-009   1.0000000000000000E-002
  0.28500000000000003        3.9601525437451408E-009   1.0000000000000000E-002
  0.29499999999999998        4.2656493080227989E-009   1.0000000000000000E-002
  0.30499999999999999        4.5930388237186928E-009   1.0000000000000000E-002
  0.31500000000000000        4.9440335361791506E-009   1.0000000000000000E-002
  0.32500000000000001        5.3205183660339942E-009   1.0000000000000000E-002
  0.33500000000000002        5.7245575740134382E-009   1.0000000000000000E-002
  0.34500000000000003        6.1584098360267336E-009   1.0000000000000000E-002
  0.35499999999999998        6.6245382020700209E-009   1.0000000000000000E-002
  0.36499999999999999        7.1256315633939595E-009   1.0000000000000000E-002
  0.37500000000000000        7.6646172930684464E-009   1.0000000000000000E-002
  0.38500000000000001        8.2446798965261931E-009   1.0000000000000000E-002
  0.39500000000000002        8.8692839546846053E-009   1.0000000000000000E-002
  0.40500000000000003        9.5421899573679149E-009   1.0000000000000000E-002
  0.41500000000000004        1.0267475262562928E-008   1.0000000000000000E-002
  0.42499999999999999        1.1049558137210031E-008   1.0000000000000000E-002
  0.43500000000000000        1.1893220677642976E-008   1.0000000000000000E-002
  0.44500000000000001        1.2803630724765658E-008   1.0000000000000000E-002
  0.45500000000000002        1.3786364426179400E-008   1.0000000000000000E-002
  0.46500000000000002        1.4847436804099379E-008   1.0000000000000000E-002
  0.47500000000000003        1.5993340062142416E-008   1.0000000000000000E-002
  0.48499999999999999        1.7231107037446375E-008   1.0000000000000000E-002
  0.49500000000000000        1.8568827797559880E-008   1.0000000000000000E-002
  0.50500000000000000        2.0015950277874564E-008   1.0000000000000000E-002
  0.51500000000000001        2.1583197067653556E-008   1.0000000000000000E-002
  0.52500000000000002        2.3282548963050566E-008   1.0000000000000000E-002
  0.53500000000000003        2.5127399218689920E-008   1.0000000000000000E-002
  0.54500000000000004        2.7132523753162465E-008   1.0000000000000000E-002
  0.55500000000000005        2.9314275042298812E-008   1.0000000000000000E-002
  0.56500000000000006        3.1690684253511992E-008   1.0000000000000000E-002
  0.57500000000000007        3.4281495998369965E-008   1.0000000000000000E-002
  0.58499999999999996        3.7108325178113848E-008   1.0000000000000000E-002
  0.59499999999999997        4.0194874911336277E-008   1.0000000000000000E-002
  0.60499999999999998        4.3566966201134258E-008   1.0000000000000000E-002
  0.61499999999999999        4.7252670761866041E-008   1.0000000000000000E-002
  0.62500000000000000        5.1282470436659282E-008   1.0000000000000000E-002
  0.63500000000000001        5.5689438216617536E-008   1.0000000000000000E-002
  0.64500000000000002        6.0509636663307604E-008   1.0000000000000000E-002
  0.65500000000000003        6.5784818001261673E-008   1.0000000000000000E-002
  0.66500000000000004        7.1564066665637314E-008   1.0000000000000000E-002
  0.67500000000000004        7.7903255554580546E-008   1.0000000000000000E-002
  0.68500000000000005        8.4865529483903159E-008   1.0000000000000000E-002
  0.69500000000000006        9.2521275644970184E-008   1.0000000000000000E-002
  0.70499999999999996        1.0094932048913421E-007   1.0000000000000000E-002
  0.71499999999999997        1.1023731192736733E-007   1.0000000000000000E-002
  0.72499999999999998        1.2048175556915547E-007   1.0000000000000000E-002
  0.73499999999999999        1.3178962178477724E-007   1.0000000000000000E-002
  0.74500000000000000        1.4427910005256552E-007   1.0000000000000000E-002
  0.75500000000000000        1.5807994727097703E-007   1.0000000000000000E-002
  0.76500000000000001        1.7333425410996108E-007   1.0000000000000000E-002
  0.77500000000000002        1.9019948246778845E-007   1.0000000000000000E-002
  0.78500000000000003        2.0887957102228121E-007   1.0000000000000000E-002
  0.79500000000000004        2.2964865691713039E-007   1.0000000000000000E-002
  0.80500000000000005        2.5284285947958267E-007   1.0000000000000000E-002
  0.81500000000000006        2.7886679961045367E-007   1.0000000000000000E-002
  0.82500000000000007        3.0819896876887116E-007   1.0000000000000000E-002
  0.83499999999999996        3.4139522247274270E-007   1.0000000000000000E-002
  0.84499999999999997        3.7910742641513544E-007   1.0000000000000000E-002
  0.85499999999999998        4.2209678280348484E-007   1.0000000000000000E-002
  0.86499999999999999        4.7123557311562244E-007   1.0000000000000000E-002
  0.87500000000000000        5.2752755112404493E-007   1.0000000000000000E-002
  0.88500000000000001        5.9223902573030167E-007   1.0000000000000000E-002
  0.89500000000000002        6.6705190597810903E-007   1.0000000000000000E-002
  0.90500000000000003        7.5407313980970514E-007   1.0000000000000000E-002
  0.91500000000000004        8.5586625041467049E-007   1.0000000000000000E-002
  0.92500000000000004        9.7555287422688854E-007   1.0000000000000000E-002
  0.93500000000000005        1.1168811340774110E-006   1.0000000000000000E-002
  0.94500000000000006        1.2843277417421873E-006   1.0000000000000000E-002
  0.95500000000000007        1.4843642469492372E-006   1.0000000000000000E-002
  0.96499999999999997        1.7288089777219128E-006   1.0000000000000000E-002
  0.97499999999999998        2.0357732328224452E-006   1.0000000000000000E-002
  0.98499999999999999        2.4305018474675443E-006   1.0000000000000000E-002
  0.99500000000000000        2.9448171034730349E-006   1.0000000000000000E-002
