 #  r,DGAMMADR(IR) 
   5.0000000000000001E-003   3.3439956533054222E-011   1.0000000000000000E-002
   1.4999999999999999E-002   1.0038121053330133E-010   1.0000000000000000E-002
   2.5000000000000001E-002   1.6750653134547425E-010   1.0000000000000000E-002
   3.5000000000000003E-002   2.3493878175977078E-010   1.0000000000000000E-002
   4.4999999999999998E-002   3.0280106909600925E-010   1.0000000000000000E-002
   5.5000000000000000E-002   3.7121687755427937E-010   1.0000000000000000E-002
   6.5000000000000002E-002   4.4031023563505831E-010   1.0000000000000000E-002
   7.4999999999999997E-002   5.1020597962040363E-010   1.0000000000000000E-002
   8.5000000000000006E-002   5.8103212194706678E-010   1.0000000000000000E-002
   9.5000000000000001E-002   6.5292383701909067E-010   1.0000000000000000E-002
  0.10500000000000000        7.2602382045895051E-010   1.0000000000000000E-002
  0.11500000000000000        8.0048280403122126E-010   1.0000000000000000E-002
  0.12500000000000000        8.7646036126973790E-010   1.0000000000000000E-002
  0.13500000000000001        9.5412584354868297E-010   1.0000000000000000E-002
  0.14499999999999999        1.0336594406921170E-009   1.0000000000000000E-002
  0.15500000000000000        1.1152533859903802E-009   1.0000000000000000E-002
  0.16500000000000001        1.1991133354191790E-009   1.0000000000000000E-002
  0.17500000000000002        1.2854599731977296E-009   1.0000000000000000E-002
  0.18500000000000000        1.3745307857841499E-009   1.0000000000000000E-002
  0.19500000000000001        1.4665812794501249E-009   1.0000000000000000E-002
  0.20500000000000002        1.5618863559978200E-009   1.0000000000000000E-002
  0.21500000000000000        1.6607424524068854E-009   1.0000000000000000E-002
  0.22500000000000001        1.7634696647140345E-009   1.0000000000000000E-002
  0.23500000000000001        1.8704139564221053E-009   1.0000000000000000E-002
  0.24500000000000000        1.9819494088263439E-009   1.0000000000000000E-002
  0.25500000000000000        2.0984807731763234E-009   1.0000000000000000E-002
  0.26500000000000001        2.2204459532564550E-009   1.0000000000000000E-002
  0.27500000000000002        2.3483188243892297E-009   1.0000000000000000E-002
  0.28500000000000003        2.4826121042226113E-009   1.0000000000000000E-002
  0.29499999999999998        2.6238802096558016E-009   1.0000000000000000E-002
  0.30499999999999999        2.7727203273278711E-009   1.0000000000000000E-002
  0.31500000000000000        2.9297751557233180E-009   1.0000000000000000E-002
  0.32500000000000001        3.0957394811797453E-009   1.0000000000000000E-002
  0.33500000000000002        3.2713665947553091E-009   1.0000000000000000E-002
  0.34500000000000003        3.4574743604853863E-009   1.0000000000000000E-002
  0.35499999999999998        3.6549527884468785E-009   1.0000000000000000E-002
  0.36499999999999999        3.8647714906370650E-009   1.0000000000000000E-002
  0.37500000000000000        4.0879887565487613E-009   1.0000000000000000E-002
  0.38500000000000001        4.3257605567886679E-009   1.0000000000000000E-002
  0.39500000000000002        4.5793496385202731E-009   1.0000000000000000E-002
  0.40500000000000003        4.8501362059119624E-009   1.0000000000000000E-002
  0.41500000000000004        5.1396288476130752E-009   1.0000000000000000E-002
  0.42499999999999999        5.4494758236662957E-009   1.0000000000000000E-002
  0.43500000000000000        5.7814770849721918E-009   1.0000000000000000E-002
  0.44500000000000001        6.1375972054177591E-009   1.0000000000000000E-002
  0.45500000000000002        6.5199788345816500E-009   1.0000000000000000E-002
  0.46500000000000002        6.9309746325820102E-009   1.0000000000000000E-002
  0.47500000000000003        7.3732393117078121E-009   1.0000000000000000E-002
  0.48499999999999999        7.8497564953751795E-009   1.0000000000000000E-002
  0.49500000000000000        8.3640064217878828E-009   1.0000000000000000E-002
  0.50500000000000000        8.9200968135018798E-009   1.0000000000000000E-002
  0.51500000000000001        9.5227529847437183E-009   1.0000000000000000E-002
  0.52500000000000002        1.0177349694376277E-008   1.0000000000000000E-002
  0.53500000000000003        1.0889979917466530E-008   1.0000000000000000E-002
  0.54500000000000004        1.1667468629801688E-008   1.0000000000000000E-002
  0.55500000000000005        1.2517485089658609E-008   1.0000000000000000E-002
  0.56500000000000006        1.3448596844556678E-008   1.0000000000000000E-002
  0.57500000000000007        1.4470299706627491E-008   1.0000000000000000E-002
  0.58499999999999996        1.5593112991741269E-008   1.0000000000000000E-002
  0.59499999999999997        1.6828699805078216E-008   1.0000000000000000E-002
  0.60499999999999998        1.8189892104345120E-008   1.0000000000000000E-002
  0.61499999999999999        1.9690765739339159E-008   1.0000000000000000E-002
  0.62500000000000000        2.1346723546240354E-008   1.0000000000000000E-002
  0.63500000000000001        2.3174592924803883E-008   1.0000000000000000E-002
  0.64500000000000002        2.5192803682425295E-008   1.0000000000000000E-002
  0.65500000000000003        2.7422478286920396E-008   1.0000000000000000E-002
  0.66500000000000004        2.9888167523554274E-008   1.0000000000000000E-002
  0.67500000000000004        3.2617745300968021E-008   1.0000000000000000E-002
  0.68500000000000005        3.5642697772178591E-008   1.0000000000000000E-002
  0.69500000000000006        3.8998200475237080E-008   1.0000000000000000E-002
  0.70499999999999996        4.2723684715990073E-008   1.0000000000000000E-002
  0.71499999999999997        4.6863070722558203E-008   1.0000000000000000E-002
  0.72499999999999998        5.1464835805359371E-008   1.0000000000000000E-002
  0.73499999999999999        5.6582748350411459E-008   1.0000000000000000E-002
  0.74500000000000000        6.2276230657887349E-008   1.0000000000000000E-002
  0.75500000000000000        6.8610531196241822E-008   1.0000000000000000E-002
  0.76500000000000001        7.5657069150887775E-008   1.0000000000000000E-002
  0.77500000000000002        8.3495065427287906E-008   1.0000000000000000E-002
  0.78500000000000003        9.2226948270048390E-008   1.0000000000000000E-002
  0.79500000000000004        1.0199047289616859E-007   1.0000000000000000E-002
  0.80500000000000005        1.1295556768914235E-007   1.0000000000000000E-002
  0.81500000000000006        1.2532815147408136E-007   1.0000000000000000E-002
  0.82500000000000007        1.3935358330553891E-007   1.0000000000000000E-002
  0.83499999999999996        1.5531911930057319E-007   1.0000000000000000E-002
  0.84499999999999997        1.7356397498500613E-007   1.0000000000000000E-002
  0.85499999999999998        1.9448698077952198E-007   1.0000000000000000E-002
  0.86499999999999999        2.1854866452431279E-007   1.0000000000000000E-002
  0.87500000000000000        2.4628261848884296E-007   1.0000000000000000E-002
  0.88500000000000001        2.7836390881389247E-007   1.0000000000000000E-002
  0.89500000000000002        3.1569106024887228E-007   1.0000000000000000E-002
  0.90500000000000003        3.5939684828267803E-007   1.0000000000000000E-002
  0.91500000000000004        4.1087146341827851E-007   1.0000000000000000E-002
  0.92500000000000004        4.7182221901820650E-007   1.0000000000000000E-002
  0.93500000000000005        5.4432031137420318E-007   1.0000000000000000E-002
  0.94500000000000006        6.3087281605312446E-007   1.0000000000000000E-002
  0.95500000000000007        7.3517497843036044E-007   1.0000000000000000E-002
  0.96499999999999997        8.6413495575025803E-007   1.0000000000000000E-002
  0.97499999999999998        1.0287194232910967E-006   1.0000000000000000E-002
  0.98499999999999999        1.2454057539653497E-006   1.0000000000000000E-002
  0.99500000000000000        1.5426455113676679E-006   1.0000000000000000E-002
