 #   q  dGamma/dq   dGamma/dE1 
   2.7679981925370382E-006   4.3158744780099742E-011   4.0014385875856132E-008
   2.4911983732833341E-005   3.8758544396698850E-010   1.1978255000835277E-007
   6.9199954813425955E-005   1.0719489618381698E-009   1.9877028220706643E-007
   1.3563191143431489E-004   2.0873065427225639E-009   2.7646206337377578E-007
   2.2420785359550006E-004   3.4203406250998109E-009   3.5234993844481034E-007
   3.3492778129698159E-004   5.0534855528439784E-009   4.2593731996075107E-007
   4.6779169453875936E-004   6.9651124146114020E-009   4.9674342627792562E-007
   6.2279959332083360E-004   9.1297773289085594E-009   5.6430809076424348E-007
   7.9995147764320388E-004   1.1518554784255495E-008   6.2819781499504686E-007
   9.9924734750587085E-004   1.4099479744484007E-008   6.8801330629784030E-007
   1.2206872029088339E-003   1.6838113037225872E-008   7.4339815104820731E-007
   1.4642710438520930E-003   1.9698245619805656E-008   7.9404856100261311E-007
   1.7299988703356488E-003   2.2642755753506115E-008   8.3972411211673924E-007
   2.0178706823595007E-003   2.5634627418984524E-008   8.8025924736382716E-007
   2.3278864799236489E-003   2.8638138472493962E-008   9.1557544646357716E-007
   2.6600462630280929E-003   3.1620215452779828E-008   9.4569366891696093E-007
   3.0143500316728348E-003   3.4551953034263335E-008   9.7074689808512570E-007
   3.3907977858578715E-003   3.7410172900874177E-008   9.9098942868786561E-007
   3.7893895255832052E-003   4.0175109934337870E-008   1.0067061005599457E-006
   4.2101252508488342E-003   4.2827856270068109E-008   1.0181437042855022E-006
   4.6530049616547598E-003   4.5352867465781376E-008   1.0255769341870274E-006
   5.1180286580009837E-003   4.7738135261761074E-008   1.0293056240536785E-006
   5.6051963398875025E-003   4.9975063086929257E-008   1.0296465956188903E-006
   6.1145080073143170E-003   5.2058225987916699E-008   1.0269253083508802E-006
   6.6459636602814297E-003   5.3985019167234724E-008   1.0214674465303620E-006
   7.1995632987888348E-003   5.5755200189892369E-008   1.0135905528060763E-006
   7.7753069228365399E-003   5.7370331311374923E-008   1.0035958088337009E-006
   8.3731945324245390E-003   5.8833131078709902E-008   9.9176007983094155E-007
   8.9932261275528381E-003   6.0146739485203827E-008   9.7832822785392253E-007
   9.6354017082214312E-003   6.1313903674650527E-008   9.6350573996469168E-007
   1.0299721274430318E-002   6.2336090779446367E-008   9.4745169909715515E-007
   1.0986184826179505E-002   6.3212534757796427E-008   9.3027212249824405E-007
   1.1694792363468985E-002   6.3939225780304694E-008   9.1201371053358553E-007
   1.2425543886298764E-002   6.4507854474603437E-008   8.9265809043673109E-007
   1.3178439394668836E-002   6.4905038442730136E-008   8.7212085400895412E-007
   1.3953478888579209E-002   6.5123833190103374E-008   8.5041117236506063E-007
   1.4750662368029877E-002   6.5171533843594479E-008   8.2771806340742668E-007
   1.5569989833020839E-002   6.5057579627986555E-008   8.0423688830537395E-007
   1.6411461283552097E-002   6.4792378010283069E-008   7.8015436940923934E-007
   1.7275076719623653E-002   6.4387060377570494E-008   7.5564681640611716E-007
   1.8160836141235506E-002   6.3853235258634048E-008   7.3087858715258007E-007
   1.9068739548387656E-002   6.3202730816634272E-008   7.0600065119092475E-007
   1.9998786941080097E-002   6.2447343796827865E-008   6.8114942647203554E-007
   2.0950978319312842E-002   6.1598584985932739E-008   6.5644573935544762E-007
   2.1925313683085874E-002   6.0667428028181052E-008   6.3199395980192278E-007
   2.2921793032399211E-002   5.9664073223049078E-008   6.0788140324586955E-007
   2.3940416367252845E-002   5.8597720803806066E-008   5.8417790416258676E-007
   2.4981183687646766E-002   5.7476323920343065E-008   5.6093524542636330E-007
   2.6044094993580992E-002   5.6306386696577005E-008   5.3818708909476155E-007
   2.7129150285055512E-002   5.5092788641772506E-008   5.1594916238961159E-007
   2.8236349562070325E-002   5.3838571363541653E-008   4.9421907552396814E-007
   2.9365692824625436E-002   5.2544851986006649E-008   4.7297730127713361E-007
   3.0517180072720848E-002   5.1215465739137273E-008   4.5222980094472833E-007
   3.1690811306356551E-002   4.9860102960593236E-008   4.3203282404275183E-007
   3.2886586525532543E-002   4.8488388664113881E-008   4.1243793604288283E-007
   3.4104505730248841E-002   4.7109242926814265E-008   3.9348709789631779E-007
   3.5344568920505443E-002   4.5730790762285647E-008   3.7521277651660364E-007
   3.6606776096302328E-002   4.4360284000528105E-008   3.5763814053440663E-007
   3.7891127257639504E-002   4.3004034011929179E-008   3.4077732190645610E-007
   3.9197622404517005E-002   4.1667328340551632E-008   3.2463552577910831E-007
   4.0526261536934775E-002   4.0354349420302527E-008   3.0920914541611639E-007
   4.1877044654892844E-002   3.9068106951878643E-008   2.9448596888557122E-007
   4.3249971758391223E-002   3.7810399349863469E-008   2.8044558152270897E-007
   4.4645042847429886E-002   3.6581787605873361E-008   2.6705982100622976E-007
   4.6062257922008847E-002   3.5381586267505643E-008   2.5429331311603524E-007
   4.7501616982128098E-002   3.4207843505248467E-008   2.4210388118465072E-007
   4.8963120027787667E-002   3.3057327566691761E-008   2.3044296313160257E-007
   5.0446767058987520E-002   3.1925543054137198E-008   2.1925619624729864E-007
   5.1952558075727663E-002   3.0806807824908944E-008   2.0848436101769212E-007
   5.3480493078008118E-002   2.9698476931421664E-008   1.9809190465064393E-007
   5.5030572065828856E-002   2.8604320364982327E-008   1.8808747291154965E-007
   5.6602795039189878E-002   2.7528425902813829E-008   1.7848128826013775E-007
   5.8197161998091239E-002   2.6474527078757337E-008   1.6928074409114629E-007
   5.9813672942532863E-002   2.5446007316587879E-008   1.6049062325697626E-007
   6.1452327872514777E-002   2.4445875226469230E-008   1.5211311955541895E-007
   6.3113126788036988E-002   2.3476722893167252E-008   1.4414775307865768E-007
   6.4796069689099525E-002   2.2540739559919115E-008   1.3659162788632620E-007
   6.6501156575702339E-002   2.1639720575384370E-008   1.2943964139544783E-007
   6.8228387447845443E-002   2.0775065069748409E-008   1.2268461120743250E-007
   6.9977762305528865E-002   1.9947761565695140E-008   1.1631732201028398E-007
   7.1749281148752564E-002   1.9158392876439467E-008   1.1032668005261940E-007
   7.3542943977516553E-002   1.8407196301279554E-008   1.0470017077777552E-007
   7.5358750791820847E-002   1.7694097305111704E-008   9.9424134180320040E-008
   7.7196701591665459E-002   1.7018722170431088E-008   9.4483903636701464E-008
   7.9056796377050348E-002   1.6380419268426689E-008   8.9863982162979572E-008
   8.0939035147975513E-002   1.5778298153432706E-008   8.5548302939990065E-008
   8.2843417904441011E-002   1.5212202237465117E-008   8.1525475024569699E-008
   8.4769944646446785E-002   1.4683655090142701E-008   7.7793529623008827E-008
   8.6718615373992863E-002   1.4194320701441115E-008   7.4351322463002058E-008
   8.8689430087079246E-002   1.3745808277641418E-008   7.1197476656524257E-008
   9.0682388785705906E-002   1.3339600052476709E-008   6.8330025775358146E-008
   9.2697491469872870E-002   1.2976964684701537E-008   6.5746007307098185E-008
   9.4734738139580110E-002   1.2658793413573794E-008   6.3440695375823778E-008
   9.6794128794827683E-002   1.2385276417673515E-008   6.1406090429512722E-008
   9.8875663435615532E-002   1.2155341793086760E-008   5.9628340343535889E-008
  0.10097934206194367        1.1965682196292468E-008   5.8083322008035995E-008
  0.10310516467381214        1.1809205280506175E-008   5.6729729621613335E-008
  0.10525313127122086        1.1673109752604515E-008   5.5500808301508214E-008
  0.10742324185416992        1.1537863200478613E-008   5.4300835247212033E-008
  0.10961549642265922        1.1379969837281212E-008   5.3019470381605049E-008
  0.11182989497668885        1.1180665703375956E-008   5.1572591574959982E-008
  0.11406643751625881        1.0936099659090067E-008   4.9947501887878664E-008
  0.11632512404136904        1.0658667080385489E-008   4.8205477261474456E-008
  0.11860595455201955        1.0368592459832216E-008   4.6440491770237504E-008
  0.12090892904821036        1.0085151034591647E-008   4.4738711405530250E-008
  0.12323404752994145        9.8221672976381965E-009   4.3159084364667725E-008
  0.12558130999721287        9.5882530956553538E-009   4.1735655271841496E-008
  0.12795071645002457        9.3884386062250654E-009   4.0485756745554315E-008
  0.13034226688837661        9.2256285702051513E-009   3.9417001369408246E-008
  0.13275596131226891        9.1016237349216334E-009   3.8532049845628821E-008
  0.13519179972170148        9.0176708966219807E-009   3.7831142612984326E-008
  0.13764978211667434        8.9747682383854750E-009   3.7313477851043577E-008
  0.14012990849718754        8.9738695215195929E-009   3.6978099202349677E-008
  0.14263217886324100        9.0159981617220887E-009   3.6824368505627475E-008
  0.14515659321483476        9.1022327998474472E-009   3.6851893481617501E-008
  0.14770315155196892        9.2336857765768384E-009   3.7060430694513078E-008
  0.15027185387464329        9.4114793936461276E-009   3.7449784703451411E-008
  0.15286270018285794        9.6367534698120929E-009   3.8019835830691666E-008
  0.15547569047661289        9.9105596960431423E-009   3.8770123682214052E-008
  0.15811082475590812        1.0233808892671705E-008   3.9699656800147564E-008
  0.16076810302074368        1.0607592067385989E-008   4.0808169831806790E-008
  0.16344752527111958        1.1033887292887921E-008   4.2098790676056784E-008
  0.16614909150703572        1.1515114958203933E-008   4.3576218937416183E-008
  0.16887280172849214        1.2054003341936316E-008   4.5246157707209176E-008
  0.17161865593548889        1.2653495670517940E-008   4.7114927196975092E-008
  0.17438665412802593        1.3316706067248455E-008   4.9189277436461159E-008
  0.17717679630610325        1.4046891756502658E-008   5.1476269424243308E-008
  0.17998908246972087        1.4847433827894673E-008   5.3983192994061247E-008
  0.18282351261887883        1.5721809204025854E-008   5.6717456782540359E-008
  0.18568008675357708        1.6673589551553625E-008   5.9686579744152331E-008
  0.18855880487381557        1.7706695538290930E-008   6.2899090116164449E-008
  0.19145966697959438        1.8825895113801056E-008   6.6366243613333548E-008
  0.19438267307091348        2.0036899988006725E-008   7.0102258049873046E-008
  0.19732782314777286        2.1346443401155542E-008   7.4124472451769894E-008
  0.20029511721017257        2.2762205314219102E-008   7.8452973185350862E-008
  0.20328455525811262        2.4293206637472328E-008   8.3111841312972443E-008
  0.20629613729159293        2.5949515850837801E-008   8.8128009910797296E-008
  0.20932986331061351        2.7742465745490363E-008   9.3531891089207030E-008
  0.21238573331517438        2.9682868778503945E-008   9.9351277024652589E-008
  0.21546374730527554        3.1781487570069854E-008   1.0561299737245526E-007
  0.21856390528091704        3.4049919459124999E-008   1.1234587206379605E-007
  0.22168620724209886        3.6500107761481640E-008   1.1957903979682329E-007
  0.22483065318882095        3.9143514260871232E-008   1.2733925485099176E-007
  0.22799724312108330        4.1991365206555789E-008   1.3565176485528415E-007
  0.23118597703888596        4.5055729065540239E-008   1.4454382047114057E-007
  0.23439685494222889        4.8348914491332457E-008   1.5404268845025834E-007
  0.23762987683111214        5.1882418305238469E-008   1.6417232216671276E-007
  0.24088504270553571        5.5666662244269574E-008   1.7495264656980018E-007
  0.24416235256549962        5.9709831806115385E-008   1.8639606904578391E-007
  0.24746180641100377        6.4018749110785056E-008   1.9851043742578469E-007
  0.25078340424204820        6.8597822093229442E-008   2.1129595475468511E-007
  0.25412714605863290        7.3447467250945709E-008   2.2474060538761078E-007
  0.25749303186075795        7.8564858650147024E-008   2.3882283244477374E-007
  0.26088106164842323        8.3942626031593289E-008   2.5350791686209410E-007
  0.26429123542162886        8.9569544395015431E-008   2.6875047242724473E-007
  0.26772355318037488        9.5437855433694038E-008   2.8451661522692157E-007
  0.27117801492466109        1.0154445527578359E-007   3.0078711439653709E-007
  0.27465462065448759        1.0788664813160776E-007   3.1754442858893083E-007
  0.27815337036985438        1.1445921469841930E-007   3.3476407850716493E-007
  0.28167426407076152        1.2124966857818918E-007   3.5240107760705522E-007
  0.28521730175720889        1.2823825767816993E-007   3.7039057499747202E-007
  0.28878248342919660        1.3539511669192126E-007   3.8864029687183892E-007
  0.29236980908672466        1.4267547059529654E-007   4.0701770705463733E-007
  0.29597927872979296        1.5002055239236105E-007   4.2535384035498970E-007
  0.29961089235840155        1.5735739974944881E-007   4.4344383673252791E-007
  0.30326464997255043        1.6459378075483727E-007   4.6103381258230450E-007
  0.30694055157223959        1.7161708168465090E-007   4.7781923621257118E-007
  0.31063859715746905        1.7829868316332501E-007   4.9345855116796114E-007
  0.31435878672823886        1.8450207619727464E-007   5.0759660347667772E-007
  0.31810112028454895        1.9008834955839982E-007   5.1988005041661288E-007
  0.32186559782639929        1.9492186646431561E-007   5.2997274171604790E-007
  0.32565221935378996        1.9887201954296892E-007   5.3755996206387208E-007
  0.32946098486672093        2.0180751856922179E-007   5.4233245881308300E-007
  0.33329189436519219        2.0360919711734835E-007   5.4402050246699800E-007
  0.33714494784920374        2.0417749070723103E-007   5.4241262045978253E-007
  0.34102014531875563        2.0343657653754174E-007   5.3736487225865282E-007
  0.34491748677384776        2.0133861021508272E-007   5.2881006392277421E-007
  0.34883697221448023        1.9786925919720735E-007   5.1677003777619941E-007
  0.35277860164065294        1.9305638979632441E-007   5.0137573891877818E-007
  0.35674237505236595        1.8697521614463387E-007   4.8287747373798358E-007
  0.36072829244961935        1.7974428062092815E-007   4.6163128016539369E-007
  0.36473635383241287        1.7151250743414083E-007   4.3806294830435825E-007
  0.36876655920074691        1.6243945641901473E-007   4.1261595165392000E-007
  0.37281890855462113        1.5268388363688327E-007   3.8572206616010169E-007
  0.37689340189403564        1.4239002639837919E-007   3.5776722715894997E-007
  0.38099003921899044        1.3168164855340921E-007   3.2907788390595047E-007
  0.38510882052948553        1.2066162947391274E-007   2.9992157273553778E-007
  0.38924974582552091        1.0942298542472355E-007   2.7053573714324633E-007
  0.39341281510709664        9.8092924011554568E-008   2.4123686773377381E-007
  0.39759802837421271        8.6879314829460753E-008   2.1253209728043503E-007
  0.40180538562686896        7.5989213874293417E-008   1.8491593024661885E-007
  0.40603488686506556        6.5597452366752243E-008   1.5879453414128683E-007
  0.41028653208880245        5.5844845600201579E-008   1.3448372059153956E-007
  0.41456032129807963        4.6850854029548348E-008   1.1224161256662157E-007
  0.41885625449289710        3.8726829488033287E-008   9.2301698469134417E-008
  0.42317433167325491        3.1561189983686630E-008   7.4838308457631444E-008
  0.42751455283915302        2.5433334289188001E-008   6.0000946293056405E-008
  0.43187691799059130        2.0577391574533824E-008   4.8299271133226594E-008
  0.43626142712757005        1.7838362456228946E-008   4.1659286543681029E-008
  0.44066808025008902        2.0815955260878291E-008   4.8369411199923734E-008
