    1      180.00      0.5671E-01     0.5021E-03
    2      178.81      0.5693E-01     0.5037E-03
    3      177.61      0.5757E-01     0.5085E-03
    4      176.42      0.5864E-01     0.5166E-03
    5      175.22      0.6014E-01     0.5277E-03
    6      174.03      0.6206E-01     0.5421E-03
    7      172.84      0.6439E-01     0.5595E-03
    8      171.65      0.6713E-01     0.5801E-03
    9      170.45      0.7027E-01     0.6036E-03
   10      169.26      0.7380E-01     0.6300E-03
   11      168.07      0.7772E-01     0.6594E-03
   12      166.88      0.8201E-01     0.6915E-03
   13      165.70      0.8665E-01     0.7263E-03
   14      164.51      0.9165E-01     0.7638E-03
   15      163.32      0.9697E-01     0.8037E-03
   16      162.14      0.1026E+00     0.8461E-03
   17      160.95      0.1086E+00     0.8907E-03
   18      159.77      0.1148E+00     0.9375E-03
   19      158.59      0.1213E+00     0.9864E-03
   20      157.41      0.1281E+00     0.1037E-02
   21      156.23      0.1350E+00     0.1090E-02
   22      155.05      0.1422E+00     0.1144E-02
   23      153.88      0.1496E+00     0.1200E-02
   24      152.71      0.1572E+00     0.1257E-02
   25      151.53      0.1650E+00     0.1316E-02
   26      150.37      0.1728E+00     0.1375E-02
   27      149.20      0.1808E+00     0.1435E-02
   28      148.03      0.1889E+00     0.1497E-02
   29      146.87      0.1970E+00     0.1559E-02
   30      145.71      0.2052E+00     0.1621E-02
   31      144.55      0.2135E+00     0.1684E-02
   32      143.39      0.2217E+00     0.1747E-02
   33      142.24      0.2300E+00     0.1810E-02
   34      141.08      0.2382E+00     0.1873E-02
   35      139.94      0.2464E+00     0.1935E-02
   36      138.79      0.2545E+00     0.1997E-02
   37      137.64      0.2625E+00     0.2059E-02
   38      136.50      0.2704E+00     0.2120E-02
   39      135.36      0.2782E+00     0.2181E-02
   40      134.22      0.2858E+00     0.2240E-02
   41      133.09      0.2933E+00     0.2298E-02
   42      131.96      0.3006E+00     0.2356E-02
   43      130.83      0.3077E+00     0.2411E-02
   44      129.70      0.3146E+00     0.2466E-02
   45      128.58      0.3213E+00     0.2519E-02
   46      127.46      0.3278E+00     0.2571E-02
   47      126.34      0.3340E+00     0.2620E-02
   48      125.23      0.3399E+00     0.2668E-02
   49      124.12      0.3456E+00     0.2714E-02
   50      123.01      0.3510E+00     0.2759E-02
   51      121.90      0.3561E+00     0.2801E-02
   52      120.80      0.3610E+00     0.2841E-02
   53      119.70      0.3655E+00     0.2879E-02
   54      118.60      0.3697E+00     0.2915E-02
   55      117.51      0.3735E+00     0.2949E-02
   56      116.42      0.3771E+00     0.2980E-02
   57      115.33      0.3803E+00     0.3009E-02
   58      114.25      0.3832E+00     0.3036E-02
   59      113.17      0.3858E+00     0.3060E-02
   60      112.09      0.3880E+00     0.3082E-02
   61      111.02      0.3899E+00     0.3102E-02
   62      109.95      0.3914E+00     0.3119E-02
   63      108.88      0.3927E+00     0.3134E-02
   64      107.81      0.3936E+00     0.3147E-02
   65      106.75      0.3941E+00     0.3157E-02
   66      105.69      0.3944E+00     0.3165E-02
   67      104.64      0.3943E+00     0.3171E-02
   68      103.58      0.3939E+00     0.3174E-02
   69      102.53      0.3932E+00     0.3175E-02
   70      101.49      0.3922E+00     0.3174E-02
   71      100.44      0.3909E+00     0.3170E-02
   72       99.40      0.3892E+00     0.3165E-02
   73       98.37      0.3874E+00     0.3157E-02
   74       97.33      0.3852E+00     0.3147E-02
   75       96.30      0.3828E+00     0.3136E-02
   76       95.28      0.3801E+00     0.3122E-02
   77       94.25      0.3772E+00     0.3106E-02
   78       93.23      0.3740E+00     0.3089E-02
   79       92.21      0.3706E+00     0.3070E-02
   80       91.20      0.3670E+00     0.3049E-02
   81       90.19      0.3631E+00     0.3026E-02
   82       89.18      0.3591E+00     0.3002E-02
   83       88.17      0.3549E+00     0.2977E-02
   84       87.17      0.3505E+00     0.2950E-02
   85       86.17      0.3460E+00     0.2922E-02
   86       85.17      0.3413E+00     0.2892E-02
   87       84.18      0.3364E+00     0.2861E-02
   88       83.19      0.3315E+00     0.2829E-02
   89       82.20      0.3264E+00     0.2796E-02
   90       81.21      0.3212E+00     0.2762E-02
   91       80.23      0.3159E+00     0.2727E-02
   92       79.25      0.3105E+00     0.2691E-02
   93       78.28      0.3051E+00     0.2655E-02
   94       77.30      0.2995E+00     0.2617E-02
   95       76.33      0.2940E+00     0.2579E-02
   96       75.36      0.2883E+00     0.2541E-02
   97       74.40      0.2827E+00     0.2502E-02
   98       73.44      0.2770E+00     0.2462E-02
   99       72.48      0.2713E+00     0.2422E-02
  100       71.52      0.2656E+00     0.2382E-02
  101       70.56      0.2599E+00     0.2341E-02
  102       69.61      0.2542E+00     0.2301E-02
  103       68.66      0.2485E+00     0.2260E-02
  104       67.71      0.2428E+00     0.2219E-02
  105       66.77      0.2372E+00     0.2178E-02
  106       65.83      0.2316E+00     0.2137E-02
  107       64.89      0.2261E+00     0.2096E-02
  108       63.95      0.2206E+00     0.2055E-02
  109       63.02      0.2151E+00     0.2014E-02
  110       62.08      0.2098E+00     0.1974E-02
  111       61.15      0.2045E+00     0.1933E-02
  112       60.23      0.1992E+00     0.1893E-02
  113       59.30      0.1941E+00     0.1853E-02
  114       58.38      0.1890E+00     0.1814E-02
  115       57.46      0.1841E+00     0.1775E-02
  116       56.54      0.1792E+00     0.1736E-02
  117       55.62      0.1744E+00     0.1698E-02
  118       54.71      0.1697E+00     0.1661E-02
  119       53.80      0.1651E+00     0.1623E-02
  120       52.89      0.1606E+00     0.1587E-02
  121       51.98      0.1562E+00     0.1551E-02
  122       51.07      0.1519E+00     0.1515E-02
  123       50.17      0.1477E+00     0.1480E-02
  124       49.27      0.1436E+00     0.1446E-02
  125       48.37      0.1397E+00     0.1412E-02
  126       47.47      0.1358E+00     0.1379E-02
  127       46.57      0.1320E+00     0.1346E-02
  128       45.68      0.1284E+00     0.1314E-02
  129       44.78      0.1249E+00     0.1283E-02
  130       43.89      0.1214E+00     0.1253E-02
  131       43.00      0.1181E+00     0.1223E-02
  132       42.11      0.1149E+00     0.1194E-02
  133       41.23      0.1118E+00     0.1165E-02
  134       40.34      0.1088E+00     0.1137E-02
  135       39.46      0.1059E+00     0.1110E-02
  136       38.58      0.1031E+00     0.1084E-02
  137       37.70      0.1004E+00     0.1058E-02
  138       36.82      0.9779E-01     0.1033E-02
  139       35.95      0.9529E-01     0.1009E-02
  140       35.07      0.9289E-01     0.9851E-03
  141       34.20      0.9058E-01     0.9621E-03
  142       33.32      0.8836E-01     0.9398E-03
  143       32.45      0.8623E-01     0.9182E-03
  144       31.58      0.8419E-01     0.8973E-03
  145       30.72      0.8224E-01     0.8771E-03
  146       29.85      0.8037E-01     0.8575E-03
  147       28.98      0.7859E-01     0.8386E-03
  148       28.12      0.7688E-01     0.8203E-03
  149       27.25      0.7526E-01     0.8027E-03
  150       26.39      0.7370E-01     0.7857E-03
  151       25.53      0.7223E-01     0.7694E-03
  152       24.67      0.7082E-01     0.7537E-03
  153       23.81      0.6948E-01     0.7386E-03
  154       22.95      0.6821E-01     0.7241E-03
  155       22.09      0.6701E-01     0.7102E-03
  156       21.23      0.6587E-01     0.6969E-03
  157       20.38      0.6479E-01     0.6842E-03
  158       19.52      0.6377E-01     0.6721E-03
  159       18.67      0.6280E-01     0.6606E-03
  160       17.81      0.6190E-01     0.6496E-03
  161       16.96      0.6105E-01     0.6392E-03
  162       16.11      0.6025E-01     0.6293E-03
  163       15.26      0.5950E-01     0.6200E-03
  164       14.41      0.5880E-01     0.6112E-03
  165       13.56      0.5815E-01     0.6030E-03
  166       12.71      0.5754E-01     0.5953E-03
  167       11.86      0.5698E-01     0.5881E-03
  168       11.01      0.5647E-01     0.5815E-03
  169       10.16      0.5599E-01     0.5754E-03
  170        9.31      0.5556E-01     0.5697E-03
  171        8.46      0.5517E-01     0.5646E-03
  172        7.62      0.5482E-01     0.5600E-03
  173        6.77      0.5451E-01     0.5558E-03
  174        5.92      0.5424E-01     0.5522E-03
  175        5.08      0.5400E-01     0.5490E-03
  176        4.23      0.5381E-01     0.5464E-03
  177        3.38      0.5364E-01     0.5442E-03
  178        2.54      0.5352E-01     0.5425E-03
  179        1.69      0.5343E-01     0.5413E-03
  180        0.85      0.5338E-01     0.5406E-03
  181        0.00      0.5336E-01     0.5404E-03
