    1      180.00      0.4567E-01     0.4386E-03
    2      178.78      0.4582E-01     0.4396E-03
    3      177.56      0.4627E-01     0.4425E-03
    4      176.33      0.4702E-01     0.4474E-03
    5      175.11      0.4805E-01     0.4541E-03
    6      173.89      0.4939E-01     0.4628E-03
    7      172.67      0.5100E-01     0.4734E-03
    8      171.45      0.5290E-01     0.4858E-03
    9      170.23      0.5508E-01     0.5000E-03
   10      169.02      0.5753E-01     0.5159E-03
   11      167.80      0.6023E-01     0.5336E-03
   12      166.58      0.6319E-01     0.5529E-03
   13      165.37      0.6639E-01     0.5738E-03
   14      164.15      0.6983E-01     0.5963E-03
   15      162.94      0.7349E-01     0.6202E-03
   16      161.73      0.7736E-01     0.6455E-03
   17      160.52      0.8143E-01     0.6721E-03
   18      159.31      0.8569E-01     0.7000E-03
   19      158.11      0.9012E-01     0.7290E-03
   20      156.90      0.9471E-01     0.7591E-03
   21      155.70      0.9945E-01     0.7902E-03
   22      154.50      0.1043E+00     0.8222E-03
   23      153.30      0.1093E+00     0.8549E-03
   24      152.10      0.1144E+00     0.8884E-03
   25      150.91      0.1196E+00     0.9225E-03
   26      149.71      0.1248E+00     0.9571E-03
   27      148.52      0.1301E+00     0.9921E-03
   28      147.34      0.1355E+00     0.1027E-02
   29      146.15      0.1408E+00     0.1063E-02
   30      144.97      0.1462E+00     0.1099E-02
   31      143.79      0.1516E+00     0.1134E-02
   32      142.61      0.1570E+00     0.1170E-02
   33      141.44      0.1623E+00     0.1206E-02
   34      140.26      0.1676E+00     0.1241E-02
   35      139.10      0.1728E+00     0.1276E-02
   36      137.93      0.1779E+00     0.1310E-02
   37      136.77      0.1830E+00     0.1345E-02
   38      135.61      0.1879E+00     0.1378E-02
   39      134.45      0.1927E+00     0.1411E-02
   40      133.30      0.1974E+00     0.1443E-02
   41      132.14      0.2020E+00     0.1474E-02
   42      131.00      0.2064E+00     0.1505E-02
   43      129.85      0.2107E+00     0.1534E-02
   44      128.71      0.2147E+00     0.1563E-02
   45      127.57      0.2186E+00     0.1590E-02
   46      126.44      0.2223E+00     0.1617E-02
   47      125.31      0.2259E+00     0.1642E-02
   48      124.18      0.2292E+00     0.1666E-02
   49      123.06      0.2323E+00     0.1689E-02
   50      121.94      0.2352E+00     0.1711E-02
   51      120.82      0.2378E+00     0.1731E-02
   52      119.70      0.2403E+00     0.1750E-02
   53      118.59      0.2425E+00     0.1768E-02
   54      117.49      0.2445E+00     0.1784E-02
   55      116.38      0.2463E+00     0.1799E-02
   56      115.28      0.2478E+00     0.1812E-02
   57      114.19      0.2491E+00     0.1825E-02
   58      113.10      0.2501E+00     0.1835E-02
   59      112.01      0.2510E+00     0.1845E-02
   60      110.92      0.2516E+00     0.1853E-02
   61      109.84      0.2519E+00     0.1859E-02
   62      108.76      0.2520E+00     0.1865E-02
   63      107.69      0.2519E+00     0.1868E-02
   64      106.62      0.2516E+00     0.1871E-02
   65      105.55      0.2511E+00     0.1872E-02
   66      104.49      0.2503E+00     0.1872E-02
   67      103.43      0.2494E+00     0.1871E-02
   68      102.37      0.2482E+00     0.1868E-02
   69      101.32      0.2469E+00     0.1864E-02
   70      100.27      0.2453E+00     0.1859E-02
   71       99.22      0.2436E+00     0.1853E-02
   72       98.18      0.2417E+00     0.1846E-02
   73       97.14      0.2396E+00     0.1837E-02
   74       96.11      0.2373E+00     0.1828E-02
   75       95.08      0.2349E+00     0.1817E-02
   76       94.05      0.2324E+00     0.1806E-02
   77       93.02      0.2297E+00     0.1793E-02
   78       92.00      0.2269E+00     0.1780E-02
   79       90.98      0.2239E+00     0.1766E-02
   80       89.97      0.2208E+00     0.1751E-02
   81       88.96      0.2177E+00     0.1735E-02
   82       87.95      0.2144E+00     0.1719E-02
   83       86.95      0.2110E+00     0.1702E-02
   84       85.95      0.2076E+00     0.1684E-02
   85       84.95      0.2041E+00     0.1666E-02
   86       83.96      0.2005E+00     0.1647E-02
   87       82.97      0.1968E+00     0.1627E-02
   88       81.98      0.1932E+00     0.1607E-02
   89       81.00      0.1894E+00     0.1587E-02
   90       80.02      0.1856E+00     0.1567E-02
   91       79.04      0.1819E+00     0.1546E-02
   92       78.06      0.1780E+00     0.1524E-02
   93       77.09      0.1742E+00     0.1503E-02
   94       76.12      0.1704E+00     0.1481E-02
   95       75.16      0.1666E+00     0.1459E-02
   96       74.20      0.1627E+00     0.1437E-02
   97       73.24      0.1589E+00     0.1414E-02
   98       72.28      0.1551E+00     0.1392E-02
   99       71.33      0.1514E+00     0.1370E-02
  100       70.38      0.1476E+00     0.1347E-02
  101       69.43      0.1440E+00     0.1325E-02
  102       68.49      0.1403E+00     0.1303E-02
  103       67.55      0.1367E+00     0.1280E-02
  104       66.61      0.1331E+00     0.1258E-02
  105       65.67      0.1296E+00     0.1236E-02
  106       64.74      0.1262E+00     0.1214E-02
  107       63.81      0.1228E+00     0.1192E-02
  108       62.88      0.1195E+00     0.1170E-02
  109       61.96      0.1163E+00     0.1149E-02
  110       61.03      0.1131E+00     0.1128E-02
  111       60.11      0.1100E+00     0.1107E-02
  112       59.20      0.1069E+00     0.1086E-02
  113       58.28      0.1040E+00     0.1066E-02
  114       57.37      0.1011E+00     0.1045E-02
  115       56.46      0.9832E-01     0.1026E-02
  116       55.55      0.9560E-01     0.1006E-02
  117       54.65      0.9296E-01     0.9868E-03
  118       53.74      0.9040E-01     0.9679E-03
  119       52.84      0.8793E-01     0.9493E-03
  120       51.95      0.8553E-01     0.9311E-03
  121       51.05      0.8322E-01     0.9132E-03
  122       50.16      0.8099E-01     0.8956E-03
  123       49.26      0.7884E-01     0.8785E-03
  124       48.38      0.7677E-01     0.8617E-03
  125       47.49      0.7478E-01     0.8452E-03
  126       46.60      0.7286E-01     0.8292E-03
  127       45.72      0.7103E-01     0.8135E-03
  128       44.84      0.6926E-01     0.7982E-03
  129       43.96      0.6758E-01     0.7833E-03
  130       43.08      0.6596E-01     0.7687E-03
  131       42.20      0.6442E-01     0.7545E-03
  132       41.33      0.6295E-01     0.7407E-03
  133       40.46      0.6155E-01     0.7273E-03
  134       39.59      0.6021E-01     0.7142E-03
  135       38.72      0.5894E-01     0.7016E-03
  136       37.85      0.5773E-01     0.6892E-03
  137       36.99      0.5658E-01     0.6773E-03
  138       36.12      0.5549E-01     0.6657E-03
  139       35.26      0.5446E-01     0.6544E-03
  140       34.40      0.5348E-01     0.6436E-03
  141       33.54      0.5255E-01     0.6330E-03
  142       32.69      0.5168E-01     0.6228E-03
  143       31.83      0.5085E-01     0.6130E-03
  144       30.98      0.5008E-01     0.6034E-03
  145       30.12      0.4934E-01     0.5943E-03
  146       29.27      0.4865E-01     0.5854E-03
  147       28.42      0.4801E-01     0.5768E-03
  148       27.57      0.4740E-01     0.5686E-03
  149       26.72      0.4683E-01     0.5607E-03
  150       25.87      0.4629E-01     0.5531E-03
  151       25.03      0.4579E-01     0.5458E-03
  152       24.18      0.4532E-01     0.5387E-03
  153       23.34      0.4489E-01     0.5320E-03
  154       22.50      0.4448E-01     0.5256E-03
  155       21.66      0.4410E-01     0.5194E-03
  156       20.82      0.4374E-01     0.5135E-03
  157       19.98      0.4341E-01     0.5079E-03
  158       19.14      0.4311E-01     0.5025E-03
  159       18.30      0.4283E-01     0.4975E-03
  160       17.46      0.4256E-01     0.4926E-03
  161       16.62      0.4232E-01     0.4881E-03
  162       15.79      0.4210E-01     0.4837E-03
  163       14.95      0.4189E-01     0.4796E-03
  164       14.12      0.4170E-01     0.4758E-03
  165       13.29      0.4153E-01     0.4722E-03
  166       12.45      0.4137E-01     0.4688E-03
  167       11.62      0.4123E-01     0.4657E-03
  168       10.79      0.4109E-01     0.4628E-03
  169        9.96      0.4098E-01     0.4601E-03
  170        9.12      0.4087E-01     0.4577E-03
  171        8.29      0.4077E-01     0.4554E-03
  172        7.46      0.4069E-01     0.4534E-03
  173        6.63      0.4061E-01     0.4516E-03
  174        5.80      0.4055E-01     0.4500E-03
  175        4.97      0.4049E-01     0.4487E-03
  176        4.14      0.4045E-01     0.4475E-03
  177        3.32      0.4041E-01     0.4466E-03
  178        2.49      0.4038E-01     0.4458E-03
  179        1.66      0.4036E-01     0.4453E-03
  180        0.83      0.4035E-01     0.4450E-03
  181        0.00      0.4034E-01     0.4449E-03
