    1      180.00      0.1552E-01     0.1846E-03
    2      178.64      0.1554E-01     0.1847E-03
    3      177.27      0.1562E-01     0.1850E-03
    4      175.91      0.1575E-01     0.1856E-03
    5      174.54      0.1593E-01     0.1865E-03
    6      173.18      0.1616E-01     0.1875E-03
    7      171.82      0.1643E-01     0.1888E-03
    8      170.46      0.1676E-01     0.1903E-03
    9      169.10      0.1713E-01     0.1920E-03
   10      167.74      0.1754E-01     0.1939E-03
   11      166.39      0.1799E-01     0.1959E-03
   12      165.03      0.1847E-01     0.1982E-03
   13      163.68      0.1900E-01     0.2006E-03
   14      162.33      0.1955E-01     0.2031E-03
   15      160.99      0.2014E-01     0.2058E-03
   16      159.65      0.2075E-01     0.2086E-03
   17      158.31      0.2138E-01     0.2115E-03
   18      156.97      0.2203E-01     0.2145E-03
   19      155.64      0.2269E-01     0.2175E-03
   20      154.31      0.2337E-01     0.2206E-03
   21      152.98      0.2406E-01     0.2237E-03
   22      151.66      0.2475E-01     0.2269E-03
   23      150.34      0.2544E-01     0.2300E-03
   24      149.03      0.2612E-01     0.2332E-03
   25      147.72      0.2681E-01     0.2363E-03
   26      146.42      0.2748E-01     0.2394E-03
   27      145.12      0.2813E-01     0.2424E-03
   28      143.82      0.2877E-01     0.2453E-03
   29      142.53      0.2939E-01     0.2482E-03
   30      141.25      0.2999E-01     0.2509E-03
   31      139.96      0.3056E-01     0.2536E-03
   32      138.69      0.3111E-01     0.2561E-03
   33      137.42      0.3162E-01     0.2585E-03
   34      136.15      0.3210E-01     0.2608E-03
   35      134.90      0.3254E-01     0.2629E-03
   36      133.64      0.3294E-01     0.2648E-03
   37      132.39      0.3331E-01     0.2667E-03
   38      131.15      0.3363E-01     0.2683E-03
   39      129.91      0.3392E-01     0.2698E-03
   40      128.68      0.3415E-01     0.2711E-03
   41      127.46      0.3435E-01     0.2723E-03
   42      126.24      0.3450E-01     0.2732E-03
   43      125.03      0.3460E-01     0.2740E-03
   44      123.82      0.3466E-01     0.2747E-03
   45      122.62      0.3468E-01     0.2751E-03
   46      121.42      0.3464E-01     0.2754E-03
   47      120.23      0.3457E-01     0.2755E-03
   48      119.05      0.3444E-01     0.2755E-03
   49      117.87      0.3428E-01     0.2753E-03
   50      116.70      0.3407E-01     0.2749E-03
   51      115.53      0.3382E-01     0.2744E-03
   52      114.37      0.3353E-01     0.2737E-03
   53      113.22      0.3319E-01     0.2729E-03
   54      112.07      0.3282E-01     0.2720E-03
   55      110.93      0.3242E-01     0.2709E-03
   56      109.79      0.3198E-01     0.2698E-03
   57      108.66      0.3150E-01     0.2684E-03
   58      107.54      0.3100E-01     0.2670E-03
   59      106.42      0.3047E-01     0.2655E-03
   60      105.31      0.2991E-01     0.2639E-03
   61      104.20      0.2932E-01     0.2622E-03
   62      103.10      0.2871E-01     0.2604E-03
   63      102.01      0.2808E-01     0.2585E-03
   64      100.92      0.2743E-01     0.2566E-03
   65       99.84      0.2677E-01     0.2546E-03
   66       98.76      0.2609E-01     0.2525E-03
   67       97.69      0.2540E-01     0.2504E-03
   68       96.62      0.2470E-01     0.2482E-03
   69       95.56      0.2399E-01     0.2460E-03
   70       94.51      0.2328E-01     0.2438E-03
   71       93.46      0.2256E-01     0.2415E-03
   72       92.42      0.2185E-01     0.2393E-03
   73       91.38      0.2113E-01     0.2369E-03
   74       90.35      0.2041E-01     0.2346E-03
   75       89.32      0.1971E-01     0.2323E-03
   76       88.30      0.1900E-01     0.2299E-03
   77       87.28      0.1831E-01     0.2276E-03
   78       86.27      0.1762E-01     0.2252E-03
   79       85.26      0.1695E-01     0.2229E-03
   80       84.26      0.1629E-01     0.2206E-03
   81       83.26      0.1564E-01     0.2182E-03
   82       82.27      0.1501E-01     0.2159E-03
   83       81.29      0.1440E-01     0.2136E-03
   84       80.30      0.1380E-01     0.2113E-03
   85       79.33      0.1323E-01     0.2091E-03
   86       78.36      0.1267E-01     0.2068E-03
   87       77.39      0.1214E-01     0.2046E-03
   88       76.43      0.1162E-01     0.2024E-03
   89       75.47      0.1113E-01     0.2002E-03
   90       74.52      0.1067E-01     0.1981E-03
   91       73.57      0.1022E-01     0.1960E-03
   92       72.62      0.9804E-02     0.1939E-03
   93       71.68      0.9409E-02     0.1918E-03
   94       70.75      0.9038E-02     0.1898E-03
   95       69.81      0.8692E-02     0.1877E-03
   96       68.89      0.8371E-02     0.1858E-03
   97       67.96      0.8074E-02     0.1838E-03
   98       67.05      0.7802E-02     0.1819E-03
   99       66.13      0.7554E-02     0.1800E-03
  100       65.22      0.7330E-02     0.1781E-03
  101       64.31      0.7130E-02     0.1763E-03
  102       63.41      0.6953E-02     0.1745E-03
  103       62.51      0.6799E-02     0.1727E-03
  104       61.62      0.6666E-02     0.1709E-03
  105       60.72      0.6556E-02     0.1692E-03
  106       59.84      0.6466E-02     0.1675E-03
  107       58.95      0.6396E-02     0.1658E-03
  108       58.07      0.6345E-02     0.1642E-03
  109       57.19      0.6313E-02     0.1626E-03
  110       56.32      0.6299E-02     0.1610E-03
  111       55.45      0.6301E-02     0.1594E-03
  112       54.58      0.6319E-02     0.1579E-03
  113       53.72      0.6352E-02     0.1563E-03
  114       52.86      0.6398E-02     0.1548E-03
  115       52.00      0.6457E-02     0.1534E-03
  116       51.15      0.6528E-02     0.1519E-03
  117       50.30      0.6610E-02     0.1505E-03
  118       49.45      0.6701E-02     0.1491E-03
  119       48.60      0.6801E-02     0.1477E-03
  120       47.76      0.6908E-02     0.1463E-03
  121       46.92      0.7021E-02     0.1450E-03
  122       46.08      0.7140E-02     0.1437E-03
  123       45.25      0.7263E-02     0.1424E-03
  124       44.42      0.7390E-02     0.1411E-03
  125       43.59      0.7519E-02     0.1399E-03
  126       42.77      0.7649E-02     0.1386E-03
  127       41.94      0.7779E-02     0.1374E-03
  128       41.12      0.7909E-02     0.1362E-03
  129       40.30      0.8037E-02     0.1350E-03
  130       39.49      0.8163E-02     0.1339E-03
  131       38.68      0.8286E-02     0.1327E-03
  132       37.87      0.8405E-02     0.1316E-03
  133       37.06      0.8520E-02     0.1305E-03
  134       36.25      0.8629E-02     0.1294E-03
  135       35.45      0.8732E-02     0.1284E-03
  136       34.64      0.8829E-02     0.1274E-03
  137       33.84      0.8920E-02     0.1263E-03
  138       33.05      0.9002E-02     0.1253E-03
  139       32.25      0.9077E-02     0.1244E-03
  140       31.46      0.9144E-02     0.1234E-03
  141       30.67      0.9203E-02     0.1225E-03
  142       29.88      0.9253E-02     0.1215E-03
  143       29.09      0.9295E-02     0.1206E-03
  144       28.30      0.9328E-02     0.1198E-03
  145       27.52      0.9352E-02     0.1189E-03
  146       26.73      0.9368E-02     0.1181E-03
  147       25.95      0.9375E-02     0.1172E-03
  148       25.17      0.9373E-02     0.1165E-03
  149       24.39      0.9363E-02     0.1157E-03
  150       23.61      0.9346E-02     0.1149E-03
  151       22.84      0.9321E-02     0.1142E-03
  152       22.06      0.9288E-02     0.1135E-03
  153       21.29      0.9249E-02     0.1128E-03
  154       20.52      0.9203E-02     0.1121E-03
  155       19.75      0.9151E-02     0.1115E-03
  156       18.98      0.9095E-02     0.1109E-03
  157       18.21      0.9033E-02     0.1102E-03
  158       17.45      0.8967E-02     0.1097E-03
  159       16.68      0.8897E-02     0.1091E-03
  160       15.91      0.8825E-02     0.1086E-03
  161       15.15      0.8750E-02     0.1081E-03
  162       14.39      0.8674E-02     0.1076E-03
  163       13.62      0.8596E-02     0.1071E-03
  164       12.86      0.8518E-02     0.1067E-03
  165       12.10      0.8441E-02     0.1063E-03
  166       11.34      0.8364E-02     0.1059E-03
  167       10.58      0.8289E-02     0.1055E-03
  168        9.82      0.8216E-02     0.1052E-03
  169        9.07      0.8146E-02     0.1049E-03
  170        8.31      0.8079E-02     0.1046E-03
  171        7.55      0.8016E-02     0.1043E-03
  172        6.80      0.7957E-02     0.1041E-03
  173        6.04      0.7904E-02     0.1038E-03
  174        5.28      0.7855E-02     0.1036E-03
  175        4.53      0.7812E-02     0.1035E-03
  176        3.77      0.7776E-02     0.1033E-03
  177        3.02      0.7745E-02     0.1032E-03
  178        2.26      0.7721E-02     0.1031E-03
  179        1.51      0.7704E-02     0.1031E-03
  180        0.75      0.7694E-02     0.1030E-03
  181        0.00      0.7690E-02     0.1030E-03
