    1      180.00      0.1580E-01     0.1818E-03
    2      178.64      0.1583E-01     0.1820E-03
    3      177.27      0.1591E-01     0.1824E-03
    4      175.91      0.1605E-01     0.1830E-03
    5      174.54      0.1624E-01     0.1839E-03
    6      173.18      0.1649E-01     0.1850E-03
    7      171.82      0.1679E-01     0.1864E-03
    8      170.46      0.1714E-01     0.1880E-03
    9      169.10      0.1754E-01     0.1899E-03
   10      167.74      0.1799E-01     0.1919E-03
   11      166.39      0.1848E-01     0.1942E-03
   12      165.03      0.1901E-01     0.1966E-03
   13      163.68      0.1958E-01     0.1992E-03
   14      162.33      0.2018E-01     0.2020E-03
   15      160.99      0.2082E-01     0.2049E-03
   16      159.65      0.2148E-01     0.2079E-03
   17      158.31      0.2217E-01     0.2111E-03
   18      156.97      0.2288E-01     0.2143E-03
   19      155.64      0.2361E-01     0.2176E-03
   20      154.31      0.2435E-01     0.2210E-03
   21      152.98      0.2510E-01     0.2245E-03
   22      151.66      0.2586E-01     0.2279E-03
   23      150.34      0.2662E-01     0.2314E-03
   24      149.03      0.2737E-01     0.2348E-03
   25      147.72      0.2812E-01     0.2382E-03
   26      146.42      0.2887E-01     0.2416E-03
   27      145.12      0.2959E-01     0.2449E-03
   28      143.82      0.3030E-01     0.2482E-03
   29      142.53      0.3099E-01     0.2514E-03
   30      141.25      0.3166E-01     0.2544E-03
   31      139.96      0.3230E-01     0.2574E-03
   32      138.69      0.3291E-01     0.2602E-03
   33      137.42      0.3348E-01     0.2629E-03
   34      136.15      0.3402E-01     0.2655E-03
   35      134.90      0.3453E-01     0.2679E-03
   36      133.64      0.3499E-01     0.2702E-03
   37      132.39      0.3541E-01     0.2723E-03
   38      131.15      0.3579E-01     0.2742E-03
   39      129.91      0.3613E-01     0.2759E-03
   40      128.68      0.3642E-01     0.2775E-03
   41      127.46      0.3666E-01     0.2789E-03
   42      126.24      0.3685E-01     0.2801E-03
   43      125.03      0.3699E-01     0.2811E-03
   44      123.82      0.3709E-01     0.2820E-03
   45      122.62      0.3714E-01     0.2826E-03
   46      121.42      0.3713E-01     0.2831E-03
   47      120.23      0.3708E-01     0.2834E-03
   48      119.05      0.3698E-01     0.2835E-03
   49      117.87      0.3684E-01     0.2835E-03
   50      116.70      0.3664E-01     0.2832E-03
   51      115.53      0.3640E-01     0.2829E-03
   52      114.37      0.3612E-01     0.2823E-03
   53      113.22      0.3579E-01     0.2816E-03
   54      112.07      0.3542E-01     0.2808E-03
   55      110.93      0.3502E-01     0.2798E-03
   56      109.79      0.3457E-01     0.2787E-03
   57      108.66      0.3408E-01     0.2775E-03
   58      107.54      0.3357E-01     0.2761E-03
   59      106.42      0.3302E-01     0.2746E-03
   60      105.31      0.3244E-01     0.2730E-03
   61      104.20      0.3183E-01     0.2713E-03
   62      103.10      0.3119E-01     0.2696E-03
   63      102.01      0.3053E-01     0.2677E-03
   64      100.92      0.2985E-01     0.2657E-03
   65       99.84      0.2915E-01     0.2637E-03
   66       98.76      0.2844E-01     0.2616E-03
   67       97.69      0.2771E-01     0.2595E-03
   68       96.62      0.2696E-01     0.2573E-03
   69       95.56      0.2621E-01     0.2550E-03
   70       94.51      0.2545E-01     0.2527E-03
   71       93.46      0.2469E-01     0.2504E-03
   72       92.42      0.2392E-01     0.2481E-03
   73       91.38      0.2315E-01     0.2457E-03
   74       90.35      0.2238E-01     0.2433E-03
   75       89.32      0.2162E-01     0.2408E-03
   76       88.30      0.2086E-01     0.2384E-03
   77       87.28      0.2011E-01     0.2360E-03
   78       86.27      0.1937E-01     0.2335E-03
   79       85.26      0.1864E-01     0.2311E-03
   80       84.26      0.1792E-01     0.2286E-03
   81       83.26      0.1721E-01     0.2262E-03
   82       82.27      0.1652E-01     0.2238E-03
   83       81.29      0.1585E-01     0.2214E-03
   84       80.30      0.1520E-01     0.2190E-03
   85       79.33      0.1456E-01     0.2166E-03
   86       78.36      0.1395E-01     0.2142E-03
   87       77.39      0.1336E-01     0.2119E-03
   88       76.43      0.1279E-01     0.2096E-03
   89       75.47      0.1224E-01     0.2073E-03
   90       74.52      0.1172E-01     0.2050E-03
   91       73.57      0.1123E-01     0.2027E-03
   92       72.62      0.1075E-01     0.2005E-03
   93       71.68      0.1031E-01     0.1983E-03
   94       70.75      0.9886E-02     0.1962E-03
   95       69.81      0.9491E-02     0.1940E-03
   96       68.89      0.9123E-02     0.1919E-03
   97       67.96      0.8781E-02     0.1898E-03
   98       67.05      0.8465E-02     0.1878E-03
   99       66.13      0.8175E-02     0.1858E-03
  100       65.22      0.7911E-02     0.1838E-03
  101       64.31      0.7673E-02     0.1818E-03
  102       63.41      0.7460E-02     0.1799E-03
  103       62.51      0.7271E-02     0.1780E-03
  104       61.62      0.7107E-02     0.1761E-03
  105       60.72      0.6966E-02     0.1742E-03
  106       59.84      0.6849E-02     0.1724E-03
  107       58.95      0.6753E-02     0.1706E-03
  108       58.07      0.6679E-02     0.1688E-03
  109       57.19      0.6626E-02     0.1671E-03
  110       56.32      0.6592E-02     0.1654E-03
  111       55.45      0.6578E-02     0.1637E-03
  112       54.58      0.6581E-02     0.1620E-03
  113       53.72      0.6602E-02     0.1604E-03
  114       52.86      0.6638E-02     0.1588E-03
  115       52.00      0.6689E-02     0.1572E-03
  116       51.15      0.6754E-02     0.1557E-03
  117       50.30      0.6832E-02     0.1541E-03
  118       49.45      0.6922E-02     0.1526E-03
  119       48.60      0.7023E-02     0.1511E-03
  120       47.76      0.7133E-02     0.1497E-03
  121       46.92      0.7251E-02     0.1482E-03
  122       46.08      0.7377E-02     0.1468E-03
  123       45.25      0.7509E-02     0.1454E-03
  124       44.42      0.7646E-02     0.1440E-03
  125       43.59      0.7788E-02     0.1427E-03
  126       42.77      0.7933E-02     0.1413E-03
  127       41.94      0.8079E-02     0.1400E-03
  128       41.12      0.8227E-02     0.1387E-03
  129       40.30      0.8376E-02     0.1375E-03
  130       39.49      0.8523E-02     0.1362E-03
  131       38.68      0.8669E-02     0.1350E-03
  132       37.87      0.8812E-02     0.1338E-03
  133       37.06      0.8953E-02     0.1326E-03
  134       36.25      0.9089E-02     0.1314E-03
  135       35.45      0.9221E-02     0.1303E-03
  136       34.64      0.9348E-02     0.1292E-03
  137       33.84      0.9469E-02     0.1281E-03
  138       33.05      0.9584E-02     0.1270E-03
  139       32.25      0.9691E-02     0.1259E-03
  140       31.46      0.9792E-02     0.1249E-03
  141       30.67      0.9885E-02     0.1239E-03
  142       29.88      0.9971E-02     0.1229E-03
  143       29.09      0.1005E-01     0.1219E-03
  144       28.30      0.1012E-01     0.1210E-03
  145       27.52      0.1018E-01     0.1201E-03
  146       26.73      0.1023E-01     0.1192E-03
  147       25.95      0.1028E-01     0.1183E-03
  148       25.17      0.1031E-01     0.1174E-03
  149       24.39      0.1034E-01     0.1166E-03
  150       23.61      0.1036E-01     0.1158E-03
  151       22.84      0.1037E-01     0.1150E-03
  152       22.06      0.1038E-01     0.1142E-03
  153       21.29      0.1037E-01     0.1135E-03
  154       20.52      0.1037E-01     0.1127E-03
  155       19.75      0.1035E-01     0.1120E-03
  156       18.98      0.1033E-01     0.1114E-03
  157       18.21      0.1030E-01     0.1107E-03
  158       17.45      0.1027E-01     0.1101E-03
  159       16.68      0.1023E-01     0.1095E-03
  160       15.91      0.1020E-01     0.1089E-03
  161       15.15      0.1015E-01     0.1084E-03
  162       14.39      0.1011E-01     0.1078E-03
  163       13.62      0.1006E-01     0.1074E-03
  164       12.86      0.1001E-01     0.1069E-03
  165       12.10      0.9959E-02     0.1064E-03
  166       11.34      0.9909E-02     0.1060E-03
  167       10.58      0.9858E-02     0.1056E-03
  168        9.82      0.9809E-02     0.1052E-03
  169        9.07      0.9760E-02     0.1049E-03
  170        8.31      0.9714E-02     0.1046E-03
  171        7.55      0.9669E-02     0.1043E-03
  172        6.80      0.9628E-02     0.1040E-03
  173        6.04      0.9590E-02     0.1038E-03
  174        5.28      0.9555E-02     0.1036E-03
  175        4.53      0.9524E-02     0.1034E-03
  176        3.77      0.9497E-02     0.1033E-03
  177        3.02      0.9475E-02     0.1031E-03
  178        2.26      0.9458E-02     0.1030E-03
  179        1.51      0.9445E-02     0.1030E-03
  180        0.75      0.9437E-02     0.1029E-03
  181        0.00      0.9435E-02     0.1029E-03
