    1      180.00      0.1607E-01     0.1659E-03
    2      178.64      0.1610E-01     0.1661E-03
    3      177.27      0.1619E-01     0.1667E-03
    4      175.91      0.1635E-01     0.1676E-03
    5      174.54      0.1656E-01     0.1689E-03
    6      173.18      0.1684E-01     0.1706E-03
    7      171.82      0.1717E-01     0.1727E-03
    8      170.46      0.1756E-01     0.1751E-03
    9      169.10      0.1800E-01     0.1778E-03
   10      167.74      0.1849E-01     0.1808E-03
   11      166.39      0.1904E-01     0.1842E-03
   12      165.03      0.1962E-01     0.1878E-03
   13      163.68      0.2026E-01     0.1917E-03
   14      162.33      0.2093E-01     0.1958E-03
   15      160.99      0.2163E-01     0.2002E-03
   16      159.64      0.2237E-01     0.2048E-03
   17      158.31      0.2314E-01     0.2095E-03
   18      156.97      0.2393E-01     0.2144E-03
   19      155.64      0.2474E-01     0.2194E-03
   20      154.31      0.2556E-01     0.2246E-03
   21      152.98      0.2640E-01     0.2298E-03
   22      151.66      0.2725E-01     0.2351E-03
   23      150.34      0.2810E-01     0.2404E-03
   24      149.03      0.2895E-01     0.2457E-03
   25      147.72      0.2979E-01     0.2510E-03
   26      146.41      0.3062E-01     0.2563E-03
   27      145.11      0.3144E-01     0.2615E-03
   28      143.82      0.3224E-01     0.2666E-03
   29      142.53      0.3302E-01     0.2716E-03
   30      141.24      0.3378E-01     0.2765E-03
   31      139.96      0.3451E-01     0.2812E-03
   32      138.69      0.3521E-01     0.2858E-03
   33      137.42      0.3587E-01     0.2902E-03
   34      136.15      0.3650E-01     0.2945E-03
   35      134.89      0.3708E-01     0.2985E-03
   36      133.64      0.3763E-01     0.3023E-03
   37      132.39      0.3812E-01     0.3059E-03
   38      131.15      0.3858E-01     0.3092E-03
   39      129.91      0.3898E-01     0.3123E-03
   40      128.68      0.3933E-01     0.3151E-03
   41      127.45      0.3964E-01     0.3177E-03
   42      126.24      0.3989E-01     0.3200E-03
   43      125.02      0.4009E-01     0.3221E-03
   44      123.81      0.4023E-01     0.3239E-03
   45      122.61      0.4032E-01     0.3254E-03
   46      121.42      0.4036E-01     0.3266E-03
   47      120.23      0.4035E-01     0.3276E-03
   48      119.04      0.4028E-01     0.3283E-03
   49      117.87      0.4016E-01     0.3288E-03
   50      116.69      0.3999E-01     0.3290E-03
   51      115.53      0.3977E-01     0.3289E-03
   52      114.37      0.3950E-01     0.3286E-03
   53      113.21      0.3918E-01     0.3281E-03
   54      112.07      0.3881E-01     0.3273E-03
   55      110.92      0.3840E-01     0.3263E-03
   56      109.79      0.3795E-01     0.3251E-03
   57      108.66      0.3746E-01     0.3237E-03
   58      107.54      0.3693E-01     0.3220E-03
   59      106.42      0.3636E-01     0.3202E-03
   60      105.31      0.3575E-01     0.3183E-03
   61      104.20      0.3512E-01     0.3161E-03
   62      103.10      0.3445E-01     0.3138E-03
   63      102.01      0.3376E-01     0.3114E-03
   64      100.92      0.3304E-01     0.3088E-03
   65       99.83      0.3231E-01     0.3061E-03
   66       98.76      0.3155E-01     0.3032E-03
   67       97.69      0.3077E-01     0.3003E-03
   68       96.62      0.2998E-01     0.2973E-03
   69       95.56      0.2917E-01     0.2941E-03
   70       94.51      0.2836E-01     0.2909E-03
   71       93.46      0.2754E-01     0.2877E-03
   72       92.41      0.2671E-01     0.2843E-03
   73       91.38      0.2589E-01     0.2809E-03
   74       90.34      0.2506E-01     0.2775E-03
   75       89.32      0.2423E-01     0.2741E-03
   76       88.29      0.2341E-01     0.2706E-03
   77       87.28      0.2259E-01     0.2671E-03
   78       86.26      0.2178E-01     0.2635E-03
   79       85.26      0.2098E-01     0.2600E-03
   80       84.26      0.2020E-01     0.2565E-03
   81       83.26      0.1943E-01     0.2529E-03
   82       82.27      0.1867E-01     0.2494E-03
   83       81.28      0.1793E-01     0.2459E-03
   84       80.30      0.1721E-01     0.2424E-03
   85       79.32      0.1651E-01     0.2389E-03
   86       78.35      0.1582E-01     0.2355E-03
   87       77.39      0.1517E-01     0.2321E-03
   88       76.42      0.1453E-01     0.2287E-03
   89       75.46      0.1392E-01     0.2254E-03
   90       74.51      0.1334E-01     0.2221E-03
   91       73.56      0.1278E-01     0.2189E-03
   92       72.62      0.1224E-01     0.2157E-03
   93       71.68      0.1174E-01     0.2125E-03
   94       70.74      0.1126E-01     0.2094E-03
   95       69.81      0.1081E-01     0.2064E-03
   96       68.88      0.1038E-01     0.2034E-03
   97       67.96      0.9986E-02     0.2004E-03
   98       67.04      0.9619E-02     0.1975E-03
   99       66.13      0.9280E-02     0.1947E-03
  100       65.22      0.8968E-02     0.1919E-03
  101       64.31      0.8684E-02     0.1892E-03
  102       63.41      0.8427E-02     0.1865E-03
  103       62.51      0.8197E-02     0.1839E-03
  104       61.61      0.7994E-02     0.1813E-03
  105       60.72      0.7816E-02     0.1788E-03
  106       59.83      0.7664E-02     0.1764E-03
  107       58.95      0.7536E-02     0.1740E-03
  108       58.07      0.7432E-02     0.1716E-03
  109       57.19      0.7351E-02     0.1694E-03
  110       56.32      0.7293E-02     0.1671E-03
  111       55.45      0.7255E-02     0.1649E-03
  112       54.58      0.7238E-02     0.1628E-03
  113       53.72      0.7241E-02     0.1607E-03
  114       52.85      0.7261E-02     0.1587E-03
  115       52.00      0.7300E-02     0.1567E-03
  116       51.14      0.7354E-02     0.1548E-03
  117       50.29      0.7424E-02     0.1529E-03
  118       49.44      0.7508E-02     0.1510E-03
  119       48.60      0.7605E-02     0.1492E-03
  120       47.76      0.7713E-02     0.1475E-03
  121       46.92      0.7833E-02     0.1458E-03
  122       46.08      0.7962E-02     0.1441E-03
  123       45.25      0.8100E-02     0.1425E-03
  124       44.42      0.8245E-02     0.1409E-03
  125       43.59      0.8397E-02     0.1394E-03
  126       42.76      0.8554E-02     0.1378E-03
  127       41.94      0.8715E-02     0.1364E-03
  128       41.12      0.8879E-02     0.1350E-03
  129       40.30      0.9046E-02     0.1336E-03
  130       39.49      0.9214E-02     0.1322E-03
  131       38.67      0.9382E-02     0.1309E-03
  132       37.86      0.9550E-02     0.1296E-03
  133       37.05      0.9716E-02     0.1283E-03
  134       36.25      0.9880E-02     0.1271E-03
  135       35.44      0.1004E-01     0.1259E-03
  136       34.64      0.1020E-01     0.1248E-03
  137       33.84      0.1035E-01     0.1236E-03
  138       33.05      0.1050E-01     0.1225E-03
  139       32.25      0.1064E-01     0.1215E-03
  140       31.46      0.1078E-01     0.1204E-03
  141       30.66      0.1091E-01     0.1194E-03
  142       29.87      0.1103E-01     0.1185E-03
  143       29.09      0.1115E-01     0.1175E-03
  144       28.30      0.1126E-01     0.1166E-03
  145       27.51      0.1136E-01     0.1157E-03
  146       26.73      0.1146E-01     0.1148E-03
  147       25.95      0.1154E-01     0.1140E-03
  148       25.17      0.1162E-01     0.1131E-03
  149       24.39      0.1169E-01     0.1124E-03
  150       23.61      0.1176E-01     0.1116E-03
  151       22.84      0.1181E-01     0.1108E-03
  152       22.06      0.1186E-01     0.1101E-03
  153       21.29      0.1190E-01     0.1094E-03
  154       20.52      0.1193E-01     0.1088E-03
  155       19.75      0.1196E-01     0.1081E-03
  156       18.98      0.1198E-01     0.1075E-03
  157       18.21      0.1200E-01     0.1069E-03
  158       17.44      0.1201E-01     0.1064E-03
  159       16.68      0.1201E-01     0.1058E-03
  160       15.91      0.1201E-01     0.1053E-03
  161       15.15      0.1201E-01     0.1048E-03
  162       14.39      0.1200E-01     0.1043E-03
  163       13.62      0.1199E-01     0.1039E-03
  164       12.86      0.1197E-01     0.1035E-03
  165       12.10      0.1196E-01     0.1031E-03
  166       11.34      0.1194E-01     0.1027E-03
  167       10.58      0.1192E-01     0.1023E-03
  168        9.82      0.1190E-01     0.1020E-03
  169        9.07      0.1187E-01     0.1017E-03
  170        8.31      0.1185E-01     0.1014E-03
  171        7.55      0.1183E-01     0.1012E-03
  172        6.80      0.1181E-01     0.1009E-03
  173        6.04      0.1179E-01     0.1007E-03
  174        5.28      0.1177E-01     0.1006E-03
  175        4.53      0.1176E-01     0.1004E-03
  176        3.77      0.1174E-01     0.1003E-03
  177        3.02      0.1173E-01     0.1002E-03
  178        2.26      0.1172E-01     0.1001E-03
  179        1.51      0.1172E-01     0.1000E-03
  180        0.75      0.1171E-01     0.9997E-04
  181        0.00      0.1171E-01     0.9996E-04
