   3N SYSTEM INCLUSIVE  PHOTODESINTEGRATION
        DETECTED PARTICLE: 1- PROTON
        NOT DETECTED PARTICLES:2- PROTON  3-NEUTRON

      OMEGA 0.30000E+02
     MTTWE1,MTTWE2,MTTWE3=    1    1   -1
     TH1LAB,PHI1LAB=    60.000     0.000
   Unit of cross sections ... fm**2/(MeV*sr**2)
      I       E1      CROSS           AX           AY           AZ
      1      15.607    0.33108E-05   -0.91961E+00    0.28424E-18   -0.14849E-17
      1      15.593    0.95090E-03   -0.91776E+00   -0.10221E-17    0.20884E-18
      1      15.587    0.10631E-02   -0.91722E+00   -0.89094E-18   -0.26288E-18
      1      15.580    0.11289E-02   -0.91671E+00   -0.97538E-18   -0.25671E-17
      1      15.573    0.11677E-02   -0.91623E+00    0.52950E-17    0.17416E-17
      1      15.567    0.11898E-02   -0.91577E+00    0.48867E-20    0.28357E-17
      1      15.560    0.12010E-02   -0.91533E+00    0.12135E-18    0.19158E-17
      1      15.553    0.12050E-02   -0.91491E+00    0.42015E-18   -0.17576E-17
      1      15.547    0.12040E-02   -0.91451E+00    0.16505E-17   -0.57101E-18
      1      15.540    0.11998E-02   -0.91413E+00   -0.52887E-17   -0.37836E-17
      1      15.533    0.11935E-02   -0.91377E+00   -0.11257E-17   -0.31229E-18
      1      15.527    0.11857E-02   -0.91343E+00    0.13463E-17    0.15821E-17
      1      15.520    0.11771E-02   -0.91311E+00   -0.38525E-17   -0.14651E-19
      1      15.513    0.11679E-02   -0.91281E+00    0.49180E-18    0.20275E-17
      1      15.507    0.11586E-02   -0.91252E+00    0.18232E-17   -0.35508E-18
      1      15.500    0.11492E-02   -0.91225E+00   -0.42432E-17   -0.49505E-17
      1      15.493    0.11397E-02   -0.91200E+00    0.25791E-18   -0.15853E-17
      1      15.487    0.11304E-02   -0.91176E+00   -0.15817E-17   -0.21435E-17
      1      15.402    0.10234E-02   -0.90918E+00    0.22009E-18   -0.70510E-17
      1      15.318    0.94047E-03   -0.90699E+00    0.53526E-18    0.20487E-17
      1      15.233    0.87760E-03   -0.90504E+00   -0.22318E-17   -0.90596E-17
      1      15.149    0.82881E-03   -0.90324E+00    0.19288E-17    0.13358E-17
      1      15.064    0.78953E-03   -0.90148E+00   -0.82813E-17   -0.11181E-16
      1      14.980    0.75684E-03   -0.89970E+00   -0.82135E-17   -0.69566E-17
      1      14.895    0.72887E-03   -0.89783E+00    0.80672E-18   -0.15909E-18
      1      14.811    0.70440E-03   -0.89583E+00    0.42846E-18   -0.77781E-18
      1      14.727    0.68258E-03   -0.89368E+00    0.29524E-17    0.47043E-17
      1      14.642    0.66284E-03   -0.89136E+00   -0.82221E-18    0.42592E-17
      1      14.558    0.64482E-03   -0.88886E+00    0.89425E-18   -0.48796E-17
      1      14.473    0.62827E-03   -0.88620E+00   -0.53946E-17   -0.10007E-16
      1      14.389    0.61303E-03   -0.88339E+00   -0.13730E-17    0.86537E-17
      1      14.304    0.59895E-03   -0.88044E+00    0.71824E-17   -0.20716E-16
      1      14.220    0.58589E-03   -0.87734E+00    0.80693E-19   -0.70317E-17
      1      14.136    0.57375E-03   -0.87412E+00   -0.22581E-17   -0.85841E-17
      1      14.051    0.56242E-03   -0.87075E+00    0.11032E-17   -0.11356E-17
      1      13.967    0.55183E-03   -0.86726E+00   -0.30267E-17   -0.76025E-17
      1      13.882    0.54189E-03   -0.86362E+00    0.10535E-17   -0.81443E-17
      1      13.798    0.53256E-03   -0.85985E+00    0.29906E-17   -0.22382E-16
      1      13.713    0.52378E-03   -0.85594E+00    0.84647E-18   -0.41612E-18
      1      13.629    0.51551E-03   -0.85190E+00   -0.79113E-18   -0.13165E-16
      1      13.545    0.50773E-03   -0.84772E+00   -0.37086E-17   -0.19290E-17
      1      13.460    0.50042E-03   -0.84341E+00   -0.13420E-17   -0.17214E-16
      1      13.376    0.49357E-03   -0.83898E+00    0.12744E-17   -0.68325E-17
      1      13.291    0.48716E-03   -0.83445E+00   -0.67836E-17    0.13498E-17
      1      13.207    0.48118E-03   -0.82982E+00    0.20988E-17   -0.20194E-16
      1      13.122    0.47562E-03   -0.82510E+00   -0.54544E-17   -0.12769E-16
      1      13.038    0.47045E-03   -0.82031E+00    0.10869E-17   -0.29583E-17
      1      12.954    0.46566E-03   -0.81547E+00   -0.24545E-17   -0.17606E-16
      1      12.869    0.46124E-03   -0.81058E+00   -0.74908E-18    0.17533E-16
      1      12.785    0.45717E-03   -0.80566E+00   -0.13928E-16    0.29093E-16
      1      12.700    0.45342E-03   -0.80071E+00   -0.29824E-17   -0.10129E-16
      1      12.616    0.44998E-03   -0.79573E+00    0.45193E-17   -0.21183E-16
      1      12.531    0.44682E-03   -0.79074E+00    0.57954E-19    0.18547E-17
      1      12.447    0.44392E-03   -0.78572E+00   -0.19596E-16   -0.16648E-16
      1      12.363    0.44127E-03   -0.78068E+00   -0.13455E-16    0.57622E-17
      1      12.278    0.43885E-03   -0.77562E+00    0.19316E-17   -0.91038E-17
      1      12.194    0.43665E-03   -0.77055E+00   -0.20356E-17   -0.17440E-17
      1      12.109    0.43466E-03   -0.76546E+00   -0.12330E-17   -0.19720E-16
      1      12.025    0.43288E-03   -0.76036E+00    0.16181E-16   -0.31767E-16
      1      11.940    0.43130E-03   -0.75527E+00   -0.32858E-17   -0.27307E-17
      1      11.856    0.42992E-03   -0.75019E+00   -0.35280E-17    0.24715E-16
      1      11.772    0.42876E-03   -0.74514E+00   -0.67815E-17   -0.74758E-17
      1      11.687    0.42781E-03   -0.74012E+00   -0.31071E-16    0.10125E-16
      1      11.603    0.42709E-03   -0.73515E+00   -0.73348E-17    0.57347E-17
      1      11.518    0.42659E-03   -0.73024E+00    0.47955E-16   -0.68764E-16
      1      11.434    0.42631E-03   -0.72539E+00    0.13445E-17   -0.73203E-17
      1      11.349    0.42626E-03   -0.72062E+00    0.24140E-16    0.56556E-17
      1      11.265    0.42643E-03   -0.71593E+00   -0.50547E-17    0.24717E-17
      1      11.181    0.42681E-03   -0.71132E+00   -0.30469E-17   -0.32901E-18
      1      11.096    0.42742E-03   -0.70680E+00   -0.60475E-17    0.47451E-17
      1      11.012    0.42824E-03   -0.70237E+00   -0.12811E-16    0.18916E-16
      1      10.927    0.42926E-03   -0.69803E+00   -0.16178E-16   -0.24276E-16
      1      10.843    0.43048E-03   -0.69377E+00    0.17930E-16    0.18710E-16
      1      10.758    0.43189E-03   -0.68961E+00   -0.30190E-16   -0.35041E-17
      1      10.674    0.43349E-03   -0.68552E+00   -0.11047E-16   -0.23173E-16
      1      10.589    0.43527E-03   -0.68151E+00    0.69881E-17   -0.57903E-17
      1      10.505    0.43722E-03   -0.67758E+00    0.61308E-17    0.14471E-16
      1      10.421    0.43935E-03   -0.67371E+00   -0.63485E-17   -0.98174E-17
      1      10.336    0.44166E-03   -0.66991E+00   -0.33168E-17    0.25033E-17
      1      10.252    0.44414E-03   -0.66617E+00   -0.38226E-17    0.16183E-16
      1      10.167    0.44681E-03   -0.66250E+00   -0.88175E-18    0.24288E-16
      1      10.083    0.44966E-03   -0.65889E+00   -0.82015E-17    0.23565E-16
      1       9.998    0.45271E-03   -0.65535E+00   -0.18718E-16    0.47412E-16
      1       9.914    0.45597E-03   -0.65189E+00   -0.19668E-16    0.15645E-16
      1       9.830    0.45945E-03   -0.64852E+00    0.97451E-17    0.14150E-16
      1       9.745    0.46317E-03   -0.64525E+00   -0.32483E-16    0.28278E-16
      1       9.661    0.46714E-03   -0.64209E+00   -0.19451E-16    0.28381E-16
      1       9.576    0.47138E-03   -0.63905E+00   -0.37813E-16    0.21978E-16
      1       9.492    0.47589E-03   -0.63614E+00   -0.29159E-16    0.22729E-16
      1       9.407    0.48069E-03   -0.63338E+00    0.13766E-16    0.10801E-16
      1       9.323    0.48578E-03   -0.63076E+00    0.20771E-16    0.22362E-16
      1       9.239    0.49116E-03   -0.62829E+00   -0.17472E-17    0.23708E-16
      1       9.154    0.49684E-03   -0.62596E+00   -0.16415E-16    0.30707E-16
      1       9.070    0.50282E-03   -0.62378E+00   -0.63151E-17    0.97569E-17
      1       8.985    0.50911E-03   -0.62175E+00   -0.17976E-16    0.32569E-16
      1       8.901    0.51570E-03   -0.61987E+00    0.23293E-16    0.31350E-17
      1       8.816    0.52261E-03   -0.61813E+00   -0.18460E-17    0.20076E-16
      1       8.732    0.52983E-03   -0.61653E+00    0.11233E-16    0.22624E-16
      1       8.648    0.53737E-03   -0.61508E+00   -0.24832E-16    0.22431E-16
      1       8.563    0.54523E-03   -0.61376E+00    0.88794E-17    0.46153E-16
      1       8.479    0.55341E-03   -0.61257E+00    0.14103E-17    0.37291E-16
      1       8.394    0.56192E-03   -0.61152E+00    0.58245E-17    0.22076E-16
      1       8.310    0.57076E-03   -0.61059E+00   -0.24478E-16    0.27697E-16
      1       8.225    0.57994E-03   -0.60978E+00   -0.28783E-16    0.15672E-16
      1       8.141    0.58946E-03   -0.60909E+00   -0.13847E-16   -0.11730E-16
      1       8.057    0.59934E-03   -0.60851E+00   -0.82737E-17    0.99957E-17
      1       7.972    0.60958E-03   -0.60805E+00   -0.35896E-17    0.24946E-16
      1       7.888    0.62019E-03   -0.60771E+00    0.10249E-16    0.78939E-17
      1       7.803    0.63120E-03   -0.60748E+00    0.60679E-17    0.31189E-16
      1       7.719    0.64261E-03   -0.60737E+00   -0.92635E-17    0.17078E-17
      1       7.634    0.65445E-03   -0.60737E+00    0.53034E-16    0.36902E-16
      1       7.550    0.66672E-03   -0.60750E+00   -0.30989E-16    0.10901E-16
      1       7.466    0.67946E-03   -0.60775E+00    0.12080E-16    0.18810E-16
      1       7.381    0.69267E-03   -0.60813E+00    0.43721E-16    0.50186E-17
      1       7.297    0.70638E-03   -0.60863E+00    0.42880E-16    0.28747E-16
      1       7.212    0.72061E-03   -0.60926E+00   -0.42533E-16    0.21645E-16
      1       7.128    0.73536E-03   -0.61002E+00   -0.36726E-16    0.10386E-16
      1       7.043    0.75065E-03   -0.61090E+00    0.23706E-16   -0.63386E-17
      1       6.959    0.76648E-03   -0.61190E+00   -0.26948E-16    0.31980E-17
      1       6.875    0.78288E-03   -0.61302E+00    0.56886E-16    0.35728E-17
      1       6.790    0.79985E-03   -0.61425E+00   -0.48496E-16    0.19446E-17
      1       6.706    0.81741E-03   -0.61560E+00    0.15210E-16   -0.10779E-17
      1       6.621    0.83557E-03   -0.61707E+00    0.27623E-16    0.14270E-17
      1       6.537    0.85435E-03   -0.61865E+00    0.19183E-16   -0.15400E-16
      1       6.452    0.87377E-03   -0.62035E+00   -0.15298E-16    0.14165E-16
      1       6.368    0.89384E-03   -0.62215E+00    0.43032E-16    0.30920E-16
      1       6.283    0.91459E-03   -0.62407E+00   -0.38654E-17    0.12456E-16
      1       6.199    0.93603E-03   -0.62609E+00   -0.31570E-16   -0.78877E-18
      1       6.115    0.95820E-03   -0.62823E+00    0.11454E-16    0.35202E-17
      1       6.030    0.98111E-03   -0.63048E+00    0.32957E-16    0.38750E-18
      1       5.946    0.10048E-02   -0.63284E+00   -0.61092E-16   -0.20596E-16
      1       5.861    0.10292E-02   -0.63530E+00    0.34338E-16   -0.16740E-17
      1       5.777    0.10545E-02   -0.63788E+00   -0.10126E-15    0.24466E-16
      1       5.692    0.10806E-02   -0.64055E+00    0.66102E-17   -0.23490E-17
      1       5.608    0.11076E-02   -0.64333E+00    0.48040E-16    0.23940E-17
      1       5.524    0.11354E-02   -0.64621E+00   -0.81610E-18    0.73516E-17
      1       5.439    0.11641E-02   -0.64919E+00    0.61816E-16   -0.86721E-18
      1       5.355    0.11938E-02   -0.65227E+00    0.17649E-16    0.16682E-16
      1       5.270    0.12245E-02   -0.65546E+00   -0.18099E-16    0.25674E-17
      1       5.186    0.12561E-02   -0.65873E+00    0.34613E-16   -0.17506E-17
      1       5.101    0.12886E-02   -0.66208E+00   -0.32901E-17   -0.11863E-17
      1       5.017    0.13219E-02   -0.66547E+00   -0.73303E-17   -0.13300E-16
      1       4.933    0.13559E-02   -0.66888E+00   -0.13983E-16    0.15518E-16
      1       4.848    0.13903E-02   -0.67225E+00   -0.99556E-16   -0.68799E-17
      1       4.764    0.14247E-02   -0.67551E+00    0.64348E-16   -0.12154E-16
      1       4.679    0.14586E-02   -0.67857E+00   -0.24280E-16   -0.10662E-16
      1       4.595    0.14914E-02   -0.68131E+00    0.14149E-15   -0.15809E-16
      1       4.510    0.15221E-02   -0.68363E+00   -0.19433E-17   -0.31228E-17
      1       4.426    0.15498E-02   -0.68538E+00   -0.15447E-15   -0.34776E-17
      1       4.342    0.15735E-02   -0.68641E+00   -0.28208E-15   -0.13532E-17
      1       4.257    0.15921E-02   -0.68660E+00   -0.24130E-15    0.12937E-17
      1       4.173    0.16047E-02   -0.68580E+00    0.85868E-16   -0.36495E-17
      1       4.088    0.16104E-02   -0.68388E+00    0.56233E-16    0.21050E-18
      1       4.004    0.16088E-02   -0.68078E+00    0.15355E-15    0.47340E-17
      1       3.919    0.16001E-02   -0.67648E+00    0.43535E-16    0.56349E-17
      1       3.835    0.15847E-02   -0.67102E+00   -0.13993E-15   -0.28467E-16
      1       3.751    0.15636E-02   -0.66447E+00   -0.39031E-16    0.10345E-16
      1       3.666    0.15376E-02   -0.65693E+00    0.31865E-16    0.73602E-17
      1       3.582    0.15078E-02   -0.64849E+00   -0.10249E-15   -0.24309E-19
      1       3.497    0.14752E-02   -0.63926E+00   -0.12696E-17   -0.20119E-16
      1       3.413    0.14406E-02   -0.62937E+00    0.18821E-15   -0.77833E-17
      1       3.328    0.14049E-02   -0.61889E+00    0.69556E-16    0.45698E-17
      1       3.244    0.13685E-02   -0.60792E+00    0.35358E-17   -0.56483E-17
      1       3.160    0.13319E-02   -0.59653E+00    0.47936E-16    0.17167E-18
      1       3.075    0.12954E-02   -0.58475E+00   -0.50128E-16   -0.64767E-18
      1       2.991    0.12592E-02   -0.57261E+00   -0.35706E-16   -0.81641E-17
      1       2.906    0.12234E-02   -0.56014E+00   -0.56320E-16   -0.75279E-17
      1       2.822    0.11882E-02   -0.54734E+00    0.67226E-16   -0.38321E-17
      1       2.737    0.11537E-02   -0.53425E+00    0.33657E-16   -0.27863E-16
      1       2.653    0.11199E-02   -0.52088E+00   -0.77299E-16    0.20293E-16
      1       2.569    0.10870E-02   -0.50727E+00    0.16236E-16    0.31017E-16
      1       2.484    0.10549E-02   -0.49344E+00    0.11330E-15    0.44153E-17
      1       2.400    0.10237E-02   -0.47941E+00    0.16182E-15   -0.14208E-16
      1       2.315    0.99342E-03   -0.46521E+00    0.20673E-16   -0.41583E-17
      1       2.231    0.96406E-03   -0.45085E+00   -0.13767E-16   -0.36733E-17
      1       2.146    0.93563E-03   -0.43638E+00    0.60001E-16    0.31513E-17
      1       2.062    0.90810E-03   -0.42182E+00    0.65213E-16   -0.12945E-16
      1       1.977    0.88147E-03   -0.40720E+00    0.18645E-16   -0.15957E-16
      1       1.893    0.85571E-03   -0.39257E+00    0.17463E-16   -0.15110E-16
      1       1.809    0.83070E-03   -0.37789E+00    0.62141E-16    0.12204E-16
      1       1.724    0.80629E-03   -0.36312E+00    0.72623E-16   -0.11678E-16
      1       1.640    0.78231E-03   -0.34818E+00    0.44854E-16   -0.15067E-16
      1       1.555    0.75860E-03   -0.33299E+00    0.23638E-16   -0.48773E-17
      1       1.471    0.73500E-03   -0.31744E+00   -0.14844E-16    0.15236E-16
      1       1.386    0.71133E-03   -0.30143E+00    0.79984E-16   -0.37406E-16
      1       1.302    0.68747E-03   -0.28487E+00    0.18498E-16    0.25335E-16
      1       1.218    0.66331E-03   -0.26769E+00    0.11916E-16    0.24356E-16
      1       1.133    0.63877E-03   -0.24988E+00    0.66081E-16   -0.77893E-18
      1       1.049    0.61386E-03   -0.23156E+00    0.27060E-16    0.18806E-16
      1       0.964    0.58875E-03   -0.21311E+00    0.78963E-16   -0.66693E-17
      1       0.880    0.56341E-03   -0.19483E+00    0.67716E-16   -0.60673E-17
      1       0.795    0.53766E-03   -0.17691E+00    0.35474E-16   -0.19735E-16
      1       0.711    0.51122E-03   -0.15951E+00    0.56710E-16   -0.95454E-17
      1       0.627    0.48377E-03   -0.14296E+00    0.77373E-16   -0.25106E-16
      1       0.542    0.45508E-03   -0.12807E+00    0.36633E-16   -0.34955E-16
      1       0.458    0.42462E-03   -0.11572E+00    0.67127E-16   -0.62277E-17
      1       0.373    0.38979E-03   -0.10325E+00    0.55063E-16   -0.10392E-16
      1       0.289    0.34683E-03   -0.85253E-01    0.58856E-16    0.16447E-16
      1       0.204    0.29280E-03   -0.58738E-01    0.48500E-16   -0.33159E-16
      1       0.120    0.22479E-03   -0.29500E-01    0.70806E-16   -0.37992E-17
