   3N SYSTEM INCLUSIVE  PHOTODESINTEGRATION
        DETECTED PARTICLE: 1- PROTON
        NOT DETECTED PARTICLES:2- PROTON  3-NEUTRON

      OMEGA 0.10000E+03
     MTTWE1,MTTWE2,MTTWE3=    1    1   -1
     TH1LAB,PHI1LAB=   180.000     0.000
   Unit of cross sections ... fm**2/(MeV*sr**2)
      I       E1      CROSS           AX           AY           AZ
      1      48.980    0.17290E-07    0.82720E-18   -0.45378E-20    0.40453E-16
      1      48.967    0.49449E-05    0.67936E-18    0.19382E-20    0.87043E-16
      1      48.960    0.55546E-05    0.79147E-18   -0.22605E-20   -0.12402E-15
      1      48.954    0.59401E-05    0.11470E-17   -0.23348E-20   -0.14491E-16
      1      48.947    0.61977E-05    0.13056E-17    0.12484E-19   -0.13918E-16
      1      48.940    0.63756E-05    0.17256E-17   -0.16051E-20    0.85756E-17
      1      48.934    0.65010E-05    0.21050E-17    0.57813E-20    0.44709E-16
      1      48.927    0.65907E-05    0.23579E-17   -0.34048E-20   -0.16224E-16
      1      48.920    0.66553E-05    0.25378E-17   -0.34885E-19   -0.51694E-16
      1      48.914    0.67019E-05    0.33663E-17    0.45844E-20    0.30540E-16
      1      48.907    0.67355E-05    0.37144E-17    0.14041E-19    0.39323E-16
      1      48.900    0.67596E-05    0.43418E-17    0.12651E-19   -0.50659E-17
      1      48.894    0.67766E-05    0.46375E-17   -0.14654E-19   -0.34616E-16
      1      48.887    0.67885E-05    0.47443E-17    0.34526E-19    0.66467E-17
      1      48.880    0.67965E-05    0.49951E-17    0.27125E-19   -0.23600E-17
      1      48.874    0.68016E-05    0.66839E-17    0.24599E-19   -0.11701E-16
      1      48.867    0.68047E-05    0.69105E-17    0.23019E-19    0.40743E-17
      1      48.860    0.68062E-05    0.74819E-17    0.18458E-19    0.32667E-17
      1      48.592    0.67938E-05    0.29102E-16    0.19427E-19   -0.15639E-16
      1      48.325    0.68038E-05    0.53016E-16   -0.13277E-18    0.10168E-15
      1      48.057    0.68376E-05    0.69387E-16   -0.25831E-18    0.42713E-16
      1      47.789    0.68732E-05    0.86892E-16    0.27508E-18    0.13914E-16
      1      47.521    0.69030E-05    0.98969E-16    0.50479E-18    0.29258E-16
      1      47.253    0.69297E-05    0.11063E-15    0.58552E-18   -0.13634E-16
      1      46.986    0.69592E-05    0.12749E-15    0.90140E-18    0.66633E-17
      1      46.718    0.69978E-05    0.13722E-15   -0.47544E-18    0.16327E-16
      1      46.450    0.70515E-05    0.14999E-15    0.48619E-19    0.89728E-17
      1      46.182    0.71256E-05    0.15814E-15    0.12660E-17    0.62685E-16
      1      45.914    0.72214E-05    0.17074E-15   -0.30370E-18    0.35863E-16
      1      45.647    0.73362E-05    0.18296E-15    0.73676E-18   -0.76955E-17
      1      45.379    0.74678E-05    0.19864E-15    0.85957E-18    0.28694E-16
      1      45.111    0.76146E-05    0.22021E-15    0.69294E-18   -0.84800E-17
      1      44.843    0.77755E-05    0.22543E-15    0.70929E-18    0.56424E-17
      1      44.575    0.79495E-05    0.24209E-15   -0.45429E-18   -0.18560E-17
      1      44.308    0.81355E-05    0.26463E-15   -0.36400E-18    0.31446E-18
      1      44.040    0.83329E-05    0.27040E-15    0.17154E-18   -0.29691E-17
      1      43.772    0.85410E-05    0.29944E-15    0.14452E-17    0.15569E-16
      1      43.504    0.87590E-05    0.31556E-15   -0.23318E-19    0.62693E-17
      1      43.236    0.89867E-05    0.33027E-15    0.12160E-17    0.34075E-17
      1      42.969    0.92237E-05    0.35206E-15   -0.96422E-19    0.15578E-16
      1      42.701    0.94699E-05    0.39480E-15    0.79951E-18    0.89666E-18
      1      42.433    0.97254E-05    0.42330E-15   -0.39397E-17   -0.10973E-19
      1      42.165    0.99905E-05    0.44004E-15    0.11935E-17    0.14609E-16
      1      41.897    0.10266E-04    0.45111E-15    0.13172E-17    0.29081E-17
      1      41.630    0.10552E-04    0.47760E-15    0.22706E-17    0.19205E-16
      1      41.362    0.10850E-04    0.49955E-15   -0.27436E-17   -0.91723E-17
      1      41.094    0.11160E-04    0.53864E-15    0.17837E-17   -0.13628E-17
      1      40.826    0.11483E-04    0.58379E-15   -0.40995E-17   -0.25753E-17
      1      40.558    0.11818E-04    0.58455E-15    0.34240E-17   -0.15489E-16
      1      40.291    0.12164E-04    0.62243E-15    0.19433E-17    0.19821E-17
      1      40.023    0.12523E-04    0.67091E-15    0.30075E-17   -0.77825E-17
      1      39.755    0.12891E-04    0.69694E-15    0.26003E-17   -0.11547E-16
      1      39.487    0.13268E-04    0.75142E-15   -0.30149E-19   -0.70211E-17
      1      39.219    0.13652E-04    0.76873E-15    0.81855E-18   -0.37885E-17
      1      38.952    0.14042E-04    0.80611E-15   -0.25875E-18   -0.71411E-17
      1      38.684    0.14435E-04    0.85157E-15    0.26774E-17   -0.10656E-16
      1      38.416    0.14831E-04    0.86551E-15    0.55615E-18   -0.12387E-16
      1      38.148    0.15225E-04    0.91628E-15    0.32516E-17   -0.93785E-17
      1      37.880    0.15618E-04    0.10017E-14    0.61117E-17   -0.12754E-16
      1      37.613    0.16007E-04    0.10147E-14    0.39647E-17    0.42309E-17
      1      37.345    0.16391E-04    0.10052E-14    0.13002E-17   -0.56374E-18
      1      37.077    0.16768E-04    0.10112E-14   -0.41794E-17   -0.24079E-18
      1      36.809    0.17137E-04    0.10182E-14   -0.39801E-18   -0.11767E-16
      1      36.541    0.17496E-04    0.11095E-14    0.16116E-17   -0.12228E-16
      1      36.273    0.17844E-04    0.10611E-14    0.80569E-17   -0.14490E-16
      1      36.006    0.18181E-04    0.11349E-14   -0.22555E-17   -0.21235E-17
      1      35.738    0.18504E-04    0.11031E-14    0.16458E-16   -0.19939E-16
      1      35.470    0.18815E-04    0.11778E-14    0.21861E-17   -0.68840E-17
      1      35.202    0.19111E-04    0.11879E-14    0.30406E-17   -0.81168E-17
      1      34.934    0.19392E-04    0.12412E-14   -0.12046E-17   -0.25874E-17
      1      34.667    0.19658E-04    0.11857E-14    0.68334E-17   -0.13036E-16
      1      34.399    0.19908E-04    0.12165E-14    0.21940E-18   -0.21933E-17
      1      34.131    0.20141E-04    0.12597E-14    0.78511E-17   -0.11796E-17
      1      33.863    0.20357E-04    0.12851E-14    0.87025E-17   -0.18393E-16
      1      33.595    0.20554E-04    0.12974E-14    0.83313E-17   -0.20840E-16
      1      33.328    0.20732E-04    0.13143E-14    0.23332E-17   -0.18248E-16
      1      33.060    0.20890E-04    0.13127E-14    0.66522E-17   -0.12163E-16
      1      32.792    0.21027E-04    0.13593E-14    0.47739E-17   -0.13619E-16
      1      32.524    0.21144E-04    0.13665E-14    0.77879E-17   -0.12383E-16
      1      32.256    0.21238E-04    0.14022E-14    0.89791E-17   -0.26962E-17
      1      31.989    0.21310E-04    0.14252E-14    0.83186E-17   -0.14255E-16
      1      31.721    0.21361E-04    0.13622E-14    0.49175E-17   -0.14997E-16
      1      31.453    0.21389E-04    0.14186E-14    0.43078E-17   -0.17665E-16
      1      31.185    0.21396E-04    0.14435E-14    0.22333E-17   -0.16296E-16
      1      30.917    0.21381E-04    0.14198E-14    0.80354E-17   -0.16981E-16
      1      30.650    0.21347E-04    0.14674E-14    0.22638E-17   -0.29194E-17
      1      30.382    0.21293E-04    0.15071E-14    0.70080E-17   -0.25362E-16
      1      30.114    0.21222E-04    0.15012E-14    0.52133E-17   -0.97417E-17
      1      29.846    0.21136E-04    0.14674E-14    0.56729E-17   -0.16604E-16
      1      29.578    0.21036E-04    0.15097E-14    0.11076E-16   -0.14016E-16
      1      29.311    0.20924E-04    0.14636E-14    0.14694E-18   -0.17167E-16
      1      29.043    0.20802E-04    0.15140E-14    0.39000E-17   -0.21610E-16
      1      28.775    0.20671E-04    0.14983E-14    0.92403E-17   -0.25782E-16
      1      28.507    0.20534E-04    0.15413E-14    0.65904E-17   -0.16557E-16
      1      28.239    0.20392E-04    0.15358E-14    0.50141E-17   -0.28166E-16
      1      27.972    0.20245E-04    0.15552E-14    0.87164E-17   -0.14249E-16
      1      27.704    0.20096E-04    0.15886E-14    0.27540E-17   -0.17135E-16
      1      27.436    0.19945E-04    0.15693E-14    0.74976E-17   -0.44651E-16
      1      27.168    0.19793E-04    0.15647E-14    0.12704E-16   -0.13043E-16
      1      26.900    0.19640E-04    0.16305E-14    0.87017E-17   -0.23600E-16
      1      26.633    0.19486E-04    0.15900E-14    0.66231E-17   -0.26542E-16
      1      26.365    0.19332E-04    0.16370E-14    0.10010E-16   -0.32493E-16
      1      26.097    0.19178E-04    0.16523E-14    0.10844E-16   -0.19961E-16
      1      25.829    0.19023E-04    0.16728E-14    0.10588E-16   -0.28236E-16
      1      25.561    0.18869E-04    0.16487E-14    0.10496E-16   -0.20590E-16
      1      25.294    0.18715E-04    0.17157E-14    0.25716E-17   -0.27886E-16
      1      25.026    0.18562E-04    0.17275E-14    0.14371E-16   -0.22477E-16
      1      24.758    0.18410E-04    0.17113E-14    0.98603E-17   -0.30878E-16
      1      24.490    0.18260E-04    0.17867E-14    0.14876E-17   -0.24542E-16
      1      24.222    0.18111E-04    0.16762E-14    0.25800E-17   -0.19778E-16
      1      23.955    0.17966E-04    0.17244E-14    0.38749E-17   -0.31132E-16
      1      23.687    0.17823E-04    0.18077E-14    0.98044E-17   -0.32512E-16
      1      23.419    0.17685E-04    0.17859E-14    0.13488E-16   -0.26304E-16
      1      23.151    0.17551E-04    0.18280E-14    0.16083E-16   -0.20584E-16
      1      22.883    0.17422E-04    0.17914E-14    0.14688E-16   -0.39826E-16
      1      22.616    0.17300E-04    0.18611E-14    0.88534E-17   -0.40640E-16
      1      22.348    0.17186E-04    0.18869E-14    0.11042E-16   -0.35515E-16
      1      22.080    0.17079E-04    0.18364E-14    0.18934E-16   -0.45978E-16
      1      21.812    0.16982E-04    0.18613E-14    0.21503E-16   -0.39758E-16
      1      21.544    0.16895E-04    0.19613E-14    0.16932E-16   -0.34008E-16
      1      21.276    0.16818E-04    0.18729E-14    0.17194E-16   -0.39008E-16
      1      21.009    0.16753E-04    0.18638E-14    0.16662E-16   -0.43151E-16
      1      20.741    0.16701E-04    0.19190E-14    0.75671E-17   -0.34079E-16
      1      20.473    0.16662E-04    0.19534E-14    0.16335E-16   -0.37855E-16
      1      20.205    0.16636E-04    0.19172E-14    0.12414E-16   -0.40125E-16
      1      19.937    0.16624E-04    0.18878E-14    0.16185E-16   -0.55567E-16
      1      19.670    0.16626E-04    0.19637E-14    0.12245E-16   -0.45891E-16
      1      19.402    0.16644E-04    0.20087E-14    0.16325E-16   -0.49153E-16
      1      19.134    0.16676E-04    0.19627E-14    0.13366E-16   -0.53063E-16
      1      18.866    0.16723E-04    0.19745E-14    0.16743E-16   -0.41918E-16
      1      18.598    0.16785E-04    0.19841E-14    0.16539E-16   -0.50523E-16
      1      18.331    0.16863E-04    0.19643E-14    0.14595E-16   -0.42869E-16
      1      18.063    0.16956E-04    0.19536E-14    0.14362E-16   -0.47580E-16
      1      17.795    0.17064E-04    0.20272E-14    0.15817E-16   -0.45177E-16
      1      17.527    0.17187E-04    0.19536E-14    0.19098E-16   -0.41306E-16
      1      17.259    0.17325E-04    0.19707E-14    0.11938E-16   -0.48623E-16
      1      16.992    0.17478E-04    0.19743E-14    0.19454E-16   -0.52069E-16
      1      16.724    0.17647E-04    0.19428E-14    0.19144E-16   -0.42401E-16
      1      16.456    0.17830E-04    0.19791E-14    0.25777E-16   -0.45266E-16
      1      16.188    0.18028E-04    0.20258E-14    0.24551E-16   -0.54352E-16
      1      15.920    0.18242E-04    0.19889E-14    0.11799E-16   -0.53181E-16
      1      15.653    0.18471E-04    0.20028E-14    0.15267E-16   -0.54872E-16
      1      15.385    0.18716E-04    0.19446E-14    0.17138E-16   -0.54334E-16
      1      15.117    0.18977E-04    0.18785E-14    0.23134E-16   -0.45261E-16
      1      14.849    0.19255E-04    0.19297E-14    0.26129E-16   -0.49036E-16
      1      14.581    0.19550E-04    0.18491E-14    0.22309E-16   -0.44349E-16
      1      14.314    0.19863E-04    0.18342E-14    0.17418E-16   -0.49375E-16
      1      14.046    0.20195E-04    0.18072E-14    0.24070E-16   -0.45986E-16
      1      13.778    0.20545E-04    0.18921E-14    0.35474E-16   -0.46748E-16
      1      13.510    0.20916E-04    0.18051E-14    0.11181E-16   -0.46048E-16
      1      13.242    0.21308E-04    0.18360E-14    0.23107E-16   -0.59050E-16
      1      12.975    0.21722E-04    0.18146E-14    0.25251E-16   -0.50343E-16
      1      12.707    0.22160E-04    0.17670E-14    0.33411E-16   -0.50356E-16
      1      12.439    0.22624E-04    0.17437E-14    0.16505E-16   -0.56340E-16
      1      12.171    0.23115E-04    0.17275E-14    0.21728E-16   -0.52226E-16
      1      11.903    0.23635E-04    0.17444E-14    0.26732E-16   -0.42075E-16
      1      11.636    0.24186E-04    0.16929E-14    0.28608E-16   -0.51163E-16
      1      11.368    0.24766E-04    0.15911E-14    0.26361E-16   -0.46223E-16
      1      11.100    0.25373E-04    0.15801E-14    0.17224E-16   -0.45235E-16
      1      10.832    0.25998E-04    0.16125E-14    0.33199E-16   -0.45525E-16
      1      10.564    0.26623E-04    0.14828E-14    0.23466E-16   -0.45335E-16
      1      10.297    0.27215E-04    0.14511E-14    0.30965E-16   -0.51192E-16
      1      10.029    0.27730E-04    0.14853E-14    0.18743E-16   -0.48665E-16
      1       9.761    0.28115E-04    0.13832E-14    0.27710E-16   -0.55173E-16
      1       9.493    0.28335E-04    0.14246E-14    0.26066E-16   -0.58237E-16
      1       9.225    0.28405E-04    0.13958E-14    0.39991E-16   -0.58735E-16
      1       8.958    0.28375E-04    0.14244E-14    0.32185E-16   -0.59439E-16
      1       8.690    0.28302E-04    0.13913E-14    0.25154E-16   -0.53133E-16
      1       8.422    0.28233E-04    0.13671E-14    0.42666E-16   -0.53067E-16
      1       8.154    0.28202E-04    0.13456E-14    0.57356E-16   -0.63756E-16
      1       7.886    0.28228E-04    0.13433E-14    0.33019E-16   -0.54783E-16
      1       7.619    0.28325E-04    0.13735E-14    0.27197E-16   -0.60503E-16
      1       7.351    0.28498E-04    0.13128E-14    0.60617E-16   -0.66108E-16
      1       7.083    0.28755E-04    0.14147E-14    0.45610E-16   -0.54256E-16
      1       6.815    0.29099E-04    0.13881E-14    0.62870E-16   -0.63708E-16
      1       6.547    0.29535E-04    0.13099E-14    0.67440E-16   -0.67806E-16
      1       6.279    0.30066E-04    0.12993E-14    0.90752E-16   -0.75739E-16
      1       6.012    0.30698E-04    0.14103E-14    0.63750E-16   -0.66499E-16
      1       5.744    0.31433E-04    0.13393E-14    0.81602E-16   -0.64756E-16
      1       5.476    0.32277E-04    0.13184E-14    0.85059E-16   -0.58465E-16
      1       5.208    0.33233E-04    0.14190E-14    0.10405E-15   -0.60523E-16
      1       4.940    0.34303E-04    0.14718E-14    0.85288E-16   -0.60782E-16
      1       4.673    0.35489E-04    0.14421E-14    0.81366E-16   -0.52420E-16
      1       4.405    0.36792E-04    0.14957E-14    0.11411E-15   -0.53176E-16
      1       4.137    0.38209E-04    0.14556E-14    0.74636E-16   -0.50864E-16
      1       3.869    0.39737E-04    0.14736E-14    0.56639E-16   -0.56310E-16
      1       3.601    0.41367E-04    0.15306E-14    0.86465E-16   -0.48738E-16
      1       3.334    0.43084E-04    0.15185E-14    0.88157E-16   -0.54036E-16
      1       3.066    0.44864E-04    0.16321E-14    0.71985E-16   -0.56647E-16
      1       2.798    0.46668E-04    0.16148E-14    0.71469E-16   -0.48528E-16
      1       2.530    0.48444E-04    0.16429E-14    0.60560E-16   -0.38634E-16
      1       2.262    0.50116E-04    0.16504E-14    0.60149E-16   -0.49831E-16
      1       1.995    0.51584E-04    0.17366E-14    0.45289E-16   -0.37890E-16
      1       1.727    0.52706E-04    0.17304E-14    0.88596E-16   -0.48061E-16
      1       1.459    0.53288E-04    0.18833E-14    0.94007E-16   -0.39248E-16
      1       1.191    0.53058E-04    0.18919E-14    0.71173E-16   -0.34832E-16
      1       0.923    0.51639E-04    0.19840E-14    0.43454E-16   -0.39627E-16
      1       0.656    0.48355E-04    0.19828E-14    0.90073E-16   -0.38307E-16
      1       0.388    0.41732E-04    0.19157E-14    0.10011E-15   -0.31607E-16
      1       0.120    0.26603E-04    0.19328E-14    0.71871E-16   -0.30163E-16
