   3N SYSTEM INCLUSIVE  PHOTODESINTEGRATION
        DETECTED PARTICLE: 1- PROTON
        NOT DETECTED PARTICLES:2- PROTON  3-NEUTRON

      OMEGA 0.30000E+02
     MTTWE1,MTTWE2,MTTWE3=    1    1   -1
     TH1LAB,PHI1LAB=   120.000     0.000
   Unit of cross sections ... fm**2/(MeV*sr**2)
      I       E1      CROSS           AX           AY           AZ
      1      13.837    0.13047E-05   -0.92146E+00    0.25009E-18    0.46977E-19
      1      13.823    0.36770E-03   -0.91750E+00    0.12473E-17    0.12706E-17
      1      13.817    0.40866E-03   -0.91614E+00   -0.17853E-17   -0.21847E-18
      1      13.810    0.43173E-03   -0.91483E+00   -0.84882E-18   -0.14251E-17
      1      13.803    0.44461E-03   -0.91355E+00   -0.17797E-17    0.58763E-17
      1      13.797    0.45127E-03   -0.91232E+00    0.41402E-17   -0.28958E-17
      1      13.790    0.45399E-03   -0.91112E+00    0.63764E-18   -0.15121E-17
      1      13.783    0.45418E-03   -0.90995E+00   -0.13665E-17   -0.11765E-17
      1      13.777    0.45272E-03   -0.90883E+00   -0.28959E-17   -0.72968E-18
      1      13.770    0.45020E-03   -0.90774E+00    0.40236E-18    0.40222E-17
      1      13.763    0.44704E-03   -0.90669E+00   -0.73722E-17   -0.22223E-17
      1      13.757    0.44351E-03   -0.90569E+00    0.10964E-17    0.31865E-18
      1      13.750    0.43980E-03   -0.90472E+00    0.39685E-17   -0.17443E-17
      1      13.743    0.43603E-03   -0.90380E+00    0.39233E-18   -0.45675E-17
      1      13.737    0.43225E-03   -0.90291E+00   -0.14959E-17    0.33896E-17
      1      13.730    0.42850E-03   -0.90205E+00    0.25792E-17    0.18870E-17
      1      13.723    0.42480E-03   -0.90121E+00   -0.10823E-17   -0.24381E-17
      1      13.717    0.42117E-03   -0.90041E+00    0.45400E-18   -0.19973E-18
      1      13.642    0.38553E-03   -0.89241E+00    0.57934E-18   -0.15060E-17
      1      13.567    0.35834E-03   -0.88556E+00   -0.11522E-17    0.51705E-18
      1      13.492    0.33806E-03   -0.87956E+00    0.95030E-17   -0.12690E-16
      1      13.418    0.32272E-03   -0.87423E+00   -0.18792E-17    0.69279E-17
      1      13.343    0.31069E-03   -0.86935E+00    0.12254E-17   -0.70994E-17
      1      13.268    0.30095E-03   -0.86474E+00   -0.49049E-17    0.36464E-17
      1      13.194    0.29281E-03   -0.86026E+00   -0.37115E-17   -0.54798E-17
      1      13.119    0.28585E-03   -0.85580E+00    0.50437E-18    0.60269E-17
      1      13.044    0.27977E-03   -0.85130E+00    0.63700E-17    0.10481E-16
      1      12.970    0.27436E-03   -0.84670E+00   -0.33471E-17    0.11852E-17
      1      12.895    0.26951E-03   -0.84196E+00   -0.72120E-18   -0.68998E-17
      1      12.820    0.26513E-03   -0.83709E+00    0.12659E-17    0.28392E-17
      1      12.745    0.26120E-03   -0.83211E+00   -0.56015E-17   -0.37655E-16
      1      12.671    0.25768E-03   -0.82704E+00    0.89862E-17    0.30059E-17
      1      12.596    0.25454E-03   -0.82189E+00    0.33666E-17   -0.49984E-17
      1      12.521    0.25174E-03   -0.81667E+00   -0.33262E-17   -0.20079E-17
      1      12.447    0.24926E-03   -0.81137E+00   -0.25524E-17    0.15608E-16
      1      12.372    0.24706E-03   -0.80600E+00    0.12023E-17    0.83394E-17
      1      12.297    0.24511E-03   -0.80055E+00    0.83428E-17    0.27732E-16
      1      12.222    0.24340E-03   -0.79502E+00    0.17097E-17   -0.51804E-17
      1      12.148    0.24190E-03   -0.78941E+00   -0.92049E-17   -0.50254E-17
      1      12.073    0.24060E-03   -0.78370E+00    0.61252E-17    0.91996E-17
      1      11.998    0.23948E-03   -0.77791E+00    0.21611E-16    0.12198E-16
      1      11.924    0.23855E-03   -0.77203E+00    0.38022E-17    0.15227E-16
      1      11.849    0.23780E-03   -0.76608E+00   -0.70700E-17    0.61210E-17
      1      11.774    0.23723E-03   -0.76007E+00   -0.51665E-17    0.28351E-16
      1      11.700    0.23685E-03   -0.75402E+00    0.15154E-16    0.22386E-16
      1      11.625    0.23665E-03   -0.74796E+00   -0.10271E-16    0.20188E-16
      1      11.550    0.23664E-03   -0.74190E+00   -0.19384E-16   -0.12514E-16
      1      11.475    0.23681E-03   -0.73588E+00    0.19878E-16    0.41035E-17
      1      11.401    0.23715E-03   -0.72990E+00   -0.20526E-17    0.27090E-17
      1      11.326    0.23767E-03   -0.72400E+00   -0.56232E-17    0.23181E-17
      1      11.251    0.23836E-03   -0.71818E+00   -0.61691E-17   -0.14108E-17
      1      11.177    0.23921E-03   -0.71247E+00    0.48531E-17    0.32945E-16
      1      11.102    0.24021E-03   -0.70685E+00    0.17919E-16   -0.13509E-17
      1      11.027    0.24136E-03   -0.70134E+00    0.11359E-17    0.26624E-17
      1      10.952    0.24263E-03   -0.69593E+00    0.19234E-16   -0.32714E-16
      1      10.878    0.24403E-03   -0.69062E+00   -0.25016E-16   -0.22869E-16
      1      10.803    0.24554E-03   -0.68539E+00   -0.97949E-17    0.55667E-16
      1      10.728    0.24715E-03   -0.68025E+00    0.24931E-17   -0.33604E-18
      1      10.654    0.24886E-03   -0.67520E+00   -0.14352E-16    0.38745E-16
      1      10.579    0.25067E-03   -0.67022E+00   -0.29063E-17    0.36871E-18
      1      10.504    0.25256E-03   -0.66533E+00    0.26823E-16   -0.15123E-16
      1      10.430    0.25456E-03   -0.66052E+00    0.37302E-16   -0.39947E-16
      1      10.355    0.25665E-03   -0.65582E+00    0.12809E-17    0.10373E-16
      1      10.280    0.25883E-03   -0.65123E+00   -0.15985E-16    0.13307E-16
      1      10.205    0.26113E-03   -0.64675E+00    0.32006E-16   -0.19019E-16
      1      10.131    0.26354E-03   -0.64241E+00   -0.22007E-16    0.44475E-16
      1      10.056    0.26606E-03   -0.63821E+00    0.41550E-18    0.14898E-17
      1       9.981    0.26871E-03   -0.63415E+00   -0.15525E-16    0.36500E-16
      1       9.907    0.27148E-03   -0.63024E+00    0.29377E-16   -0.40039E-16
      1       9.832    0.27437E-03   -0.62648E+00    0.14286E-16   -0.31790E-16
      1       9.757    0.27739E-03   -0.62287E+00   -0.34964E-16    0.44539E-16
      1       9.682    0.28053E-03   -0.61941E+00    0.89802E-17   -0.27339E-17
      1       9.608    0.28379E-03   -0.61610E+00   -0.46364E-17    0.29750E-16
      1       9.533    0.28717E-03   -0.61292E+00   -0.33291E-16   -0.12372E-17
      1       9.458    0.29067E-03   -0.60989E+00   -0.14051E-16    0.36251E-16
      1       9.384    0.29428E-03   -0.60699E+00   -0.25077E-18    0.16851E-16
      1       9.309    0.29800E-03   -0.60420E+00    0.19429E-16    0.66056E-18
      1       9.234    0.30183E-03   -0.60153E+00    0.44142E-16    0.15472E-17
      1       9.159    0.30575E-03   -0.59896E+00    0.15283E-16   -0.19011E-16
      1       9.085    0.30978E-03   -0.59647E+00   -0.27945E-16    0.26181E-16
      1       9.010    0.31390E-03   -0.59406E+00    0.47971E-17    0.23885E-16
      1       8.935    0.31812E-03   -0.59172E+00   -0.28473E-16   -0.14708E-16
      1       8.861    0.32244E-03   -0.58944E+00    0.25888E-16   -0.28222E-16
      1       8.786    0.32686E-03   -0.58721E+00   -0.23508E-17    0.43002E-16
      1       8.711    0.33139E-03   -0.58505E+00    0.34456E-17    0.18225E-16
      1       8.637    0.33604E-03   -0.58293E+00   -0.22431E-16   -0.47830E-16
      1       8.562    0.34081E-03   -0.58088E+00    0.12020E-17    0.51852E-16
      1       8.487    0.34573E-03   -0.57890E+00    0.29187E-16    0.20197E-16
      1       8.412    0.35079E-03   -0.57699E+00    0.16422E-16    0.18702E-16
      1       8.338    0.35601E-03   -0.57517E+00   -0.16998E-16    0.15565E-16
      1       8.263    0.36141E-03   -0.57344E+00    0.66998E-17    0.64409E-17
      1       8.188    0.36698E-03   -0.57183E+00    0.47054E-17    0.15024E-16
      1       8.114    0.37276E-03   -0.57033E+00   -0.19428E-17    0.16516E-16
      1       8.039    0.37874E-03   -0.56896E+00    0.38433E-17   -0.44598E-16
      1       7.964    0.38492E-03   -0.56771E+00    0.45613E-17    0.10165E-16
      1       7.889    0.39132E-03   -0.56660E+00    0.13844E-16    0.81312E-17
      1       7.815    0.39794E-03   -0.56561E+00   -0.59994E-17    0.38476E-16
      1       7.740    0.40477E-03   -0.56474E+00    0.92358E-17    0.10260E-16
      1       7.665    0.41182E-03   -0.56399E+00   -0.13241E-16    0.10425E-17
      1       7.591    0.41910E-03   -0.56336E+00    0.15848E-16    0.84303E-17
      1       7.516    0.42660E-03   -0.56284E+00   -0.73940E-17    0.99615E-17
      1       7.441    0.43434E-03   -0.56243E+00    0.38082E-18    0.25289E-16
      1       7.367    0.44231E-03   -0.56212E+00    0.37607E-16    0.14021E-17
      1       7.292    0.45051E-03   -0.56192E+00    0.43804E-16    0.38182E-17
      1       7.217    0.45896E-03   -0.56181E+00    0.17924E-17    0.20102E-16
      1       7.142    0.46764E-03   -0.56179E+00   -0.26533E-16    0.28165E-16
      1       7.068    0.47657E-03   -0.56184E+00   -0.85373E-17    0.19602E-16
      1       6.993    0.48575E-03   -0.56198E+00    0.12106E-16    0.21290E-16
      1       6.918    0.49518E-03   -0.56219E+00    0.18862E-16    0.17432E-16
      1       6.844    0.50486E-03   -0.56247E+00   -0.33991E-16    0.32513E-16
      1       6.769    0.51482E-03   -0.56282E+00    0.47270E-17    0.28657E-16
      1       6.694    0.52505E-03   -0.56324E+00   -0.25324E-16    0.10960E-16
      1       6.619    0.53556E-03   -0.56372E+00    0.18432E-16    0.74868E-17
      1       6.545    0.54638E-03   -0.56428E+00    0.33011E-16    0.24443E-16
      1       6.470    0.55751E-03   -0.56490E+00    0.98141E-17   -0.78052E-17
      1       6.395    0.56896E-03   -0.56561E+00   -0.56546E-18    0.15861E-16
      1       6.321    0.58076E-03   -0.56638E+00    0.37790E-16    0.10026E-16
      1       6.246    0.59291E-03   -0.56724E+00    0.26917E-16    0.45608E-17
      1       6.171    0.60543E-03   -0.56818E+00   -0.52327E-16    0.27652E-16
      1       6.097    0.61835E-03   -0.56921E+00    0.33159E-16   -0.17777E-16
      1       6.022    0.63167E-03   -0.57032E+00   -0.12539E-16    0.17036E-16
      1       5.947    0.64539E-03   -0.57152E+00    0.43183E-16    0.22830E-16
      1       5.872    0.65954E-03   -0.57281E+00    0.12105E-16    0.29137E-17
      1       5.798    0.67412E-03   -0.57418E+00    0.49743E-16    0.66776E-17
      1       5.723    0.68914E-03   -0.57563E+00   -0.20488E-16   -0.17016E-17
      1       5.648    0.70461E-03   -0.57718E+00   -0.13382E-16   -0.22277E-16
      1       5.574    0.72055E-03   -0.57881E+00    0.17232E-16    0.59210E-17
      1       5.499    0.73696E-03   -0.58052E+00    0.83187E-16    0.98863E-17
      1       5.424    0.75386E-03   -0.58232E+00    0.55366E-16    0.36342E-17
      1       5.349    0.77126E-03   -0.58421E+00   -0.31430E-16   -0.64061E-17
      1       5.275    0.78917E-03   -0.58618E+00    0.12760E-16    0.19185E-16
      1       5.200    0.80760E-03   -0.58824E+00    0.16454E-17    0.23405E-17
      1       5.125    0.82658E-03   -0.59038E+00   -0.55131E-16    0.50916E-17
      1       5.051    0.84612E-03   -0.59261E+00   -0.10148E-16    0.17612E-18
      1       4.976    0.86622E-03   -0.59493E+00   -0.58164E-16   -0.84268E-17
      1       4.901    0.88692E-03   -0.59733E+00   -0.31731E-16    0.24060E-17
      1       4.827    0.90823E-03   -0.59982E+00   -0.62986E-16    0.10610E-16
      1       4.752    0.93015E-03   -0.60240E+00    0.52175E-16    0.43444E-18
      1       4.677    0.95271E-03   -0.60506E+00   -0.60091E-16   -0.72116E-17
      1       4.602    0.97591E-03   -0.60781E+00    0.85458E-16    0.11814E-16
      1       4.528    0.99976E-03   -0.61064E+00   -0.82578E-16   -0.14315E-17
      1       4.453    0.10243E-02   -0.61355E+00    0.24783E-16    0.12451E-16
      1       4.378    0.10495E-02   -0.61654E+00    0.41164E-16   -0.17777E-16
      1       4.304    0.10755E-02   -0.61962E+00    0.92504E-16   -0.90546E-17
      1       4.229    0.11021E-02   -0.62277E+00    0.11693E-15    0.45610E-18
      1       4.154    0.11295E-02   -0.62599E+00   -0.38629E-16   -0.85094E-17
      1       4.079    0.11575E-02   -0.62926E+00    0.15343E-15    0.74062E-17
      1       4.005    0.11860E-02   -0.63255E+00    0.43600E-16   -0.17987E-17
      1       3.930    0.12148E-02   -0.63582E+00    0.53860E-16   -0.96347E-17
      1       3.855    0.12437E-02   -0.63900E+00   -0.15805E-16    0.12644E-16
      1       3.781    0.12723E-02   -0.64201E+00    0.10890E-16   -0.13098E-17
      1       3.706    0.13000E-02   -0.64475E+00   -0.63315E-16   -0.32624E-17
      1       3.631    0.13263E-02   -0.64711E+00   -0.64976E-16   -0.16697E-16
      1       3.557    0.13503E-02   -0.64894E+00    0.68940E-16   -0.18788E-19
      1       3.482    0.13711E-02   -0.65010E+00    0.18811E-15   -0.20355E-16
      1       3.407    0.13878E-02   -0.65043E+00    0.95668E-16    0.11962E-16
      1       3.332    0.13996E-02   -0.64978E+00    0.11850E-15   -0.95184E-17
      1       3.258    0.14057E-02   -0.64801E+00    0.12143E-15   -0.48560E-17
      1       3.183    0.14054E-02   -0.64498E+00   -0.22580E-16   -0.47631E-18
      1       3.108    0.13986E-02   -0.64062E+00    0.86752E-17   -0.13603E-16
      1       3.034    0.13855E-02   -0.63496E+00    0.15388E-15   -0.34996E-17
      1       2.959    0.13669E-02   -0.62805E+00   -0.82998E-16   -0.12076E-16
      1       2.884    0.13436E-02   -0.61995E+00   -0.70883E-16   -0.76721E-17
      1       2.809    0.13163E-02   -0.61077E+00    0.14135E-15    0.90293E-17
      1       2.735    0.12861E-02   -0.60063E+00    0.18628E-15    0.67887E-17
      1       2.660    0.12538E-02   -0.58965E+00    0.10419E-15    0.62915E-17
      1       2.585    0.12203E-02   -0.57795E+00    0.15079E-15   -0.16543E-17
      1       2.511    0.11860E-02   -0.56563E+00    0.15095E-15   -0.24469E-17
      1       2.436    0.11515E-02   -0.55278E+00   -0.71305E-16   -0.78755E-17
      1       2.361    0.11171E-02   -0.53947E+00   -0.36705E-17   -0.10005E-16
      1       2.286    0.10830E-02   -0.52574E+00   -0.10780E-15    0.21271E-17
      1       2.212    0.10493E-02   -0.51161E+00    0.32252E-16   -0.36790E-18
      1       2.137    0.10163E-02   -0.49711E+00   -0.11135E-17    0.72645E-17
      1       2.062    0.98383E-03   -0.48225E+00   -0.15090E-16    0.91425E-17
      1       1.988    0.95212E-03   -0.46707E+00    0.75625E-16   -0.52421E-17
      1       1.913    0.92119E-03   -0.45160E+00    0.53726E-16   -0.12049E-16
      1       1.838    0.89109E-03   -0.43587E+00   -0.16224E-16   -0.32599E-17
      1       1.764    0.86182E-03   -0.41991E+00   -0.89282E-17    0.20657E-17
      1       1.689    0.83340E-03   -0.40376E+00    0.56833E-16    0.13990E-16
      1       1.614    0.80582E-03   -0.38744E+00    0.97316E-16    0.26080E-17
      1       1.539    0.77905E-03   -0.37099E+00    0.10067E-16   -0.12299E-16
      1       1.465    0.75306E-03   -0.35444E+00    0.30780E-16   -0.27211E-17
      1       1.390    0.72782E-03   -0.33786E+00    0.70810E-16    0.65825E-17
      1       1.315    0.70327E-03   -0.32127E+00    0.32050E-16    0.14166E-16
      1       1.241    0.67929E-03   -0.30466E+00    0.22890E-16   -0.15632E-16
      1       1.166    0.65569E-03   -0.28797E+00    0.59922E-16   -0.96855E-17
      1       1.091    0.63229E-03   -0.27112E+00    0.37916E-16    0.37426E-17
      1       1.016    0.60890E-03   -0.25401E+00    0.53469E-16   -0.24843E-16
      1       0.942    0.58531E-03   -0.23655E+00    0.50667E-16   -0.71078E-17
      1       0.867    0.56132E-03   -0.21863E+00    0.14489E-17   -0.20036E-16
      1       0.792    0.53673E-03   -0.20018E+00    0.33985E-16   -0.86440E-17
      1       0.718    0.51135E-03   -0.18118E+00    0.90971E-16    0.18797E-16
      1       0.643    0.48500E-03   -0.16172E+00    0.79679E-16    0.11236E-16
      1       0.568    0.45758E-03   -0.14219E+00    0.33035E-16    0.18540E-17
      1       0.494    0.42880E-03   -0.12300E+00    0.12658E-15   -0.25941E-16
      1       0.419    0.39811E-03   -0.10438E+00    0.82390E-16    0.38418E-17
      1       0.344    0.36457E-03   -0.86532E-01    0.81444E-16   -0.24023E-16
      1       0.269    0.32687E-03   -0.69867E-01    0.19662E-16   -0.60733E-17
      1       0.195    0.28259E-03   -0.54933E-01    0.60541E-16    0.89646E-17
      1       0.120    0.22559E-03   -0.38079E-01    0.75836E-16   -0.16577E-16
