   3N SYSTEM INCLUSIVE  PHOTODESINTEGRATION
        DETECTED PARTICLE: 1- PROTON
        NOT DETECTED PARTICLES:2- PROTON  3-NEUTRON

      OMEGA 0.30000E+02
     MTTWE1,MTTWE2,MTTWE3=    1    1   -1
     TH1LAB,PHI1LAB=    60.000     0.000
   Unit of cross sections ... fm**2/(MeV*sr**2)
      I       E1      CROSS           AX           AY           AZ
      1      15.607    0.32927E-05   -0.91935E+00   -0.68841E-19    0.80626E-18
      1      15.593    0.94572E-03   -0.91744E+00   -0.81805E-18    0.82802E-18
      1      15.587    0.10573E-02   -0.91688E+00    0.91014E-18    0.15142E-17
      1      15.580    0.11228E-02   -0.91635E+00    0.31223E-17    0.42722E-17
      1      15.573    0.11615E-02   -0.91585E+00   -0.15849E-17   -0.19941E-17
      1      15.567    0.11836E-02   -0.91538E+00    0.24645E-18    0.71121E-18
      1      15.560    0.11948E-02   -0.91492E+00   -0.78604E-17   -0.13661E-17
      1      15.553    0.11988E-02   -0.91449E+00    0.28945E-18   -0.21246E-17
      1      15.547    0.11980E-02   -0.91407E+00    0.47449E-17    0.17235E-17
      1      15.540    0.11939E-02   -0.91368E+00   -0.68655E-18    0.19126E-19
      1      15.533    0.11876E-02   -0.91331E+00   -0.26099E-17   -0.15628E-17
      1      15.527    0.11799E-02   -0.91296E+00   -0.81260E-19    0.33087E-17
      1      15.520    0.11714E-02   -0.91262E+00    0.24632E-18    0.34419E-17
      1      15.513    0.11624E-02   -0.91231E+00   -0.76835E-19    0.92497E-20
      1      15.507    0.11532E-02   -0.91202E+00   -0.17178E-17    0.35011E-18
      1      15.500    0.11438E-02   -0.91174E+00    0.16299E-17    0.29704E-17
      1      15.493    0.11345E-02   -0.91147E+00    0.58143E-19   -0.14081E-17
      1      15.487    0.11252E-02   -0.91122E+00   -0.48845E-17   -0.49772E-17
      1      15.402    0.10192E-02   -0.90855E+00   -0.12626E-17   -0.49849E-17
      1      15.318    0.93690E-03   -0.90628E+00    0.22933E-17    0.19694E-17
      1      15.233    0.87451E-03   -0.90427E+00   -0.11206E-17    0.30953E-17
      1      15.149    0.82608E-03   -0.90240E+00    0.11892E-16   -0.10562E-17
      1      15.064    0.78710E-03   -0.90059E+00   -0.35218E-17   -0.59464E-17
      1      14.980    0.75466E-03   -0.89875E+00    0.38795E-17    0.13493E-17
      1      14.895    0.72690E-03   -0.89683E+00    0.26190E-17    0.25492E-18
      1      14.811    0.70262E-03   -0.89477E+00   -0.22331E-17    0.22995E-17
      1      14.727    0.68097E-03   -0.89257E+00    0.34234E-17    0.73280E-17
      1      14.642    0.66139E-03   -0.89019E+00    0.93405E-18    0.74837E-17
      1      14.558    0.64351E-03   -0.88763E+00    0.16283E-17   -0.77874E-17
      1      14.473    0.62711E-03   -0.88491E+00    0.15287E-17   -0.10731E-16
      1      14.389    0.61200E-03   -0.88204E+00    0.70029E-17    0.48755E-17
      1      14.304    0.59804E-03   -0.87902E+00    0.47965E-17   -0.90924E-17
      1      14.220    0.58510E-03   -0.87587E+00   -0.56800E-18   -0.17073E-17
      1      14.136    0.57307E-03   -0.87257E+00   -0.86777E-17   -0.15117E-16
      1      14.051    0.56184E-03   -0.86914E+00   -0.17938E-17   -0.51992E-17
      1      13.967    0.55134E-03   -0.86558E+00   -0.86281E-17   -0.47385E-17
      1      13.882    0.54149E-03   -0.86188E+00   -0.24266E-17   -0.10442E-16
      1      13.798    0.53223E-03   -0.85803E+00   -0.32438E-17   -0.19598E-16
      1      13.713    0.52351E-03   -0.85405E+00    0.19686E-17   -0.35056E-17
      1      13.629    0.51529E-03   -0.84993E+00   -0.77063E-17   -0.20846E-16
      1      13.545    0.50755E-03   -0.84567E+00    0.37613E-17   -0.67217E-17
      1      13.460    0.50028E-03   -0.84128E+00   -0.95656E-17   -0.29642E-16
      1      13.376    0.49346E-03   -0.83677E+00   -0.61547E-17   -0.99703E-17
      1      13.291    0.48708E-03   -0.83216E+00    0.60901E-17    0.17482E-17
      1      13.207    0.48112E-03   -0.82744E+00    0.61348E-17   -0.13128E-16
      1      13.122    0.47557E-03   -0.82264E+00   -0.50014E-17   -0.10163E-16
      1      13.038    0.47042E-03   -0.81778E+00    0.26079E-17   -0.14069E-16
      1      12.954    0.46565E-03   -0.81286E+00   -0.12576E-16   -0.21054E-16
      1      12.869    0.46124E-03   -0.80790E+00   -0.34099E-17    0.14217E-16
      1      12.785    0.45718E-03   -0.80290E+00   -0.18944E-16    0.27104E-16
      1      12.700    0.45344E-03   -0.79789E+00   -0.11866E-16   -0.18352E-16
      1      12.616    0.45001E-03   -0.79285E+00    0.19980E-16   -0.22095E-16
      1      12.531    0.44686E-03   -0.78780E+00    0.39795E-17    0.87968E-17
      1      12.447    0.44397E-03   -0.78273E+00   -0.42131E-17   -0.23367E-16
      1      12.363    0.44132E-03   -0.77764E+00   -0.16752E-16    0.80852E-17
      1      12.278    0.43890E-03   -0.77253E+00    0.44994E-17   -0.21603E-17
      1      12.194    0.43670E-03   -0.76742E+00   -0.12537E-16    0.59674E-17
      1      12.109    0.43470E-03   -0.76229E+00   -0.28596E-17   -0.12852E-16
      1      12.025    0.43291E-03   -0.75716E+00    0.20319E-16   -0.27562E-16
      1      11.940    0.43131E-03   -0.75204E+00    0.50155E-17   -0.10645E-17
      1      11.856    0.42992E-03   -0.74693E+00   -0.47403E-17    0.27463E-16
      1      11.772    0.42874E-03   -0.74185E+00   -0.38093E-17   -0.16506E-16
      1      11.687    0.42777E-03   -0.73681E+00   -0.25881E-16    0.15298E-17
      1      11.603    0.42702E-03   -0.73183E+00   -0.14136E-16    0.60911E-17
      1      11.518    0.42650E-03   -0.72691E+00    0.35215E-16   -0.64803E-16
      1      11.434    0.42620E-03   -0.72207E+00    0.17898E-17   -0.72304E-17
      1      11.349    0.42612E-03   -0.71730E+00    0.31738E-16    0.38664E-17
      1      11.265    0.42626E-03   -0.71262E+00    0.10605E-16   -0.41415E-17
      1      11.181    0.42662E-03   -0.70803E+00   -0.30183E-16   -0.26685E-17
      1      11.096    0.42720E-03   -0.70353E+00   -0.82512E-17   -0.42077E-17
      1      11.012    0.42798E-03   -0.69912E+00   -0.32528E-17    0.16294E-16
      1      10.927    0.42897E-03   -0.69481E+00    0.41930E-17   -0.16255E-16
      1      10.843    0.43016E-03   -0.69059E+00   -0.85087E-17    0.26125E-16
      1      10.758    0.43153E-03   -0.68646E+00   -0.34972E-16   -0.16002E-16
      1      10.674    0.43309E-03   -0.68242E+00   -0.11714E-16   -0.25577E-16
      1      10.589    0.43483E-03   -0.67845E+00   -0.92063E-17   -0.36511E-17
      1      10.505    0.43674E-03   -0.67457E+00    0.37476E-16    0.10128E-16
      1      10.421    0.43883E-03   -0.67075E+00   -0.22209E-16   -0.99088E-17
      1      10.336    0.44108E-03   -0.66700E+00   -0.11549E-16    0.11753E-17
      1      10.252    0.44351E-03   -0.66332E+00   -0.53050E-17    0.15330E-16
      1      10.167    0.44612E-03   -0.65970E+00    0.21680E-17    0.19395E-16
      1      10.083    0.44892E-03   -0.65614E+00   -0.87546E-17    0.27699E-16
      1       9.998    0.45191E-03   -0.65266E+00   -0.78844E-17    0.56326E-16
      1       9.914    0.45511E-03   -0.64926E+00    0.15858E-18   -0.25813E-17
      1       9.830    0.45854E-03   -0.64594E+00   -0.93170E-18    0.10393E-16
      1       9.745    0.46219E-03   -0.64273E+00    0.14517E-17    0.25779E-16
      1       9.661    0.46610E-03   -0.63963E+00   -0.53602E-17    0.16474E-16
      1       9.576    0.47028E-03   -0.63665E+00   -0.19391E-16    0.16465E-16
      1       9.492    0.47473E-03   -0.63381E+00   -0.14111E-16    0.12542E-16
      1       9.407    0.47947E-03   -0.63111E+00   -0.18005E-16    0.85302E-17
      1       9.323    0.48450E-03   -0.62856E+00    0.27028E-16    0.30345E-16
      1       9.239    0.48983E-03   -0.62616E+00    0.18546E-16    0.97440E-17
      1       9.154    0.49546E-03   -0.62390E+00   -0.27558E-16    0.27290E-16
      1       9.070    0.50139E-03   -0.62180E+00   -0.12574E-16    0.11006E-16
      1       8.985    0.50762E-03   -0.61985E+00   -0.51586E-16    0.28642E-16
      1       8.901    0.51416E-03   -0.61804E+00   -0.94804E-17    0.79330E-17
      1       8.816    0.52102E-03   -0.61638E+00   -0.26846E-17    0.46124E-17
      1       8.732    0.52818E-03   -0.61486E+00    0.14570E-16    0.16154E-16
      1       8.648    0.53567E-03   -0.61348E+00   -0.24127E-16    0.29301E-16
      1       8.563    0.54347E-03   -0.61224E+00    0.46186E-17    0.43045E-16
      1       8.479    0.55159E-03   -0.61113E+00   -0.50999E-17    0.42669E-16
      1       8.394    0.56004E-03   -0.61015E+00   -0.65445E-17    0.11769E-16
      1       8.310    0.56882E-03   -0.60930E+00   -0.15601E-16    0.14637E-16
      1       8.225    0.57794E-03   -0.60856E+00   -0.23980E-16    0.35451E-16
      1       8.141    0.58739E-03   -0.60794E+00   -0.18345E-16   -0.20652E-16
      1       8.057    0.59720E-03   -0.60743E+00    0.12073E-16    0.28123E-17
      1       7.972    0.60736E-03   -0.60704E+00   -0.84337E-17    0.14334E-16
      1       7.888    0.61791E-03   -0.60676E+00    0.13138E-16    0.14844E-16
      1       7.803    0.62883E-03   -0.60659E+00    0.17340E-16    0.27800E-16
      1       7.719    0.64017E-03   -0.60654E+00    0.26153E-17    0.22011E-16
      1       7.634    0.65192E-03   -0.60660E+00    0.74072E-16    0.26253E-16
      1       7.550    0.66411E-03   -0.60678E+00   -0.22204E-16    0.12074E-16
      1       7.466    0.67675E-03   -0.60708E+00    0.30555E-16    0.12691E-16
      1       7.381    0.68987E-03   -0.60751E+00    0.49664E-16    0.60725E-17
      1       7.297    0.70349E-03   -0.60806E+00    0.35295E-16    0.21873E-16
      1       7.212    0.71762E-03   -0.60874E+00   -0.33995E-16    0.19172E-16
      1       7.128    0.73227E-03   -0.60954E+00   -0.31794E-16   -0.85898E-17
      1       7.043    0.74746E-03   -0.61046E+00    0.23980E-16   -0.56626E-17
      1       6.959    0.76319E-03   -0.61150E+00   -0.49067E-16    0.16246E-16
      1       6.875    0.77948E-03   -0.61266E+00    0.45429E-16    0.31872E-17
      1       6.790    0.79633E-03   -0.61393E+00   -0.55654E-16   -0.73985E-17
      1       6.706    0.81378E-03   -0.61532E+00    0.73209E-17    0.75385E-17
      1       6.621    0.83183E-03   -0.61682E+00    0.33970E-16    0.63421E-17
      1       6.537    0.85049E-03   -0.61844E+00    0.22900E-16   -0.11880E-16
      1       6.452    0.86979E-03   -0.62017E+00    0.86383E-17    0.89732E-17
      1       6.368    0.88974E-03   -0.62201E+00    0.33739E-16    0.30208E-16
      1       6.283    0.91036E-03   -0.62395E+00   -0.66576E-17   -0.73992E-19
      1       6.199    0.93168E-03   -0.62601E+00   -0.22285E-16    0.16293E-17
      1       6.115    0.95371E-03   -0.62818E+00    0.25281E-16    0.10555E-16
      1       6.030    0.97648E-03   -0.63045E+00    0.17582E-16   -0.64553E-17
      1       5.946    0.10000E-02   -0.63284E+00   -0.60208E-16   -0.20959E-16
      1       5.861    0.10243E-02   -0.63533E+00    0.45595E-16   -0.59127E-17
      1       5.777    0.10494E-02   -0.63792E+00   -0.93120E-16    0.17926E-16
      1       5.692    0.10754E-02   -0.64062E+00    0.55273E-17   -0.85792E-17
      1       5.608    0.11022E-02   -0.64342E+00    0.59555E-16    0.23381E-17
      1       5.524    0.11298E-02   -0.64632E+00    0.19434E-16    0.11220E-16
      1       5.439    0.11584E-02   -0.64932E+00    0.84169E-16    0.19838E-17
      1       5.355    0.11878E-02   -0.65242E+00    0.16311E-16    0.25626E-16
      1       5.270    0.12183E-02   -0.65561E+00   -0.34077E-16    0.65029E-17
      1       5.186    0.12497E-02   -0.65890E+00    0.40099E-16   -0.81027E-17
      1       5.101    0.12819E-02   -0.66225E+00   -0.13338E-16   -0.69599E-17
      1       5.017    0.13150E-02   -0.66566E+00   -0.46630E-17   -0.60101E-17
      1       4.933    0.13488E-02   -0.66908E+00   -0.26731E-16   -0.84506E-18
      1       4.848    0.13829E-02   -0.67245E+00   -0.10638E-15    0.14930E-17
      1       4.764    0.14171E-02   -0.67571E+00    0.67494E-16   -0.19123E-16
      1       4.679    0.14507E-02   -0.67877E+00   -0.32279E-16    0.28382E-17
      1       4.595    0.14832E-02   -0.68152E+00    0.12405E-15   -0.25423E-16
      1       4.510    0.15136E-02   -0.68384E+00    0.39303E-18   -0.71293E-17
      1       4.426    0.15412E-02   -0.68560E+00   -0.17104E-15   -0.28184E-17
      1       4.342    0.15647E-02   -0.68664E+00   -0.29737E-15    0.44094E-17
      1       4.257    0.15831E-02   -0.68684E+00   -0.25867E-15    0.15343E-16
      1       4.173    0.15956E-02   -0.68605E+00    0.82465E-16   -0.37698E-17
      1       4.088    0.16013E-02   -0.68416E+00    0.36541E-16    0.28098E-17
      1       4.004    0.15997E-02   -0.68107E+00    0.17916E-15   -0.13571E-17
      1       3.919    0.15910E-02   -0.67680E+00    0.28553E-16    0.75659E-17
      1       3.835    0.15758E-02   -0.67138E+00   -0.13360E-15   -0.22416E-16
      1       3.751    0.15549E-02   -0.66487E+00   -0.71943E-16    0.13278E-16
      1       3.666    0.15292E-02   -0.65737E+00    0.18147E-16    0.58603E-17
      1       3.582    0.14997E-02   -0.64898E+00   -0.10143E-15    0.23436E-17
      1       3.497    0.14673E-02   -0.63981E+00   -0.74341E-19   -0.24321E-16
      1       3.413    0.14330E-02   -0.62996E+00    0.18315E-15   -0.17094E-16
      1       3.328    0.13976E-02   -0.61954E+00    0.72374E-16   -0.60267E-18
      1       3.244    0.13615E-02   -0.60863E+00   -0.34291E-16   -0.13606E-16
      1       3.160    0.13252E-02   -0.59729E+00    0.56475E-16   -0.95814E-18
      1       3.075    0.12890E-02   -0.58557E+00   -0.45319E-16   -0.67242E-17
      1       2.991    0.12530E-02   -0.57349E+00   -0.43585E-16   -0.12659E-17
      1       2.906    0.12176E-02   -0.56107E+00   -0.56367E-16   -0.84376E-17
      1       2.822    0.11826E-02   -0.54833E+00    0.79497E-16   -0.25592E-17
      1       2.737    0.11484E-02   -0.53529E+00    0.21675E-16   -0.24832E-16
      1       2.653    0.11148E-02   -0.52198E+00   -0.84592E-16    0.29050E-16
      1       2.569    0.10821E-02   -0.50843E+00    0.39669E-16    0.38593E-16
      1       2.484    0.10503E-02   -0.49465E+00    0.95280E-16    0.44122E-17
      1       2.400    0.10194E-02   -0.48067E+00    0.13489E-15   -0.14633E-16
      1       2.315    0.98938E-03   -0.46651E+00    0.22396E-16   -0.41224E-17
      1       2.231    0.96029E-03   -0.45221E+00    0.22170E-16   -0.17322E-16
      1       2.146    0.93213E-03   -0.43779E+00    0.28941E-16    0.53631E-17
      1       2.062    0.90489E-03   -0.42328E+00    0.54545E-16   -0.58907E-17
      1       1.977    0.87855E-03   -0.40872E+00    0.12279E-16   -0.17075E-16
      1       1.893    0.85308E-03   -0.39414E+00    0.24187E-16   -0.14417E-16
      1       1.809    0.82838E-03   -0.37952E+00    0.73720E-16    0.16284E-16
      1       1.724    0.80429E-03   -0.36481E+00    0.62612E-16   -0.29172E-17
      1       1.640    0.78063E-03   -0.34992E+00    0.41646E-16   -0.13256E-16
      1       1.555    0.75724E-03   -0.33477E+00    0.18442E-16   -0.11227E-16
      1       1.471    0.73395E-03   -0.31925E+00    0.10917E-16    0.69587E-17
      1       1.386    0.71059E-03   -0.30325E+00    0.86058E-16   -0.33000E-16
      1       1.302    0.68703E-03   -0.28669E+00    0.22202E-16    0.28741E-16
      1       1.218    0.66314E-03   -0.26948E+00   -0.65168E-17    0.17206E-16
      1       1.133    0.63887E-03   -0.25161E+00    0.80503E-16   -0.54516E-17
      1       1.049    0.61422E-03   -0.23321E+00    0.25344E-16    0.14534E-16
      1       0.964    0.58936E-03   -0.21466E+00    0.81300E-16   -0.10494E-16
      1       0.880    0.56429E-03   -0.19629E+00    0.64229E-16   -0.61701E-17
      1       0.795    0.53882E-03   -0.17829E+00    0.35331E-16   -0.22100E-16
      1       0.711    0.51266E-03   -0.16085E+00    0.61290E-16   -0.13273E-16
      1       0.627    0.48552E-03   -0.14430E+00    0.77289E-16   -0.29664E-16
      1       0.542    0.45714E-03   -0.12948E+00    0.49973E-16   -0.29330E-16
      1       0.458    0.42700E-03   -0.11732E+00    0.85241E-16    0.48240E-17
      1       0.373    0.39240E-03   -0.10499E+00    0.78904E-16   -0.98790E-17
      1       0.289    0.34942E-03   -0.86871E-01    0.72998E-16    0.17544E-16
      1       0.204    0.29511E-03   -0.59846E-01    0.63939E-16   -0.40675E-16
      1       0.120    0.22662E-03   -0.29922E-01    0.84794E-16    0.21248E-18
