   3N SYSTEM INCLUSIVE  PHOTODESINTEGRATION
        DETECTED PARTICLE: 1- PROTON
        NOT DETECTED PARTICLES:2- PROTON  3-NEUTRON

      OMEGA 0.30000E+02
     MTTWE1,MTTWE2,MTTWE3=    1    1   -1
     TH1LAB,PHI1LAB=    60.000     0.000
   Unit of cross sections ... fm**2/(MeV*sr**2)
      I       E1      CROSS           AX           AY           AZ
      1      15.607    0.33226E-05   -0.92049E+00   -0.12885E-20    0.30753E-19
      1      15.593    0.95432E-03   -0.91878E+00   -0.29755E-18    0.11163E-17
      1      15.587    0.10669E-02   -0.91829E+00   -0.11126E-18   -0.42405E-18
      1      15.580    0.11329E-02   -0.91784E+00    0.29152E-18   -0.42549E-18
      1      15.573    0.11719E-02   -0.91741E+00   -0.27227E-19   -0.22428E-17
      1      15.567    0.11941E-02   -0.91700E+00   -0.14806E-17    0.14412E-18
      1      15.560    0.12053E-02   -0.91661E+00    0.54689E-18    0.15288E-17
      1      15.553    0.12093E-02   -0.91624E+00    0.26592E-18   -0.97510E-18
      1      15.547    0.12084E-02   -0.91589E+00   -0.82165E-18   -0.32731E-17
      1      15.540    0.12041E-02   -0.91556E+00    0.16843E-17   -0.13605E-17
      1      15.533    0.11977E-02   -0.91525E+00   -0.10260E-17   -0.57538E-18
      1      15.527    0.11899E-02   -0.91495E+00    0.12223E-17    0.11301E-17
      1      15.520    0.11813E-02   -0.91468E+00   -0.42752E-18    0.14341E-18
      1      15.513    0.11721E-02   -0.91442E+00    0.21570E-17   -0.13758E-17
      1      15.507    0.11628E-02   -0.91417E+00    0.86646E-18    0.26911E-18
      1      15.500    0.11533E-02   -0.91394E+00    0.57899E-18   -0.10879E-17
      1      15.493    0.11439E-02   -0.91373E+00    0.55275E-18   -0.25304E-17
      1      15.487    0.11345E-02   -0.91352E+00   -0.47808E-18    0.24886E-17
      1      15.402    0.10273E-02   -0.91137E+00    0.98061E-18   -0.30699E-17
      1      15.318    0.94422E-03   -0.90954E+00    0.37631E-17   -0.11101E-17
      1      15.233    0.88115E-03   -0.90791E+00   -0.10944E-16    0.42705E-17
      1      15.149    0.83213E-03   -0.90640E+00    0.37522E-17    0.55197E-17
      1      15.064    0.79260E-03   -0.90492E+00   -0.25284E-17   -0.48229E-17
      1      14.980    0.75965E-03   -0.90339E+00   -0.60813E-17    0.57921E-18
      1      14.895    0.73141E-03   -0.90178E+00    0.24092E-17    0.24798E-17
      1      14.811    0.70665E-03   -0.90005E+00    0.41258E-17   -0.27373E-17
      1      14.727    0.68455E-03   -0.89816E+00    0.26730E-17    0.74900E-17
      1      14.642    0.66452E-03   -0.89611E+00    0.13132E-17    0.44646E-17
      1      14.558    0.64620E-03   -0.89388E+00    0.14431E-17   -0.11378E-16
      1      14.473    0.62935E-03   -0.89150E+00   -0.13643E-17   -0.15595E-16
      1      14.389    0.61381E-03   -0.88896E+00    0.24448E-17    0.10486E-17
      1      14.304    0.59942E-03   -0.88629E+00   -0.96917E-18   -0.11506E-16
      1      14.220    0.58607E-03   -0.88348E+00   -0.26578E-19   -0.97381E-17
      1      14.136    0.57364E-03   -0.88053E+00   -0.58031E-17   -0.37744E-17
      1      14.051    0.56204E-03   -0.87745E+00    0.27780E-17   -0.28425E-17
      1      13.967    0.55119E-03   -0.87424E+00   -0.18102E-17   -0.65299E-17
      1      13.882    0.54103E-03   -0.87090E+00    0.10557E-16   -0.15972E-16
      1      13.798    0.53150E-03   -0.86742E+00   -0.37413E-17   -0.13203E-16
      1      13.713    0.52255E-03   -0.86382E+00   -0.85568E-18   -0.17615E-17
      1      13.629    0.51414E-03   -0.86007E+00   -0.37779E-17   -0.16609E-16
      1      13.545    0.50625E-03   -0.85620E+00    0.23705E-17   -0.20443E-17
      1      13.460    0.49886E-03   -0.85221E+00   -0.99959E-18   -0.17950E-16
      1      13.376    0.49194E-03   -0.84810E+00    0.12172E-16   -0.85218E-17
      1      13.291    0.48547E-03   -0.84387E+00   -0.38455E-17   -0.35870E-17
      1      13.207    0.47944E-03   -0.83955E+00    0.92141E-17   -0.20372E-16
      1      13.122    0.47383E-03   -0.83513E+00   -0.50439E-17   -0.85650E-17
      1      13.038    0.46862E-03   -0.83064E+00   -0.68809E-17   -0.21312E-17
      1      12.954    0.46379E-03   -0.82607E+00    0.55314E-19   -0.22111E-16
      1      12.869    0.45933E-03   -0.82145E+00    0.25598E-17    0.16447E-16
      1      12.785    0.45522E-03   -0.81677E+00    0.47653E-17    0.30874E-16
      1      12.700    0.45144E-03   -0.81205E+00    0.19020E-17   -0.15415E-16
      1      12.616    0.44796E-03   -0.80729E+00    0.51529E-17   -0.14009E-16
      1      12.531    0.44478E-03   -0.80249E+00   -0.15429E-17    0.11742E-16
      1      12.447    0.44187E-03   -0.79765E+00   -0.11875E-16   -0.21455E-16
      1      12.363    0.43922E-03   -0.79277E+00   -0.16183E-16   -0.22952E-17
      1      12.278    0.43680E-03   -0.78786E+00   -0.41413E-17   -0.45607E-17
      1      12.194    0.43462E-03   -0.78292E+00    0.43400E-17    0.62238E-17
      1      12.109    0.43265E-03   -0.77795E+00    0.20700E-16   -0.87046E-17
      1      12.025    0.43091E-03   -0.77295E+00    0.10272E-16   -0.29997E-16
      1      11.940    0.42938E-03   -0.76794E+00    0.30817E-17    0.11307E-17
      1      11.856    0.42806E-03   -0.76293E+00    0.66826E-17    0.13649E-16
      1      11.772    0.42696E-03   -0.75793E+00    0.37195E-17   -0.22180E-17
      1      11.687    0.42609E-03   -0.75294E+00   -0.13465E-16    0.61469E-17
      1      11.603    0.42544E-03   -0.74798E+00   -0.19292E-16   -0.48067E-17
      1      11.518    0.42502E-03   -0.74306E+00    0.52447E-16   -0.67459E-16
      1      11.434    0.42483E-03   -0.73818E+00    0.12324E-16   -0.91014E-18
      1      11.349    0.42486E-03   -0.73335E+00    0.43468E-16    0.34035E-17
      1      11.265    0.42512E-03   -0.72858E+00    0.47807E-17   -0.15214E-17
      1      11.181    0.42561E-03   -0.72388E+00   -0.15367E-16   -0.12176E-16
      1      11.096    0.42631E-03   -0.71924E+00   -0.21746E-16   -0.32812E-17
      1      11.012    0.42723E-03   -0.71467E+00   -0.96333E-17    0.26453E-16
      1      10.927    0.42836E-03   -0.71017E+00   -0.45198E-17   -0.19112E-16
      1      10.843    0.42969E-03   -0.70575E+00    0.14718E-16    0.21569E-16
      1      10.758    0.43123E-03   -0.70139E+00   -0.15511E-16   -0.72707E-17
      1      10.674    0.43296E-03   -0.69711E+00   -0.10523E-16   -0.17422E-16
      1      10.589    0.43487E-03   -0.69289E+00    0.11660E-16   -0.71569E-17
      1      10.505    0.43698E-03   -0.68873E+00    0.92047E-17    0.95804E-17
      1      10.421    0.43926E-03   -0.68464E+00   -0.96908E-17   -0.20034E-16
      1      10.336    0.44173E-03   -0.68061E+00   -0.13302E-16    0.62225E-17
      1      10.252    0.44439E-03   -0.67664E+00   -0.16597E-16    0.18453E-16
      1      10.167    0.44723E-03   -0.67273E+00   -0.47237E-17    0.17354E-16
      1      10.083    0.45027E-03   -0.66889E+00   -0.80692E-17    0.24119E-16
      1       9.998    0.45351E-03   -0.66511E+00   -0.93560E-17    0.41529E-16
      1       9.914    0.45697E-03   -0.66141E+00   -0.74789E-17    0.33894E-18
      1       9.830    0.46065E-03   -0.65780E+00   -0.11876E-16    0.18052E-16
      1       9.745    0.46457E-03   -0.65428E+00   -0.74011E-17    0.36910E-16
      1       9.661    0.46874E-03   -0.65086E+00    0.63849E-17    0.28658E-16
      1       9.576    0.47316E-03   -0.64757E+00   -0.22163E-16    0.13756E-16
      1       9.492    0.47786E-03   -0.64440E+00   -0.62880E-18    0.13297E-16
      1       9.407    0.48284E-03   -0.64136E+00    0.91442E-17    0.98071E-17
      1       9.323    0.48811E-03   -0.63846E+00    0.14630E-16    0.35046E-16
      1       9.239    0.49366E-03   -0.63570E+00    0.19728E-16    0.22868E-16
      1       9.154    0.49951E-03   -0.63308E+00   -0.12267E-16    0.42890E-16
      1       9.070    0.50565E-03   -0.63060E+00   -0.96404E-17    0.11453E-16
      1       8.985    0.51209E-03   -0.62827E+00   -0.28174E-16    0.16518E-16
      1       8.901    0.51884E-03   -0.62608E+00    0.15052E-16    0.88660E-17
      1       8.816    0.52590E-03   -0.62404E+00   -0.72851E-17    0.70957E-17
      1       8.732    0.53328E-03   -0.62214E+00    0.29184E-16    0.14450E-16
      1       8.648    0.54097E-03   -0.62038E+00   -0.27170E-16    0.24792E-16
      1       8.563    0.54899E-03   -0.61876E+00   -0.31502E-16    0.34105E-16
      1       8.479    0.55733E-03   -0.61728E+00    0.52685E-17    0.33185E-16
      1       8.394    0.56600E-03   -0.61594E+00   -0.20838E-16    0.18920E-16
      1       8.310    0.57501E-03   -0.61472E+00   -0.49825E-17    0.33443E-16
      1       8.225    0.58437E-03   -0.61363E+00   -0.32101E-17    0.32876E-16
      1       8.141    0.59407E-03   -0.61267E+00   -0.54933E-17   -0.18959E-16
      1       8.057    0.60413E-03   -0.61184E+00    0.20698E-16    0.65208E-17
      1       7.972    0.61456E-03   -0.61112E+00    0.17885E-16    0.19020E-16
      1       7.888    0.62537E-03   -0.61053E+00    0.23223E-16    0.47088E-17
      1       7.803    0.63659E-03   -0.61007E+00   -0.12242E-16    0.14978E-16
      1       7.719    0.64821E-03   -0.60973E+00   -0.44114E-18    0.14385E-17
      1       7.634    0.66026E-03   -0.60952E+00    0.65704E-16    0.30025E-16
      1       7.550    0.67276E-03   -0.60944E+00   -0.18330E-17    0.40010E-17
      1       7.466    0.68572E-03   -0.60949E+00    0.10896E-16    0.10264E-16
      1       7.381    0.69917E-03   -0.60967E+00    0.42496E-16    0.10882E-16
      1       7.297    0.71312E-03   -0.60999E+00    0.42762E-16    0.14110E-16
      1       7.212    0.72759E-03   -0.61045E+00   -0.26569E-16    0.14541E-16
      1       7.128    0.74259E-03   -0.61103E+00   -0.39652E-16    0.13769E-16
      1       7.043    0.75813E-03   -0.61175E+00    0.27813E-16   -0.12530E-16
      1       6.959    0.77422E-03   -0.61259E+00   -0.47792E-16    0.13574E-16
      1       6.875    0.79087E-03   -0.61355E+00    0.45250E-16    0.11932E-17
      1       6.790    0.80810E-03   -0.61464E+00   -0.58122E-16   -0.27835E-17
      1       6.706    0.82592E-03   -0.61585E+00    0.20653E-16   -0.12330E-16
      1       6.621    0.84435E-03   -0.61718E+00    0.19670E-16    0.13158E-16
      1       6.537    0.86341E-03   -0.61863E+00    0.12025E-16   -0.82202E-17
      1       6.452    0.88310E-03   -0.62019E+00    0.30336E-17    0.11202E-16
      1       6.368    0.90346E-03   -0.62187E+00    0.35772E-16    0.24051E-16
      1       6.283    0.92449E-03   -0.62367E+00   -0.31850E-16   -0.20572E-18
      1       6.199    0.94623E-03   -0.62558E+00   -0.55724E-16   -0.98745E-17
      1       6.115    0.96870E-03   -0.62760E+00    0.15000E-16    0.11210E-16
      1       6.030    0.99191E-03   -0.62975E+00    0.29627E-16   -0.10028E-16
      1       5.946    0.10159E-02   -0.63200E+00   -0.40843E-16   -0.15882E-16
      1       5.861    0.10407E-02   -0.63437E+00    0.28112E-16   -0.13486E-16
      1       5.777    0.10663E-02   -0.63685E+00   -0.95175E-16    0.77977E-17
      1       5.692    0.10928E-02   -0.63944E+00    0.14594E-16   -0.15935E-19
      1       5.608    0.11201E-02   -0.64214E+00    0.52692E-16    0.97321E-18
      1       5.524    0.11483E-02   -0.64494E+00    0.79697E-17   -0.20395E-17
      1       5.439    0.11774E-02   -0.64785E+00    0.69775E-16    0.94281E-17
      1       5.355    0.12076E-02   -0.65087E+00   -0.13838E-17    0.24832E-16
      1       5.270    0.12386E-02   -0.65400E+00   -0.36430E-16    0.10964E-16
      1       5.186    0.12707E-02   -0.65722E+00    0.35873E-16   -0.54681E-17
      1       5.101    0.13037E-02   -0.66052E+00   -0.18605E-16   -0.71188E-17
      1       5.017    0.13375E-02   -0.66387E+00   -0.12178E-16   -0.20093E-16
      1       4.933    0.13720E-02   -0.66724E+00    0.11747E-17    0.54755E-17
      1       4.848    0.14070E-02   -0.67057E+00   -0.84305E-16   -0.85494E-17
      1       4.764    0.14419E-02   -0.67380E+00    0.61028E-16   -0.55385E-17
      1       4.679    0.14764E-02   -0.67682E+00   -0.16707E-16    0.34132E-17
      1       4.595    0.15097E-02   -0.67954E+00    0.13754E-15   -0.18992E-16
      1       4.510    0.15409E-02   -0.68182E+00    0.13569E-16   -0.48797E-17
      1       4.426    0.15691E-02   -0.68353E+00   -0.15331E-15   -0.33819E-17
      1       4.342    0.15932E-02   -0.68452E+00   -0.29942E-15    0.66393E-17
      1       4.257    0.16121E-02   -0.68465E+00   -0.24084E-15    0.81077E-17
      1       4.173    0.16248E-02   -0.68378E+00    0.92261E-16   -0.60149E-17
      1       4.088    0.16306E-02   -0.68179E+00    0.31137E-16   -0.22641E-17
      1       4.004    0.16289E-02   -0.67859E+00    0.12832E-15    0.57224E-17
      1       3.919    0.16200E-02   -0.67418E+00    0.40888E-16    0.11607E-16
      1       3.835    0.16043E-02   -0.66860E+00   -0.13893E-15   -0.13801E-16
      1       3.751    0.15828E-02   -0.66191E+00   -0.67634E-16    0.73552E-17
      1       3.666    0.15564E-02   -0.65422E+00    0.48204E-16    0.72323E-17
      1       3.582    0.15260E-02   -0.64561E+00   -0.12542E-15   -0.11423E-16
      1       3.497    0.14928E-02   -0.63621E+00    0.11486E-16   -0.20615E-16
      1       3.413    0.14577E-02   -0.62613E+00    0.17722E-15   -0.94942E-17
      1       3.328    0.14213E-02   -0.61547E+00    0.10256E-15    0.97064E-18
      1       3.244    0.13842E-02   -0.60431E+00    0.25114E-17   -0.18130E-16
      1       3.160    0.13470E-02   -0.59272E+00    0.57878E-16    0.92365E-18
      1       3.075    0.13100E-02   -0.58074E+00   -0.32483E-16   -0.91856E-17
      1       2.991    0.12732E-02   -0.56842E+00   -0.23651E-16   -0.65672E-17
      1       2.906    0.12368E-02   -0.55575E+00   -0.57134E-16   -0.54054E-17
      1       2.822    0.12010E-02   -0.54277E+00    0.80019E-16    0.39385E-17
      1       2.737    0.11659E-02   -0.52950E+00    0.25403E-16   -0.26001E-16
      1       2.653    0.11315E-02   -0.51596E+00   -0.69571E-16    0.20150E-16
      1       2.569    0.10980E-02   -0.50217E+00    0.38789E-16    0.29052E-16
      1       2.484    0.10652E-02   -0.48818E+00    0.10370E-15    0.43706E-17
      1       2.400    0.10334E-02   -0.47399E+00    0.15561E-15   -0.11502E-16
      1       2.315    0.10025E-02   -0.45963E+00    0.17588E-16   -0.21743E-17
      1       2.231    0.97242E-03   -0.44512E+00    0.44199E-16   -0.18375E-16
      1       2.146    0.94325E-03   -0.43050E+00    0.57246E-16    0.35971E-17
      1       2.062    0.91496E-03   -0.41580E+00    0.50842E-16   -0.98778E-17
      1       1.977    0.88751E-03   -0.40104E+00    0.85337E-17   -0.12706E-16
      1       1.893    0.86087E-03   -0.38625E+00    0.20023E-16   -0.84596E-17
      1       1.809    0.83494E-03   -0.37143E+00    0.41142E-16    0.17953E-16
      1       1.724    0.80958E-03   -0.35651E+00    0.89036E-16   -0.73274E-17
      1       1.640    0.78462E-03   -0.34144E+00    0.22401E-16   -0.13474E-16
      1       1.555    0.75992E-03   -0.32615E+00    0.21274E-16   -0.91742E-17
      1       1.471    0.73533E-03   -0.31054E+00    0.19837E-16    0.93472E-17
      1       1.386    0.71069E-03   -0.29454E+00    0.83289E-16   -0.27309E-16
      1       1.302    0.68590E-03   -0.27806E+00    0.22626E-16    0.35226E-16
      1       1.218    0.66083E-03   -0.26106E+00   -0.12501E-16    0.19449E-16
      1       1.133    0.63542E-03   -0.24351E+00    0.55555E-16   -0.13306E-17
      1       1.049    0.60968E-03   -0.22554E+00    0.25166E-16    0.14252E-16
      1       0.964    0.58370E-03   -0.20746E+00    0.60712E-16   -0.10954E-16
      1       0.880    0.55746E-03   -0.18953E+00    0.81418E-16   -0.83498E-17
      1       0.795    0.53078E-03   -0.17191E+00    0.35866E-16   -0.16459E-16
      1       0.711    0.50338E-03   -0.15474E+00    0.53260E-16   -0.14261E-17
      1       0.627    0.47496E-03   -0.13826E+00    0.50548E-16   -0.24075E-16
      1       0.542    0.44524E-03   -0.12316E+00    0.43040E-16   -0.28574E-16
      1       0.458    0.41374E-03   -0.11020E+00    0.67534E-16   -0.16046E-16
      1       0.373    0.37823E-03   -0.97200E-01    0.83437E-16   -0.74413E-17
      1       0.289    0.33546E-03   -0.79615E-01    0.53565E-16    0.16129E-16
      1       0.204    0.28269E-03   -0.54926E-01    0.53034E-16   -0.32039E-16
      1       0.120    0.21673E-03   -0.28091E-01    0.86414E-16    0.29510E-17
