   3N SYSTEM INCLUSIVE  PHOTODESINTEGRATION
        DETECTED PARTICLE: 1- PROTON
        NOT DETECTED PARTICLES:2- PROTON  3-NEUTRON

      OMEGA 0.10000E+03
     MTTWE1,MTTWE2,MTTWE3=    1    1   -1
     TH1LAB,PHI1LAB=   180.000     0.000
   Unit of cross sections ... fm**2/(MeV*sr**2)
      I       E1      CROSS           AX           AY           AZ
      1      48.980    0.20092E-07    0.87290E-18   -0.60952E-21    0.23507E-16
      1      48.967    0.57198E-05    0.69942E-18    0.26066E-20    0.15901E-16
      1      48.960    0.64126E-05    0.75713E-18   -0.13836E-20   -0.92581E-17
      1      48.954    0.68452E-05    0.11874E-17    0.38884E-21    0.59763E-16
      1      48.947    0.71299E-05    0.13209E-17    0.20165E-19    0.19363E-16
      1      48.940    0.73229E-05    0.17802E-17    0.65874E-21   -0.10516E-16
      1      48.934    0.74559E-05    0.22083E-17   -0.47804E-20   -0.20814E-17
      1      48.927    0.75481E-05    0.23997E-17    0.66559E-20   -0.28298E-16
      1      48.920    0.76119E-05    0.25306E-17   -0.26556E-19   -0.79587E-17
      1      48.914    0.76554E-05    0.35188E-17    0.46556E-20    0.46097E-16
      1      48.907    0.76844E-05    0.39437E-17    0.45140E-20    0.11003E-16
      1      48.900    0.77028E-05    0.46206E-17    0.39692E-20    0.13477E-16
      1      48.894    0.77135E-05    0.48922E-17    0.17374E-19    0.38392E-16
      1      48.887    0.77185E-05    0.50246E-17    0.34348E-19    0.23777E-18
      1      48.880    0.77193E-05    0.54876E-17    0.16471E-19    0.40080E-16
      1      48.874    0.77171E-05    0.73309E-17    0.35133E-19   -0.42885E-17
      1      48.867    0.77128E-05    0.73543E-17    0.25208E-20    0.63779E-16
      1      48.860    0.77069E-05    0.81424E-17    0.38114E-19    0.30046E-16
      1      48.592    0.74987E-05    0.33517E-16   -0.50779E-20   -0.13540E-17
      1      48.325    0.74400E-05    0.63135E-16    0.30882E-19   -0.13445E-17
      1      48.057    0.74497E-05    0.85070E-16    0.30164E-18    0.73822E-17
      1      47.789    0.74818E-05    0.10786E-15    0.35405E-18    0.22199E-16
      1      47.521    0.75191E-05    0.12182E-15    0.66742E-18   -0.18899E-17
      1      47.253    0.75600E-05    0.14088E-15    0.48638E-18   -0.21262E-16
      1      46.986    0.76078E-05    0.16273E-15    0.88417E-18   -0.18189E-16
      1      46.718    0.76676E-05    0.17935E-15    0.24639E-18    0.14975E-16
      1      46.450    0.77450E-05    0.19342E-15    0.40311E-18    0.28753E-16
      1      46.182    0.78450E-05    0.21061E-15    0.36510E-18   -0.28376E-16
      1      45.914    0.79686E-05    0.22312E-15    0.68309E-19    0.27994E-16
      1      45.647    0.81127E-05    0.24448E-15    0.63504E-18   -0.39684E-17
      1      45.379    0.82753E-05    0.25513E-15   -0.69053E-18    0.68262E-17
      1      45.111    0.84547E-05    0.28833E-15    0.13881E-17   -0.21898E-16
      1      44.843    0.86496E-05    0.29711E-15    0.14269E-17   -0.88362E-17
      1      44.575    0.88591E-05    0.31468E-15    0.19882E-18    0.62053E-17
      1      44.308    0.90821E-05    0.34483E-15   -0.33492E-18   -0.32882E-17
      1      44.040    0.93178E-05    0.36719E-15    0.95841E-18    0.30126E-17
      1      43.772    0.95655E-05    0.38422E-15    0.50297E-18   -0.16603E-17
      1      43.504    0.98247E-05    0.40036E-15    0.11493E-17    0.69203E-17
      1      43.236    0.10095E-04    0.42685E-15    0.62766E-18   -0.64117E-17
      1      42.969    0.10376E-04    0.45229E-15    0.95746E-19   -0.16668E-16
      1      42.701    0.10669E-04    0.48429E-15    0.43635E-18   -0.14784E-16
      1      42.433    0.10973E-04    0.53587E-15   -0.67571E-17   -0.16881E-16
      1      42.165    0.11289E-04    0.55376E-15    0.29715E-17    0.62942E-17
      1      41.897    0.11618E-04    0.56531E-15    0.15407E-17    0.59062E-17
      1      41.630    0.11961E-04    0.60652E-15   -0.17051E-17    0.19914E-16
      1      41.362    0.12319E-04    0.64041E-15   -0.24511E-17    0.19726E-16
      1      41.094    0.12694E-04    0.67137E-15   -0.72865E-19   -0.94448E-17
      1      40.826    0.13085E-04    0.72502E-15   -0.17998E-17   -0.35298E-17
      1      40.558    0.13492E-04    0.73535E-15    0.29318E-17   -0.63578E-17
      1      40.291    0.13916E-04    0.78281E-15    0.14640E-17    0.34657E-17
      1      40.023    0.14355E-04    0.82402E-15    0.46924E-17   -0.70857E-17
      1      39.755    0.14807E-04    0.84187E-15    0.34778E-17   -0.96679E-17
      1      39.487    0.15272E-04    0.92516E-15    0.13709E-17   -0.14669E-16
      1      39.219    0.15747E-04    0.94144E-15   -0.14737E-17    0.17239E-16
      1      38.952    0.16229E-04    0.99342E-15   -0.32052E-17    0.18846E-16
      1      38.684    0.16718E-04    0.10315E-14    0.64866E-18   -0.14466E-17
      1      38.416    0.17209E-04    0.10570E-14    0.10125E-17    0.46979E-17
      1      38.148    0.17700E-04    0.10969E-14    0.36218E-17    0.64680E-17
      1      37.880    0.18190E-04    0.11851E-14    0.58659E-17   -0.68206E-17
      1      37.613    0.18676E-04    0.11754E-14    0.40870E-17   -0.21199E-16
      1      37.345    0.19155E-04    0.12150E-14   -0.30498E-17   -0.11447E-16
      1      37.077    0.19627E-04    0.12162E-14   -0.44317E-17   -0.58735E-17
      1      36.809    0.20088E-04    0.12517E-14    0.31731E-17    0.27936E-18
      1      36.541    0.20537E-04    0.12504E-14    0.25932E-17    0.70923E-17
      1      36.273    0.20973E-04    0.12894E-14    0.10249E-16   -0.11619E-16
      1      36.006    0.21395E-04    0.13067E-14   -0.46078E-17   -0.19711E-16
      1      35.738    0.21800E-04    0.13444E-14    0.21220E-16   -0.20758E-16
      1      35.470    0.22188E-04    0.13461E-14    0.37737E-18   -0.72670E-17
      1      35.202    0.22559E-04    0.14251E-14    0.32697E-17   -0.20692E-16
      1      34.934    0.22910E-04    0.14097E-14   -0.29370E-18    0.78045E-17
      1      34.667    0.23241E-04    0.13912E-14    0.70878E-17   -0.71695E-17
      1      34.399    0.23552E-04    0.14025E-14   -0.11792E-17   -0.12468E-16
      1      34.131    0.23840E-04    0.15071E-14    0.58088E-17   -0.20345E-16
      1      33.863    0.24104E-04    0.15214E-14    0.67343E-17    0.38617E-17
      1      33.595    0.24344E-04    0.15435E-14    0.55594E-17   -0.12378E-16
      1      33.328    0.24559E-04    0.15266E-14    0.10477E-17   -0.63110E-17
      1      33.060    0.24746E-04    0.15672E-14    0.30846E-17   -0.10305E-16
      1      32.792    0.24906E-04    0.15656E-14    0.32361E-17   -0.15571E-16
      1      32.524    0.25037E-04    0.16725E-14    0.25331E-17   -0.17792E-16
      1      32.256    0.25139E-04    0.15789E-14    0.11317E-16   -0.17221E-16
      1      31.989    0.25210E-04    0.16493E-14    0.85043E-17    0.35420E-18
      1      31.721    0.25252E-04    0.15746E-14   -0.25626E-17   -0.52381E-17
      1      31.453    0.25264E-04    0.16106E-14    0.97037E-17   -0.10396E-16
      1      31.185    0.25246E-04    0.16414E-14    0.27073E-17   -0.78372E-17
      1      30.917    0.25200E-04    0.15698E-14    0.62617E-17   -0.40346E-17
      1      30.650    0.25126E-04    0.16316E-14   -0.23282E-17   -0.12689E-16
      1      30.382    0.25027E-04    0.16352E-14    0.71195E-17   -0.11322E-16
      1      30.114    0.24905E-04    0.16424E-14    0.42407E-17   -0.75787E-17
      1      29.846    0.24762E-04    0.16743E-14    0.10709E-16   -0.51569E-17
      1      29.578    0.24601E-04    0.16729E-14    0.65166E-17   -0.13600E-16
      1      29.311    0.24424E-04    0.16308E-14    0.38337E-17   -0.20223E-16
      1      29.043    0.24234E-04    0.16649E-14   -0.94953E-18   -0.19210E-16
      1      28.775    0.24033E-04    0.16324E-14    0.10221E-17   -0.12697E-16
      1      28.507    0.23823E-04    0.16625E-14    0.72186E-17   -0.27598E-16
      1      28.239    0.23606E-04    0.16940E-14    0.97048E-17   -0.11960E-16
      1      27.972    0.23384E-04    0.16729E-14    0.53020E-17   -0.69240E-17
      1      27.704    0.23158E-04    0.16723E-14   -0.75098E-18   -0.19697E-16
      1      27.436    0.22930E-04    0.16792E-14    0.95187E-17   -0.14805E-16
      1      27.168    0.22701E-04    0.16906E-14    0.73475E-17   -0.10908E-16
      1      26.900    0.22470E-04    0.17126E-14    0.55987E-17   -0.54702E-17
      1      26.633    0.22238E-04    0.16875E-14    0.42583E-17   -0.16038E-16
      1      26.365    0.22005E-04    0.16695E-14    0.44801E-17   -0.91364E-17
      1      26.097    0.21771E-04    0.16942E-14    0.10788E-16   -0.98629E-17
      1      25.829    0.21536E-04    0.17293E-14    0.80863E-17   -0.13414E-16
      1      25.561    0.21301E-04    0.17359E-14    0.88738E-17   -0.24369E-16
      1      25.294    0.21066E-04    0.17480E-14   -0.27170E-18   -0.12802E-16
      1      25.026    0.20830E-04    0.17561E-14    0.20409E-16   -0.10284E-16
      1      24.758    0.20596E-04    0.17663E-14    0.11275E-16   -0.23617E-16
      1      24.490    0.20362E-04    0.18274E-14   -0.20923E-17   -0.16200E-16
      1      24.222    0.20130E-04    0.17058E-14   -0.14649E-17   -0.21201E-16
      1      23.955    0.19900E-04    0.17395E-14   -0.22102E-18   -0.15986E-16
      1      23.687    0.19673E-04    0.17645E-14   -0.30671E-18   -0.18368E-16
      1      23.419    0.19450E-04    0.17532E-14    0.97735E-17   -0.98811E-17
      1      23.151    0.19232E-04    0.18373E-14    0.41822E-17   -0.19555E-16
      1      22.883    0.19019E-04    0.17405E-14    0.95811E-17   -0.18695E-16
      1      22.616    0.18813E-04    0.17609E-14    0.48699E-17   -0.29009E-16
      1      22.348    0.18615E-04    0.18203E-14    0.93151E-17   -0.28395E-16
      1      22.080    0.18426E-04    0.17594E-14    0.10242E-16   -0.21632E-16
      1      21.812    0.18247E-04    0.17592E-14    0.19466E-16   -0.17190E-16
      1      21.544    0.18080E-04    0.18187E-14    0.86682E-17   -0.19382E-16
      1      21.276    0.17924E-04    0.18142E-14    0.13016E-16   -0.24073E-16
      1      21.009    0.17781E-04    0.17449E-14    0.14343E-16   -0.25431E-16
      1      20.741    0.17652E-04    0.17598E-14    0.96847E-17   -0.17331E-16
      1      20.473    0.17537E-04    0.17658E-14    0.10447E-16   -0.29200E-16
      1      20.205    0.17438E-04    0.17645E-14    0.14009E-16   -0.27561E-16
      1      19.937    0.17353E-04    0.17719E-14    0.12926E-16   -0.28497E-16
      1      19.670    0.17284E-04    0.17697E-14    0.23539E-17   -0.30004E-16
      1      19.402    0.17232E-04    0.17964E-14    0.15051E-16   -0.26917E-16
      1      19.134    0.17195E-04    0.17744E-14    0.15496E-16   -0.27176E-16
      1      18.866    0.17174E-04    0.16893E-14    0.12926E-16   -0.27748E-16
      1      18.598    0.17169E-04    0.17620E-14    0.75293E-17   -0.38248E-16
      1      18.331    0.17180E-04    0.17382E-14    0.10715E-16   -0.33704E-16
      1      18.063    0.17207E-04    0.16983E-14    0.13672E-16   -0.29815E-16
      1      17.795    0.17249E-04    0.17937E-14    0.14359E-16   -0.41940E-16
      1      17.527    0.17307E-04    0.17237E-14    0.90116E-17   -0.28665E-16
      1      17.259    0.17380E-04    0.17723E-14    0.37845E-17   -0.23167E-16
      1      16.992    0.17467E-04    0.17791E-14    0.35719E-17   -0.31001E-16
      1      16.724    0.17569E-04    0.17163E-14    0.16482E-16   -0.30717E-16
      1      16.456    0.17686E-04    0.17369E-14    0.21757E-16   -0.23661E-16
      1      16.188    0.17817E-04    0.17420E-14    0.14802E-16   -0.33747E-16
      1      15.920    0.17963E-04    0.17357E-14    0.82185E-17   -0.34908E-16
      1      15.653    0.18123E-04    0.17122E-14    0.86094E-17   -0.36251E-16
      1      15.385    0.18299E-04    0.17004E-14    0.13153E-16   -0.30982E-16
      1      15.117    0.18489E-04    0.16384E-14    0.15342E-16   -0.32435E-16
      1      14.849    0.18696E-04    0.16358E-14    0.17342E-16   -0.32535E-16
      1      14.581    0.18918E-04    0.16224E-14    0.14459E-16   -0.28509E-16
      1      14.314    0.19156E-04    0.16119E-14    0.16888E-16   -0.37446E-16
      1      14.046    0.19412E-04    0.15750E-14    0.15332E-16   -0.28616E-16
      1      13.778    0.19685E-04    0.15625E-14    0.28752E-16   -0.32650E-16
      1      13.510    0.19976E-04    0.14990E-14    0.12082E-16   -0.30859E-16
      1      13.242    0.20287E-04    0.15207E-14    0.20250E-16   -0.42259E-16
      1      12.975    0.20618E-04    0.14931E-14    0.14218E-16   -0.48963E-16
      1      12.707    0.20971E-04    0.14236E-14    0.24554E-16   -0.34104E-16
      1      12.439    0.21347E-04    0.14136E-14    0.11277E-16   -0.38532E-16
      1      12.171    0.21748E-04    0.13845E-14    0.17435E-16   -0.35645E-16
      1      11.903    0.22175E-04    0.14311E-14    0.14432E-16   -0.38635E-16
      1      11.636    0.22631E-04    0.13481E-14    0.17593E-16   -0.29560E-16
      1      11.368    0.23114E-04    0.13271E-14    0.26288E-16   -0.37961E-16
      1      11.100    0.23623E-04    0.12407E-14    0.12847E-16   -0.35589E-16
      1      10.832    0.24152E-04    0.11836E-14    0.23313E-16   -0.44025E-16
      1      10.564    0.24685E-04    0.10901E-14    0.13831E-16   -0.38511E-16
      1      10.297    0.25197E-04    0.10814E-14    0.24099E-16   -0.27833E-16
      1      10.029    0.25653E-04    0.10744E-14    0.17757E-16   -0.42407E-16
      1       9.761    0.26011E-04    0.10551E-14    0.25493E-16   -0.43950E-16
      1       9.493    0.26246E-04    0.10173E-14    0.20331E-16   -0.58149E-16
      1       9.225    0.26368E-04    0.99477E-15    0.29945E-16   -0.45506E-16
      1       8.958    0.26422E-04    0.93637E-15    0.30874E-16   -0.53313E-16
      1       8.690    0.26454E-04    0.92679E-15    0.25116E-16   -0.43561E-16
      1       8.422    0.26505E-04    0.88375E-15    0.36137E-16   -0.46969E-16
      1       8.154    0.26605E-04    0.84511E-15    0.57277E-16   -0.49090E-16
      1       7.886    0.26771E-04    0.83221E-15    0.31361E-16   -0.52373E-16
      1       7.619    0.27017E-04    0.88842E-15    0.32671E-16   -0.50186E-16
      1       7.351    0.27351E-04    0.77466E-15    0.53723E-16   -0.51506E-16
      1       7.083    0.27779E-04    0.91149E-15    0.44839E-16   -0.46244E-16
      1       6.815    0.28308E-04    0.81993E-15    0.50674E-16   -0.60774E-16
      1       6.547    0.28944E-04    0.74313E-15    0.54891E-16   -0.46726E-16
      1       6.279    0.29693E-04    0.75315E-15    0.88556E-16   -0.56649E-16
      1       6.012    0.30561E-04    0.78527E-15    0.68131E-16   -0.62735E-16
      1       5.744    0.31555E-04    0.82236E-15    0.74172E-16   -0.54342E-16
      1       5.476    0.32681E-04    0.83690E-15    0.75824E-16   -0.55562E-16
      1       5.208    0.33945E-04    0.91218E-15    0.97076E-16   -0.49365E-16
      1       4.940    0.35353E-04    0.90413E-15    0.76134E-16   -0.46279E-16
      1       4.673    0.36907E-04    0.94818E-15    0.77781E-16   -0.46798E-16
      1       4.405    0.38612E-04    0.10958E-14    0.12328E-15   -0.46732E-16
      1       4.137    0.40467E-04    0.10389E-14    0.74831E-16   -0.49755E-16
      1       3.869    0.42471E-04    0.10164E-14    0.56942E-16   -0.38242E-16
      1       3.601    0.44615E-04    0.11346E-14    0.80244E-16   -0.46867E-16
      1       3.334    0.46886E-04    0.11601E-14    0.83881E-16   -0.36458E-16
      1       3.066    0.49257E-04    0.12778E-14    0.64628E-16   -0.35430E-16
      1       2.798    0.51685E-04    0.12222E-14    0.60964E-16   -0.26138E-16
      1       2.530    0.54107E-04    0.13245E-14    0.49344E-16   -0.30551E-16
      1       2.262    0.56437E-04    0.13756E-14    0.64311E-16   -0.38011E-16
      1       1.995    0.58553E-04    0.14114E-14    0.52337E-16   -0.30352E-16
      1       1.727    0.60288E-04    0.15102E-14    0.85131E-16   -0.39455E-16
      1       1.459    0.61406E-04    0.16274E-14    0.89032E-16   -0.29608E-16
      1       1.191    0.61584E-04    0.16431E-14    0.68719E-16   -0.25033E-16
      1       0.923    0.60384E-04    0.17257E-14    0.43711E-16   -0.21027E-16
      1       0.656    0.57008E-04    0.17224E-14    0.81148E-16   -0.30049E-16
      1       0.388    0.49679E-04    0.17184E-14    0.97001E-16   -0.17049E-16
      1       0.120    0.32079E-04    0.17030E-14    0.67287E-16   -0.20061E-16
