   3N SYSTEM INCLUSIVE  PHOTODESINTEGRATION
        DETECTED PARTICLE: 1- PROTON
        NOT DETECTED PARTICLES:2- PROTON  3-NEUTRON

      OMEGA 0.10000E+03
     MTTWE1,MTTWE2,MTTWE3=    1    1   -1
     TH1LAB,PHI1LAB=    60.000     0.000
   Unit of cross sections ... fm**2/(MeV*sr**2)
      I       E1      CROSS           AX           AY           AZ
      1      65.995    0.11552E-06   -0.28010E+00   -0.48270E-19    0.12930E-16
      1      65.982    0.33751E-04   -0.27898E+00    0.61332E-18    0.20999E-17
      1      65.975    0.38081E-04   -0.27935E+00    0.58250E-17   -0.44059E-17
      1      65.968    0.40828E-04   -0.27976E+00    0.32418E-19   -0.21477E-17
      1      65.962    0.42649E-04   -0.28018E+00   -0.35353E-17    0.42640E-17
      1      65.955    0.43876E-04   -0.28056E+00   -0.46107E-17   -0.96130E-17
      1      65.948    0.44705E-04   -0.28091E+00   -0.64758E-16   -0.54151E-16
      1      65.942    0.45256E-04   -0.28122E+00   -0.63499E-18   -0.90461E-17
      1      65.935    0.45608E-04   -0.28151E+00   -0.11581E-16   -0.66763E-17
      1      65.928    0.45817E-04   -0.28178E+00   -0.10239E-16   -0.10391E-16
      1      65.922    0.45921E-04   -0.28204E+00   -0.24105E-17   -0.47902E-17
      1      65.915    0.45947E-04   -0.28230E+00    0.19136E-16    0.54507E-17
      1      65.908    0.45915E-04   -0.28257E+00    0.18995E-16    0.31289E-17
      1      65.902    0.45841E-04   -0.28285E+00   -0.33564E-16   -0.30988E-16
      1      65.895    0.45735E-04   -0.28314E+00    0.10708E-16    0.56051E-17
      1      65.888    0.45607E-04   -0.28344E+00   -0.15594E-16   -0.60133E-17
      1      65.882    0.45462E-04   -0.28377E+00   -0.10862E-16   -0.61444E-17
      1      65.875    0.45305E-04   -0.28411E+00   -0.14761E-16   -0.16865E-16
      1      65.514    0.39558E-04   -0.31214E+00   -0.11118E-16   -0.38607E-17
      1      65.152    0.37261E-04   -0.32603E+00    0.22657E-16   -0.50915E-17
      1      64.791    0.36005E-04   -0.33283E+00   -0.52419E-17    0.15473E-16
      1      64.430    0.35131E-04   -0.33592E+00   -0.72605E-17    0.84816E-17
      1      64.069    0.34437E-04   -0.33666E+00    0.14772E-17    0.27810E-16
      1      63.707    0.33871E-04   -0.33575E+00   -0.90841E-17    0.49656E-18
      1      63.346    0.33434E-04   -0.33368E+00   -0.86340E-17   -0.61140E-17
      1      62.985    0.33149E-04   -0.33098E+00   -0.12748E-16    0.74597E-17
      1      62.623    0.33040E-04   -0.32816E+00   -0.64630E-17   -0.69179E-17
      1      62.262    0.33098E-04   -0.32550E+00   -0.12458E-16    0.26952E-16
      1      61.901    0.33297E-04   -0.32316E+00   -0.78838E-17   -0.10861E-17
      1      61.539    0.33618E-04   -0.32129E+00   -0.93656E-17    0.83601E-17
      1      61.178    0.34044E-04   -0.31997E+00    0.18170E-17   -0.21870E-17
      1      60.817    0.34557E-04   -0.31916E+00   -0.11111E-16    0.31199E-17
      1      60.456    0.35135E-04   -0.31866E+00    0.43911E-17   -0.49164E-17
      1      60.094    0.35755E-04   -0.31821E+00   -0.60895E-17    0.60986E-17
      1      59.733    0.36392E-04   -0.31749E+00   -0.13866E-16    0.40841E-17
      1      59.372    0.37024E-04   -0.31621E+00    0.46094E-17   -0.39333E-17
      1      59.010    0.37629E-04   -0.31413E+00   -0.78943E-17    0.10499E-17
      1      58.649    0.38190E-04   -0.31103E+00   -0.48390E-18   -0.13206E-17
      1      58.288    0.38694E-04   -0.30678E+00   -0.11161E-16   -0.27629E-17
      1      57.927    0.39133E-04   -0.30132E+00   -0.95915E-17    0.40295E-17
      1      57.565    0.39515E-04   -0.29483E+00   -0.17958E-16    0.16305E-16
      1      57.204    0.39854E-04   -0.28761E+00   -0.10871E-16    0.66787E-17
      1      56.843    0.40163E-04   -0.27997E+00   -0.27125E-16    0.95463E-17
      1      56.481    0.40453E-04   -0.27218E+00   -0.14936E-16   -0.21214E-17
      1      56.120    0.40733E-04   -0.26451E+00   -0.14613E-16   -0.34346E-17
      1      55.759    0.41008E-04   -0.25717E+00   -0.17285E-16   -0.13088E-17
      1      55.398    0.41283E-04   -0.25034E+00   -0.22275E-16   -0.41605E-17
      1      55.036    0.41559E-04   -0.24415E+00   -0.16394E-16    0.12555E-16
      1      54.675    0.41833E-04   -0.23870E+00   -0.18044E-16    0.98699E-17
      1      54.314    0.42104E-04   -0.23401E+00   -0.22123E-16    0.10666E-17
      1      53.952    0.42364E-04   -0.23006E+00   -0.23146E-16    0.22966E-17
      1      53.591    0.42608E-04   -0.22676E+00   -0.33902E-16   -0.86938E-17
      1      53.230    0.42825E-04   -0.22400E+00   -0.29056E-16    0.15252E-17
      1      52.869    0.43007E-04   -0.22162E+00   -0.36381E-16    0.78197E-17
      1      52.507    0.43145E-04   -0.21950E+00   -0.64710E-16    0.19174E-16
      1      52.146    0.43232E-04   -0.21752E+00   -0.46792E-16    0.96584E-17
      1      51.785    0.43263E-04   -0.21559E+00   -0.42611E-16    0.19870E-17
      1      51.423    0.43233E-04   -0.21363E+00   -0.45737E-16    0.17398E-19
      1      51.062    0.43142E-04   -0.21161E+00    0.43191E-18   -0.20920E-17
      1      50.701    0.42989E-04   -0.20954E+00   -0.70839E-16    0.86904E-17
      1      50.339    0.42775E-04   -0.20744E+00   -0.10815E-16    0.19325E-16
      1      49.978    0.42504E-04   -0.20535E+00   -0.71297E-16    0.14442E-17
      1      49.617    0.42180E-04   -0.20335E+00    0.12636E-16   -0.82261E-17
      1      49.256    0.41806E-04   -0.20149E+00   -0.15478E-16    0.44869E-17
      1      48.894    0.41384E-04   -0.19980E+00   -0.68225E-16    0.23334E-16
      1      48.533    0.40916E-04   -0.19827E+00   -0.72397E-16    0.13100E-16
      1      48.172    0.40402E-04   -0.19691E+00    0.57405E-16    0.55224E-17
      1      47.810    0.39846E-04   -0.19571E+00   -0.87911E-16    0.22462E-16
      1      47.449    0.39252E-04   -0.19467E+00   -0.67616E-17   -0.11780E-16
      1      47.088    0.38622E-04   -0.19378E+00   -0.16715E-17    0.11941E-16
      1      46.727    0.37958E-04   -0.19298E+00   -0.11299E-15    0.20144E-16
      1      46.365    0.37262E-04   -0.19223E+00   -0.32378E-16    0.14777E-16
      1      46.004    0.36536E-04   -0.19146E+00   -0.36728E-16   -0.10962E-17
      1      45.643    0.35779E-04   -0.19056E+00   -0.57068E-16    0.14283E-16
      1      45.281    0.34995E-04   -0.18946E+00   -0.57628E-16    0.12822E-16
      1      44.920    0.34184E-04   -0.18805E+00   -0.51531E-16    0.33950E-18
      1      44.559    0.33351E-04   -0.18626E+00   -0.29278E-16    0.24684E-16
      1      44.198    0.32499E-04   -0.18404E+00   -0.31050E-16    0.24818E-16
      1      43.836    0.31632E-04   -0.18135E+00   -0.52418E-16    0.11434E-16
      1      43.475    0.30757E-04   -0.17818E+00   -0.43421E-16    0.28706E-17
      1      43.114    0.29881E-04   -0.17454E+00   -0.40401E-16    0.94841E-17
      1      42.752    0.29010E-04   -0.17051E+00   -0.31602E-16    0.55538E-17
      1      42.391    0.28153E-04   -0.16619E+00   -0.80739E-17    0.40824E-17
      1      42.030    0.27316E-04   -0.16172E+00   -0.30096E-16    0.18183E-16
      1      41.668    0.26508E-04   -0.15729E+00   -0.38627E-16    0.20538E-16
      1      41.307    0.25736E-04   -0.15312E+00   -0.25211E-16    0.14551E-16
      1      40.946    0.25006E-04   -0.14945E+00   -0.19332E-16    0.15594E-16
      1      40.585    0.24322E-04   -0.14650E+00   -0.22440E-16    0.11237E-16
      1      40.223    0.23688E-04   -0.14445E+00   -0.84895E-17    0.11524E-16
      1      39.862    0.23104E-04   -0.14346E+00   -0.71743E-16    0.40471E-16
      1      39.501    0.22570E-04   -0.14358E+00   -0.51454E-16    0.38908E-16
      1      39.139    0.22083E-04   -0.14479E+00   -0.18026E-16    0.19792E-16
      1      38.778    0.21637E-04   -0.14701E+00   -0.11651E-16   -0.21485E-18
      1      38.417    0.21230E-04   -0.15013E+00   -0.30116E-16    0.11568E-16
      1      38.056    0.20857E-04   -0.15406E+00   -0.12453E-16    0.10057E-16
      1      37.694    0.20515E-04   -0.15870E+00   -0.18750E-16    0.29308E-16
      1      37.333    0.20200E-04   -0.16393E+00   -0.14432E-16    0.22274E-16
      1      36.972    0.19911E-04   -0.16965E+00   -0.29559E-16    0.32134E-16
      1      36.610    0.19644E-04   -0.17576E+00   -0.51815E-16    0.13429E-16
      1      36.249    0.19397E-04   -0.18213E+00   -0.40431E-16    0.13277E-16
      1      35.888    0.19168E-04   -0.18866E+00   -0.22248E-16    0.30556E-16
      1      35.527    0.18955E-04   -0.19526E+00   -0.41588E-16    0.37700E-16
      1      35.165    0.18756E-04   -0.20183E+00   -0.17814E-16   -0.24021E-17
      1      34.804    0.18569E-04   -0.20828E+00   -0.17327E-16    0.48137E-17
      1      34.443    0.18395E-04   -0.21455E+00   -0.21451E-16    0.11863E-16
      1      34.081    0.18232E-04   -0.22061E+00   -0.38651E-17    0.26672E-17
      1      33.720    0.18080E-04   -0.22644E+00    0.55233E-17    0.60609E-17
      1      33.359    0.17940E-04   -0.23204E+00   -0.52812E-17    0.10607E-16
      1      32.997    0.17812E-04   -0.23741E+00   -0.24356E-16    0.22902E-16
      1      32.636    0.17697E-04   -0.24256E+00   -0.47045E-17    0.26200E-16
      1      32.275    0.17595E-04   -0.24751E+00   -0.17205E-16   -0.14056E-16
      1      31.914    0.17507E-04   -0.25228E+00    0.30295E-16    0.35016E-17
      1      31.552    0.17433E-04   -0.25690E+00   -0.16465E-17    0.20579E-16
      1      31.191    0.17374E-04   -0.26141E+00    0.20176E-16    0.55797E-17
      1      30.830    0.17331E-04   -0.26587E+00    0.10171E-16    0.25039E-16
      1      30.468    0.17306E-04   -0.27032E+00   -0.28614E-16    0.41461E-17
      1      30.107    0.17298E-04   -0.27479E+00   -0.96631E-17    0.49028E-17
      1      29.746    0.17308E-04   -0.27934E+00   -0.15480E-16    0.15949E-17
      1      29.385    0.17336E-04   -0.28399E+00   -0.97713E-18    0.41561E-17
      1      29.023    0.17384E-04   -0.28875E+00   -0.58591E-17    0.77533E-17
      1      28.662    0.17450E-04   -0.29365E+00    0.29498E-16   -0.15781E-16
      1      28.301    0.17536E-04   -0.29867E+00   -0.18144E-16   -0.31525E-17
      1      27.939    0.17640E-04   -0.30383E+00   -0.24942E-16   -0.19726E-17
      1      27.578    0.17763E-04   -0.30909E+00    0.82716E-17    0.76571E-17
      1      27.217    0.17904E-04   -0.31445E+00    0.34414E-16    0.21612E-16
      1      26.856    0.18063E-04   -0.31992E+00   -0.20363E-16    0.12525E-16
      1      26.494    0.18241E-04   -0.32546E+00    0.35058E-17    0.23799E-17
      1      26.133    0.18437E-04   -0.33109E+00   -0.39890E-16   -0.90268E-17
      1      25.772    0.18651E-04   -0.33680E+00   -0.34493E-16    0.23006E-16
      1      25.410    0.18884E-04   -0.34257E+00   -0.38701E-16   -0.19326E-16
      1      25.049    0.19136E-04   -0.34841E+00    0.17784E-16   -0.15712E-17
      1      24.688    0.19408E-04   -0.35432E+00   -0.21135E-16    0.39745E-17
      1      24.327    0.19701E-04   -0.36030E+00    0.43492E-17    0.54141E-17
      1      23.965    0.20015E-04   -0.36637E+00   -0.11579E-16   -0.13689E-17
      1      23.604    0.20351E-04   -0.37253E+00    0.23368E-16   -0.11757E-16
      1      23.243    0.20711E-04   -0.37880E+00    0.37200E-16   -0.31814E-18
      1      22.881    0.21098E-04   -0.38521E+00    0.21894E-16    0.78514E-17
      1      22.520    0.21511E-04   -0.39177E+00   -0.16593E-16   -0.13664E-16
      1      22.159    0.21955E-04   -0.39850E+00   -0.54133E-17    0.27990E-17
      1      21.797    0.22430E-04   -0.40544E+00   -0.10495E-15    0.21868E-16
      1      21.436    0.22939E-04   -0.41259E+00   -0.25259E-16   -0.27505E-16
      1      21.075    0.23485E-04   -0.41998E+00    0.12601E-16    0.19260E-16
      1      20.714    0.24070E-04   -0.42761E+00    0.35067E-16   -0.25709E-17
      1      20.352    0.24694E-04   -0.43548E+00   -0.11100E-16    0.45367E-17
      1      19.991    0.25357E-04   -0.44356E+00   -0.11598E-16   -0.11148E-18
      1      19.630    0.26052E-04   -0.45177E+00   -0.14481E-16   -0.23806E-17
      1      19.268    0.26767E-04   -0.45993E+00   -0.40935E-16    0.21037E-16
      1      18.907    0.27476E-04   -0.46775E+00   -0.32456E-15   -0.25316E-16
      1      18.546    0.28136E-04   -0.47473E+00   -0.30590E-16   -0.27123E-18
      1      18.185    0.28685E-04   -0.48014E+00   -0.24793E-16    0.11735E-16
      1      17.823    0.29054E-04   -0.48316E+00    0.10544E-15   -0.14361E-16
      1      17.462    0.29188E-04   -0.48314E+00    0.59100E-16   -0.16558E-16
      1      17.101    0.29095E-04   -0.48023E+00   -0.25210E-16   -0.64246E-17
      1      16.739    0.28837E-04   -0.47523E+00   -0.42008E-16    0.34689E-17
      1      16.378    0.28486E-04   -0.46896E+00    0.13390E-16   -0.10665E-16
      1      16.017    0.28100E-04   -0.46207E+00   -0.24630E-16    0.52066E-17
      1      15.656    0.27722E-04   -0.45497E+00   -0.55177E-16   -0.80113E-17
      1      15.294    0.27376E-04   -0.44785E+00    0.20160E-17   -0.69410E-17
      1      14.933    0.27076E-04   -0.44081E+00    0.14672E-16   -0.72852E-17
      1      14.572    0.26831E-04   -0.43385E+00   -0.24407E-17   -0.11057E-16
      1      14.210    0.26646E-04   -0.42694E+00   -0.35530E-17   -0.19084E-16
      1      13.849    0.26524E-04   -0.42004E+00    0.26122E-16   -0.17964E-16
      1      13.488    0.26468E-04   -0.41309E+00   -0.18032E-16    0.38312E-17
      1      13.126    0.26481E-04   -0.40604E+00   -0.30534E-16   -0.16460E-16
      1      12.765    0.26566E-04   -0.39883E+00    0.12958E-16    0.72662E-17
      1      12.404    0.26729E-04   -0.39144E+00   -0.27087E-16   -0.96897E-17
      1      12.043    0.26973E-04   -0.38382E+00   -0.19806E-16   -0.29256E-16
      1      11.681    0.27304E-04   -0.37593E+00    0.71269E-16   -0.19905E-16
      1      11.320    0.27725E-04   -0.36772E+00    0.42798E-16   -0.12153E-16
      1      10.959    0.28242E-04   -0.35916E+00    0.85179E-16   -0.24688E-16
      1      10.597    0.28860E-04   -0.35022E+00    0.10782E-16    0.21841E-17
      1      10.236    0.29588E-04   -0.34092E+00    0.62595E-17   -0.13234E-16
      1       9.875    0.30435E-04   -0.33131E+00   -0.29645E-17   -0.66987E-17
      1       9.514    0.31412E-04   -0.32150E+00    0.34889E-16   -0.96517E-17
      1       9.152    0.32534E-04   -0.31166E+00    0.14328E-16   -0.17815E-16
      1       8.791    0.33820E-04   -0.30202E+00    0.11634E-16   -0.74894E-17
      1       8.430    0.35291E-04   -0.29285E+00    0.24237E-16   -0.67096E-17
      1       8.068    0.36967E-04   -0.28426E+00    0.28907E-16    0.42289E-18
      1       7.707    0.38854E-04   -0.27610E+00    0.39998E-16   -0.42151E-16
      1       7.346    0.40949E-04   -0.26805E+00    0.47193E-16    0.84748E-18
      1       6.985    0.43239E-04   -0.25966E+00    0.50984E-16   -0.56620E-17
      1       6.623    0.45701E-04   -0.25048E+00    0.62442E-16   -0.18879E-16
      1       6.262    0.48309E-04   -0.24009E+00    0.33615E-16   -0.28905E-17
      1       5.901    0.51033E-04   -0.22819E+00   -0.65500E-18    0.88888E-17
      1       5.539    0.53846E-04   -0.21462E+00    0.31564E-16   -0.16550E-17
      1       5.178    0.56725E-04   -0.19943E+00    0.42630E-16   -0.39793E-17
      1       4.817    0.59659E-04   -0.18294E+00    0.51588E-16   -0.68770E-17
      1       4.455    0.62707E-04   -0.16652E+00    0.48576E-16   -0.66769E-17
      1       4.094    0.65928E-04   -0.15158E+00    0.81770E-16   -0.91164E-17
      1       3.733    0.69343E-04   -0.13906E+00    0.36907E-16   -0.81136E-17
      1       3.372    0.72963E-04   -0.12987E+00    0.66690E-16    0.40577E-17
      1       3.010    0.76822E-04   -0.12537E+00    0.73072E-16   -0.16557E-16
      1       2.649    0.80997E-04   -0.12759E+00    0.40699E-16   -0.10851E-17
      1       2.288    0.85592E-04   -0.13895E+00    0.37472E-16   -0.59467E-17
      1       1.926    0.90184E-04   -0.15728E+00    0.67925E-16   -0.48015E-17
      1       1.565    0.92620E-04   -0.16773E+00    0.77073E-16   -0.16781E-17
      1       1.204    0.90236E-04   -0.15647E+00    0.46850E-16    0.15352E-17
      1       0.843    0.81282E-04   -0.11900E+00    0.59671E-16   -0.52513E-17
      1       0.481    0.64812E-04   -0.64951E-01    0.53145E-16    0.16081E-18
      1       0.120    0.34102E-04   -0.15652E-01    0.33549E-16    0.24292E-17
