   3N SYSTEM INCLUSIVE  PHOTODESINTEGRATION
        DETECTED PARTICLE: 1- PROTON
        NOT DETECTED PARTICLES:2- PROTON  3-NEUTRON

      OMEGA 0.40000E+02
     MTTWE1,MTTWE2,MTTWE3=    1    1   -1
     TH1LAB,PHI1LAB=     0.000     0.000
   Unit of cross sections ... fm**2/(MeV*sr**2)
      I       E1      CROSS           AX           AY           AZ
      1      24.269    0.16733E-06    0.74948E-18   -0.90612E-21   -0.16342E-16
      1      24.255    0.49882E-04    0.86459E-18   -0.92774E-20   -0.36551E-17
      1      24.249    0.56494E-04    0.12174E-17   -0.74054E-20    0.12602E-16
      1      24.242    0.60722E-04    0.16230E-17   -0.15944E-19    0.84244E-18
      1      24.235    0.63531E-04    0.21744E-17   -0.27189E-19    0.11878E-16
      1      24.229    0.65425E-04    0.25760E-17    0.10269E-18    0.77482E-18
      1      24.222    0.66704E-04    0.33650E-17   -0.37120E-19    0.11056E-16
      1      24.215    0.67554E-04    0.41754E-17   -0.46296E-19    0.31346E-17
      1      24.209    0.68101E-04    0.48484E-17   -0.37065E-19   -0.13790E-16
      1      24.202    0.68430E-04    0.55836E-17   -0.63030E-19    0.80096E-17
      1      24.195    0.68600E-04    0.63235E-17   -0.55029E-19   -0.21816E-17
      1      24.189    0.68655E-04    0.74379E-17   -0.67007E-19   -0.19460E-17
      1      24.182    0.68626E-04    0.82875E-17   -0.79852E-19    0.84047E-16
      1      24.175    0.68537E-04    0.92103E-17   -0.76234E-19    0.67526E-16
      1      24.169    0.68406E-04    0.10243E-16   -0.13668E-18    0.64110E-17
      1      24.162    0.68245E-04    0.11335E-16   -0.77487E-19    0.51062E-17
      1      24.155    0.68064E-04    0.12508E-16   -0.13279E-18   -0.63156E-17
      1      24.149    0.67872E-04    0.13760E-16   -0.13809E-18    0.23018E-17
      1      24.017    0.64014E-04    0.41239E-16   -0.34696E-18    0.30489E-16
      1      23.885    0.61236E-04    0.76181E-16    0.15276E-18   -0.13282E-16
      1      23.753    0.59388E-04    0.12277E-15   -0.14992E-17    0.28206E-16
      1      23.621    0.58125E-04    0.16800E-15   -0.23043E-17    0.15434E-17
      1      23.489    0.57234E-04    0.22168E-15   -0.40487E-17    0.10167E-16
      1      23.357    0.56605E-04    0.27308E-15   -0.31620E-17    0.30650E-16
      1      23.225    0.56181E-04    0.32716E-15   -0.44986E-17   -0.11543E-16
      1      23.092    0.55930E-04    0.39857E-15   -0.50163E-17    0.22990E-17
      1      22.960    0.55834E-04    0.46321E-15   -0.57128E-17   -0.55456E-17
      1      22.828    0.55876E-04    0.52822E-15   -0.48469E-17    0.15805E-16
      1      22.696    0.56034E-04    0.59949E-15   -0.82136E-17   -0.13143E-16
      1      22.564    0.56288E-04    0.67080E-15   -0.61656E-17   -0.98386E-17
      1      22.432    0.56624E-04    0.74157E-15   -0.12043E-16   -0.18612E-16
      1      22.300    0.57030E-04    0.80188E-15   -0.15667E-16   -0.14318E-16
      1      22.168    0.57495E-04    0.88270E-15   -0.88049E-17   -0.16035E-16
      1      22.036    0.58013E-04    0.95849E-15   -0.15862E-16   -0.71713E-18
      1      21.904    0.58577E-04    0.10181E-14   -0.14983E-16   -0.15848E-16
      1      21.772    0.59185E-04    0.11110E-14   -0.82061E-17   -0.24894E-16
      1      21.640    0.59831E-04    0.11750E-14   -0.48026E-17   -0.33828E-16
      1      21.508    0.60513E-04    0.12433E-14   -0.17101E-16   -0.25628E-16
      1      21.376    0.61229E-04    0.13222E-14   -0.11555E-16   -0.43091E-16
      1      21.244    0.61977E-04    0.13652E-14   -0.12354E-16   -0.33365E-16
      1      21.112    0.62753E-04    0.14627E-14   -0.19754E-16   -0.28461E-16
      1      20.980    0.63554E-04    0.15584E-14   -0.13665E-16   -0.18751E-16
      1      20.848    0.64376E-04    0.16074E-14   -0.21651E-16   -0.31495E-16
      1      20.716    0.65214E-04    0.16643E-14   -0.81537E-17   -0.47486E-16
      1      20.584    0.66061E-04    0.17694E-14   -0.19093E-16   -0.50798E-16
      1      20.452    0.66915E-04    0.18434E-14   -0.14120E-16   -0.37078E-16
      1      20.320    0.67768E-04    0.18861E-14   -0.24040E-16   -0.48409E-16
      1      20.188    0.68618E-04    0.19558E-14   -0.16540E-16   -0.48107E-16
      1      20.056    0.69459E-04    0.20456E-14   -0.24452E-16   -0.40018E-16
      1      19.924    0.70288E-04    0.21132E-14   -0.21691E-16   -0.46585E-16
      1      19.792    0.71105E-04    0.21917E-14   -0.21280E-16   -0.59573E-16
      1      19.660    0.71908E-04    0.22281E-14   -0.11747E-16   -0.60913E-16
      1      19.528    0.72697E-04    0.23087E-14   -0.85745E-17   -0.52236E-16
      1      19.396    0.73471E-04    0.23208E-14   -0.24843E-16   -0.66101E-16
      1      19.264    0.74231E-04    0.24633E-14   -0.32696E-16   -0.55885E-16
      1      19.132    0.74977E-04    0.24898E-14   -0.12326E-16   -0.66211E-16
      1      19.000    0.75708E-04    0.25666E-14   -0.21298E-16   -0.70598E-16
      1      18.868    0.76425E-04    0.26331E-14   -0.23657E-16   -0.58249E-16
      1      18.736    0.77127E-04    0.26583E-14   -0.22219E-16   -0.76181E-16
      1      18.604    0.77813E-04    0.27239E-14   -0.42296E-17   -0.70262E-16
      1      18.472    0.78484E-04    0.28070E-14   -0.18543E-16   -0.76984E-16
      1      18.340    0.79138E-04    0.28970E-14   -0.26100E-16   -0.78643E-16
      1      18.208    0.79776E-04    0.29289E-14   -0.24707E-16   -0.69014E-16
      1      18.076    0.80399E-04    0.30020E-14   -0.11918E-16   -0.64472E-16
      1      17.943    0.81007E-04    0.30714E-14   -0.29709E-16   -0.76349E-16
      1      17.811    0.81601E-04    0.30922E-14   -0.26189E-16   -0.78537E-16
      1      17.679    0.82182E-04    0.31431E-14   -0.25624E-16   -0.71989E-16
      1      17.547    0.82751E-04    0.32367E-14   -0.90541E-17   -0.79484E-16
      1      17.415    0.83311E-04    0.33103E-14   -0.29730E-16   -0.90028E-16
      1      17.283    0.83861E-04    0.33221E-14   -0.37584E-16   -0.80632E-16
      1      17.151    0.84404E-04    0.33779E-14   -0.22404E-16   -0.98304E-16
      1      17.019    0.84942E-04    0.34860E-14   -0.32275E-16   -0.88242E-16
      1      16.887    0.85478E-04    0.35330E-14   -0.32129E-16   -0.89217E-16
      1      16.755    0.86014E-04    0.36016E-14   -0.38351E-16   -0.69751E-16
      1      16.623    0.86553E-04    0.36053E-14   -0.49014E-16   -0.99273E-16
      1      16.491    0.87097E-04    0.37065E-14   -0.18928E-16   -0.94894E-16
      1      16.359    0.87651E-04    0.37953E-14   -0.31604E-16   -0.96542E-16
      1      16.227    0.88218E-04    0.37972E-14   -0.44666E-16   -0.90500E-16
      1      16.095    0.88803E-04    0.38230E-14   -0.11315E-16   -0.10065E-15
      1      15.963    0.89409E-04    0.39785E-14   -0.20252E-16   -0.90580E-16
      1      15.831    0.90039E-04    0.40205E-14   -0.52219E-16   -0.10501E-15
      1      15.699    0.90696E-04    0.40258E-14   -0.38443E-16   -0.96842E-16
      1      15.567    0.91381E-04    0.41215E-14   -0.25250E-16   -0.10419E-15
      1      15.435    0.92096E-04    0.41427E-14   -0.26053E-16   -0.10617E-15
      1      15.303    0.92841E-04    0.41939E-14   -0.38893E-16   -0.94615E-16
      1      15.171    0.93617E-04    0.42951E-14   -0.18502E-16   -0.10671E-15
      1      15.039    0.94424E-04    0.43744E-14   -0.17492E-16   -0.11506E-15
      1      14.907    0.95262E-04    0.44288E-14   -0.19546E-16   -0.10955E-15
      1      14.775    0.96131E-04    0.44447E-14   -0.39311E-16   -0.95564E-16
      1      14.643    0.97031E-04    0.44551E-14   -0.29145E-16   -0.99928E-16
      1      14.511    0.97962E-04    0.45192E-14   -0.11012E-16   -0.12070E-15
      1      14.379    0.98927E-04    0.45646E-14   -0.34129E-16   -0.11081E-15
      1      14.247    0.99925E-04    0.46618E-14   -0.15776E-16   -0.97642E-16
      1      14.115    0.10096E-03    0.46673E-14   -0.27774E-17   -0.13075E-15
      1      13.983    0.10202E-03    0.46995E-14   -0.85730E-17   -0.10465E-15
      1      13.851    0.10313E-03    0.48928E-14   -0.29537E-16   -0.10592E-15
      1      13.719    0.10427E-03    0.48943E-14    0.64162E-17   -0.10828E-15
      1      13.587    0.10545E-03    0.49329E-14    0.37076E-18   -0.11615E-15
      1      13.455    0.10667E-03    0.49865E-14   -0.27923E-16   -0.12096E-15
      1      13.323    0.10793E-03    0.50262E-14   -0.26558E-16   -0.12007E-15
      1      13.191    0.10923E-03    0.49867E-14   -0.38081E-16   -0.11277E-15
      1      13.059    0.11058E-03    0.51041E-14   -0.24261E-16   -0.12296E-15
      1      12.927    0.11197E-03    0.51437E-14   -0.12141E-16   -0.12323E-15
      1      12.794    0.11341E-03    0.52958E-14   -0.24855E-16   -0.11952E-15
      1      12.662    0.11489E-03    0.53136E-14   -0.19424E-16   -0.11509E-15
      1      12.530    0.11643E-03    0.52560E-14   -0.12260E-16   -0.12797E-15
      1      12.398    0.11801E-03    0.53658E-14   -0.24659E-16   -0.12670E-15
      1      12.266    0.11965E-03    0.53249E-14   -0.24864E-16   -0.11580E-15
      1      12.134    0.12134E-03    0.54107E-14   -0.22995E-16   -0.14243E-15
      1      12.002    0.12308E-03    0.53522E-14   -0.19257E-16   -0.11928E-15
      1      11.870    0.12488E-03    0.53464E-14   -0.18126E-16   -0.12467E-15
      1      11.738    0.12673E-03    0.54287E-14   -0.14345E-16   -0.12237E-15
      1      11.606    0.12863E-03    0.54712E-14   -0.14378E-16   -0.12924E-15
      1      11.474    0.13059E-03    0.54857E-14   -0.31211E-16   -0.13006E-15
      1      11.342    0.13260E-03    0.56099E-14    0.11519E-17   -0.12502E-15
      1      11.210    0.13466E-03    0.55346E-14   -0.18462E-16   -0.12030E-15
      1      11.078    0.13677E-03    0.56801E-14   -0.22219E-16   -0.10805E-15
      1      10.946    0.13893E-03    0.56514E-14   -0.33055E-16   -0.14580E-15
      1      10.814    0.14114E-03    0.56705E-14   -0.23359E-16   -0.11789E-15
      1      10.682    0.14339E-03    0.56382E-14   -0.20331E-16   -0.10007E-15
      1      10.550    0.14569E-03    0.56719E-14   -0.14458E-16   -0.14170E-15
      1      10.418    0.14804E-03    0.57546E-14   -0.25567E-16   -0.12839E-15
      1      10.286    0.15043E-03    0.57724E-14   -0.31640E-16   -0.11092E-15
      1      10.154    0.15287E-03    0.56250E-14   -0.51039E-16   -0.11176E-15
      1      10.022    0.15535E-03    0.57878E-14    0.92853E-18   -0.11225E-15
      1       9.890    0.15787E-03    0.59467E-14   -0.24932E-16   -0.10673E-15
      1       9.758    0.16042E-03    0.58294E-14   -0.12604E-16   -0.12183E-15
      1       9.626    0.16302E-03    0.59120E-14    0.85115E-18   -0.11100E-15
      1       9.494    0.16566E-03    0.57772E-14   -0.34482E-17   -0.11272E-15
      1       9.362    0.16833E-03    0.58174E-14   -0.18397E-16   -0.11632E-15
      1       9.230    0.17103E-03    0.58842E-14   -0.17679E-16   -0.12333E-15
      1       9.098    0.17377E-03    0.59651E-14   -0.86907E-17   -0.11316E-15
      1       8.966    0.17654E-03    0.58972E-14   -0.36194E-16   -0.91583E-16
      1       8.834    0.17934E-03    0.59375E-14    0.22328E-17   -0.12335E-15
      1       8.702    0.18217E-03    0.59626E-14   -0.85159E-17   -0.10039E-15
      1       8.570    0.18502E-03    0.59948E-14    0.14793E-16   -0.13192E-15
      1       8.438    0.18790E-03    0.59976E-14   -0.92259E-17   -0.12843E-15
      1       8.306    0.19079E-03    0.59785E-14    0.44057E-17   -0.12156E-15
      1       8.174    0.19369E-03    0.59029E-14   -0.35573E-16   -0.12943E-15
      1       8.042    0.19660E-03    0.57774E-14    0.69814E-17   -0.10342E-15
      1       7.910    0.19950E-03    0.59994E-14   -0.12672E-16   -0.13324E-15
      1       7.777    0.20238E-03    0.60345E-14   -0.12090E-17   -0.10891E-15
      1       7.645    0.20523E-03    0.59166E-14    0.19455E-17   -0.93326E-16
      1       7.513    0.20803E-03    0.59802E-14   -0.19004E-16   -0.10939E-15
      1       7.381    0.21074E-03    0.58992E-14   -0.49121E-17   -0.13399E-15
      1       7.249    0.21335E-03    0.59392E-14   -0.16949E-16   -0.91714E-16
      1       7.117    0.21583E-03    0.58745E-14    0.11059E-16   -0.11761E-15
      1       6.985    0.21815E-03    0.60333E-14    0.57645E-17   -0.11819E-15
      1       6.853    0.22027E-03    0.59068E-14   -0.76823E-17   -0.13896E-15
      1       6.721    0.22219E-03    0.59437E-14    0.12507E-17   -0.11454E-15
      1       6.589    0.22390E-03    0.59574E-14    0.18833E-16   -0.11705E-15
      1       6.457    0.22540E-03    0.59713E-14    0.25741E-16   -0.13971E-15
      1       6.325    0.22672E-03    0.59080E-14    0.33536E-16   -0.11394E-15
      1       6.193    0.22787E-03    0.58762E-14   -0.56349E-17   -0.93528E-16
      1       6.061    0.22886E-03    0.61031E-14   -0.16685E-16   -0.12504E-15
      1       5.929    0.22973E-03    0.60068E-14    0.50292E-17   -0.13700E-15
      1       5.797    0.23048E-03    0.60451E-14   -0.56284E-18   -0.14145E-15
      1       5.665    0.23114E-03    0.60198E-14   -0.15357E-17   -0.13383E-15
      1       5.533    0.23170E-03    0.59523E-14    0.56624E-17   -0.10638E-15
      1       5.401    0.23220E-03    0.59814E-14    0.15785E-16   -0.12973E-15
      1       5.269    0.23262E-03    0.58646E-14   -0.13492E-16   -0.14978E-15
      1       5.137    0.23300E-03    0.59018E-14    0.33546E-16   -0.13444E-15
      1       5.005    0.23332E-03    0.60042E-14    0.15214E-16   -0.13411E-15
      1       4.873    0.23362E-03    0.58378E-14    0.31429E-16   -0.12546E-15
      1       4.741    0.23388E-03    0.59712E-14    0.17726E-16   -0.10879E-15
      1       4.609    0.23414E-03    0.58293E-14    0.90516E-17   -0.15217E-15
      1       4.477    0.23439E-03    0.59425E-14    0.25268E-16   -0.13096E-15
      1       4.345    0.23464E-03    0.58736E-14    0.40660E-16   -0.15020E-15
      1       4.213    0.23491E-03    0.58419E-14    0.46889E-16   -0.15173E-15
      1       4.081    0.23521E-03    0.59925E-14    0.79817E-17   -0.15766E-15
      1       3.949    0.23555E-03    0.58515E-14    0.20800E-16   -0.17056E-15
      1       3.817    0.23593E-03    0.57588E-14    0.47726E-16   -0.12593E-15
      1       3.685    0.23636E-03    0.56217E-14    0.35835E-16   -0.13123E-15
      1       3.553    0.23686E-03    0.55975E-14    0.39278E-16   -0.13942E-15
      1       3.421    0.23742E-03    0.56902E-14    0.55362E-16   -0.13563E-15
      1       3.289    0.23805E-03    0.55029E-14    0.58053E-16   -0.16509E-15
      1       3.157    0.23875E-03    0.55439E-14    0.18732E-16   -0.16123E-15
      1       3.025    0.23953E-03    0.54978E-14    0.50645E-16   -0.15491E-15
      1       2.893    0.24038E-03    0.54957E-14    0.45260E-16   -0.14987E-15
      1       2.761    0.24129E-03    0.55895E-14    0.80279E-16   -0.15437E-15
      1       2.628    0.24227E-03    0.54226E-14    0.79516E-16   -0.16217E-15
      1       2.496    0.24328E-03    0.54832E-14    0.68549E-16   -0.12343E-15
      1       2.364    0.24431E-03    0.54145E-14    0.73613E-16   -0.15033E-15
      1       2.232    0.24534E-03    0.53686E-14    0.87448E-16   -0.12316E-15
      1       2.100    0.24632E-03    0.51585E-14    0.12405E-15   -0.16985E-15
      1       1.968    0.24722E-03    0.52300E-14    0.11778E-15   -0.15740E-15
      1       1.836    0.24795E-03    0.53276E-14    0.64475E-16   -0.16908E-15
      1       1.704    0.24845E-03    0.52241E-14    0.12262E-15   -0.15282E-15
      1       1.572    0.24860E-03    0.52566E-14    0.99201E-16   -0.13099E-15
      1       1.440    0.24827E-03    0.51713E-14    0.13780E-15   -0.15863E-15
      1       1.308    0.24727E-03    0.51587E-14    0.11770E-15   -0.15294E-15
      1       1.176    0.24539E-03    0.50054E-14    0.11156E-15   -0.15818E-15
      1       1.044    0.24234E-03    0.50272E-14    0.14770E-15   -0.16804E-15
      1       0.912    0.23775E-03    0.50570E-14    0.14273E-15   -0.15176E-15
      1       0.780    0.23110E-03    0.50077E-14    0.12170E-15   -0.12964E-15
      1       0.648    0.22168E-03    0.50616E-14    0.11991E-15   -0.14598E-15
      1       0.516    0.20841E-03    0.50128E-14    0.17550E-15   -0.13311E-15
      1       0.384    0.18956E-03    0.49532E-14    0.14283E-15   -0.12740E-15
      1       0.252    0.16185E-03    0.50412E-14    0.12493E-15   -0.13636E-15
      1       0.120    0.11740E-03    0.49497E-14    0.13232E-15   -0.12171E-15
