   3N SYSTEM INCLUSIVE  PHOTODESINTEGRATION
        DETECTED PARTICLE: 1- PROTON
        NOT DETECTED PARTICLES:2- PROTON  3-NEUTRON

      OMEGA 0.10000E+03
     MTTWE1,MTTWE2,MTTWE3=    1    1   -1
     TH1LAB,PHI1LAB=     0.000     0.000
   Unit of cross sections ... fm**2/(MeV*sr**2)
      I       E1      CROSS           AX           AY           AZ
      1      72.879    0.66894E-07    0.93590E-18    0.17094E-20    0.17168E-17
      1      72.866    0.19859E-04    0.74466E-18   -0.22145E-21   -0.85882E-17
      1      72.859    0.22572E-04    0.84523E-18    0.22596E-20   -0.22516E-16
      1      72.852    0.24370E-04    0.97854E-18    0.31154E-20    0.92976E-17
      1      72.846    0.25626E-04    0.11410E-17   -0.15401E-20   -0.42848E-17
      1      72.839    0.26532E-04    0.13392E-17   -0.45793E-21   -0.78865E-17
      1      72.832    0.27198E-04    0.15765E-17    0.20008E-20    0.52533E-16
      1      72.826    0.27695E-04    0.18583E-17    0.25592E-20    0.19077E-17
      1      72.819    0.28068E-04    0.21319E-17    0.15105E-21   -0.14085E-16
      1      72.812    0.28350E-04    0.24520E-17   -0.72184E-21    0.78542E-17
      1      72.806    0.28563E-04    0.27687E-17    0.98561E-20   -0.74811E-17
      1      72.799    0.28724E-04    0.31407E-17    0.55320E-20    0.35895E-17
      1      72.792    0.28845E-04    0.35167E-17    0.41771E-20   -0.11107E-16
      1      72.786    0.28935E-04    0.38740E-17    0.49570E-20    0.60583E-16
      1      72.779    0.29001E-04    0.43030E-17    0.90573E-20    0.13251E-17
      1      72.772    0.29047E-04    0.47135E-17   -0.29510E-20   -0.12964E-17
      1      72.766    0.29080E-04    0.51149E-17    0.18534E-19   -0.12796E-16
      1      72.759    0.29100E-04    0.55608E-17    0.75809E-20   -0.15793E-16
      1      72.360    0.28817E-04    0.34353E-16    0.46815E-18   -0.11702E-17
      1      71.961    0.28813E-04    0.65939E-16    0.13374E-19    0.18591E-16
      1      71.562    0.28939E-04    0.96063E-16   -0.65981E-19    0.55757E-16
      1      71.163    0.29045E-04    0.12376E-15    0.23416E-18    0.25791E-17
      1      70.764    0.29137E-04    0.15301E-15   -0.10939E-18    0.16249E-16
      1      70.364    0.29265E-04    0.18421E-15    0.90176E-18    0.10358E-16
      1      69.965    0.29482E-04    0.21510E-15    0.54148E-18    0.88115E-18
      1      69.566    0.29834E-04    0.24599E-15   -0.19426E-18    0.17820E-16
      1      69.167    0.30342E-04    0.28577E-15    0.67098E-18   -0.21712E-16
      1      68.768    0.30978E-04    0.32002E-15   -0.55277E-18   -0.10681E-16
      1      68.369    0.31713E-04    0.35206E-15   -0.43259E-19    0.13197E-16
      1      67.970    0.32521E-04    0.40034E-15    0.52922E-18    0.53581E-16
      1      67.571    0.33377E-04    0.42646E-15    0.46374E-18    0.28587E-16
      1      67.172    0.34265E-04    0.47527E-15    0.16076E-17   -0.58002E-17
      1      66.772    0.35166E-04    0.51548E-15    0.68400E-18   -0.13155E-16
      1      66.373    0.36067E-04    0.54623E-15    0.15587E-17   -0.34180E-17
      1      65.974    0.36956E-04    0.58450E-15    0.55746E-18    0.25332E-17
      1      65.575    0.37823E-04    0.62451E-15   -0.19793E-18    0.43118E-17
      1      65.176    0.38658E-04    0.66529E-15   -0.11459E-17   -0.33732E-17
      1      64.777    0.39454E-04    0.69365E-15    0.23100E-17   -0.21717E-17
      1      64.378    0.40204E-04    0.73856E-15    0.18408E-17   -0.30560E-17
      1      63.979    0.40906E-04    0.77309E-15    0.29133E-17    0.11922E-16
      1      63.579    0.41559E-04    0.82867E-15    0.96641E-18    0.79437E-17
      1      63.180    0.42159E-04    0.86034E-15    0.10536E-17   -0.39940E-17
      1      62.781    0.42705E-04    0.90396E-15    0.28344E-17   -0.36465E-17
      1      62.382    0.43190E-04    0.95259E-15    0.22175E-17   -0.17353E-17
      1      61.983    0.43610E-04    0.97783E-15    0.19727E-18    0.10672E-16
      1      61.584    0.43961E-04    0.10313E-14   -0.22284E-17    0.58628E-17
      1      61.185    0.44240E-04    0.10654E-14    0.26703E-17   -0.48566E-17
      1      60.786    0.44444E-04    0.11001E-14    0.18287E-17   -0.16001E-16
      1      60.387    0.44570E-04    0.11441E-14   -0.19639E-17    0.77919E-17
      1      59.987    0.44619E-04    0.11650E-14    0.73175E-18    0.76401E-18
      1      59.588    0.44591E-04    0.12104E-14    0.56123E-18   -0.81516E-17
      1      59.189    0.44488E-04    0.12645E-14   -0.11446E-17   -0.14674E-16
      1      58.790    0.44313E-04    0.12781E-14    0.34432E-17   -0.66115E-17
      1      58.391    0.44070E-04    0.12689E-14    0.53066E-17    0.86619E-17
      1      57.992    0.43760E-04    0.12893E-14    0.92584E-17   -0.30762E-17
      1      57.593    0.43387E-04    0.13264E-14    0.23994E-16   -0.15773E-16
      1      57.194    0.42955E-04    0.13820E-14   -0.26668E-18   -0.99423E-17
      1      56.795    0.42466E-04    0.13893E-14   -0.23037E-17   -0.14871E-16
      1      56.395    0.41922E-04    0.14246E-14    0.66566E-17   -0.39581E-17
      1      55.996    0.41326E-04    0.14060E-14   -0.51532E-18   -0.25956E-17
      1      55.597    0.40682E-04    0.14562E-14    0.12864E-16   -0.13017E-16
      1      55.198    0.39990E-04    0.14624E-14   -0.17296E-18   -0.53645E-17
      1      54.799    0.39255E-04    0.14747E-14    0.86408E-18    0.37361E-17
      1      54.400    0.38480E-04    0.14498E-14    0.35283E-17   -0.17580E-16
      1      54.001    0.37669E-04    0.15188E-14    0.20164E-17   -0.14751E-16
      1      53.602    0.36827E-04    0.15076E-14    0.77726E-17   -0.82542E-17
      1      53.202    0.35960E-04    0.15237E-14    0.44994E-17   -0.12825E-16
      1      52.803    0.35074E-04    0.15727E-14    0.73935E-18   -0.39168E-17
      1      52.404    0.34174E-04    0.15670E-14   -0.88298E-17   -0.63082E-17
      1      52.005    0.33265E-04    0.15549E-14    0.80795E-17   -0.17894E-16
      1      51.606    0.32353E-04    0.15882E-14   -0.69380E-18   -0.16619E-16
      1      51.207    0.31443E-04    0.15823E-14   -0.99882E-18   -0.28411E-17
      1      50.808    0.30541E-04    0.15965E-14    0.10003E-16   -0.18294E-16
      1      50.409    0.29649E-04    0.16255E-14    0.38199E-18   -0.23168E-16
      1      50.010    0.28773E-04    0.15996E-14   -0.23460E-17   -0.77459E-17
      1      49.610    0.27917E-04    0.16875E-14    0.50702E-17   -0.10257E-16
      1      49.211    0.27084E-04    0.16768E-14    0.30397E-17   -0.17331E-16
      1      48.812    0.26278E-04    0.16916E-14    0.36829E-17   -0.75119E-17
      1      48.413    0.25502E-04    0.17229E-14    0.33247E-17   -0.77502E-17
      1      48.014    0.24756E-04    0.17422E-14   -0.10093E-16   -0.13610E-16
      1      47.615    0.24041E-04    0.17165E-14    0.49080E-17   -0.25536E-17
      1      47.216    0.23359E-04    0.17558E-14    0.30909E-17   -0.26370E-16
      1      46.817    0.22709E-04    0.18025E-14   -0.11243E-17   -0.18243E-16
      1      46.417    0.22091E-04    0.17982E-14   -0.64787E-17   -0.13436E-16
      1      46.018    0.21503E-04    0.18705E-14    0.55771E-17   -0.19345E-16
      1      45.619    0.20944E-04    0.18157E-14    0.28672E-17   -0.13152E-16
      1      45.220    0.20414E-04    0.18704E-14    0.32897E-17   -0.16197E-16
      1      44.821    0.19912E-04    0.19067E-14    0.69083E-17   -0.11787E-16
      1      44.422    0.19434E-04    0.19109E-14    0.77030E-17   -0.13781E-16
      1      44.023    0.18981E-04    0.19416E-14    0.45901E-17   -0.23633E-16
      1      43.624    0.18550E-04    0.19572E-14    0.60773E-17   -0.10146E-16
      1      43.225    0.18140E-04    0.20442E-14    0.53821E-17   -0.23905E-16
      1      42.825    0.17751E-04    0.20621E-14   -0.46074E-17   -0.17477E-16
      1      42.426    0.17381E-04    0.20656E-14    0.21300E-17   -0.87670E-17
      1      42.027    0.17029E-04    0.20748E-14   -0.27439E-17   -0.12948E-16
      1      41.628    0.16695E-04    0.21894E-14    0.26018E-17   -0.95668E-18
      1      41.229    0.16378E-04    0.22280E-14    0.20115E-16   -0.62789E-17
      1      40.830    0.16077E-04    0.21980E-14    0.14879E-17   -0.13445E-16
      1      40.431    0.15792E-04    0.22114E-14    0.10614E-17   -0.17840E-16
      1      40.032    0.15523E-04    0.22507E-14    0.12503E-16   -0.12586E-16
      1      39.633    0.15269E-04    0.23052E-14    0.29406E-17   -0.18608E-16
      1      39.233    0.15030E-04    0.22740E-14   -0.32401E-17   -0.16617E-16
      1      38.834    0.14804E-04    0.23436E-14    0.11753E-16   -0.19792E-16
      1      38.435    0.14592E-04    0.23440E-14   -0.78124E-17   -0.10557E-16
      1      38.036    0.14394E-04    0.23191E-14    0.30089E-17   -0.15220E-16
      1      37.637    0.14208E-04    0.24428E-14   -0.83536E-17   -0.13978E-16
      1      37.238    0.14034E-04    0.24430E-14    0.85758E-17   -0.12554E-16
      1      36.839    0.13873E-04    0.24459E-14    0.58213E-17   -0.17937E-16
      1      36.440    0.13722E-04    0.25290E-14   -0.92197E-18   -0.23329E-16
      1      36.040    0.13582E-04    0.25174E-14   -0.11812E-17   -0.18699E-16
      1      35.641    0.13453E-04    0.25481E-14   -0.17273E-17   -0.11992E-16
      1      35.242    0.13334E-04    0.25896E-14    0.28396E-18   -0.25009E-16
      1      34.843    0.13224E-04    0.25942E-14   -0.97054E-17   -0.19349E-16
      1      34.444    0.13123E-04    0.26526E-14   -0.13475E-16   -0.16744E-16
      1      34.045    0.13032E-04    0.26422E-14    0.95766E-17   -0.20224E-16
      1      33.646    0.12949E-04    0.26891E-14    0.70973E-17   -0.10598E-16
      1      33.247    0.12874E-04    0.26984E-14    0.20745E-17   -0.23336E-16
      1      32.848    0.12808E-04    0.27034E-14    0.11018E-16   -0.29572E-16
      1      32.448    0.12749E-04    0.26965E-14   -0.42989E-17   -0.27761E-16
      1      32.049    0.12698E-04    0.27767E-14    0.23665E-17   -0.28196E-16
      1      31.650    0.12655E-04    0.27781E-14    0.74815E-18   -0.34916E-16
      1      31.251    0.12619E-04    0.27893E-14   -0.44343E-17   -0.33940E-16
      1      30.852    0.12590E-04    0.27457E-14   -0.21688E-17   -0.27011E-16
      1      30.453    0.12569E-04    0.28319E-14   -0.56870E-17   -0.27202E-16
      1      30.054    0.12555E-04    0.28008E-14   -0.19366E-17   -0.30019E-16
      1      29.655    0.12548E-04    0.27992E-14   -0.44719E-17   -0.32241E-16
      1      29.255    0.12549E-04    0.28860E-14   -0.76239E-17   -0.39700E-16
      1      28.856    0.12558E-04    0.28312E-14    0.13677E-17   -0.21904E-16
      1      28.457    0.12573E-04    0.28413E-14   -0.57548E-17   -0.37510E-16
      1      28.058    0.12597E-04    0.29049E-14   -0.62227E-17   -0.38461E-16
      1      27.659    0.12627E-04    0.28587E-14   -0.10482E-16   -0.40656E-16
      1      27.260    0.12666E-04    0.28178E-14    0.13373E-16   -0.22499E-16
      1      26.861    0.12711E-04    0.29183E-14   -0.58487E-17   -0.34259E-16
      1      26.462    0.12765E-04    0.28849E-14   -0.14231E-16   -0.40964E-16
      1      26.063    0.12826E-04    0.28714E-14   -0.18370E-17   -0.21601E-16
      1      25.663    0.12895E-04    0.27813E-14   -0.80091E-17   -0.30028E-16
      1      25.264    0.12972E-04    0.28196E-14   -0.84721E-17   -0.46169E-16
      1      24.865    0.13058E-04    0.28345E-14   -0.43950E-17   -0.39100E-16
      1      24.466    0.13152E-04    0.28071E-14   -0.24770E-18   -0.52410E-16
      1      24.067    0.13255E-04    0.27674E-14    0.96600E-17   -0.37352E-16
      1      23.668    0.13364E-04    0.27879E-14   -0.33180E-17   -0.47952E-16
      1      23.269    0.13478E-04    0.27723E-14   -0.96317E-17   -0.55521E-16
      1      22.870    0.13589E-04    0.26913E-14    0.50746E-18   -0.45463E-16
      1      22.471    0.13688E-04    0.26737E-14   -0.80566E-17   -0.38856E-16
      1      22.071    0.13761E-04    0.26532E-14   -0.43436E-17   -0.52160E-16
      1      21.672    0.13793E-04    0.26165E-14   -0.94663E-17   -0.45434E-16
      1      21.273    0.13777E-04    0.26200E-14   -0.15064E-16   -0.43311E-16
      1      20.874    0.13718E-04    0.26302E-14    0.43994E-18   -0.65698E-16
      1      20.475    0.13631E-04    0.26286E-14    0.16565E-16   -0.53319E-16
      1      20.076    0.13532E-04    0.25902E-14   -0.69729E-17   -0.67288E-16
      1      19.677    0.13433E-04    0.25925E-14   -0.53799E-17   -0.70513E-16
      1      19.278    0.13342E-04    0.25686E-14    0.10472E-16   -0.63077E-16
      1      18.878    0.13265E-04    0.25456E-14    0.43942E-17   -0.66910E-16
      1      18.479    0.13207E-04    0.25321E-14   -0.15796E-16   -0.73106E-16
      1      18.080    0.13169E-04    0.24108E-14    0.18518E-16   -0.67296E-16
      1      17.681    0.13155E-04    0.23573E-14    0.20257E-16   -0.58579E-16
      1      17.282    0.13167E-04    0.23434E-14    0.56921E-17   -0.62996E-16
      1      16.883    0.13207E-04    0.22919E-14   -0.63932E-17   -0.71679E-16
      1      16.484    0.13279E-04    0.22415E-14    0.19521E-17   -0.75277E-16
      1      16.085    0.13386E-04    0.21135E-14    0.40989E-16   -0.76275E-16
      1      15.686    0.13533E-04    0.20111E-14    0.31769E-16   -0.75210E-16
      1      15.286    0.13723E-04    0.19473E-14    0.20015E-16   -0.81656E-16
      1      14.887    0.13960E-04    0.18551E-14    0.36226E-16   -0.75303E-16
      1      14.488    0.14248E-04    0.16785E-14    0.25826E-16   -0.70590E-16
      1      14.089    0.14593E-04    0.16240E-14    0.54756E-16   -0.78733E-16
      1      13.690    0.14999E-04    0.15117E-14    0.64854E-16   -0.82029E-16
      1      13.291    0.15472E-04    0.14946E-14    0.27943E-16   -0.78421E-16
      1      12.892    0.16017E-04    0.13399E-14    0.59649E-16   -0.83588E-16
      1      12.493    0.16641E-04    0.12861E-14    0.75007E-16   -0.74306E-16
      1      12.093    0.17348E-04    0.11766E-14    0.52402E-16   -0.89488E-16
      1      11.694    0.18146E-04    0.10980E-14    0.18184E-16   -0.74819E-16
      1      11.295    0.19043E-04    0.11194E-14    0.47520E-16   -0.77239E-16
      1      10.896    0.20048E-04    0.10654E-14    0.65376E-16   -0.73200E-16
      1      10.497    0.21173E-04    0.10341E-14    0.92606E-16   -0.65831E-16
      1      10.098    0.22433E-04    0.99256E-15    0.39762E-16   -0.67476E-16
      1       9.699    0.23841E-04    0.10416E-14    0.11917E-15   -0.58951E-16
      1       9.300    0.25414E-04    0.10593E-14    0.10860E-15   -0.61120E-16
      1       8.901    0.27168E-04    0.94690E-15    0.12602E-15   -0.50021E-16
      1       8.501    0.29121E-04    0.99557E-15    0.77490E-16   -0.59246E-16
      1       8.102    0.31291E-04    0.10109E-14    0.95526E-16   -0.54205E-16
      1       7.703    0.33698E-04    0.10193E-14    0.82573E-16   -0.54290E-16
      1       7.304    0.36357E-04    0.10963E-14    0.92175E-16   -0.48978E-16
      1       6.905    0.39271E-04    0.10523E-14    0.84660E-16   -0.51882E-16
      1       6.506    0.42426E-04    0.10874E-14    0.63261E-16   -0.52540E-16
      1       6.107    0.45798E-04    0.10425E-14    0.12298E-15   -0.40418E-16
      1       5.708    0.49355E-04    0.11657E-14    0.13735E-15   -0.48494E-16
      1       5.309    0.53055E-04    0.11736E-14    0.13485E-15   -0.33625E-16
      1       4.909    0.56847E-04    0.13930E-14    0.45177E-16   -0.44903E-16
      1       4.510    0.60668E-04    0.12571E-14    0.10798E-15   -0.39790E-16
      1       4.111    0.64454E-04    0.14428E-14    0.13604E-15   -0.32707E-16
      1       3.712    0.68248E-04    0.15909E-14    0.12012E-15   -0.35200E-16
      1       3.313    0.72097E-04    0.15590E-14    0.11496E-15   -0.18840E-16
      1       2.914    0.75945E-04    0.17467E-14    0.18216E-15   -0.31159E-16
      1       2.515    0.79606E-04    0.17117E-14    0.11487E-15   -0.27473E-16
      1       2.116    0.82696E-04    0.16763E-14    0.89679E-16   -0.97723E-17
      1       1.716    0.84464E-04    0.16543E-14    0.11300E-15   -0.26067E-16
      1       1.317    0.83455E-04    0.15749E-14    0.13706E-15   -0.25085E-16
      1       0.918    0.77566E-04    0.16478E-14    0.56872E-16   -0.19590E-16
      1       0.519    0.63534E-04    0.17753E-14    0.10287E-15   -0.23219E-16
      1       0.120    0.32945E-04    0.18949E-14    0.64881E-16   -0.19255E-16
