   3N SYSTEM INCLUSIVE  PHOTODESINTEGRATION
        DETECTED PARTICLE: 1- PROTON
        NOT DETECTED PARTICLES:2- PROTON  3-NEUTRON

      OMEGA 0.30000E+02
     MTTWE1,MTTWE2,MTTWE3=    1    1   -1
     TH1LAB,PHI1LAB=   180.000     0.000
   Unit of cross sections ... fm**2/(MeV*sr**2)
      I       E1      CROSS           AX           AY           AZ
      1      13.029    0.87792E-07    0.76799E-18   -0.16115E-20   -0.76901E-17
      1      13.016    0.25630E-04    0.10372E-17    0.13443E-18   -0.15395E-16
      1      13.009    0.28876E-04    0.31387E-17    0.10089E-19   -0.27038E-18
      1      13.002    0.30921E-04    0.43819E-17    0.39036E-18   -0.29293E-16
      1      12.996    0.32273E-04    0.48438E-17    0.15699E-19    0.13274E-16
      1      12.989    0.33193E-04    0.57748E-17    0.25683E-18    0.43810E-16
      1      12.982    0.33829E-04    0.72492E-17    0.70918E-19    0.33558E-17
      1      12.976    0.34273E-04    0.96055E-17   -0.18717E-18    0.58655E-17
      1      12.969    0.34584E-04    0.12270E-16    0.11306E-18   -0.21828E-17
      1      12.962    0.34803E-04    0.14030E-16    0.14806E-18   -0.45760E-17
      1      12.956    0.34957E-04    0.16180E-16    0.50693E-18   -0.25810E-17
      1      12.949    0.35064E-04    0.17320E-16    0.15287E-18    0.10457E-16
      1      12.942    0.35140E-04    0.20542E-16   -0.18971E-18    0.90832E-17
      1      12.936    0.35192E-04    0.23872E-16    0.40637E-19    0.16269E-16
      1      12.929    0.35227E-04    0.25253E-16    0.21084E-18   -0.85709E-17
      1      12.922    0.35248E-04    0.26583E-16    0.14342E-18   -0.27274E-17
      1      12.916    0.35259E-04    0.30338E-16   -0.79310E-18    0.33203E-16
      1      12.909    0.35262E-04    0.34733E-16    0.92855E-19    0.40244E-16
      1      12.839    0.35096E-04    0.69496E-16    0.15736E-18   -0.61927E-17
      1      12.769    0.34908E-04    0.11569E-15    0.19105E-17   -0.24128E-17
      1      12.698    0.34847E-04    0.17240E-15   -0.52181E-18    0.46397E-17
      1      12.628    0.34910E-04    0.23597E-15   -0.96352E-18    0.14104E-16
      1      12.558    0.35071E-04    0.31047E-15    0.10838E-17    0.14136E-16
      1      12.487    0.35311E-04    0.36745E-15    0.35505E-18    0.12415E-16
      1      12.417    0.35618E-04    0.45233E-15    0.48236E-18    0.38481E-17
      1      12.347    0.35986E-04    0.53247E-15   -0.11123E-17   -0.52769E-17
      1      12.277    0.36410E-04    0.63186E-15    0.82048E-18   -0.27706E-17
      1      12.206    0.36888E-04    0.72577E-15   -0.53018E-17   -0.27296E-18
      1      12.136    0.37419E-04    0.80074E-15   -0.45508E-17   -0.76182E-17
      1      12.066    0.37999E-04    0.91031E-15   -0.36489E-17   -0.17975E-16
      1      11.996    0.38626E-04    0.10070E-14   -0.77655E-17    0.23851E-17
      1      11.925    0.39298E-04    0.11460E-14   -0.15988E-16   -0.79285E-17
      1      11.855    0.40013E-04    0.12345E-14   -0.13231E-16   -0.15142E-16
      1      11.785    0.40769E-04    0.13059E-14   -0.17564E-16   -0.11056E-16
      1      11.715    0.41566E-04    0.14146E-14   -0.20944E-16   -0.10222E-16
      1      11.644    0.42403E-04    0.14840E-14   -0.18555E-16   -0.22975E-16
      1      11.574    0.43281E-04    0.16091E-14   -0.17998E-16   -0.19867E-16
      1      11.504    0.44201E-04    0.17173E-14   -0.20649E-16   -0.24769E-16
      1      11.433    0.45161E-04    0.18251E-14   -0.18626E-16   -0.14632E-16
      1      11.363    0.46164E-04    0.19240E-14   -0.21916E-16   -0.26785E-16
      1      11.293    0.47210E-04    0.20458E-14   -0.18303E-16   -0.23431E-16
      1      11.223    0.48301E-04    0.21490E-14   -0.19664E-16   -0.48114E-16
      1      11.152    0.49436E-04    0.22459E-14   -0.12413E-16   -0.36455E-16
      1      11.082    0.50617E-04    0.23144E-14   -0.18497E-16   -0.42357E-16
      1      11.012    0.51844E-04    0.24538E-14   -0.16271E-16   -0.35721E-16
      1      10.942    0.53114E-04    0.25165E-14   -0.21706E-16   -0.55424E-16
      1      10.871    0.54428E-04    0.26299E-14   -0.33211E-16   -0.62009E-16
      1      10.801    0.55784E-04    0.26833E-14   -0.22741E-16   -0.63720E-16
      1      10.731    0.57179E-04    0.27885E-14   -0.20322E-16   -0.69361E-16
      1      10.660    0.58612E-04    0.28835E-14   -0.25190E-16   -0.69992E-16
      1      10.590    0.60082E-04    0.29954E-14   -0.25486E-16   -0.81077E-16
      1      10.520    0.61585E-04    0.30668E-14   -0.27749E-16   -0.62927E-16
      1      10.450    0.63121E-04    0.31826E-14   -0.71228E-17   -0.66367E-16
      1      10.379    0.64689E-04    0.32431E-14   -0.75329E-17   -0.82961E-16
      1      10.309    0.66288E-04    0.33190E-14   -0.18440E-16   -0.83907E-16
      1      10.239    0.67918E-04    0.33884E-14   -0.16653E-16   -0.91738E-16
      1      10.169    0.69578E-04    0.34908E-14   -0.27266E-16   -0.73769E-16
      1      10.098    0.71269E-04    0.35818E-14   -0.43031E-16   -0.81924E-16
      1      10.028    0.72990E-04    0.35640E-14   -0.22900E-16   -0.86440E-16
      1       9.958    0.74743E-04    0.37032E-14   -0.38271E-17   -0.84060E-16
      1       9.887    0.76527E-04    0.37352E-14   -0.15396E-16   -0.93650E-16
      1       9.817    0.78341E-04    0.38361E-14   -0.88126E-17   -0.81721E-16
      1       9.747    0.80187E-04    0.38486E-14   -0.69558E-17   -0.11399E-15
      1       9.677    0.82063E-04    0.39777E-14   -0.23476E-16   -0.10843E-15
      1       9.606    0.83970E-04    0.41492E-14   -0.93457E-17   -0.10868E-15
      1       9.536    0.85907E-04    0.40446E-14   -0.14079E-16   -0.93783E-16
      1       9.466    0.87875E-04    0.40793E-14   -0.14210E-16   -0.10943E-15
      1       9.396    0.89874E-04    0.42285E-14   -0.16111E-16   -0.12736E-15
      1       9.325    0.91904E-04    0.43330E-14   -0.26419E-16   -0.12596E-15
      1       9.255    0.93966E-04    0.43909E-14    0.47622E-17   -0.10446E-15
      1       9.185    0.96059E-04    0.44342E-14    0.53352E-19   -0.11623E-15
      1       9.115    0.98185E-04    0.43769E-14   -0.16944E-16   -0.13358E-15
      1       9.044    0.10034E-03    0.44953E-14   -0.28752E-16   -0.12029E-15
      1       8.974    0.10253E-03    0.44667E-14    0.23244E-18   -0.13803E-15
      1       8.904    0.10476E-03    0.45744E-14   -0.31204E-17   -0.12820E-15
      1       8.833    0.10701E-03    0.46662E-14   -0.10523E-16   -0.11614E-15
      1       8.763    0.10930E-03    0.46852E-14   -0.18716E-16   -0.13770E-15
      1       8.693    0.11162E-03    0.47372E-14   -0.16863E-16   -0.14074E-15
      1       8.623    0.11397E-03    0.48289E-14   -0.25452E-16   -0.14830E-15
      1       8.552    0.11636E-03    0.48545E-14   -0.43748E-17   -0.12995E-15
      1       8.482    0.11879E-03    0.48357E-14    0.20867E-16   -0.13441E-15
      1       8.412    0.12125E-03    0.48910E-14   -0.26236E-17   -0.14503E-15
      1       8.342    0.12375E-03    0.49547E-14   -0.13733E-16   -0.16525E-15
      1       8.271    0.12629E-03    0.49363E-14    0.15333E-16   -0.14658E-15
      1       8.201    0.12887E-03    0.51115E-14   -0.66581E-17   -0.16572E-15
      1       8.131    0.13150E-03    0.51272E-14   -0.76516E-17   -0.18034E-15
      1       8.060    0.13418E-03    0.52045E-14    0.17248E-16   -0.19068E-15
      1       7.990    0.13691E-03    0.51683E-14   -0.13850E-16   -0.17732E-15
      1       7.920    0.13970E-03    0.52267E-14    0.19292E-16   -0.17975E-15
      1       7.850    0.14254E-03    0.51805E-14    0.48301E-17   -0.15614E-15
      1       7.779    0.14543E-03    0.53185E-14    0.11910E-16   -0.18706E-15
      1       7.709    0.14838E-03    0.53360E-14    0.12273E-16   -0.17508E-15
      1       7.639    0.15140E-03    0.54242E-14    0.36964E-17   -0.17276E-15
      1       7.569    0.15447E-03    0.54105E-14    0.57635E-17   -0.17378E-15
      1       7.498    0.15759E-03    0.53985E-14    0.21064E-18   -0.18988E-15
      1       7.428    0.16078E-03    0.54947E-14   -0.11334E-16   -0.18049E-15
      1       7.358    0.16403E-03    0.54470E-14    0.22193E-16   -0.17169E-15
      1       7.288    0.16733E-03    0.55589E-14   -0.52283E-17   -0.17988E-15
      1       7.217    0.17069E-03    0.55035E-14    0.70692E-17   -0.16930E-15
      1       7.147    0.17411E-03    0.55627E-14    0.76402E-17   -0.16203E-15
      1       7.077    0.17759E-03    0.57044E-14    0.10397E-16   -0.17977E-15
      1       7.006    0.18113E-03    0.57190E-14    0.40450E-17   -0.17693E-15
      1       6.936    0.18473E-03    0.56605E-14    0.15595E-16   -0.17522E-15
      1       6.866    0.18840E-03    0.56308E-14    0.17622E-16   -0.17510E-15
      1       6.796    0.19213E-03    0.57390E-14    0.18377E-16   -0.17839E-15
      1       6.725    0.19592E-03    0.56605E-14    0.19044E-16   -0.19755E-15
      1       6.655    0.19977E-03    0.58634E-14    0.17306E-16   -0.17568E-15
      1       6.585    0.20369E-03    0.57909E-14    0.20020E-16   -0.16256E-15
      1       6.515    0.20768E-03    0.57231E-14    0.14764E-16   -0.17097E-15
      1       6.444    0.21174E-03    0.59047E-14    0.27995E-16   -0.16716E-15
      1       6.374    0.21586E-03    0.60775E-14   -0.57392E-19   -0.16089E-15
      1       6.304    0.22006E-03    0.58839E-14    0.32777E-17   -0.16146E-15
      1       6.233    0.22433E-03    0.59668E-14    0.27361E-16   -0.17987E-15
      1       6.163    0.22867E-03    0.58831E-14    0.75163E-17   -0.17865E-15
      1       6.093    0.23310E-03    0.58731E-14    0.18068E-16   -0.16683E-15
      1       6.023    0.23760E-03    0.59956E-14    0.24677E-16   -0.16045E-15
      1       5.952    0.24218E-03    0.58977E-14    0.11260E-16   -0.16811E-15
      1       5.882    0.24685E-03    0.58118E-14    0.14171E-16   -0.17799E-15
      1       5.812    0.25160E-03    0.59399E-14    0.73778E-17   -0.14545E-15
      1       5.742    0.25644E-03    0.60912E-14    0.69911E-17   -0.17586E-15
      1       5.671    0.26136E-03    0.61142E-14    0.17820E-16   -0.15796E-15
      1       5.601    0.26637E-03    0.61354E-14    0.11053E-16   -0.15038E-15
      1       5.531    0.27146E-03    0.61423E-14    0.18306E-16   -0.15437E-15
      1       5.461    0.27665E-03    0.60070E-14    0.20084E-17   -0.16575E-15
      1       5.390    0.28192E-03    0.61737E-14    0.16464E-16   -0.14223E-15
      1       5.320    0.28728E-03    0.60283E-14    0.19858E-16   -0.16431E-15
      1       5.250    0.29272E-03    0.61351E-14    0.23107E-16   -0.13819E-15
      1       5.179    0.29824E-03    0.60837E-14    0.30848E-16   -0.14190E-15
      1       5.109    0.30385E-03    0.61605E-14    0.13416E-17   -0.14441E-15
      1       5.039    0.30954E-03    0.60564E-14    0.71887E-17   -0.15911E-15
      1       4.969    0.31531E-03    0.61700E-14    0.10373E-16   -0.14304E-15
      1       4.898    0.32116E-03    0.60950E-14    0.17651E-16   -0.14266E-15
      1       4.828    0.32708E-03    0.61932E-14    0.15753E-16   -0.15056E-15
      1       4.758    0.33308E-03    0.61690E-14    0.14188E-16   -0.13521E-15
      1       4.688    0.33915E-03    0.61024E-14    0.44338E-16   -0.13559E-15
      1       4.617    0.34530E-03    0.61895E-14    0.32226E-16   -0.13091E-15
      1       4.547    0.35151E-03    0.60975E-14    0.32529E-16   -0.13783E-15
      1       4.477    0.35778E-03    0.61177E-14    0.20508E-16   -0.12935E-15
      1       4.406    0.36412E-03    0.61063E-14    0.13240E-16   -0.12112E-15
      1       4.336    0.37051E-03    0.61582E-14    0.49131E-17   -0.14697E-15
      1       4.266    0.37697E-03    0.61244E-14   -0.11581E-16   -0.13000E-15
      1       4.196    0.38347E-03    0.63176E-14    0.45032E-16   -0.12158E-15
      1       4.125    0.39001E-03    0.61039E-14    0.14241E-16   -0.13741E-15
      1       4.055    0.39660E-03    0.61748E-14    0.31017E-16   -0.12700E-15
      1       3.985    0.40323E-03    0.61684E-14    0.23646E-16   -0.12858E-15
      1       3.915    0.40988E-03    0.61561E-14    0.20318E-16   -0.13986E-15
      1       3.844    0.41655E-03    0.60513E-14    0.27867E-16   -0.13581E-15
      1       3.774    0.42324E-03    0.61990E-14    0.67274E-17   -0.11920E-15
      1       3.704    0.42993E-03    0.61673E-14    0.29842E-16   -0.12405E-15
      1       3.633    0.43660E-03    0.62209E-14    0.35092E-16   -0.13113E-15
      1       3.563    0.44324E-03    0.63340E-14    0.45495E-16   -0.12721E-15
      1       3.493    0.44983E-03    0.61442E-14    0.48824E-16   -0.12261E-15
      1       3.423    0.45633E-03    0.60720E-14    0.14144E-16   -0.12928E-15
      1       3.352    0.46272E-03    0.63115E-14    0.46199E-16   -0.13105E-15
      1       3.282    0.46895E-03    0.62729E-14    0.94339E-17   -0.14263E-15
      1       3.212    0.47498E-03    0.61244E-14    0.32785E-16   -0.13168E-15
      1       3.142    0.48076E-03    0.61846E-14    0.68902E-16   -0.14075E-15
      1       3.071    0.48623E-03    0.62734E-14    0.33729E-16   -0.12825E-15
      1       3.001    0.49133E-03    0.61757E-14    0.30378E-16   -0.13343E-15
      1       2.931    0.49601E-03    0.61225E-14    0.16381E-16   -0.12567E-15
      1       2.861    0.50022E-03    0.61892E-14    0.33959E-16   -0.11822E-15
      1       2.790    0.50392E-03    0.60853E-14    0.37492E-16   -0.12773E-15
      1       2.720    0.50708E-03    0.60638E-14    0.75826E-16   -0.14032E-15
      1       2.650    0.50971E-03    0.59824E-14    0.57522E-16   -0.12972E-15
      1       2.579    0.51180E-03    0.61135E-14    0.52092E-16   -0.13337E-15
      1       2.509    0.51338E-03    0.62359E-14    0.72617E-16   -0.14149E-15
      1       2.439    0.51447E-03    0.61742E-14    0.43439E-16   -0.13310E-15
      1       2.369    0.51510E-03    0.62579E-14    0.72902E-16   -0.14308E-15
      1       2.298    0.51528E-03    0.63066E-14    0.81871E-16   -0.14346E-15
      1       2.228    0.51505E-03    0.61664E-14    0.66193E-16   -0.14768E-15
      1       2.158    0.51442E-03    0.62242E-14    0.53413E-16   -0.14971E-15
      1       2.088    0.51341E-03    0.61003E-14    0.62676E-16   -0.14566E-15
      1       2.017    0.51204E-03    0.62875E-14    0.53017E-16   -0.14879E-15
      1       1.947    0.51030E-03    0.61666E-14    0.46154E-16   -0.13955E-15
      1       1.877    0.50821E-03    0.62404E-14    0.56966E-16   -0.14158E-15
      1       1.806    0.50577E-03    0.62014E-14    0.88576E-16   -0.14294E-15
      1       1.736    0.50299E-03    0.62791E-14    0.35613E-16   -0.15866E-15
      1       1.666    0.49986E-03    0.61088E-14    0.72939E-16   -0.14393E-15
      1       1.596    0.49640E-03    0.63241E-14    0.51470E-16   -0.13789E-15
      1       1.525    0.49258E-03    0.62395E-14    0.11340E-15   -0.15954E-15
      1       1.455    0.48841E-03    0.62405E-14    0.20273E-16   -0.14453E-15
      1       1.385    0.48387E-03    0.61558E-14    0.13465E-16   -0.14877E-15
      1       1.315    0.47892E-03    0.62216E-14    0.38661E-16   -0.15962E-15
      1       1.244    0.47356E-03    0.62442E-14    0.25699E-16   -0.14971E-15
      1       1.174    0.46773E-03    0.60875E-14    0.72531E-16   -0.17179E-15
      1       1.104    0.46139E-03    0.62117E-14    0.71175E-16   -0.14526E-15
      1       1.034    0.45448E-03    0.61672E-14    0.82738E-16   -0.17204E-15
      1       0.963    0.44692E-03    0.61210E-14    0.68092E-16   -0.16755E-15
      1       0.893    0.43862E-03    0.61717E-14    0.87542E-16   -0.15508E-15
      1       0.823    0.42945E-03    0.61618E-14    0.94645E-16   -0.16243E-15
      1       0.752    0.41925E-03    0.62018E-14    0.54531E-16   -0.18303E-15
      1       0.682    0.40785E-03    0.62212E-14    0.81973E-16   -0.16236E-15
      1       0.612    0.39498E-03    0.62021E-14    0.76561E-16   -0.16464E-15
      1       0.542    0.38034E-03    0.61929E-14    0.57296E-16   -0.15773E-15
      1       0.471    0.36349E-03    0.62453E-14    0.64412E-16   -0.17318E-15
      1       0.401    0.34385E-03    0.61520E-14    0.12395E-15   -0.19148E-15
      1       0.331    0.32060E-03    0.62027E-14    0.95448E-16   -0.16702E-15
      1       0.261    0.29245E-03    0.60483E-14    0.10571E-15   -0.16135E-15
      1       0.190    0.25725E-03    0.60551E-14    0.93428E-16   -0.15444E-15
      1       0.120    0.21068E-03    0.61296E-14    0.10634E-15   -0.18163E-15
