   3N SYSTEM INCLUSIVE  PHOTODESINTEGRATION
        DETECTED PARTICLE: 1- PROTON
        NOT DETECTED PARTICLES:2- PROTON  3-NEUTRON

      OMEGA 0.30000E+02
     MTTWE1,MTTWE2,MTTWE3=    1    1   -1
     TH1LAB,PHI1LAB=     0.000     0.000
   Unit of cross sections ... fm**2/(MeV*sr**2)
      I       E1      CROSS           AX           AY           AZ
      1      16.574    0.20842E-06    0.51535E-18    0.37367E-21    0.35714E-18
      1      16.560    0.62265E-04    0.12570E-17   -0.21033E-19   -0.21346E-17
      1      16.554    0.70383E-04    0.19471E-17   -0.30322E-19   -0.34284E-17
      1      16.547    0.75466E-04    0.27697E-17   -0.38904E-19    0.44399E-16
      1      16.540    0.78747E-04    0.37313E-17   -0.61852E-19   -0.97020E-17
      1      16.534    0.80879E-04    0.47396E-17   -0.64904E-19   -0.23381E-17
      1      16.527    0.82244E-04    0.59023E-17   -0.78033E-19    0.11475E-17
      1      16.520    0.83083E-04    0.71931E-17   -0.91867E-19   -0.20998E-17
      1      16.514    0.83553E-04    0.85173E-17   -0.69319E-19    0.62406E-17
      1      16.507    0.83763E-04    0.99539E-17   -0.16699E-18   -0.16274E-17
      1      16.500    0.83790E-04    0.11513E-16   -0.80515E-19    0.29966E-16
      1      16.494    0.83687E-04    0.13311E-16   -0.13754E-18    0.81955E-17
      1      16.487    0.83495E-04    0.14984E-16   -0.20809E-18   -0.60484E-17
      1      16.480    0.83242E-04    0.16778E-16   -0.23070E-18   -0.10515E-16
      1      16.474    0.82948E-04    0.18456E-16   -0.65028E-19   -0.41143E-17
      1      16.467    0.82626E-04    0.20819E-16   -0.93187E-18   -0.26336E-17
      1      16.460    0.82285E-04    0.22876E-16   -0.35741E-18   -0.70425E-17
      1      16.454    0.81931E-04    0.25344E-16   -0.10131E-18   -0.48256E-17
      1      16.364    0.77127E-04    0.61731E-16   -0.74490E-18    0.21343E-17
      1      16.274    0.73264E-04    0.11004E-15   -0.19293E-17    0.28917E-16
      1      16.185    0.70437E-04    0.17046E-15   -0.77108E-18    0.34747E-16
      1      16.095    0.68384E-04    0.23934E-15   -0.22695E-17   -0.37687E-17
      1      16.005    0.66888E-04    0.31801E-15   -0.38361E-17    0.37909E-17
      1      15.915    0.65809E-04    0.40411E-15   -0.74934E-17   -0.10564E-16
      1      15.826    0.65058E-04    0.49389E-15   -0.32461E-17   -0.28427E-16
      1      15.736    0.64574E-04    0.59071E-15   -0.95287E-17   -0.17189E-16
      1      15.646    0.64314E-04    0.70468E-15   -0.10608E-16   -0.15915E-16
      1      15.556    0.64248E-04    0.80348E-15   -0.73853E-17   -0.14741E-16
      1      15.467    0.64350E-04    0.91655E-15   -0.16850E-16   -0.24364E-16
      1      15.377    0.64598E-04    0.10330E-14   -0.14059E-16   -0.32199E-16
      1      15.287    0.64974E-04    0.11271E-14   -0.75479E-17   -0.29824E-16
      1      15.197    0.65464E-04    0.12653E-14   -0.23743E-16   -0.39524E-16
      1      15.108    0.66059E-04    0.13867E-14   -0.15816E-16   -0.30026E-16
      1      15.018    0.66750E-04    0.15067E-14   -0.17574E-16   -0.18704E-16
      1      14.928    0.67531E-04    0.16146E-14   -0.23369E-16   -0.47887E-16
      1      14.838    0.68397E-04    0.17290E-14   -0.12714E-16   -0.33365E-16
      1      14.749    0.69343E-04    0.18640E-14   -0.16723E-16   -0.51728E-16
      1      14.659    0.70365E-04    0.19937E-14   -0.21361E-16   -0.39126E-16
      1      14.569    0.71463E-04    0.20847E-14   -0.16199E-16   -0.44360E-16
      1      14.479    0.72632E-04    0.22158E-14   -0.21891E-16   -0.60714E-16
      1      14.390    0.73872E-04    0.23093E-14   -0.29204E-16   -0.61918E-16
      1      14.300    0.75177E-04    0.24234E-14   -0.23955E-16   -0.66438E-16
      1      14.210    0.76544E-04    0.25647E-14   -0.27145E-16   -0.75933E-16
      1      14.120    0.77971E-04    0.26406E-14   -0.36716E-16   -0.56397E-16
      1      14.031    0.79451E-04    0.27243E-14   -0.31860E-16   -0.83121E-16
      1      13.941    0.80981E-04    0.28591E-14   -0.16874E-16   -0.74435E-16
      1      13.851    0.82557E-04    0.29126E-14   -0.29614E-16   -0.95507E-16
      1      13.761    0.84176E-04    0.30539E-14   -0.24140E-16   -0.87135E-16
      1      13.672    0.85834E-04    0.31870E-14   -0.39028E-16   -0.85886E-16
      1      13.582    0.87530E-04    0.32710E-14   -0.19020E-16   -0.84557E-16
      1      13.492    0.89262E-04    0.33213E-14   -0.37294E-16   -0.88289E-16
      1      13.402    0.91030E-04    0.34781E-14   -0.44974E-16   -0.93659E-16
      1      13.313    0.92832E-04    0.34762E-14   -0.27419E-16   -0.91744E-16
      1      13.223    0.94670E-04    0.36374E-14   -0.20269E-16   -0.10183E-15
      1      13.133    0.96542E-04    0.37485E-14   -0.36337E-16   -0.99933E-16
      1      13.043    0.98449E-04    0.37545E-14   -0.25717E-16   -0.89818E-16
      1      12.954    0.10039E-03    0.39125E-14   -0.38935E-16   -0.10389E-15
      1      12.864    0.10236E-03    0.39734E-14   -0.19356E-16   -0.98504E-16
      1      12.774    0.10437E-03    0.40273E-14   -0.55726E-16   -0.11307E-15
      1      12.684    0.10641E-03    0.41094E-14   -0.26656E-16   -0.98372E-16
      1      12.595    0.10849E-03    0.41550E-14   -0.17296E-16   -0.11439E-15
      1      12.505    0.11059E-03    0.43519E-14   -0.33426E-16   -0.11415E-15
      1      12.415    0.11273E-03    0.43103E-14   -0.44311E-16   -0.12157E-15
      1      12.325    0.11490E-03    0.44271E-14   -0.25115E-16   -0.83684E-16
      1      12.236    0.11710E-03    0.44530E-14   -0.18799E-16   -0.11232E-15
      1      12.146    0.11933E-03    0.45257E-14   -0.37821E-16   -0.11348E-15
      1      12.056    0.12160E-03    0.45686E-14   -0.41416E-16   -0.12479E-15
      1      11.966    0.12391E-03    0.46074E-14   -0.59154E-16   -0.12438E-15
      1      11.877    0.12625E-03    0.47917E-14   -0.43012E-16   -0.10959E-15
      1      11.787    0.12863E-03    0.48193E-14   -0.22435E-16   -0.11022E-15
      1      11.697    0.13104E-03    0.48220E-14   -0.42971E-16   -0.11541E-15
      1      11.607    0.13350E-03    0.48687E-14   -0.46886E-16   -0.89376E-16
      1      11.518    0.13599E-03    0.49961E-14   -0.30124E-16   -0.12224E-15
      1      11.428    0.13853E-03    0.50296E-14   -0.38711E-16   -0.11366E-15
      1      11.338    0.14110E-03    0.50825E-14   -0.26164E-16   -0.13469E-15
      1      11.248    0.14372E-03    0.51149E-14   -0.34882E-16   -0.11577E-15
      1      11.159    0.14639E-03    0.51090E-14   -0.25846E-16   -0.11697E-15
      1      11.069    0.14911E-03    0.52014E-14   -0.38905E-16   -0.12770E-15
      1      10.979    0.15189E-03    0.52395E-14   -0.40340E-16   -0.16413E-15
      1      10.889    0.15472E-03    0.52893E-14   -0.37188E-16   -0.12237E-15
      1      10.800    0.15761E-03    0.53640E-14   -0.81754E-17   -0.95725E-16
      1      10.710    0.16057E-03    0.53939E-14   -0.38052E-16   -0.11582E-15
      1      10.620    0.16359E-03    0.54456E-14   -0.27943E-16   -0.11619E-15
      1      10.531    0.16667E-03    0.55028E-14   -0.57849E-16   -0.13813E-15
      1      10.441    0.16982E-03    0.54571E-14    0.22960E-17   -0.14022E-15
      1      10.351    0.17304E-03    0.55690E-14   -0.42305E-16   -0.11781E-15
      1      10.261    0.17632E-03    0.55988E-14   -0.26378E-16   -0.11927E-15
      1      10.172    0.17967E-03    0.56524E-14   -0.25936E-16   -0.11841E-15
      1      10.082    0.18309E-03    0.56194E-14   -0.40342E-16   -0.11429E-15
      1       9.992    0.18658E-03    0.57929E-14   -0.25549E-16   -0.12183E-15
      1       9.902    0.19013E-03    0.58082E-14   -0.33569E-16   -0.10108E-15
      1       9.813    0.19375E-03    0.57706E-14   -0.14829E-16   -0.10901E-15
      1       9.723    0.19745E-03    0.57576E-14   -0.21367E-16   -0.10896E-15
      1       9.633    0.20121E-03    0.58880E-14   -0.42760E-16   -0.11743E-15
      1       9.543    0.20505E-03    0.58667E-14   -0.27639E-16   -0.11402E-15
      1       9.454    0.20897E-03    0.58410E-14   -0.25448E-16   -0.12059E-15
      1       9.364    0.21296E-03    0.59410E-14   -0.46935E-16   -0.13128E-15
      1       9.274    0.21702E-03    0.59972E-14   -0.31002E-16   -0.12367E-15
      1       9.184    0.22117E-03    0.59380E-14   -0.33294E-16   -0.10798E-15
      1       9.095    0.22540E-03    0.59841E-14   -0.22794E-16   -0.12980E-15
      1       9.005    0.22971E-03    0.59835E-14   -0.45391E-16   -0.12306E-15
      1       8.915    0.23410E-03    0.61722E-14   -0.32181E-16   -0.13212E-15
      1       8.825    0.23858E-03    0.60724E-14   -0.21594E-16   -0.11700E-15
      1       8.736    0.24315E-03    0.61652E-14   -0.11507E-16   -0.11407E-15
      1       8.646    0.24780E-03    0.61852E-14   -0.26739E-16   -0.13804E-15
      1       8.556    0.25254E-03    0.61913E-14   -0.65937E-17   -0.15723E-15
      1       8.466    0.25738E-03    0.62407E-14   -0.52429E-16   -0.13259E-15
      1       8.377    0.26231E-03    0.60432E-14   -0.33320E-16   -0.14284E-15
      1       8.287    0.26734E-03    0.61314E-14   -0.95219E-17   -0.12539E-15
      1       8.197    0.27246E-03    0.61978E-14   -0.18829E-16   -0.13431E-15
      1       8.107    0.27768E-03    0.62643E-14   -0.21747E-16   -0.10725E-15
      1       8.018    0.28301E-03    0.63669E-14   -0.20206E-16   -0.12151E-15
      1       7.928    0.28842E-03    0.62478E-14   -0.38173E-16   -0.11702E-15
      1       7.838    0.29394E-03    0.62510E-14   -0.10384E-16   -0.10384E-15
      1       7.748    0.29956E-03    0.63723E-14   -0.24475E-16   -0.11830E-15
      1       7.659    0.30527E-03    0.62488E-14   -0.21322E-16   -0.13795E-15
      1       7.569    0.31108E-03    0.63539E-14   -0.51603E-17   -0.10974E-15
      1       7.479    0.31698E-03    0.64609E-14    0.44088E-17   -0.12374E-15
      1       7.389    0.32297E-03    0.63321E-14   -0.19802E-16   -0.11324E-15
      1       7.300    0.32906E-03    0.64157E-14   -0.22379E-16   -0.10992E-15
      1       7.210    0.33524E-03    0.64813E-14   -0.26897E-16   -0.10420E-15
      1       7.120    0.34151E-03    0.64507E-14   -0.14881E-16   -0.10846E-15
      1       7.030    0.34786E-03    0.64275E-14   -0.35948E-16   -0.10209E-15
      1       6.941    0.35430E-03    0.63780E-14   -0.39458E-17   -0.11635E-15
      1       6.851    0.36082E-03    0.62917E-14    0.91958E-20   -0.11162E-15
      1       6.761    0.36743E-03    0.64942E-14   -0.16293E-16   -0.11527E-15
      1       6.671    0.37411E-03    0.63873E-14   -0.10205E-16   -0.14119E-15
      1       6.582    0.38086E-03    0.63486E-14   -0.19715E-16   -0.11923E-15
      1       6.492    0.38769E-03    0.63610E-14   -0.23957E-16   -0.10158E-15
      1       6.402    0.39458E-03    0.65414E-14   -0.24253E-17   -0.13346E-15
      1       6.312    0.40154E-03    0.63957E-14   -0.31611E-16   -0.11095E-15
      1       6.223    0.40855E-03    0.64668E-14   -0.61259E-17   -0.10240E-15
      1       6.133    0.41562E-03    0.65570E-14   -0.28493E-16   -0.10085E-15
      1       6.043    0.42274E-03    0.65150E-14   -0.10859E-16   -0.11661E-15
      1       5.953    0.42989E-03    0.64627E-14   -0.10699E-16   -0.10786E-15
      1       5.864    0.43708E-03    0.65692E-14   -0.12324E-16   -0.11078E-15
      1       5.774    0.44429E-03    0.64181E-14   -0.19226E-16   -0.10802E-15
      1       5.684    0.45151E-03    0.65211E-14    0.12106E-16   -0.10837E-15
      1       5.594    0.45873E-03    0.63989E-14   -0.39458E-17   -0.11322E-15
      1       5.505    0.46593E-03    0.66157E-14    0.61988E-18   -0.78878E-16
      1       5.415    0.47310E-03    0.64192E-14   -0.19711E-16   -0.10958E-15
      1       5.325    0.48020E-03    0.65432E-14    0.34276E-16   -0.10248E-15
      1       5.236    0.48721E-03    0.64873E-14    0.61162E-17   -0.11309E-15
      1       5.146    0.49410E-03    0.64955E-14    0.83491E-18   -0.12194E-15
      1       5.056    0.50084E-03    0.65535E-14   -0.18385E-16   -0.12578E-15
      1       4.966    0.50738E-03    0.64040E-14   -0.10056E-17   -0.13282E-15
      1       4.877    0.51368E-03    0.64182E-14   -0.17193E-16   -0.10782E-15
      1       4.787    0.51970E-03    0.65272E-14    0.19530E-16   -0.10313E-15
      1       4.697    0.52541E-03    0.64852E-14    0.87200E-17   -0.10985E-15
      1       4.607    0.53077E-03    0.65916E-14    0.26986E-16   -0.11005E-15
      1       4.518    0.53574E-03    0.64309E-14    0.49991E-16   -0.10028E-15
      1       4.428    0.54032E-03    0.65834E-14    0.33623E-16   -0.13201E-15
      1       4.338    0.54450E-03    0.66410E-14   -0.71110E-17   -0.11817E-15
      1       4.248    0.54828E-03    0.65641E-14   -0.14480E-16   -0.11721E-15
      1       4.159    0.55166E-03    0.65290E-14   -0.11652E-16   -0.11255E-15
      1       4.069    0.55467E-03    0.65867E-14    0.12561E-16   -0.12333E-15
      1       3.979    0.55730E-03    0.64923E-14    0.14024E-16   -0.11187E-15
      1       3.889    0.55958E-03    0.64646E-14    0.79122E-17   -0.10745E-15
      1       3.800    0.56152E-03    0.63935E-14    0.64259E-16   -0.13847E-15
      1       3.710    0.56313E-03    0.64591E-14    0.27384E-17   -0.10318E-15
      1       3.620    0.56443E-03    0.63880E-14   -0.40264E-16   -0.10694E-15
      1       3.530    0.56543E-03    0.62852E-14    0.19206E-16   -0.14218E-15
      1       3.441    0.56614E-03    0.65842E-14    0.22184E-16   -0.10727E-15
      1       3.351    0.56656E-03    0.64015E-14    0.28593E-16   -0.12765E-15
      1       3.261    0.56671E-03    0.64641E-14    0.44729E-16   -0.10999E-15
      1       3.171    0.56660E-03    0.66288E-14    0.17724E-16   -0.13499E-15
      1       3.082    0.56623E-03    0.63159E-14    0.35029E-16   -0.12020E-15
      1       2.992    0.56562E-03    0.66208E-14    0.24481E-16   -0.14743E-15
      1       2.902    0.56478E-03    0.62646E-14    0.70734E-16   -0.14964E-15
      1       2.812    0.56370E-03    0.63957E-14    0.42796E-16   -0.13548E-15
      1       2.723    0.56240E-03    0.64918E-14    0.38349E-16   -0.10881E-15
      1       2.633    0.56087E-03    0.62940E-14    0.34013E-16   -0.11333E-15
      1       2.543    0.55912E-03    0.66176E-14    0.16428E-16   -0.13357E-15
      1       2.453    0.55714E-03    0.64019E-14    0.44048E-16   -0.11870E-15
      1       2.364    0.55494E-03    0.64171E-14    0.51032E-16   -0.12863E-15
      1       2.274    0.55250E-03    0.63189E-14    0.27998E-16   -0.12350E-15
      1       2.184    0.54981E-03    0.63677E-14    0.39384E-16   -0.14226E-15
      1       2.094    0.54686E-03    0.63565E-14    0.46090E-16   -0.15149E-15
      1       2.005    0.54363E-03    0.62655E-14    0.40504E-16   -0.15826E-15
      1       1.915    0.54010E-03    0.63843E-14    0.38984E-16   -0.12022E-15
      1       1.825    0.53623E-03    0.62746E-14    0.21142E-16   -0.13246E-15
      1       1.735    0.53199E-03    0.62771E-14    0.23928E-16   -0.15867E-15
      1       1.646    0.52734E-03    0.64411E-14    0.39465E-16   -0.16706E-15
      1       1.556    0.52222E-03    0.61399E-14    0.29301E-16   -0.13417E-15
      1       1.466    0.51658E-03    0.62722E-14    0.29482E-16   -0.12706E-15
      1       1.376    0.51033E-03    0.61230E-14    0.55575E-16   -0.14821E-15
      1       1.287    0.50340E-03    0.63798E-14    0.68619E-16   -0.14936E-15
      1       1.197    0.49567E-03    0.63647E-14    0.68288E-16   -0.13908E-15
      1       1.107    0.48701E-03    0.61299E-14    0.45463E-16   -0.13482E-15
      1       1.017    0.47726E-03    0.61092E-14    0.56530E-16   -0.16580E-15
      1       0.928    0.46620E-03    0.60730E-14    0.42248E-16   -0.15436E-15
      1       0.838    0.45359E-03    0.62686E-14    0.58572E-16   -0.15944E-15
      1       0.748    0.43910E-03    0.61762E-14    0.66057E-16   -0.17334E-15
      1       0.658    0.42233E-03    0.61164E-14    0.68140E-16   -0.14350E-15
      1       0.569    0.40271E-03    0.61494E-14    0.79507E-16   -0.13913E-15
      1       0.479    0.37948E-03    0.61180E-14    0.98622E-16   -0.13496E-15
      1       0.389    0.35150E-03    0.61273E-14    0.74441E-16   -0.15407E-15
      1       0.299    0.31702E-03    0.60274E-14    0.15174E-15   -0.15970E-15
      1       0.210    0.27291E-03    0.60435E-14    0.31051E-16   -0.15109E-15
      1       0.120    0.21232E-03    0.61184E-14    0.90840E-16   -0.11360E-15
