   Unit of cross sections ... fm**2/(MeV*sr**2)
      I       SLANGE      CROSS          E1         E2         E3
      1       0.500    0.3031E-06       12.845     0.030     9.407
      2       1.001    0.9420E-06       12.351     0.111     9.820
      3       1.501    0.1477E-05       11.865     0.230    10.187
      4       2.000    0.1824E-05       11.389     0.380    10.513
      5       2.502    0.2134E-05       10.920     0.556    10.806
      6       3.001    0.2438E-05       10.461     0.753    11.068
      7       3.502    0.2615E-05       10.009     0.969    11.304
      8       4.001    0.2627E-05        9.567     1.201    11.515
      9       4.502    0.2550E-05        9.131     1.447    11.704
     10       5.003    0.2457E-05        8.703     1.707    11.872
     11       5.502    0.2361E-05        8.283     1.978    12.021
     12       6.002    0.2253E-05        7.871     2.259    12.152
     13       6.501    0.2116E-05        7.465     2.551    12.265
     14       7.000    0.1949E-05        7.068     2.852    12.362
     15       7.502    0.1762E-05        6.674     3.164    12.444
     16       8.001    0.1575E-05        6.290     3.483    12.509
     17       8.501    0.1404E-05        5.912     3.810    12.560
     18       9.001    0.1267E-05        5.541     4.145    12.596
     19       9.503    0.1178E-05        5.176     4.489    12.617
     20      10.003    0.1149E-05        4.819     4.839    12.624
     21      10.502    0.1182E-05        4.470     5.196    12.616
     22      11.001    0.1273E-05        4.128     5.560    12.594
     23      11.501    0.1412E-05        3.793     5.931    12.558
     24      12.001    0.1584E-05        3.467     6.309    12.506
     25      12.502    0.1773E-05        3.147     6.695    12.440
     26      13.001    0.1958E-05        2.838     7.087    12.358
     27      13.502    0.2124E-05        2.536     7.487    12.260
     28      14.002    0.2259E-05        2.244     7.892    12.145
     29      14.500    0.2367E-05        1.964     8.304    12.014
     30      15.002    0.2463E-05        1.692     8.727    11.863
     31      15.503    0.2555E-05        1.433     9.155    11.694
     32      16.002    0.2630E-05        1.188     9.590    11.504
     33      16.501    0.2610E-05        0.957    10.032    11.292
     34      17.001    0.2424E-05        0.743    10.483    11.056
     35      17.501    0.2118E-05        0.547    10.943    10.792
     36      18.001    0.1808E-05        0.372    11.412    10.498
     37      18.501    0.1456E-05        0.223    11.889    10.170
     38      19.002    0.9098E-06        0.105    12.376     9.801
     39      19.501    0.2765E-06        0.027    12.869     9.385
