   3N SYSTEM INCLUSIVE  PHOTODESINTEGRATION
        DETECTED PARTICLE: 1- PROTON
        NOT DETECTED PARTICLES:2- PROTON  3-NEUTRON

      OMEGA 0.12000E+03
     MTTWE1,MTTWE2,MTTWE3=    1    1   -1
     TH1LAB,PHI1LAB=     0.000     0.000
   Unit of cross sections ... fm**2/(MeV*sr**2)
      I       E1      CROSS           AX           AY           AZ
      1      89.791    0.48577E-07    0.98393E-18    0.13956E-20    0.74924E-16
      1      89.778    0.14454E-04    0.74259E-18    0.81009E-21    0.92026E-17
      1      89.771    0.16458E-04    0.82452E-18    0.11438E-20    0.16078E-16
      1      89.765    0.17802E-04    0.93334E-18    0.67941E-21    0.21261E-17
      1      89.758    0.18754E-04    0.10749E-17   -0.26874E-21    0.19788E-16
      1      89.751    0.19453E-04    0.12327E-17    0.60483E-20    0.11545E-16
      1      89.745    0.19978E-04    0.13990E-17    0.59989E-20    0.63417E-16
      1      89.738    0.20380E-04    0.16743E-17   -0.13914E-21   -0.12504E-16
      1      89.731    0.20692E-04    0.19182E-17    0.18481E-20   -0.26132E-16
      1      89.725    0.20937E-04    0.22127E-17    0.16265E-19   -0.11322E-16
      1      89.718    0.21132E-04    0.24856E-17    0.57988E-20    0.24494E-16
      1      89.711    0.21287E-04    0.27493E-17   -0.35247E-20    0.23654E-17
      1      89.705    0.21411E-04    0.31172E-17    0.12787E-19    0.11828E-16
      1      89.698    0.21512E-04    0.33927E-17   -0.84278E-20    0.46128E-17
      1      89.691    0.21595E-04    0.37996E-17    0.58410E-20    0.21708E-16
      1      89.685    0.21662E-04    0.41562E-17    0.14025E-19    0.14176E-17
      1      89.678    0.21717E-04    0.44733E-17    0.20437E-19    0.10820E-16
      1      89.671    0.21763E-04    0.49573E-17    0.21631E-19   -0.58399E-17
      1      89.179    0.22569E-04    0.35376E-16    0.96937E-19   -0.35032E-17
      1      88.687    0.23004E-04    0.64810E-16    0.10068E-18    0.42755E-17
      1      88.195    0.23397E-04    0.91987E-16    0.38536E-18    0.23311E-16
      1      87.703    0.23693E-04    0.11943E-15   -0.11433E-18    0.20156E-17
      1      87.211    0.23941E-04    0.14514E-15    0.39276E-18   -0.34298E-17
      1      86.719    0.24215E-04    0.17489E-15    0.41725E-18    0.17305E-17
      1      86.227    0.24580E-04    0.20797E-15    0.77762E-19    0.49817E-17
      1      85.735    0.25088E-04    0.23232E-15   -0.15373E-18    0.11564E-16
      1      85.243    0.25754E-04    0.27151E-15    0.45956E-18    0.64250E-17
      1      84.751    0.26547E-04    0.31044E-15   -0.19709E-18    0.17655E-16
      1      84.259    0.27436E-04    0.34770E-15    0.14256E-17   -0.10105E-16
      1      83.767    0.28393E-04    0.38548E-15    0.15714E-17   -0.56253E-17
      1      83.275    0.29393E-04    0.42620E-15    0.16179E-17    0.23213E-16
      1      82.783    0.30414E-04    0.46102E-15   -0.11693E-17    0.43649E-17
      1      82.291    0.31438E-04    0.50263E-15    0.19999E-17   -0.11387E-16
      1      81.799    0.32448E-04    0.55304E-15    0.34224E-17   -0.47993E-17
      1      81.307    0.33430E-04    0.60019E-15   -0.40920E-18   -0.61166E-17
      1      80.815    0.34371E-04    0.62695E-15    0.19206E-17   -0.30940E-17
      1      80.323    0.35261E-04    0.66623E-15    0.43163E-18    0.31242E-17
      1      79.830    0.36088E-04    0.71028E-15    0.29140E-17    0.19949E-16
      1      79.338    0.36848E-04    0.74531E-15    0.21568E-17    0.17513E-16
      1      78.846    0.37539E-04    0.78635E-15    0.11801E-17   -0.10637E-19
      1      78.354    0.38162E-04    0.83075E-15    0.63190E-18   -0.11933E-16
      1      77.862    0.38713E-04    0.86372E-15    0.53878E-18   -0.19286E-17
      1      77.370    0.39190E-04    0.92357E-15    0.47704E-17   -0.25153E-17
      1      76.878    0.39590E-04    0.96815E-15    0.12910E-17    0.87517E-17
      1      76.386    0.39910E-04    0.10060E-14    0.34321E-17   -0.87346E-17
      1      75.894    0.40146E-04    0.10475E-14    0.42067E-17    0.74053E-17
      1      75.402    0.40298E-04    0.10819E-14    0.74758E-17    0.13728E-17
      1      74.910    0.40364E-04    0.10990E-14    0.36681E-17   -0.85818E-17
      1      74.418    0.40344E-04    0.11317E-14   -0.22049E-17   -0.25398E-17
      1      73.926    0.40239E-04    0.11784E-14    0.55442E-17   -0.52444E-17
      1      73.434    0.40054E-04    0.12267E-14    0.25514E-17   -0.96183E-17
      1      72.942    0.39791E-04    0.12055E-14    0.32441E-17   -0.66656E-19
      1      72.450    0.39456E-04    0.12589E-14    0.77372E-17   -0.82272E-17
      1      71.958    0.39051E-04    0.12585E-14    0.35880E-17   -0.29399E-17
      1      71.466    0.38583E-04    0.13094E-14    0.57493E-17   -0.37777E-17
      1      70.974    0.38056E-04    0.13065E-14    0.78124E-17   -0.15454E-16
      1      70.482    0.37473E-04    0.13513E-14    0.39662E-17   -0.90062E-17
      1      69.990    0.36839E-04    0.13671E-14    0.42562E-17   -0.15499E-18
      1      69.498    0.36157E-04    0.13737E-14    0.65062E-17    0.16569E-17
      1      69.006    0.35432E-04    0.13855E-14    0.96631E-17    0.13909E-17
      1      68.514    0.34666E-04    0.14025E-14    0.55405E-17   -0.55636E-17
      1      68.022    0.33863E-04    0.14177E-14    0.40320E-17   -0.15017E-16
      1      67.529    0.33026E-04    0.14427E-14    0.52548E-17   -0.57485E-17
      1      67.037    0.32161E-04    0.14482E-14    0.12207E-16   -0.50210E-17
      1      66.545    0.31272E-04    0.14735E-14    0.11491E-20   -0.11867E-16
      1      66.053    0.30365E-04    0.14875E-14    0.53384E-17   -0.71946E-17
      1      65.561    0.29445E-04    0.14765E-14   -0.48985E-18    0.61818E-17
      1      65.069    0.28520E-04    0.15083E-14    0.49056E-17   -0.64042E-17
      1      64.577    0.27593E-04    0.15026E-14    0.72703E-17    0.52161E-17
      1      64.085    0.26670E-04    0.14844E-14    0.59482E-17   -0.14207E-16
      1      63.593    0.25757E-04    0.15744E-14   -0.10734E-16   -0.15991E-16
      1      63.101    0.24858E-04    0.15444E-14    0.13921E-17   -0.17586E-16
      1      62.609    0.23976E-04    0.15384E-14   -0.52711E-17   -0.45856E-17
      1      62.117    0.23117E-04    0.15601E-14    0.90765E-17   -0.16268E-16
      1      61.625    0.22282E-04    0.15401E-14   -0.65293E-17   -0.54983E-17
      1      61.133    0.21476E-04    0.15995E-14    0.10721E-17    0.11062E-17
      1      60.641    0.20702E-04    0.15913E-14    0.27050E-17   -0.80581E-17
      1      60.149    0.19960E-04    0.15713E-14   -0.49991E-17   -0.96103E-17
      1      59.657    0.19253E-04    0.15846E-14    0.10254E-16   -0.73500E-17
      1      59.165    0.18581E-04    0.16227E-14    0.34395E-17   -0.66706E-18
      1      58.673    0.17943E-04    0.16512E-14    0.48753E-17   -0.11190E-16
      1      58.181    0.17340E-04    0.16742E-14    0.68797E-17   -0.14173E-16
      1      57.689    0.16771E-04    0.16785E-14    0.10438E-16   -0.23333E-16
      1      57.197    0.16235E-04    0.16587E-14    0.48024E-17   -0.38654E-17
      1      56.705    0.15729E-04    0.17387E-14    0.10926E-16   -0.43037E-17
      1      56.213    0.15253E-04    0.17303E-14   -0.40926E-18    0.30635E-18
      1      55.721    0.14805E-04    0.17781E-14    0.30900E-17   -0.71857E-17
      1      55.228    0.14383E-04    0.18094E-14    0.55943E-17   -0.40707E-17
      1      54.736    0.13986E-04    0.18523E-14    0.18467E-17   -0.69357E-17
      1      54.244    0.13611E-04    0.18529E-14    0.11773E-16    0.11613E-18
      1      53.752    0.13256E-04    0.18647E-14    0.82391E-17   -0.45319E-17
      1      53.260    0.12921E-04    0.19245E-14    0.52513E-17   -0.77968E-17
      1      52.768    0.12604E-04    0.19309E-14    0.72178E-17   -0.39424E-17
      1      52.276    0.12304E-04    0.19633E-14    0.12536E-17   -0.59041E-17
      1      51.784    0.12020E-04    0.20265E-14    0.90430E-17   -0.82504E-17
      1      51.292    0.11751E-04    0.20040E-14    0.39912E-17   -0.99078E-17
      1      50.800    0.11496E-04    0.20381E-14   -0.70337E-18   -0.25696E-17
      1      50.308    0.11255E-04    0.21038E-14    0.63812E-20    0.11030E-16
      1      49.816    0.11026E-04    0.21394E-14    0.87044E-18   -0.13882E-17
      1      49.324    0.10810E-04    0.21426E-14    0.36496E-17   -0.60235E-17
      1      48.832    0.10605E-04    0.21091E-14    0.17932E-17   -0.15456E-17
      1      48.340    0.10411E-04    0.21294E-14    0.44492E-17   -0.79491E-17
      1      47.848    0.10228E-04    0.21318E-14    0.76941E-17   -0.84158E-17
      1      47.356    0.10054E-04    0.21894E-14    0.27823E-17    0.22257E-17
      1      46.864    0.98892E-05    0.21838E-14    0.21580E-17    0.30249E-17
      1      46.372    0.97332E-05    0.22545E-14   -0.65051E-17   -0.55606E-17
      1      45.880    0.95852E-05    0.22677E-14    0.79155E-17   -0.92416E-17
      1      45.388    0.94449E-05    0.22194E-14    0.23040E-17   -0.15006E-18
      1      44.896    0.93117E-05    0.22854E-14   -0.35772E-18    0.37263E-17
      1      44.404    0.91854E-05    0.23580E-14   -0.13973E-17   -0.66289E-17
      1      43.912    0.90656E-05    0.23587E-14   -0.45359E-18   -0.55476E-17
      1      43.420    0.89520E-05    0.23696E-14   -0.14693E-17   -0.80913E-17
      1      42.927    0.88443E-05    0.23687E-14    0.24449E-17    0.63384E-17
      1      42.435    0.87422E-05    0.23802E-14   -0.22208E-17    0.62452E-19
      1      41.943    0.86455E-05    0.24185E-14   -0.41887E-17   -0.26330E-17
      1      41.451    0.85539E-05    0.24167E-14    0.21247E-17    0.58884E-17
      1      40.959    0.84674E-05    0.24173E-14   -0.38858E-17   -0.93990E-17
      1      40.467    0.83858E-05    0.24967E-14   -0.54771E-17    0.65312E-17
      1      39.975    0.83089E-05    0.24759E-14   -0.27293E-17   -0.31627E-17
      1      39.483    0.82368E-05    0.24313E-14    0.44754E-17    0.93694E-19
      1      38.991    0.81693E-05    0.24453E-14    0.37887E-18   -0.42462E-17
      1      38.499    0.81064E-05    0.24783E-14    0.43959E-18   -0.49096E-17
      1      38.007    0.80480E-05    0.24728E-14    0.75140E-18   -0.36105E-17
      1      37.515    0.79942E-05    0.24408E-14   -0.98452E-17   -0.43642E-17
      1      37.023    0.79451E-05    0.25026E-14   -0.71217E-17   -0.72298E-17
      1      36.531    0.79005E-05    0.24875E-14   -0.12644E-16    0.23376E-18
      1      36.039    0.78607E-05    0.24743E-14   -0.21515E-17   -0.13112E-16
      1      35.547    0.78256E-05    0.25249E-14    0.13467E-17    0.51804E-17
      1      35.055    0.77951E-05    0.24656E-14    0.13311E-17   -0.74383E-17
      1      34.563    0.77694E-05    0.24382E-14    0.26654E-17   -0.87056E-17
      1      34.071    0.77484E-05    0.24490E-14    0.12656E-18   -0.20896E-16
      1      33.579    0.77323E-05    0.24370E-14    0.56489E-17   -0.72380E-17
      1      33.087    0.77210E-05    0.24547E-14    0.53390E-17   -0.23351E-16
      1      32.595    0.77146E-05    0.24250E-14   -0.19001E-17   -0.16972E-16
      1      32.103    0.77134E-05    0.23762E-14   -0.40960E-17   -0.17464E-16
      1      31.611    0.77176E-05    0.23922E-14   -0.36959E-17   -0.11061E-16
      1      31.119    0.77273E-05    0.23627E-14    0.11120E-16   -0.96584E-17
      1      30.626    0.77430E-05    0.23730E-14   -0.82487E-17   -0.20809E-16
      1      30.134    0.77647E-05    0.23227E-14    0.11969E-16   -0.25944E-16
      1      29.642    0.77923E-05    0.22599E-14    0.17593E-17   -0.20526E-16
      1      29.150    0.78247E-05    0.22765E-14   -0.90004E-18   -0.22254E-16
      1      28.658    0.78592E-05    0.22633E-14   -0.96261E-17   -0.19716E-16
      1      28.166    0.78907E-05    0.21839E-14   -0.10568E-16   -0.25725E-16
      1      27.674    0.79108E-05    0.21779E-14   -0.18821E-16   -0.21376E-16
      1      27.182    0.79091E-05    0.22128E-14   -0.11102E-16   -0.24431E-16
      1      26.690    0.78780E-05    0.20866E-14   -0.16668E-17   -0.37308E-16
      1      26.198    0.78196E-05    0.21489E-14   -0.38869E-17   -0.32109E-16
      1      25.706    0.77435E-05    0.20513E-14   -0.50050E-17   -0.34961E-16
      1      25.214    0.76607E-05    0.20916E-14   -0.15200E-16   -0.29766E-16
      1      24.722    0.75800E-05    0.20770E-14   -0.22606E-17   -0.43380E-16
      1      24.230    0.75070E-05    0.20733E-14   -0.13569E-17   -0.45191E-16
      1      23.738    0.74453E-05    0.20464E-14    0.24266E-17   -0.31856E-16
      1      23.246    0.73971E-05    0.19124E-14    0.82257E-18   -0.27874E-16
      1      22.754    0.73642E-05    0.19289E-14    0.54950E-17   -0.60511E-16
      1      22.262    0.73483E-05    0.18645E-14   -0.69641E-17   -0.44159E-16
      1      21.770    0.73512E-05    0.17525E-14    0.25453E-16   -0.41274E-16
      1      21.278    0.73750E-05    0.16838E-14   -0.27504E-17   -0.42637E-16
      1      20.786    0.74220E-05    0.16423E-14    0.97341E-17   -0.56869E-16
      1      20.294    0.74948E-05    0.15239E-14    0.43872E-17   -0.60752E-16
      1      19.802    0.75960E-05    0.14412E-14    0.19000E-16   -0.65235E-16
      1      19.310    0.77286E-05    0.13304E-14    0.21367E-16   -0.64166E-16
      1      18.818    0.78954E-05    0.12574E-14    0.38926E-16   -0.48298E-16
      1      18.325    0.80994E-05    0.11135E-14    0.84934E-17   -0.55994E-16
      1      17.833    0.83437E-05    0.10191E-14    0.48676E-16   -0.66273E-16
      1      17.341    0.86316E-05    0.84550E-15    0.26355E-16   -0.59862E-16
      1      16.849    0.89666E-05    0.78153E-15    0.40587E-16   -0.56489E-16
      1      16.357    0.93523E-05    0.67638E-15    0.42918E-16   -0.62706E-16
      1      15.865    0.97926E-05    0.71929E-15    0.58681E-16   -0.51132E-16
      1      15.373    0.10292E-04    0.63748E-15    0.61704E-16   -0.52193E-16
      1      14.881    0.10854E-04    0.53475E-15    0.67365E-16   -0.50516E-16
      1      14.389    0.11483E-04    0.51844E-15    0.47483E-16   -0.47479E-16
      1      13.897    0.12189E-04    0.48716E-15    0.53051E-16   -0.49308E-16
      1      13.405    0.12981E-04    0.47178E-15    0.51002E-16   -0.48569E-16
      1      12.913    0.13872E-04    0.51698E-15    0.91343E-16   -0.61803E-16
      1      12.421    0.14876E-04    0.42923E-15    0.86767E-16   -0.53457E-16
      1      11.929    0.16007E-04    0.53926E-15    0.93615E-16   -0.43009E-16
      1      11.437    0.17282E-04    0.50821E-15    0.11234E-15   -0.44968E-16
      1      10.945    0.18719E-04    0.45733E-15    0.95740E-16   -0.36820E-16
      1      10.453    0.20339E-04    0.46822E-15    0.10785E-15   -0.34305E-16
      1       9.961    0.22160E-04    0.55406E-15    0.87555E-16   -0.47940E-16
      1       9.469    0.24206E-04    0.61776E-15    0.70438E-16   -0.26775E-16
      1       8.977    0.26485E-04    0.56447E-15    0.88837E-16   -0.24979E-16
      1       8.485    0.28985E-04    0.64733E-15    0.83266E-16   -0.31931E-16
      1       7.993    0.31686E-04    0.64303E-15    0.16630E-15   -0.29323E-16
      1       7.501    0.34559E-04    0.74689E-15    0.53991E-16   -0.19334E-16
      1       7.009    0.37568E-04    0.73142E-15    0.97045E-16   -0.24676E-16
      1       6.517    0.40674E-04    0.86206E-15    0.12894E-15   -0.25503E-16
      1       6.024    0.43831E-04    0.93309E-15    0.80633E-16   -0.20088E-16
      1       5.532    0.46992E-04    0.10380E-14    0.87524E-16   -0.17814E-16
      1       5.040    0.50195E-04    0.12144E-14    0.93728E-16   -0.93095E-17
      1       4.548    0.53600E-04    0.12221E-14    0.99211E-16   -0.23339E-16
      1       4.056    0.57289E-04    0.11879E-14    0.76643E-16   -0.20447E-16
      1       3.564    0.61241E-04    0.13090E-14    0.94875E-16   -0.18277E-16
      1       3.072    0.65291E-04    0.13314E-14    0.94178E-16   -0.15900E-16
      1       2.580    0.69032E-04    0.13216E-14    0.11821E-15   -0.16669E-16
      1       2.088    0.71529E-04    0.12307E-14    0.67520E-16   -0.48673E-17
      1       1.596    0.71209E-04    0.12537E-14    0.51442E-16   -0.86293E-17
      1       1.104    0.66074E-04    0.13228E-14    0.82635E-16   -0.84520E-17
      1       0.612    0.53519E-04    0.14705E-14    0.62717E-16   -0.79992E-17
      1       0.120    0.25994E-04    0.15124E-14    0.89900E-16   -0.12895E-16
