   3N SYSTEM INCLUSIVE  PHOTODESINTEGRATION
        DETECTED PARTICLE: 1- PROTON
        NOT DETECTED PARTICLES:2- PROTON  3-NEUTRON

      OMEGA 0.10000E+03
     MTTWE1,MTTWE2,MTTWE3=    1    1   -1
     TH1LAB,PHI1LAB=   180.000     0.000
   Unit of cross sections ... fm**2/(MeV*sr**2)
      I       E1      CROSS           AX           AY           AZ
      1      48.980    0.33731E-07    0.41581E-18    0.71758E-21    0.15950E-16
      1      48.967    0.94989E-05    0.54568E-18   -0.36751E-21    0.85523E-16
      1      48.960    0.10604E-04    0.69954E-18    0.23059E-20    0.13867E-16
      1      48.954    0.11273E-04    0.92973E-18   -0.36865E-21    0.18514E-16
      1      48.947    0.11693E-04    0.11776E-17    0.45624E-20   -0.73073E-17
      1      48.940    0.11959E-04    0.14507E-17    0.69639E-21   -0.21425E-16
      1      48.934    0.12126E-04    0.17489E-17   -0.87009E-21   -0.69672E-16
      1      48.927    0.12225E-04    0.20635E-17    0.54554E-20    0.30126E-16
      1      48.920    0.12279E-04    0.23647E-17   -0.44578E-20   -0.92289E-17
      1      48.914    0.12300E-04    0.27730E-17    0.16126E-19    0.24478E-16
      1      48.907    0.12298E-04    0.32642E-17   -0.37583E-20   -0.15155E-16
      1      48.900    0.12281E-04    0.36687E-17    0.13527E-19   -0.91258E-17
      1      48.894    0.12253E-04    0.41531E-17   -0.10049E-19    0.18597E-16
      1      48.887    0.12217E-04    0.44914E-17   -0.11385E-20   -0.10838E-16
      1      48.880    0.12176E-04    0.46232E-17    0.96067E-20    0.10975E-16
      1      48.874    0.12132E-04    0.56023E-17    0.97914E-20   -0.12432E-16
      1      48.867    0.12086E-04    0.60541E-17    0.38001E-20   -0.41638E-17
      1      48.860    0.12039E-04    0.65700E-17    0.15239E-19    0.16912E-16
      1      48.592    0.10926E-04    0.27056E-16   -0.28252E-19   -0.16316E-16
      1      48.325    0.10440E-04    0.49832E-16   -0.10760E-19    0.29074E-16
      1      48.057    0.10154E-04    0.67907E-16    0.14665E-18    0.83108E-16
      1      47.789    0.99433E-05    0.86239E-16    0.30568E-18   -0.70705E-17
      1      47.521    0.97626E-05    0.99892E-16   -0.34578E-18   -0.26733E-16
      1      47.253    0.95996E-05    0.11617E-15   -0.33737E-18   -0.50364E-16
      1      46.986    0.94536E-05    0.12583E-15    0.57792E-18   -0.24170E-16
      1      46.718    0.93279E-05    0.13830E-15    0.83597E-18    0.50290E-16
      1      46.450    0.92269E-05    0.14418E-15   -0.83080E-19    0.19119E-16
      1      46.182    0.91547E-05    0.15611E-15   -0.39279E-18   -0.28541E-16
      1      45.914    0.91109E-05    0.16875E-15   -0.39537E-18   -0.15570E-16
      1      45.647    0.90905E-05    0.17895E-15   -0.65114E-18   -0.14829E-16
      1      45.379    0.90894E-05    0.19012E-15   -0.90951E-18   -0.30811E-16
      1      45.111    0.91046E-05    0.20596E-15   -0.43107E-18   -0.46428E-17
      1      44.843    0.91336E-05    0.21628E-15   -0.39512E-18    0.80214E-17
      1      44.575    0.91743E-05    0.22650E-15   -0.72162E-18   -0.13692E-16
      1      44.308    0.92253E-05    0.24800E-15   -0.16387E-17   -0.27003E-16
      1      44.040    0.92852E-05    0.25910E-15   -0.14327E-17   -0.10525E-16
      1      43.772    0.93531E-05    0.28239E-15   -0.21610E-17    0.26184E-16
      1      43.504    0.94281E-05    0.29864E-15   -0.30266E-17    0.12039E-17
      1      43.236    0.95096E-05    0.31312E-15   -0.32045E-17    0.29574E-17
      1      42.969    0.95972E-05    0.33910E-15   -0.27867E-17    0.13314E-16
      1      42.701    0.96904E-05    0.34976E-15   -0.18386E-17   -0.13907E-16
      1      42.433    0.97892E-05    0.39594E-15   -0.61460E-17   -0.22645E-16
      1      42.165    0.98934E-05    0.39793E-15   -0.31922E-18   -0.10632E-16
      1      41.897    0.10003E-04    0.40631E-15   -0.38698E-17    0.10844E-16
      1      41.630    0.10118E-04    0.45105E-15   -0.38103E-17    0.85374E-17
      1      41.362    0.10239E-04    0.46552E-15   -0.60584E-17    0.18231E-17
      1      41.094    0.10365E-04    0.49372E-15   -0.24961E-17   -0.72672E-17
      1      40.826    0.10496E-04    0.52411E-15   -0.32930E-17   -0.21699E-16
      1      40.558    0.10632E-04    0.54377E-15   -0.26109E-17   -0.26679E-16
      1      40.291    0.10773E-04    0.56509E-15   -0.19778E-17   -0.56340E-17
      1      40.023    0.10919E-04    0.62953E-15    0.30474E-17   -0.99693E-17
      1      39.755    0.11067E-04    0.64527E-15   -0.83378E-18   -0.35461E-16
      1      39.487    0.11219E-04    0.69714E-15   -0.20609E-17    0.19832E-17
      1      39.219    0.11373E-04    0.72490E-15   -0.48433E-17   -0.72535E-17
      1      38.952    0.11529E-04    0.76681E-15   -0.57309E-17   -0.29812E-16
      1      38.684    0.11686E-04    0.80629E-15   -0.29590E-17    0.84248E-17
      1      38.416    0.11844E-04    0.82199E-15   -0.10419E-17   -0.23451E-16
      1      38.148    0.12001E-04    0.86968E-15   -0.41935E-17   -0.11523E-16
      1      37.880    0.12159E-04    0.92227E-15   -0.79458E-17   -0.21720E-16
      1      37.613    0.12315E-04    0.92444E-15    0.10734E-17    0.58841E-17
      1      37.345    0.12470E-04    0.98988E-15   -0.11822E-17   -0.12549E-16
      1      37.077    0.12623E-04    0.97213E-15   -0.95559E-17   -0.26417E-16
      1      36.809    0.12775E-04    0.98951E-15   -0.95022E-17   -0.12610E-16
      1      36.541    0.12924E-04    0.10564E-14   -0.45111E-17   -0.28402E-16
      1      36.273    0.13071E-04    0.10782E-14   -0.25205E-17   -0.59881E-17
      1      36.006    0.13215E-04    0.11113E-14   -0.37067E-17   -0.21527E-16
      1      35.738    0.13356E-04    0.11244E-14    0.13481E-17   -0.23354E-16
      1      35.470    0.13494E-04    0.11873E-14   -0.31207E-17   -0.14614E-16
      1      35.202    0.13629E-04    0.12320E-14   -0.31705E-17   -0.26544E-16
      1      34.934    0.13760E-04    0.12657E-14   -0.51068E-17   -0.28828E-16
      1      34.667    0.13887E-04    0.12515E-14    0.39716E-17   -0.27959E-16
      1      34.399    0.14011E-04    0.13293E-14   -0.73036E-17   -0.29123E-16
      1      34.131    0.14130E-04    0.13763E-14   -0.49476E-17   -0.27430E-16
      1      33.863    0.14246E-04    0.13594E-14    0.11239E-17   -0.37001E-16
      1      33.595    0.14357E-04    0.14009E-14    0.17572E-17   -0.26160E-16
      1      33.328    0.14464E-04    0.14368E-14   -0.82748E-18   -0.40069E-16
      1      33.060    0.14566E-04    0.14801E-14    0.34547E-17   -0.29682E-16
      1      32.792    0.14664E-04    0.14927E-14   -0.28204E-17   -0.32174E-16
      1      32.524    0.14757E-04    0.15096E-14   -0.33083E-17   -0.43668E-16
      1      32.256    0.14845E-04    0.15594E-14    0.72132E-17   -0.37984E-16
      1      31.989    0.14928E-04    0.16147E-14    0.59106E-18   -0.38011E-16
      1      31.721    0.15007E-04    0.16200E-14   -0.45102E-17   -0.60358E-16
      1      31.453    0.15080E-04    0.16495E-14   -0.18283E-17   -0.57928E-16
      1      31.185    0.15150E-04    0.16654E-14   -0.48480E-18   -0.40263E-16
      1      30.917    0.15215E-04    0.17038E-14    0.21299E-17   -0.45102E-16
      1      30.650    0.15276E-04    0.17408E-14    0.10375E-17   -0.50553E-16
      1      30.382    0.15335E-04    0.18203E-14    0.78394E-17   -0.45791E-16
      1      30.114    0.15390E-04    0.18308E-14    0.54858E-17   -0.46433E-16
      1      29.846    0.15444E-04    0.18510E-14   -0.69345E-17   -0.49170E-16
      1      29.578    0.15496E-04    0.18452E-14    0.31571E-17   -0.40045E-16
      1      29.311    0.15548E-04    0.18989E-14   -0.57283E-17   -0.67380E-16
      1      29.043    0.15600E-04    0.19670E-14    0.20901E-17   -0.78379E-16
      1      28.775    0.15653E-04    0.19357E-14    0.24489E-17   -0.69007E-16
      1      28.507    0.15706E-04    0.20592E-14    0.25042E-17   -0.68940E-16
      1      28.239    0.15761E-04    0.20369E-14    0.30291E-17   -0.79771E-16
      1      27.972    0.15818E-04    0.20437E-14    0.10218E-17   -0.67810E-16
      1      27.704    0.15878E-04    0.21324E-14   -0.18703E-17   -0.71827E-16
      1      27.436    0.15940E-04    0.21710E-14    0.10652E-16   -0.71661E-16
      1      27.168    0.16004E-04    0.21600E-14    0.10873E-16   -0.72752E-16
      1      26.900    0.16071E-04    0.21971E-14    0.96697E-17   -0.72720E-16
      1      26.633    0.16142E-04    0.22758E-14    0.53176E-17   -0.66036E-16
      1      26.365    0.16214E-04    0.23191E-14    0.67325E-17   -0.70755E-16
      1      26.097    0.16290E-04    0.23184E-14    0.16436E-16   -0.76172E-16
      1      25.829    0.16369E-04    0.23941E-14    0.10147E-16   -0.78956E-16
      1      25.561    0.16452E-04    0.23710E-14    0.90093E-17   -0.88657E-16
      1      25.294    0.16537E-04    0.24366E-14    0.31090E-17   -0.75105E-16
      1      25.026    0.16627E-04    0.24726E-14    0.43442E-17   -0.91546E-16
      1      24.758    0.16720E-04    0.25359E-14    0.14363E-16   -0.89285E-16
      1      24.490    0.16817E-04    0.26099E-14    0.36703E-17   -0.92982E-16
      1      24.222    0.16918E-04    0.25822E-14    0.62823E-17   -0.82981E-16
      1      23.955    0.17024E-04    0.26103E-14    0.98594E-17   -0.88239E-16
      1      23.687    0.17135E-04    0.26809E-14    0.36373E-17   -0.88512E-16
      1      23.419    0.17252E-04    0.26927E-14    0.12611E-16   -0.77719E-16
      1      23.151    0.17374E-04    0.27342E-14   -0.91499E-17   -0.93006E-16
      1      22.883    0.17502E-04    0.27701E-14    0.21309E-16   -0.94525E-16
      1      22.616    0.17637E-04    0.28362E-14    0.14235E-17   -0.91760E-16
      1      22.348    0.17779E-04    0.28013E-14    0.11902E-16   -0.96012E-16
      1      22.080    0.17928E-04    0.29008E-14    0.18292E-16   -0.93593E-16
      1      21.812    0.18086E-04    0.29718E-14    0.18689E-16   -0.94491E-16
      1      21.544    0.18252E-04    0.29189E-14    0.65273E-17   -0.95809E-16
      1      21.276    0.18428E-04    0.29616E-14    0.19794E-16   -0.10593E-15
      1      21.009    0.18612E-04    0.30143E-14    0.60123E-17   -0.10601E-15
      1      20.741    0.18807E-04    0.29811E-14    0.20806E-16   -0.96388E-16
      1      20.473    0.19011E-04    0.30735E-14    0.23707E-16   -0.99096E-16
      1      20.205    0.19226E-04    0.30924E-14    0.19967E-16   -0.99237E-16
      1      19.937    0.19452E-04    0.30471E-14    0.21238E-16   -0.99782E-16
      1      19.670    0.19689E-04    0.31094E-14    0.17275E-16   -0.98838E-16
      1      19.402    0.19938E-04    0.31952E-14    0.29353E-16   -0.92076E-16
      1      19.134    0.20197E-04    0.31454E-14    0.20401E-16   -0.10219E-15
      1      18.866    0.20469E-04    0.32555E-14    0.92340E-17   -0.95280E-16
      1      18.598    0.20751E-04    0.32961E-14    0.10125E-16   -0.97556E-16
      1      18.331    0.21046E-04    0.32636E-14    0.10210E-16   -0.86193E-16
      1      18.063    0.21352E-04    0.32181E-14    0.20223E-16   -0.98922E-16
      1      17.795    0.21669E-04    0.33286E-14    0.25113E-16   -0.86847E-16
      1      17.527    0.21998E-04    0.32674E-14    0.19710E-16   -0.88828E-16
      1      17.259    0.22339E-04    0.32553E-14    0.11395E-16   -0.80048E-16
      1      16.992    0.22691E-04    0.33034E-14    0.12532E-16   -0.96225E-16
      1      16.724    0.23054E-04    0.32705E-14    0.33387E-16   -0.81961E-16
      1      16.456    0.23429E-04    0.34124E-14    0.39198E-16   -0.84508E-16
      1      16.188    0.23815E-04    0.33839E-14    0.38019E-16   -0.86527E-16
      1      15.920    0.24213E-04    0.34283E-14    0.16457E-16   -0.96234E-16
      1      15.653    0.24622E-04    0.33674E-14    0.25006E-16   -0.10208E-15
      1      15.385    0.25043E-04    0.34204E-14    0.18813E-16   -0.93419E-16
      1      15.117    0.25475E-04    0.33222E-14    0.21774E-16   -0.92606E-16
      1      14.849    0.25919E-04    0.33318E-14    0.22719E-16   -0.84670E-16
      1      14.581    0.26375E-04    0.33471E-14    0.26203E-16   -0.83593E-16
      1      14.314    0.26844E-04    0.32931E-14    0.21358E-16   -0.82840E-16
      1      14.046    0.27326E-04    0.33730E-14    0.32421E-16   -0.78975E-16
      1      13.778    0.27821E-04    0.33928E-14    0.41708E-16   -0.81783E-16
      1      13.510    0.28329E-04    0.33681E-14    0.13604E-16   -0.92488E-16
      1      13.242    0.28852E-04    0.33052E-14    0.24573E-16   -0.96662E-16
      1      12.975    0.29389E-04    0.32958E-14    0.33468E-16   -0.90286E-16
      1      12.707    0.29941E-04    0.34032E-14    0.39700E-16   -0.80360E-16
      1      12.439    0.30510E-04    0.33435E-14    0.28148E-16   -0.87177E-16
      1      12.171    0.31096E-04    0.32990E-14    0.22820E-16   -0.80185E-16
      1      11.903    0.31699E-04    0.33672E-14    0.29885E-16   -0.78703E-16
      1      11.636    0.32321E-04    0.33679E-14    0.23159E-16   -0.75299E-16
      1      11.368    0.32960E-04    0.33179E-14    0.37850E-16   -0.67238E-16
      1      11.100    0.33611E-04    0.31691E-14    0.15716E-16   -0.79856E-16
      1      10.832    0.34264E-04    0.32087E-14    0.30469E-16   -0.67897E-16
      1      10.564    0.34900E-04    0.31383E-14    0.19929E-16   -0.74152E-16
      1      10.297    0.35483E-04    0.31040E-14    0.38329E-16   -0.87258E-16
      1      10.029    0.35968E-04    0.31784E-14    0.25568E-16   -0.81152E-16
      1       9.761    0.36301E-04    0.31625E-14    0.40496E-16   -0.86396E-16
      1       9.493    0.36444E-04    0.31534E-14    0.29553E-16   -0.94377E-16
      1       9.225    0.36408E-04    0.31808E-14    0.44603E-16   -0.84570E-16
      1       8.958    0.36240E-04    0.31953E-14    0.41110E-16   -0.89341E-16
      1       8.690    0.35995E-04    0.32641E-14    0.30456E-16   -0.92668E-16
      1       8.422    0.35716E-04    0.32553E-14    0.49372E-16   -0.88087E-16
      1       8.154    0.35432E-04    0.33110E-14    0.62794E-16   -0.87984E-16
      1       7.886    0.35161E-04    0.33271E-14    0.31385E-16   -0.88686E-16
      1       7.619    0.34910E-04    0.33960E-14    0.24335E-16   -0.88691E-16
      1       7.351    0.34684E-04    0.33282E-14    0.52173E-16   -0.10519E-15
      1       7.083    0.34484E-04    0.35021E-14    0.37199E-16   -0.94629E-16
      1       6.815    0.34311E-04    0.33595E-14    0.58455E-16   -0.10576E-15
      1       6.547    0.34165E-04    0.33462E-14    0.54889E-16   -0.99241E-16
      1       6.279    0.34046E-04    0.34634E-14    0.92162E-16   -0.10988E-15
      1       6.012    0.33956E-04    0.34703E-14    0.65095E-16   -0.11227E-15
      1       5.744    0.33895E-04    0.35006E-14    0.69876E-16   -0.11376E-15
      1       5.476    0.33863E-04    0.33990E-14    0.79979E-16   -0.10608E-15
      1       5.208    0.33860E-04    0.34185E-14    0.88596E-16   -0.10289E-15
      1       4.940    0.33885E-04    0.34463E-14    0.72453E-16   -0.10942E-15
      1       4.673    0.33936E-04    0.34462E-14    0.74027E-16   -0.10452E-15
      1       4.405    0.34013E-04    0.34297E-14    0.10877E-15   -0.10189E-15
      1       4.137    0.34109E-04    0.33992E-14    0.79203E-16   -0.11024E-15
      1       3.869    0.34222E-04    0.33586E-14    0.65089E-16   -0.10483E-15
      1       3.601    0.34343E-04    0.33981E-14    0.74093E-16   -0.11007E-15
      1       3.334    0.34462E-04    0.33708E-14    0.98056E-16   -0.10771E-15
      1       3.066    0.34564E-04    0.34394E-14    0.66212E-16   -0.10784E-15
      1       2.798    0.34627E-04    0.33643E-14    0.73078E-16   -0.99053E-16
      1       2.530    0.34621E-04    0.33757E-14    0.61689E-16   -0.96025E-16
      1       2.262    0.34511E-04    0.33550E-14    0.74079E-16   -0.10485E-15
      1       1.995    0.34243E-04    0.33196E-14    0.52352E-16   -0.92462E-16
      1       1.727    0.33752E-04    0.33817E-14    0.89007E-16   -0.10732E-15
      1       1.459    0.32942E-04    0.33759E-14    0.97290E-16   -0.96248E-16
      1       1.191    0.31687E-04    0.33868E-14    0.80449E-16   -0.91905E-16
      1       0.923    0.29798E-04    0.34626E-14    0.47386E-16   -0.10118E-15
      1       0.656    0.26945E-04    0.33858E-14    0.10104E-15   -0.92132E-16
      1       0.388    0.22407E-04    0.34223E-14    0.12220E-15   -0.75020E-16
      1       0.120    0.13680E-04    0.33683E-14    0.75510E-16   -0.81889E-16
