   3N SYSTEM INCLUSIVE  PHOTODESINTEGRATION
        DETECTED PARTICLE: 1- PROTON
        NOT DETECTED PARTICLES:2- PROTON  3-NEUTRON

      OMEGA 0.30000E+02
     MTTWE1,MTTWE2,MTTWE3=    1    1   -1
     TH1LAB,PHI1LAB=     0.000     0.000
   Unit of cross sections ... fm**2/(MeV*sr**2)
      I       E1      CROSS           AX           AY           AZ
      1      16.574    0.19639E-06    0.61551E-18   -0.16177E-20    0.20977E-17
      1      16.560    0.58720E-04    0.13852E-17   -0.19660E-19    0.22015E-16
      1      16.554    0.66412E-04    0.21823E-17   -0.44199E-19   -0.36321E-18
      1      16.547    0.71248E-04    0.30420E-17   -0.47361E-19    0.97867E-19
      1      16.540    0.74387E-04    0.40528E-17   -0.67804E-19    0.34936E-16
      1      16.534    0.76444E-04    0.51275E-17   -0.88894E-19   -0.31114E-17
      1      16.527    0.77777E-04    0.64785E-17   -0.75780E-19   -0.17705E-18
      1      16.520    0.78614E-04    0.79580E-17   -0.12014E-18   -0.46458E-17
      1      16.514    0.79104E-04    0.93336E-17   -0.68186E-19    0.40050E-16
      1      16.507    0.79348E-04    0.10942E-16   -0.19045E-18    0.54238E-18
      1      16.500    0.79418E-04    0.12415E-16   -0.94876E-19   -0.17858E-17
      1      16.494    0.79366E-04    0.14298E-16   -0.17173E-18    0.14284E-17
      1      16.487    0.79228E-04    0.16442E-16   -0.26879E-18   -0.25342E-18
      1      16.480    0.79032E-04    0.18235E-16   -0.25799E-18    0.71245E-18
      1      16.474    0.78797E-04    0.20347E-16   -0.15611E-18    0.81294E-17
      1      16.467    0.78535E-04    0.22825E-16   -0.10212E-17    0.56764E-18
      1      16.460    0.78254E-04    0.25001E-16   -0.38224E-18    0.14782E-18
      1      16.454    0.77959E-04    0.27117E-16   -0.21657E-18    0.34360E-16
      1      16.364    0.73900E-04    0.65828E-16   -0.91275E-18    0.21192E-17
      1      16.274    0.70632E-04    0.11906E-15   -0.20439E-17   -0.16330E-17
      1      16.185    0.68283E-04    0.18172E-15   -0.33652E-18    0.38577E-16
      1      16.095    0.66625E-04    0.24952E-15   -0.25228E-17   -0.32810E-16
      1      16.005    0.65467E-04    0.33131E-15   -0.34263E-17   -0.14202E-16
      1      15.915    0.64686E-04    0.42408E-15   -0.73598E-17   -0.18398E-16
      1      15.826    0.64201E-04    0.51445E-15   -0.47919E-17    0.26523E-16
      1      15.736    0.63961E-04    0.61071E-15   -0.87650E-17    0.17714E-16
      1      15.646    0.63927E-04    0.71197E-15   -0.11041E-16   -0.74516E-17
      1      15.556    0.64073E-04    0.82138E-15   -0.10248E-16   -0.26475E-16
      1      15.467    0.64375E-04    0.94121E-15   -0.19563E-16   -0.30068E-16
      1      15.377    0.64811E-04    0.10415E-14   -0.15132E-16   -0.16079E-16
      1      15.287    0.65367E-04    0.11722E-14   -0.71835E-17   -0.26357E-16
      1      15.197    0.66029E-04    0.12898E-14   -0.23593E-16   -0.53748E-16
      1      15.108    0.66787E-04    0.14092E-14   -0.16463E-16   -0.26497E-16
      1      15.018    0.67635E-04    0.15257E-14   -0.15363E-16   -0.51688E-16
      1      14.928    0.68565E-04    0.16319E-14   -0.17169E-16   -0.30430E-16
      1      14.838    0.69574E-04    0.17491E-14   -0.14724E-16   -0.47162E-16
      1      14.749    0.70658E-04    0.18321E-14   -0.20266E-16   -0.49087E-16
      1      14.659    0.71813E-04    0.19769E-14   -0.25620E-16   -0.57373E-16
      1      14.569    0.73038E-04    0.20804E-14   -0.17396E-16   -0.37676E-16
      1      14.479    0.74329E-04    0.21888E-14   -0.16277E-16   -0.53520E-16
      1      14.390    0.75685E-04    0.23005E-14   -0.22608E-16   -0.75480E-16
      1      14.300    0.77102E-04    0.24227E-14   -0.20327E-16   -0.70717E-16
      1      14.210    0.78577E-04    0.25318E-14   -0.24043E-16   -0.64983E-16
      1      14.120    0.80104E-04    0.26268E-14   -0.38295E-16   -0.40384E-16
      1      14.031    0.81681E-04    0.26718E-14   -0.32500E-16   -0.69889E-16
      1      13.941    0.83301E-04    0.28587E-14   -0.16828E-16   -0.75416E-16
      1      13.851    0.84961E-04    0.29922E-14   -0.27480E-16   -0.94820E-16
      1      13.761    0.86658E-04    0.30029E-14   -0.21430E-16   -0.92704E-16
      1      13.672    0.88389E-04    0.31289E-14   -0.36920E-16   -0.84863E-16
      1      13.582    0.90150E-04    0.31694E-14   -0.26964E-16   -0.83247E-16
      1      13.492    0.91941E-04    0.33069E-14   -0.31941E-16   -0.92420E-16
      1      13.402    0.93761E-04    0.33606E-14   -0.40542E-16   -0.91960E-16
      1      13.313    0.95610E-04    0.34770E-14   -0.29811E-16   -0.91108E-16
      1      13.223    0.97487E-04    0.35939E-14   -0.29185E-16   -0.77838E-16
      1      13.133    0.99393E-04    0.36634E-14   -0.21563E-16   -0.10140E-15
      1      13.043    0.10133E-03    0.37236E-14   -0.15063E-16   -0.96220E-16
      1      12.954    0.10329E-03    0.37921E-14   -0.38453E-16   -0.98718E-16
      1      12.864    0.10528E-03    0.38662E-14   -0.19034E-16   -0.10793E-15
      1      12.774    0.10730E-03    0.39671E-14   -0.41905E-16   -0.10558E-15
      1      12.684    0.10934E-03    0.40077E-14   -0.24345E-16   -0.87623E-16
      1      12.595    0.11141E-03    0.40729E-14   -0.29129E-16   -0.10662E-15
      1      12.505    0.11351E-03    0.41955E-14   -0.26293E-16   -0.11135E-15
      1      12.415    0.11563E-03    0.42520E-14   -0.37461E-16   -0.11879E-15
      1      12.325    0.11778E-03    0.43336E-14   -0.31189E-16   -0.95505E-16
      1      12.236    0.11996E-03    0.43154E-14   -0.26822E-16   -0.10504E-15
      1      12.146    0.12216E-03    0.44086E-14   -0.44532E-16   -0.11353E-15
      1      12.056    0.12439E-03    0.45307E-14   -0.19246E-16   -0.12030E-15
      1      11.966    0.12666E-03    0.46420E-14   -0.50780E-16   -0.10631E-15
      1      11.877    0.12895E-03    0.46255E-14   -0.30991E-16   -0.11518E-15
      1      11.787    0.13127E-03    0.46567E-14   -0.39197E-16   -0.10855E-15
      1      11.697    0.13363E-03    0.47157E-14   -0.40688E-16   -0.12987E-15
      1      11.607    0.13602E-03    0.48002E-14   -0.36961E-16   -0.10164E-15
      1      11.518    0.13844E-03    0.48641E-14   -0.39426E-16   -0.12410E-15
      1      11.428    0.14090E-03    0.49018E-14   -0.42164E-16   -0.10799E-15
      1      11.338    0.14340E-03    0.49211E-14   -0.14103E-16   -0.11944E-15
      1      11.248    0.14594E-03    0.50316E-14   -0.28085E-16   -0.11069E-15
      1      11.159    0.14852E-03    0.51047E-14   -0.17592E-16   -0.10041E-15
      1      11.069    0.15115E-03    0.51811E-14   -0.45687E-16   -0.12927E-15
      1      10.979    0.15384E-03    0.52323E-14   -0.47684E-16   -0.15082E-15
      1      10.889    0.15657E-03    0.52230E-14   -0.43976E-16   -0.11343E-15
      1      10.800    0.15937E-03    0.52367E-14   -0.20181E-16   -0.10091E-15
      1      10.710    0.16222E-03    0.52678E-14   -0.55461E-16   -0.11843E-15
      1      10.620    0.16514E-03    0.53226E-14   -0.13424E-16   -0.11800E-15
      1      10.531    0.16812E-03    0.53963E-14   -0.47640E-16   -0.13183E-15
      1      10.441    0.17117E-03    0.54681E-14   -0.19701E-16   -0.13243E-15
      1      10.351    0.17428E-03    0.54751E-14   -0.35702E-16   -0.11360E-15
      1      10.261    0.17745E-03    0.55501E-14   -0.12858E-16   -0.11466E-15
      1      10.172    0.18069E-03    0.54699E-14   -0.35309E-16   -0.12598E-15
      1      10.082    0.18399E-03    0.54313E-14   -0.25640E-16   -0.11373E-15
      1       9.992    0.18736E-03    0.56886E-14   -0.84627E-17   -0.11205E-15
      1       9.902    0.19080E-03    0.58184E-14   -0.33397E-16   -0.10474E-15
      1       9.813    0.19430E-03    0.57059E-14   -0.25476E-16   -0.10897E-15
      1       9.723    0.19788E-03    0.57660E-14   -0.22996E-16   -0.11889E-15
      1       9.633    0.20152E-03    0.57235E-14   -0.46264E-16   -0.11341E-15
      1       9.543    0.20524E-03    0.57239E-14   -0.28354E-16   -0.11254E-15
      1       9.454    0.20903E-03    0.58554E-14   -0.34780E-16   -0.12330E-15
      1       9.364    0.21289E-03    0.59297E-14   -0.45970E-16   -0.13257E-15
      1       9.274    0.21683E-03    0.58586E-14   -0.16110E-16   -0.12432E-15
      1       9.184    0.22085E-03    0.59621E-14   -0.34777E-16   -0.10495E-15
      1       9.095    0.22495E-03    0.59866E-14   -0.31387E-16   -0.12932E-15
      1       9.005    0.22913E-03    0.59304E-14   -0.33800E-16   -0.11384E-15
      1       8.915    0.23339E-03    0.59736E-14   -0.28858E-16   -0.12396E-15
      1       8.825    0.23773E-03    0.60736E-14   -0.20518E-16   -0.10749E-15
      1       8.736    0.24216E-03    0.61981E-14   -0.28777E-16   -0.12728E-15
      1       8.646    0.24668E-03    0.61791E-14   -0.29806E-16   -0.14176E-15
      1       8.556    0.25129E-03    0.60508E-14   -0.22577E-16   -0.15429E-15
      1       8.466    0.25599E-03    0.62953E-14   -0.55298E-16   -0.13436E-15
      1       8.377    0.26079E-03    0.62277E-14   -0.30437E-16   -0.15170E-15
      1       8.287    0.26568E-03    0.62037E-14   -0.10620E-16   -0.12627E-15
      1       8.197    0.27067E-03    0.61632E-14   -0.32463E-16   -0.12883E-15
      1       8.107    0.27575E-03    0.62230E-14   -0.31042E-16   -0.10300E-15
      1       8.018    0.28094E-03    0.63053E-14   -0.17638E-16   -0.12715E-15
      1       7.928    0.28622E-03    0.63326E-14   -0.20488E-16   -0.11227E-15
      1       7.838    0.29160E-03    0.63799E-14   -0.75260E-17   -0.11052E-15
      1       7.748    0.29708E-03    0.62399E-14   -0.10134E-16   -0.12987E-15
      1       7.659    0.30265E-03    0.62650E-14   -0.25327E-16   -0.13952E-15
      1       7.569    0.30832E-03    0.62776E-14   -0.15963E-16   -0.10141E-15
      1       7.479    0.31408E-03    0.64093E-14   -0.18679E-16   -0.13224E-15
      1       7.389    0.31993E-03    0.64400E-14   -0.31011E-16   -0.12180E-15
      1       7.300    0.32588E-03    0.63105E-14   -0.39205E-16   -0.11786E-15
      1       7.210    0.33192E-03    0.63592E-14   -0.34140E-16   -0.11857E-15
      1       7.120    0.33805E-03    0.64073E-14   -0.10607E-16   -0.12911E-15
      1       7.030    0.34426E-03    0.63881E-14   -0.31316E-16   -0.95906E-16
      1       6.941    0.35055E-03    0.62856E-14   -0.20565E-17   -0.12876E-15
      1       6.851    0.35693E-03    0.63516E-14   -0.33383E-18   -0.11272E-15
      1       6.761    0.36339E-03    0.64490E-14   -0.71596E-17   -0.12537E-15
      1       6.671    0.36993E-03    0.64135E-14   -0.72795E-17   -0.13963E-15
      1       6.582    0.37654E-03    0.63806E-14   -0.23760E-16   -0.11431E-15
      1       6.492    0.38322E-03    0.65417E-14   -0.28300E-16   -0.11231E-15
      1       6.402    0.38996E-03    0.64405E-14   -0.12603E-16   -0.12208E-15
      1       6.312    0.39677E-03    0.64809E-14   -0.30010E-16   -0.10830E-15
      1       6.223    0.40364E-03    0.64004E-14   -0.23905E-16   -0.96024E-16
      1       6.133    0.41056E-03    0.66009E-14   -0.24612E-16   -0.10334E-15
      1       6.043    0.41752E-03    0.65386E-14    0.83568E-17   -0.12965E-15
      1       5.953    0.42453E-03    0.64237E-14   -0.13410E-16   -0.10331E-15
      1       5.864    0.43157E-03    0.64643E-14    0.72529E-17   -0.11629E-15
      1       5.774    0.43863E-03    0.63512E-14   -0.34026E-16   -0.13118E-15
      1       5.684    0.44570E-03    0.64548E-14    0.11372E-16   -0.10919E-15
      1       5.594    0.45278E-03    0.64369E-14    0.17204E-17   -0.11905E-15
      1       5.505    0.45983E-03    0.65912E-14    0.90884E-17   -0.94651E-16
      1       5.415    0.46685E-03    0.64454E-14   -0.25946E-17   -0.10265E-15
      1       5.325    0.47381E-03    0.63991E-14    0.20671E-16   -0.10344E-15
      1       5.236    0.48068E-03    0.64365E-14   -0.10965E-17   -0.11164E-15
      1       5.146    0.48743E-03    0.65277E-14    0.27942E-17   -0.11829E-15
      1       5.056    0.49402E-03    0.64185E-14   -0.15684E-16   -0.12315E-15
      1       4.966    0.50043E-03    0.64568E-14    0.75674E-17   -0.13472E-15
      1       4.877    0.50660E-03    0.65144E-14   -0.16386E-16   -0.11642E-15
      1       4.787    0.51249E-03    0.65309E-14    0.63899E-17   -0.10657E-15
      1       4.697    0.51808E-03    0.65147E-14    0.72704E-17   -0.11378E-15
      1       4.607    0.52331E-03    0.63568E-14    0.35229E-16   -0.11173E-15
      1       4.518    0.52818E-03    0.65390E-14    0.47390E-16   -0.11036E-15
      1       4.428    0.53265E-03    0.65146E-14    0.27956E-16   -0.13155E-15
      1       4.338    0.53673E-03    0.64134E-14   -0.12711E-16   -0.11761E-15
      1       4.248    0.54041E-03    0.63338E-14   -0.11508E-16   -0.12211E-15
      1       4.159    0.54371E-03    0.65897E-14    0.42665E-17   -0.11478E-15
      1       4.069    0.54663E-03    0.64468E-14    0.50263E-17   -0.12375E-15
      1       3.979    0.54919E-03    0.65124E-14   -0.43098E-18   -0.12013E-15
      1       3.889    0.55141E-03    0.64430E-14    0.79073E-17   -0.10690E-15
      1       3.800    0.55330E-03    0.66700E-14    0.54690E-16   -0.14218E-15
      1       3.710    0.55487E-03    0.65034E-14   -0.18140E-16   -0.10446E-15
      1       3.620    0.55614E-03    0.63676E-14   -0.34911E-16   -0.11281E-15
      1       3.530    0.55711E-03    0.63945E-14    0.11075E-16   -0.14493E-15
      1       3.441    0.55781E-03    0.63732E-14    0.36581E-16   -0.11392E-15
      1       3.351    0.55823E-03    0.64604E-14    0.13569E-16   -0.12595E-15
      1       3.261    0.55840E-03    0.63644E-14    0.34706E-16   -0.12541E-15
      1       3.171    0.55832E-03    0.64150E-14    0.29867E-17   -0.13841E-15
      1       3.082    0.55800E-03    0.65398E-14    0.35186E-16   -0.12000E-15
      1       2.992    0.55746E-03    0.65546E-14    0.21392E-16   -0.15918E-15
      1       2.902    0.55669E-03    0.64476E-14    0.80846E-16   -0.14980E-15
      1       2.812    0.55571E-03    0.63637E-14    0.48239E-16   -0.14209E-15
      1       2.723    0.55453E-03    0.64761E-14    0.38367E-16   -0.12391E-15
      1       2.633    0.55315E-03    0.63061E-14    0.57524E-16   -0.11282E-15
      1       2.543    0.55156E-03    0.63620E-14    0.10122E-17   -0.14260E-15
      1       2.453    0.54978E-03    0.64545E-14    0.54236E-16   -0.13325E-15
      1       2.364    0.54779E-03    0.63872E-14    0.46797E-16   -0.13401E-15
      1       2.274    0.54559E-03    0.64805E-14    0.16780E-16   -0.12696E-15
      1       2.184    0.54318E-03    0.63193E-14    0.61485E-16   -0.13904E-15
      1       2.094    0.54053E-03    0.62945E-14    0.50961E-16   -0.15153E-15
      1       2.005    0.53764E-03    0.61194E-14    0.45580E-16   -0.15735E-15
      1       1.915    0.53447E-03    0.63517E-14    0.40411E-16   -0.12677E-15
      1       1.825    0.53101E-03    0.63295E-14    0.37239E-16   -0.13814E-15
      1       1.735    0.52721E-03    0.63450E-14    0.32809E-16   -0.15505E-15
      1       1.646    0.52303E-03    0.62655E-14    0.50725E-16   -0.16193E-15
      1       1.556    0.51842E-03    0.62808E-14    0.41654E-16   -0.14486E-15
      1       1.466    0.51332E-03    0.62929E-14    0.94687E-17   -0.13383E-15
      1       1.376    0.50766E-03    0.62453E-14    0.52203E-16   -0.15165E-15
      1       1.287    0.50134E-03    0.62915E-14    0.51631E-16   -0.14889E-15
      1       1.197    0.49425E-03    0.61908E-14    0.61225E-16   -0.14643E-15
      1       1.107    0.48626E-03    0.62182E-14    0.44181E-16   -0.13818E-15
      1       1.017    0.47719E-03    0.60657E-14    0.57708E-16   -0.16660E-15
      1       0.928    0.46683E-03    0.61351E-14    0.41012E-16   -0.16166E-15
      1       0.838    0.45492E-03    0.61969E-14    0.66344E-16   -0.16348E-15
      1       0.748    0.44113E-03    0.60618E-14    0.73514E-16   -0.16673E-15
      1       0.658    0.42502E-03    0.60338E-14    0.50040E-16   -0.14641E-15
      1       0.569    0.40602E-03    0.59282E-14    0.81243E-16   -0.14054E-15
      1       0.479    0.38332E-03    0.61522E-14    0.10257E-15   -0.13869E-15
      1       0.389    0.35576E-03    0.61597E-14    0.93511E-16   -0.14498E-15
      1       0.299    0.32152E-03    0.59931E-14    0.17125E-15   -0.15842E-15
      1       0.210    0.27735E-03    0.59840E-14    0.36500E-16   -0.14054E-15
      1       0.120    0.21621E-03    0.60228E-14    0.10786E-15   -0.11465E-15
