   3N SYSTEM INCLUSIVE  PHOTODESINTEGRATION
        DETECTED PARTICLE: 1- PROTON
        NOT DETECTED PARTICLES:2- PROTON  3-NEUTRON

      OMEGA 0.30000E+02
     MTTWE1,MTTWE2,MTTWE3=    1    1   -1
     TH1LAB,PHI1LAB=   180.000     0.000
   Unit of cross sections ... fm**2/(MeV*sr**2)
      I       E1      CROSS           AX           AY           AZ
      1      13.029    0.86017E-07    0.69711E-18   -0.15857E-20   -0.25722E-17
      1      13.016    0.25090E-04    0.11286E-17    0.13045E-18   -0.66146E-17
      1      13.009    0.28254E-04    0.31632E-17    0.20694E-19   -0.59660E-16
      1      13.002    0.30240E-04    0.44750E-17    0.39056E-18   -0.51850E-17
      1      12.996    0.31547E-04    0.49098E-17    0.13484E-19    0.47391E-17
      1      12.989    0.32431E-04    0.58683E-17    0.26479E-18   -0.99880E-17
      1      12.982    0.33037E-04    0.72587E-17    0.73153E-19   -0.48855E-17
      1      12.976    0.33455E-04    0.95286E-17   -0.17385E-18   -0.33310E-17
      1      12.969    0.33744E-04    0.12410E-16    0.13448E-18   -0.18151E-17
      1      12.962    0.33943E-04    0.14315E-16    0.17944E-18   -0.13167E-16
      1      12.956    0.34079E-04    0.16562E-16    0.47521E-18    0.25348E-16
      1      12.949    0.34171E-04    0.17950E-16    0.15329E-18    0.12866E-17
      1      12.942    0.34232E-04    0.20733E-16   -0.15663E-18    0.97066E-18
      1      12.936    0.34271E-04    0.23974E-16   -0.16571E-19    0.37189E-17
      1      12.929    0.34294E-04    0.26278E-16    0.19972E-18   -0.12371E-16
      1      12.922    0.34304E-04    0.27776E-16    0.21950E-18    0.87707E-17
      1      12.916    0.34304E-04    0.31860E-16   -0.67706E-18   -0.60657E-17
      1      12.909    0.34298E-04    0.35044E-16    0.15059E-18    0.34183E-16
      1      12.839    0.34052E-04    0.72557E-16    0.28802E-18    0.59248E-18
      1      12.769    0.33808E-04    0.12005E-15    0.18997E-17    0.76854E-17
      1      12.698    0.33702E-04    0.17214E-15   -0.12682E-18    0.33391E-16
      1      12.628    0.33724E-04    0.24033E-15   -0.97408E-18   -0.15935E-17
      1      12.558    0.33847E-04    0.31758E-15    0.44707E-18    0.32537E-16
      1      12.487    0.34052E-04    0.38481E-15    0.12152E-17   -0.73367E-17
      1      12.417    0.34324E-04    0.46838E-15    0.93189E-18    0.24340E-16
      1      12.347    0.34658E-04    0.56388E-15   -0.25918E-17    0.71573E-17
      1      12.277    0.35048E-04    0.64237E-15    0.18258E-18   -0.50013E-17
      1      12.206    0.35493E-04    0.74757E-15   -0.50733E-17   -0.13775E-16
      1      12.136    0.35989E-04    0.81235E-15   -0.31483E-17   -0.11010E-16
      1      12.066    0.36534E-04    0.95066E-15   -0.51120E-17   -0.10735E-16
      1      11.996    0.37126E-04    0.10573E-14   -0.85454E-17   -0.12055E-17
      1      11.925    0.37763E-04    0.11552E-14   -0.11665E-16   -0.13747E-16
      1      11.855    0.38442E-04    0.12652E-14   -0.73197E-17    0.39110E-16
      1      11.785    0.39163E-04    0.13734E-14   -0.20972E-16   -0.97367E-17
      1      11.715    0.39925E-04    0.14897E-14   -0.23459E-16   -0.75576E-17
      1      11.644    0.40728E-04    0.15548E-14   -0.17270E-16   -0.93559E-17
      1      11.574    0.41572E-04    0.16403E-14   -0.19870E-16   -0.28357E-16
      1      11.504    0.42457E-04    0.17647E-14   -0.19750E-16   -0.18247E-16
      1      11.433    0.43383E-04    0.18885E-14   -0.21733E-16   -0.18613E-16
      1      11.363    0.44352E-04    0.20206E-14   -0.19219E-16   -0.35836E-16
      1      11.293    0.45364E-04    0.20975E-14   -0.22207E-16   -0.26745E-16
      1      11.223    0.46421E-04    0.22133E-14   -0.23781E-16   -0.38444E-16
      1      11.152    0.47522E-04    0.22957E-14   -0.13307E-16   -0.47156E-16
      1      11.082    0.48669E-04    0.23844E-14   -0.17367E-16   -0.46418E-16
      1      11.012    0.49861E-04    0.24702E-14   -0.70715E-17   -0.40598E-16
      1      10.942    0.51098E-04    0.25863E-14   -0.28209E-16   -0.56646E-16
      1      10.871    0.52377E-04    0.27038E-14   -0.20234E-16   -0.65601E-16
      1      10.801    0.53699E-04    0.27908E-14   -0.18192E-16   -0.61951E-16
      1      10.731    0.55061E-04    0.28818E-14   -0.31571E-16   -0.79302E-16
      1      10.660    0.56462E-04    0.29558E-14   -0.19765E-16   -0.78553E-16
      1      10.590    0.57900E-04    0.31171E-14   -0.12718E-16   -0.78777E-16
      1      10.520    0.59374E-04    0.31009E-14   -0.18461E-16   -0.68463E-16
      1      10.450    0.60882E-04    0.32355E-14   -0.23077E-16   -0.83547E-16
      1      10.379    0.62424E-04    0.33320E-14   -0.14770E-16   -0.85186E-16
      1      10.309    0.63999E-04    0.34007E-14   -0.21536E-16   -0.75106E-16
      1      10.239    0.65607E-04    0.34940E-14   -0.12472E-16   -0.10479E-15
      1      10.169    0.67247E-04    0.35212E-14   -0.30193E-16   -0.78008E-16
      1      10.098    0.68921E-04    0.36951E-14   -0.27912E-16   -0.86371E-16
      1      10.028    0.70629E-04    0.37070E-14   -0.20606E-16   -0.10020E-15
      1       9.958    0.72370E-04    0.38566E-14   -0.37222E-17   -0.89866E-16
      1       9.887    0.74144E-04    0.38663E-14   -0.15111E-16   -0.96504E-16
      1       9.817    0.75952E-04    0.39518E-14   -0.11916E-16   -0.86964E-16
      1       9.747    0.77793E-04    0.39177E-14    0.22487E-18   -0.11723E-15
      1       9.677    0.79668E-04    0.40590E-14   -0.97764E-17   -0.10653E-15
      1       9.606    0.81577E-04    0.41488E-14    0.26149E-17   -0.11039E-15
      1       9.536    0.83519E-04    0.41800E-14   -0.15612E-16   -0.10696E-15
      1       9.466    0.85494E-04    0.42990E-14    0.10224E-16   -0.10023E-15
      1       9.396    0.87504E-04    0.42378E-14   -0.18786E-16   -0.12468E-15
      1       9.325    0.89548E-04    0.43962E-14   -0.20070E-16   -0.13285E-15
      1       9.255    0.91626E-04    0.45113E-14   -0.54362E-17   -0.11136E-15
      1       9.185    0.93740E-04    0.45124E-14   -0.64065E-17   -0.12209E-15
      1       9.115    0.95890E-04    0.45492E-14   -0.31104E-16   -0.13264E-15
      1       9.044    0.98075E-04    0.46722E-14   -0.20220E-16   -0.11014E-15
      1       8.974    0.10030E-03    0.46173E-14   -0.14431E-16   -0.13221E-15
      1       8.904    0.10255E-03    0.46652E-14   -0.13950E-16   -0.12393E-15
      1       8.833    0.10485E-03    0.47654E-14   -0.13116E-16   -0.12311E-15
      1       8.763    0.10717E-03    0.49393E-14   -0.13012E-16   -0.14787E-15
      1       8.693    0.10954E-03    0.48489E-14   -0.17221E-16   -0.15102E-15
      1       8.623    0.11194E-03    0.48674E-14   -0.17425E-16   -0.15125E-15
      1       8.552    0.11438E-03    0.49522E-14    0.48240E-17   -0.13880E-15
      1       8.482    0.11686E-03    0.50583E-14    0.43074E-17   -0.15627E-15
      1       8.412    0.11938E-03    0.50519E-14    0.45161E-17   -0.14051E-15
      1       8.342    0.12194E-03    0.51677E-14   -0.95314E-17   -0.15962E-15
      1       8.271    0.12454E-03    0.50660E-14    0.82465E-17   -0.15667E-15
      1       8.201    0.12720E-03    0.52103E-14    0.25498E-18   -0.18485E-15
      1       8.131    0.12989E-03    0.51294E-14    0.66926E-17   -0.17601E-15
      1       8.060    0.13265E-03    0.53047E-14    0.13606E-16   -0.18291E-15
      1       7.990    0.13545E-03    0.53362E-14   -0.20385E-16   -0.18217E-15
      1       7.920    0.13831E-03    0.53415E-14    0.20605E-16   -0.18278E-15
      1       7.850    0.14122E-03    0.54147E-14    0.16028E-16   -0.16848E-15
      1       7.779    0.14419E-03    0.52886E-14    0.65848E-17   -0.20079E-15
      1       7.709    0.14723E-03    0.54005E-14    0.11924E-16   -0.17621E-15
      1       7.639    0.15032E-03    0.54530E-14    0.13079E-16   -0.18025E-15
      1       7.569    0.15347E-03    0.54969E-14    0.40549E-17   -0.18624E-15
      1       7.498    0.15668E-03    0.55013E-14    0.27565E-16   -0.17920E-15
      1       7.428    0.15995E-03    0.55195E-14   -0.64693E-17   -0.18098E-15
      1       7.358    0.16328E-03    0.54677E-14    0.21633E-16   -0.18374E-15
      1       7.288    0.16666E-03    0.56047E-14    0.21164E-16   -0.16401E-15
      1       7.217    0.17011E-03    0.55847E-14    0.14321E-16   -0.17750E-15
      1       7.147    0.17362E-03    0.57135E-14    0.10806E-16   -0.15424E-15
      1       7.077    0.17719E-03    0.56264E-14    0.10451E-16   -0.16003E-15
      1       7.006    0.18082E-03    0.56976E-14   -0.13806E-17   -0.17172E-15
      1       6.936    0.18452E-03    0.58042E-14    0.98389E-17   -0.17856E-15
      1       6.866    0.18828E-03    0.56817E-14    0.26686E-16   -0.16558E-15
      1       6.796    0.19210E-03    0.58775E-14    0.19238E-16   -0.18350E-15
      1       6.725    0.19599E-03    0.58659E-14    0.35205E-16   -0.19879E-15
      1       6.655    0.19994E-03    0.57120E-14    0.10337E-16   -0.17296E-15
      1       6.585    0.20396E-03    0.58808E-14    0.10789E-16   -0.16908E-15
      1       6.515    0.20805E-03    0.57729E-14    0.72914E-19   -0.17193E-15
      1       6.444    0.21220E-03    0.59729E-14    0.27367E-16   -0.16777E-15
      1       6.374    0.21643E-03    0.58764E-14    0.50738E-17   -0.15530E-15
      1       6.304    0.22073E-03    0.59164E-14    0.81968E-17   -0.15829E-15
      1       6.233    0.22511E-03    0.58857E-14    0.26602E-16   -0.17141E-15
      1       6.163    0.22956E-03    0.60121E-14    0.11659E-16   -0.16924E-15
      1       6.093    0.23409E-03    0.59264E-14    0.22694E-17   -0.16796E-15
      1       6.023    0.23869E-03    0.59285E-14    0.30331E-17   -0.17044E-15
      1       5.952    0.24338E-03    0.61277E-14    0.15319E-16   -0.17916E-15
      1       5.882    0.24815E-03    0.59833E-14    0.17914E-16   -0.17535E-15
      1       5.812    0.25301E-03    0.60552E-14    0.83670E-17   -0.15463E-15
      1       5.742    0.25795E-03    0.60383E-14    0.13848E-16   -0.16746E-15
      1       5.671    0.26297E-03    0.60130E-14    0.23768E-16   -0.15842E-15
      1       5.601    0.26808E-03    0.60396E-14    0.27890E-17   -0.16058E-15
      1       5.531    0.27328E-03    0.60900E-14    0.23172E-16   -0.17007E-15
      1       5.461    0.27857E-03    0.61235E-14    0.83514E-17   -0.15891E-15
      1       5.390    0.28394E-03    0.61440E-14    0.16351E-16   -0.14465E-15
      1       5.320    0.28940E-03    0.59718E-14    0.27442E-16   -0.16439E-15
      1       5.250    0.29494E-03    0.60790E-14    0.21951E-16   -0.13426E-15
      1       5.179    0.30057E-03    0.61138E-14    0.24631E-16   -0.14172E-15
      1       5.109    0.30628E-03    0.60649E-14    0.93568E-17   -0.14428E-15
      1       5.039    0.31207E-03    0.62024E-14    0.11763E-16   -0.15641E-15
      1       4.969    0.31794E-03    0.62080E-14    0.12558E-16   -0.14712E-15
      1       4.898    0.32389E-03    0.61527E-14    0.24431E-16   -0.14378E-15
      1       4.828    0.32991E-03    0.62214E-14    0.30520E-16   -0.14491E-15
      1       4.758    0.33601E-03    0.61783E-14    0.16055E-16   -0.14285E-15
      1       4.688    0.34218E-03    0.60610E-14    0.26280E-16   -0.13455E-15
      1       4.617    0.34842E-03    0.61976E-14    0.22695E-16   -0.14056E-15
      1       4.547    0.35473E-03    0.62845E-14    0.19057E-16   -0.14314E-15
      1       4.477    0.36110E-03    0.61530E-14    0.53607E-16   -0.13315E-15
      1       4.406    0.36753E-03    0.61705E-14    0.33032E-17   -0.12340E-15
      1       4.336    0.37403E-03    0.62214E-14    0.21040E-16   -0.14507E-15
      1       4.266    0.38057E-03    0.61623E-14   -0.19452E-16   -0.13014E-15
      1       4.196    0.38717E-03    0.62497E-14    0.26909E-16   -0.12149E-15
      1       4.125    0.39381E-03    0.60894E-14    0.96644E-17   -0.12435E-15
      1       4.055    0.40050E-03    0.62251E-14    0.34432E-16   -0.12277E-15
      1       3.985    0.40722E-03    0.62524E-14    0.30032E-16   -0.12578E-15
      1       3.915    0.41396E-03    0.62135E-14    0.15164E-16   -0.13525E-15
      1       3.844    0.42073E-03    0.61847E-14    0.15750E-16   -0.13130E-15
      1       3.774    0.42751E-03    0.61244E-14    0.24189E-16   -0.12624E-15
      1       3.704    0.43429E-03    0.61556E-14    0.42291E-16   -0.12060E-15
      1       3.633    0.44105E-03    0.61830E-14    0.33674E-16   -0.12609E-15
      1       3.563    0.44778E-03    0.62276E-14    0.40735E-16   -0.12778E-15
      1       3.493    0.45445E-03    0.61903E-14    0.48689E-16   -0.12717E-15
      1       3.423    0.46104E-03    0.60887E-14    0.17637E-16   -0.12353E-15
      1       3.352    0.46751E-03    0.62047E-14    0.34593E-16   -0.12510E-15
      1       3.282    0.47382E-03    0.61717E-14    0.21177E-16   -0.14046E-15
      1       3.212    0.47993E-03    0.61183E-14    0.36867E-16   -0.13244E-15
      1       3.142    0.48578E-03    0.61142E-14    0.75536E-16   -0.12712E-15
      1       3.071    0.49131E-03    0.62374E-14    0.30432E-16   -0.12482E-15
      1       3.001    0.49648E-03    0.61820E-14    0.33647E-16   -0.13825E-15
      1       2.931    0.50121E-03    0.60883E-14    0.36475E-16   -0.12814E-15
      1       2.861    0.50547E-03    0.61187E-14    0.36821E-16   -0.12286E-15
      1       2.790    0.50921E-03    0.61380E-14    0.43435E-16   -0.12737E-15
      1       2.720    0.51240E-03    0.61345E-14    0.60553E-16   -0.14021E-15
      1       2.650    0.51504E-03    0.61830E-14    0.59635E-16   -0.13284E-15
      1       2.579    0.51714E-03    0.62270E-14    0.58122E-16   -0.12661E-15
      1       2.509    0.51872E-03    0.60551E-14    0.68758E-16   -0.13710E-15
      1       2.439    0.51980E-03    0.63310E-14    0.44485E-16   -0.13469E-15
      1       2.369    0.52040E-03    0.62030E-14    0.59323E-16   -0.13489E-15
      1       2.298    0.52055E-03    0.61527E-14    0.78738E-16   -0.13779E-15
      1       2.228    0.52027E-03    0.61529E-14    0.52127E-16   -0.14541E-15
      1       2.158    0.51957E-03    0.61409E-14    0.53606E-16   -0.14743E-15
      1       2.088    0.51849E-03    0.63451E-14    0.68917E-16   -0.15111E-15
      1       2.017    0.51701E-03    0.62975E-14    0.59308E-16   -0.14413E-15
      1       1.947    0.51516E-03    0.61630E-14    0.48677E-16   -0.13351E-15
      1       1.877    0.51293E-03    0.62604E-14    0.47677E-16   -0.13097E-15
      1       1.806    0.51034E-03    0.62701E-14    0.94132E-16   -0.14038E-15
      1       1.736    0.50738E-03    0.61436E-14    0.46580E-16   -0.15201E-15
      1       1.666    0.50405E-03    0.62288E-14    0.81863E-16   -0.14930E-15
      1       1.596    0.50036E-03    0.63530E-14    0.50588E-16   -0.13694E-15
      1       1.525    0.49629E-03    0.62606E-14    0.86391E-16   -0.15396E-15
      1       1.455    0.49184E-03    0.61470E-14    0.24934E-16   -0.14318E-15
      1       1.385    0.48698E-03    0.62158E-14    0.24657E-16   -0.14655E-15
      1       1.315    0.48170E-03    0.62564E-14    0.50109E-16   -0.15802E-15
      1       1.244    0.47596E-03    0.62393E-14    0.46582E-16   -0.16104E-15
      1       1.174    0.46973E-03    0.62246E-14    0.79272E-16   -0.16514E-15
      1       1.104    0.46296E-03    0.60361E-14    0.74177E-16   -0.14360E-15
      1       1.034    0.45558E-03    0.62436E-14    0.89422E-16   -0.16710E-15
      1       0.963    0.44753E-03    0.62264E-14    0.70275E-16   -0.16489E-15
      1       0.893    0.43870E-03    0.62831E-14    0.96146E-16   -0.15333E-15
      1       0.823    0.42899E-03    0.61975E-14    0.10489E-15   -0.15773E-15
      1       0.752    0.41823E-03    0.61629E-14    0.42925E-16   -0.17631E-15
      1       0.682    0.40624E-03    0.63010E-14    0.79606E-16   -0.16302E-15
      1       0.612    0.39279E-03    0.61433E-14    0.61532E-16   -0.15311E-15
      1       0.542    0.37757E-03    0.61211E-14    0.59220E-16   -0.15833E-15
      1       0.471    0.36016E-03    0.61660E-14    0.56293E-16   -0.16069E-15
      1       0.401    0.34002E-03    0.62180E-14    0.11422E-15   -0.17941E-15
      1       0.331    0.31634E-03    0.61222E-14    0.93845E-16   -0.16329E-15
      1       0.261    0.28789E-03    0.61129E-14    0.77937E-16   -0.16217E-15
      1       0.190    0.25261E-03    0.61361E-14    0.96316E-16   -0.15516E-15
      1       0.120    0.20631E-03    0.61391E-14    0.12402E-15   -0.18271E-15
