   3N SYSTEM INCLUSIVE  PHOTODESINTEGRATION
        DETECTED PARTICLE: 1- PROTON
        NOT DETECTED PARTICLES:2- PROTON  3-NEUTRON

      OMEGA 0.30000E+02
     MTTWE1,MTTWE2,MTTWE3=    1    1   -1
     TH1LAB,PHI1LAB=   120.000     0.000
   Unit of cross sections ... fm**2/(MeV*sr**2)
      I       E1      CROSS           AX           AY           AZ
      1      13.837    0.13249E-05   -0.92156E+00    0.53270E-18    0.18830E-18
      1      13.823    0.37331E-03   -0.91779E+00    0.29779E-18   -0.41115E-19
      1      13.817    0.41487E-03   -0.91650E+00   -0.26319E-17    0.59837E-18
      1      13.810    0.43824E-03   -0.91526E+00   -0.12854E-17   -0.31467E-17
      1      13.803    0.45126E-03   -0.91405E+00    0.36145E-18    0.15052E-17
      1      13.797    0.45797E-03   -0.91289E+00    0.24541E-17   -0.48057E-17
      1      13.790    0.46068E-03   -0.91175E+00   -0.64681E-18   -0.16730E-18
      1      13.783    0.46082E-03   -0.91065E+00   -0.17269E-17   -0.20124E-17
      1      13.777    0.45928E-03   -0.90959E+00    0.70970E-18   -0.42073E-17
      1      13.770    0.45669E-03   -0.90856E+00   -0.15270E-18    0.12818E-17
      1      13.763    0.45343E-03   -0.90757E+00    0.50917E-18   -0.23344E-17
      1      13.757    0.44980E-03   -0.90662E+00   -0.54262E-18   -0.22206E-17
      1      13.750    0.44599E-03   -0.90570E+00   -0.11511E-17   -0.87223E-18
      1      13.743    0.44212E-03   -0.90483E+00   -0.30695E-17   -0.32017E-17
      1      13.737    0.43824E-03   -0.90399E+00   -0.93563E-18    0.41551E-17
      1      13.730    0.43440E-03   -0.90317E+00    0.37053E-17    0.52551E-17
      1      13.723    0.43061E-03   -0.90238E+00   -0.19360E-17   -0.54133E-17
      1      13.717    0.42689E-03   -0.90162E+00    0.35417E-16    0.21171E-16
      1      13.642    0.39038E-03   -0.89404E+00   -0.49798E-17    0.15615E-17
      1      13.567    0.36253E-03   -0.88751E+00    0.25607E-18   -0.16250E-17
      1      13.492    0.34175E-03   -0.88179E+00    0.61937E-17    0.43915E-17
      1      13.418    0.32599E-03   -0.87670E+00    0.17998E-17    0.52387E-17
      1      13.343    0.31361E-03   -0.87203E+00   -0.68574E-17    0.88376E-18
      1      13.268    0.30357E-03   -0.86761E+00    0.68411E-17   -0.13313E-16
      1      13.194    0.29517E-03   -0.86330E+00   -0.72599E-17   -0.43438E-17
      1      13.119    0.28798E-03   -0.85902E+00   -0.15147E-17   -0.11281E-18
      1      13.044    0.28169E-03   -0.85469E+00    0.48963E-17    0.14222E-16
      1      12.970    0.27609E-03   -0.85026E+00   -0.96631E-18   -0.16676E-16
      1      12.895    0.27105E-03   -0.84569E+00    0.34721E-17    0.14385E-16
      1      12.820    0.26651E-03   -0.84099E+00   -0.13156E-17    0.11872E-17
      1      12.745    0.26242E-03   -0.83618E+00   -0.65747E-17   -0.17341E-16
      1      12.671    0.25875E-03   -0.83127E+00    0.88245E-17   -0.86323E-18
      1      12.596    0.25546E-03   -0.82628E+00    0.73277E-17   -0.62262E-17
      1      12.521    0.25252E-03   -0.82122E+00    0.48008E-17    0.13710E-16
      1      12.447    0.24990E-03   -0.81607E+00    0.26707E-17    0.22280E-16
      1      12.372    0.24758E-03   -0.81085E+00    0.96978E-17   -0.10374E-18
      1      12.297    0.24551E-03   -0.80556E+00    0.53341E-17   -0.34158E-17
      1      12.222    0.24369E-03   -0.80018E+00    0.15471E-16    0.80726E-17
      1      12.148    0.24209E-03   -0.79472E+00    0.36344E-17   -0.79293E-17
      1      12.073    0.24070E-03   -0.78916E+00    0.57972E-17    0.27212E-16
      1      11.998    0.23949E-03   -0.78352E+00    0.27740E-17   -0.12902E-18
      1      11.924    0.23848E-03   -0.77780E+00   -0.24697E-18    0.19127E-17
      1      11.849    0.23766E-03   -0.77200E+00   -0.34837E-17   -0.48515E-17
      1      11.774    0.23703E-03   -0.76614E+00    0.14191E-16    0.22053E-16
      1      11.700    0.23659E-03   -0.76025E+00    0.12501E-16    0.10994E-16
      1      11.625    0.23633E-03   -0.75433E+00    0.13437E-17    0.14630E-16
      1      11.550    0.23625E-03   -0.74841E+00   -0.54735E-17   -0.26263E-16
      1      11.475    0.23636E-03   -0.74252E+00    0.14458E-16    0.13094E-16
      1      11.401    0.23665E-03   -0.73666E+00    0.30098E-17   -0.10685E-16
      1      11.326    0.23711E-03   -0.73086E+00   -0.99017E-17    0.11271E-16
      1      11.251    0.23774E-03   -0.72514E+00    0.90129E-17    0.22481E-17
      1      11.177    0.23853E-03   -0.71951E+00    0.18736E-16    0.32343E-16
      1      11.102    0.23948E-03   -0.71396E+00   -0.47349E-18    0.55023E-17
      1      11.027    0.24056E-03   -0.70851E+00    0.21661E-16   -0.16843E-16
      1      10.952    0.24178E-03   -0.70314E+00   -0.40812E-18   -0.14844E-16
      1      10.878    0.24313E-03   -0.69786E+00    0.75233E-18   -0.52021E-16
      1      10.803    0.24459E-03   -0.69265E+00    0.35602E-16    0.17572E-16
      1      10.728    0.24615E-03   -0.68752E+00    0.15159E-17    0.31033E-16
      1      10.654    0.24782E-03   -0.68247E+00   -0.26608E-16    0.38141E-16
      1      10.579    0.24958E-03   -0.67749E+00   -0.24530E-17    0.37936E-16
      1      10.504    0.25144E-03   -0.67258E+00    0.20368E-16   -0.80512E-17
      1      10.430    0.25340E-03   -0.66776E+00    0.30804E-16   -0.54010E-16
      1      10.355    0.25546E-03   -0.66302E+00   -0.30840E-17   -0.65111E-17
      1      10.280    0.25762E-03   -0.65839E+00   -0.11337E-16    0.19531E-16
      1      10.205    0.25989E-03   -0.65386E+00   -0.10620E-17   -0.65214E-17
      1      10.131    0.26227E-03   -0.64946E+00   -0.40925E-17   -0.40406E-17
      1      10.056    0.26478E-03   -0.64519E+00    0.86991E-17   -0.48137E-17
      1       9.981    0.26740E-03   -0.64106E+00   -0.25440E-16    0.60156E-17
      1       9.907    0.27015E-03   -0.63706E+00    0.41046E-17   -0.24420E-17
      1       9.832    0.27302E-03   -0.63320E+00   -0.13743E-16    0.26882E-16
      1       9.757    0.27602E-03   -0.62948E+00   -0.30058E-16    0.19477E-16
      1       9.682    0.27914E-03   -0.62591E+00   -0.24092E-17   -0.12106E-18
      1       9.608    0.28239E-03   -0.62247E+00   -0.95828E-17    0.21748E-16
      1       9.533    0.28576E-03   -0.61916E+00   -0.15133E-16   -0.81363E-17
      1       9.458    0.28924E-03   -0.61599E+00   -0.13777E-16    0.15449E-16
      1       9.384    0.29285E-03   -0.61294E+00   -0.12200E-16   -0.64927E-18
      1       9.309    0.29656E-03   -0.61000E+00    0.11485E-16    0.69978E-17
      1       9.234    0.30038E-03   -0.60718E+00    0.14195E-16    0.28908E-16
      1       9.159    0.30430E-03   -0.60444E+00    0.22463E-16   -0.40736E-16
      1       9.085    0.30833E-03   -0.60180E+00   -0.28435E-16    0.12410E-16
      1       9.010    0.31245E-03   -0.59923E+00    0.23064E-18    0.37015E-16
      1       8.935    0.31668E-03   -0.59672E+00   -0.36186E-16    0.99064E-17
      1       8.861    0.32101E-03   -0.59428E+00    0.32435E-16   -0.18414E-16
      1       8.786    0.32544E-03   -0.59190E+00   -0.33906E-17    0.38803E-16
      1       8.711    0.32999E-03   -0.58957E+00    0.14802E-16    0.13207E-16
      1       8.637    0.33466E-03   -0.58730E+00   -0.25996E-16   -0.30684E-16
      1       8.562    0.33946E-03   -0.58510E+00    0.19659E-16    0.24457E-16
      1       8.487    0.34439E-03   -0.58296E+00    0.14739E-17   -0.56127E-17
      1       8.412    0.34948E-03   -0.58090E+00   -0.41588E-17    0.40085E-16
      1       8.338    0.35472E-03   -0.57892E+00    0.12010E-17    0.21888E-16
      1       8.263    0.36013E-03   -0.57705E+00    0.24931E-16   -0.11139E-16
      1       8.188    0.36573E-03   -0.57528E+00    0.32144E-16   -0.72694E-17
      1       8.114    0.37152E-03   -0.57363E+00   -0.28942E-17    0.13888E-16
      1       8.039    0.37752E-03   -0.57210E+00    0.16058E-16   -0.32581E-16
      1       7.964    0.38372E-03   -0.57069E+00    0.33176E-17   -0.10944E-17
      1       7.889    0.39013E-03   -0.56942E+00    0.30716E-16    0.98268E-17
      1       7.815    0.39675E-03   -0.56826E+00    0.34444E-16    0.24076E-16
      1       7.740    0.40358E-03   -0.56723E+00    0.60188E-17   -0.90100E-17
      1       7.665    0.41064E-03   -0.56632E+00   -0.14039E-16    0.12137E-16
      1       7.591    0.41792E-03   -0.56553E+00    0.63279E-17    0.14468E-16
      1       7.516    0.42542E-03   -0.56485E+00   -0.14847E-16    0.43380E-17
      1       7.441    0.43316E-03   -0.56428E+00   -0.15146E-16    0.32527E-16
      1       7.367    0.44113E-03   -0.56381E+00    0.39292E-16    0.55804E-17
      1       7.292    0.44933E-03   -0.56345E+00    0.18405E-16    0.13469E-16
      1       7.217    0.45777E-03   -0.56319E+00   -0.57207E-17    0.85755E-17
      1       7.142    0.46645E-03   -0.56301E+00   -0.19760E-16    0.28312E-16
      1       7.068    0.47538E-03   -0.56293E+00    0.53532E-17    0.28825E-16
      1       6.993    0.48455E-03   -0.56292E+00    0.17183E-16    0.20042E-16
      1       6.918    0.49398E-03   -0.56299E+00    0.37777E-16    0.19259E-16
      1       6.844    0.50367E-03   -0.56314E+00   -0.32840E-16    0.20123E-16
      1       6.769    0.51362E-03   -0.56336E+00   -0.17680E-16    0.14623E-16
      1       6.694    0.52385E-03   -0.56365E+00   -0.40908E-16    0.15453E-16
      1       6.619    0.53437E-03   -0.56402E+00    0.67415E-17   -0.77763E-17
      1       6.545    0.54519E-03   -0.56446E+00    0.53378E-16    0.25361E-16
      1       6.470    0.55632E-03   -0.56498E+00    0.28878E-17   -0.75705E-18
      1       6.395    0.56778E-03   -0.56557E+00    0.37273E-17    0.10593E-16
      1       6.321    0.57958E-03   -0.56625E+00    0.50301E-16   -0.20719E-17
      1       6.246    0.59173E-03   -0.56701E+00    0.17273E-16    0.11206E-16
      1       6.171    0.60426E-03   -0.56786E+00   -0.70348E-16    0.24141E-16
      1       6.097    0.61718E-03   -0.56880E+00    0.37009E-16   -0.14981E-16
      1       6.022    0.63050E-03   -0.56983E+00    0.82632E-17    0.45822E-17
      1       5.947    0.64422E-03   -0.57095E+00    0.47680E-16    0.28557E-16
      1       5.872    0.65837E-03   -0.57216E+00    0.21146E-16    0.22031E-16
      1       5.798    0.67294E-03   -0.57345E+00    0.51487E-16    0.23756E-16
      1       5.723    0.68796E-03   -0.57484E+00   -0.34602E-16    0.22049E-17
      1       5.648    0.70342E-03   -0.57631E+00   -0.30512E-16   -0.38092E-17
      1       5.574    0.71935E-03   -0.57787E+00    0.16400E-16    0.13627E-16
      1       5.499    0.73575E-03   -0.57952E+00    0.59688E-16    0.10903E-16
      1       5.424    0.75263E-03   -0.58126E+00    0.44003E-16    0.15412E-16
      1       5.349    0.77001E-03   -0.58309E+00   -0.34577E-16   -0.12460E-16
      1       5.275    0.78790E-03   -0.58500E+00    0.43162E-17    0.17041E-16
      1       5.200    0.80632E-03   -0.58700E+00    0.28157E-16    0.11714E-16
      1       5.125    0.82528E-03   -0.58909E+00   -0.50487E-16    0.15956E-16
      1       5.051    0.84479E-03   -0.59127E+00   -0.14426E-16   -0.90140E-17
      1       4.976    0.86487E-03   -0.59354E+00   -0.46399E-16   -0.79601E-18
      1       4.901    0.88554E-03   -0.59590E+00   -0.35749E-16   -0.72949E-17
      1       4.827    0.90682E-03   -0.59835E+00   -0.36318E-16    0.11646E-16
      1       4.752    0.92872E-03   -0.60089E+00    0.53828E-16   -0.34940E-17
      1       4.677    0.95126E-03   -0.60351E+00   -0.55598E-16    0.20065E-17
      1       4.602    0.97443E-03   -0.60622E+00    0.98302E-16    0.10576E-16
      1       4.528    0.99827E-03   -0.60902E+00   -0.74875E-16    0.34619E-17
      1       4.453    0.10228E-02   -0.61190E+00    0.36731E-16    0.35179E-17
      1       4.378    0.10480E-02   -0.61487E+00    0.38714E-16   -0.49196E-17
      1       4.304    0.10740E-02   -0.61792E+00    0.60954E-16   -0.57816E-17
      1       4.229    0.11006E-02   -0.62106E+00    0.98653E-16   -0.36064E-17
      1       4.154    0.11280E-02   -0.62426E+00   -0.41881E-16   -0.62364E-17
      1       4.079    0.11560E-02   -0.62752E+00    0.16679E-15    0.17560E-17
      1       4.005    0.11845E-02   -0.63081E+00    0.18365E-16    0.44688E-18
      1       3.930    0.12134E-02   -0.63407E+00    0.59232E-16   -0.12155E-16
      1       3.855    0.12423E-02   -0.63725E+00   -0.17974E-16    0.46108E-17
      1       3.781    0.12710E-02   -0.64026E+00    0.55141E-17    0.46258E-17
      1       3.706    0.12988E-02   -0.64300E+00   -0.56059E-16   -0.89764E-17
      1       3.631    0.13251E-02   -0.64536E+00   -0.71205E-16   -0.15764E-16
      1       3.557    0.13491E-02   -0.64719E+00    0.67795E-16    0.69125E-17
      1       3.482    0.13700E-02   -0.64834E+00    0.18071E-15   -0.21221E-16
      1       3.407    0.13868E-02   -0.64866E+00    0.11708E-15    0.70830E-17
      1       3.332    0.13987E-02   -0.64800E+00    0.13032E-15   -0.92245E-17
      1       3.258    0.14048E-02   -0.64620E+00    0.11319E-15   -0.16931E-16
      1       3.183    0.14045E-02   -0.64313E+00   -0.11747E-16    0.14005E-17
      1       3.108    0.13976E-02   -0.63872E+00    0.15664E-16   -0.20175E-16
      1       3.034    0.13846E-02   -0.63300E+00    0.13756E-15   -0.11127E-16
      1       2.959    0.13659E-02   -0.62601E+00   -0.90678E-16   -0.14801E-16
      1       2.884    0.13425E-02   -0.61783E+00   -0.60765E-16   -0.17284E-17
      1       2.809    0.13151E-02   -0.60857E+00    0.12748E-15    0.84334E-17
      1       2.735    0.12849E-02   -0.59833E+00    0.16284E-15   -0.80302E-18
      1       2.660    0.12526E-02   -0.58725E+00    0.11346E-15    0.60953E-17
      1       2.585    0.12189E-02   -0.57545E+00    0.13317E-15   -0.60045E-17
      1       2.511    0.11846E-02   -0.56303E+00    0.17604E-15   -0.43121E-17
      1       2.436    0.11500E-02   -0.55009E+00   -0.85822E-16   -0.88699E-17
      1       2.361    0.11156E-02   -0.53668E+00   -0.14963E-16   -0.34093E-17
      1       2.286    0.10815E-02   -0.52285E+00   -0.11556E-15    0.28534E-17
      1       2.212    0.10478E-02   -0.50864E+00    0.29685E-17    0.10352E-16
      1       2.137    0.10147E-02   -0.49405E+00   -0.47325E-17    0.78775E-17
      1       2.062    0.98221E-03   -0.47912E+00   -0.30244E-16    0.16755E-16
      1       1.988    0.95046E-03   -0.46387E+00    0.85601E-16    0.22463E-17
      1       1.913    0.91948E-03   -0.44833E+00    0.54151E-16   -0.15085E-16
      1       1.838    0.88931E-03   -0.43255E+00   -0.22019E-16   -0.16254E-17
      1       1.764    0.85997E-03   -0.41654E+00    0.18860E-16   -0.55975E-18
      1       1.689    0.83146E-03   -0.40034E+00    0.64260E-16    0.10199E-16
      1       1.614    0.80376E-03   -0.38398E+00    0.74948E-16    0.61003E-17
      1       1.539    0.77686E-03   -0.36749E+00    0.17949E-16   -0.80464E-17
      1       1.465    0.75072E-03   -0.35092E+00    0.56331E-17    0.53687E-17
      1       1.390    0.72530E-03   -0.33431E+00    0.65638E-16    0.24703E-17
      1       1.315    0.70055E-03   -0.31769E+00    0.33152E-16    0.17563E-16
      1       1.241    0.67634E-03   -0.30107E+00   -0.46960E-17   -0.11586E-16
      1       1.166    0.65251E-03   -0.28436E+00    0.48286E-16   -0.13979E-16
      1       1.091    0.62886E-03   -0.26752E+00    0.26718E-16    0.71247E-17
      1       1.016    0.60523E-03   -0.25043E+00    0.48369E-16   -0.23901E-16
      1       0.942    0.58140E-03   -0.23302E+00    0.60430E-16   -0.15895E-17
      1       0.867    0.55720E-03   -0.21520E+00    0.21884E-16   -0.16587E-16
      1       0.792    0.53242E-03   -0.19689E+00    0.33411E-16   -0.32585E-17
      1       0.718    0.50687E-03   -0.17809E+00    0.80848E-16    0.16239E-16
      1       0.643    0.48039E-03   -0.15886E+00    0.62478E-16    0.96443E-17
      1       0.568    0.45285E-03   -0.13961E+00    0.40006E-16    0.31546E-17
      1       0.494    0.42398E-03   -0.12069E+00    0.10508E-15   -0.31061E-16
      1       0.419    0.39321E-03   -0.10233E+00    0.72875E-16    0.42822E-18
      1       0.344    0.35965E-03   -0.84687E-01    0.89472E-16   -0.29505E-16
      1       0.269    0.32200E-03   -0.68158E-01    0.33499E-16   -0.91608E-17
      1       0.195    0.27793E-03   -0.53271E-01    0.84219E-16    0.76157E-17
      1       0.120    0.22155E-03   -0.36681E-01    0.77391E-16   -0.14280E-16
