   3N SYSTEM INCLUSIVE  PHOTODESINTEGRATION
        DETECTED PARTICLE: 1- PROTON
        NOT DETECTED PARTICLES:2- PROTON  3-NEUTRON

      OMEGA 0.30000E+02
     MTTWE1,MTTWE2,MTTWE3=    1    1   -1
     TH1LAB,PHI1LAB=   180.000     0.000
   Unit of cross sections ... fm**2/(MeV*sr**2)
      I       E1      CROSS           AX           AY           AZ
      1      13.029    0.86539E-07    0.85759E-18    0.30418E-20   -0.10704E-17
      1      13.016    0.25298E-04    0.10243E-17    0.14341E-18    0.12968E-16
      1      13.009    0.28518E-04    0.32230E-17    0.21476E-19   -0.89906E-17
      1      13.002    0.30556E-04    0.44674E-17    0.42135E-18    0.63431E-17
      1      12.996    0.31912E-04    0.49172E-17    0.14022E-19   -0.38972E-17
      1      12.989    0.32840E-04    0.58749E-17    0.27702E-18    0.81964E-16
      1      12.982    0.33488E-04    0.72764E-17    0.75230E-19    0.18004E-17
      1      12.976    0.33947E-04    0.96769E-17   -0.15934E-18    0.87097E-16
      1      12.969    0.34273E-04    0.12428E-16    0.16332E-18    0.62034E-18
      1      12.962    0.34507E-04    0.14390E-16    0.21769E-18    0.15289E-16
      1      12.956    0.34677E-04    0.16429E-16    0.49046E-18    0.21674E-16
      1      12.949    0.34800E-04    0.17395E-16    0.79970E-19    0.82518E-17
      1      12.942    0.34890E-04    0.20489E-16   -0.26983E-18    0.11634E-17
      1      12.936    0.34957E-04    0.23748E-16   -0.33167E-19    0.68287E-17
      1      12.929    0.35005E-04    0.25986E-16    0.23302E-18    0.54409E-17
      1      12.922    0.35040E-04    0.26742E-16    0.13326E-18   -0.11586E-16
      1      12.916    0.35065E-04    0.30964E-16   -0.69575E-18    0.31970E-17
      1      12.909    0.35081E-04    0.35163E-16    0.56723E-19    0.18356E-16
      1      12.839    0.35032E-04    0.70180E-16    0.75405E-19   -0.77535E-17
      1      12.769    0.34938E-04    0.11530E-15    0.17325E-17   -0.70188E-17
      1      12.698    0.34957E-04    0.16662E-15   -0.77935E-18    0.10960E-16
      1      12.628    0.35091E-04    0.23366E-15   -0.56451E-18    0.21923E-17
      1      12.558    0.35318E-04    0.31246E-15    0.64334E-19    0.67604E-17
      1      12.487    0.35619E-04    0.37057E-15    0.85428E-18   -0.11296E-16
      1      12.417    0.35986E-04    0.45703E-15    0.55104E-18   -0.39550E-17
      1      12.347    0.36412E-04    0.52966E-15   -0.19057E-17   -0.76692E-17
      1      12.277    0.36894E-04    0.61629E-15    0.16775E-17    0.54440E-18
      1      12.206    0.37430E-04    0.71243E-15   -0.77485E-17    0.93220E-18
      1      12.136    0.38018E-04    0.78886E-15   -0.62230E-17   -0.28714E-17
      1      12.066    0.38656E-04    0.88774E-15   -0.81992E-17   -0.19779E-17
      1      11.996    0.39340E-04    0.99857E-15   -0.94217E-17   -0.76145E-17
      1      11.925    0.40069E-04    0.11018E-14   -0.14694E-16   -0.28499E-17
      1      11.855    0.40840E-04    0.12227E-14   -0.14905E-16   -0.10724E-16
      1      11.785    0.41653E-04    0.13077E-14   -0.24095E-16   -0.14656E-16
      1      11.715    0.42507E-04    0.14229E-14   -0.20584E-16   -0.14304E-16
      1      11.644    0.43400E-04    0.14271E-14   -0.18502E-16   -0.19036E-16
      1      11.574    0.44334E-04    0.16061E-14   -0.24320E-16   -0.17050E-16
      1      11.504    0.45308E-04    0.17131E-14   -0.96872E-17   -0.22685E-16
      1      11.433    0.46324E-04    0.17543E-14   -0.15656E-16   -0.25918E-16
      1      11.363    0.47381E-04    0.18839E-14   -0.21600E-16   -0.31748E-16
      1      11.293    0.48481E-04    0.20038E-14   -0.15076E-16   -0.39979E-16
      1      11.223    0.49625E-04    0.20960E-14   -0.23035E-16   -0.45529E-16
      1      11.152    0.50814E-04    0.21567E-14   -0.13791E-16   -0.43000E-16
      1      11.082    0.52049E-04    0.22658E-14   -0.17305E-16   -0.44262E-16
      1      11.012    0.53329E-04    0.23578E-14   -0.13135E-16   -0.44975E-16
      1      10.942    0.54652E-04    0.24424E-14   -0.16976E-16   -0.59715E-16
      1      10.871    0.56019E-04    0.25263E-14   -0.34523E-16   -0.59823E-16
      1      10.801    0.57426E-04    0.26516E-14   -0.33240E-16   -0.65632E-16
      1      10.731    0.58873E-04    0.26690E-14   -0.23423E-16   -0.80659E-16
      1      10.660    0.60355E-04    0.28232E-14   -0.25290E-16   -0.54887E-16
      1      10.590    0.61872E-04    0.28788E-14   -0.16341E-16   -0.62450E-16
      1      10.520    0.63421E-04    0.30536E-14   -0.31761E-16   -0.60556E-16
      1      10.450    0.65001E-04    0.30618E-14   -0.99949E-17   -0.69871E-16
      1      10.379    0.66609E-04    0.31266E-14   -0.11934E-16   -0.73671E-16
      1      10.309    0.68246E-04    0.31646E-14   -0.17912E-16   -0.70919E-16
      1      10.239    0.69911E-04    0.32581E-14   -0.20462E-16   -0.90573E-16
      1      10.169    0.71603E-04    0.33097E-14   -0.36697E-16   -0.81269E-16
      1      10.098    0.73322E-04    0.35096E-14   -0.33483E-16   -0.77566E-16
      1      10.028    0.75069E-04    0.35284E-14   -0.20627E-16   -0.96946E-16
      1       9.958    0.76843E-04    0.36297E-14   -0.10947E-16   -0.90768E-16
      1       9.887    0.78645E-04    0.36048E-14   -0.15132E-16   -0.85686E-16
      1       9.817    0.80475E-04    0.37491E-14   -0.24005E-16   -0.87186E-16
      1       9.747    0.82332E-04    0.37647E-14   -0.20964E-18   -0.10026E-15
      1       9.677    0.84216E-04    0.39169E-14   -0.94048E-17   -0.97083E-16
      1       9.606    0.86126E-04    0.40011E-14   -0.50761E-17   -0.10102E-15
      1       9.536    0.88064E-04    0.40859E-14   -0.27714E-16   -0.99188E-16
      1       9.466    0.90027E-04    0.40564E-14   -0.10208E-16   -0.11059E-15
      1       9.396    0.92018E-04    0.42302E-14   -0.14437E-16   -0.12348E-15
      1       9.325    0.94036E-04    0.42084E-14   -0.23193E-16   -0.12583E-15
      1       9.255    0.96082E-04    0.42780E-14    0.87933E-18   -0.10809E-15
      1       9.185    0.98155E-04    0.43077E-14   -0.19691E-16   -0.10864E-15
      1       9.115    0.10026E-03    0.43860E-14   -0.28834E-16   -0.12679E-15
      1       9.044    0.10238E-03    0.45073E-14   -0.13224E-16   -0.11407E-15
      1       8.974    0.10454E-03    0.44567E-14   -0.85377E-18   -0.12432E-15
      1       8.904    0.10673E-03    0.45237E-14    0.23919E-17   -0.11900E-15
      1       8.833    0.10894E-03    0.45640E-14   -0.14163E-16   -0.12698E-15
      1       8.763    0.11118E-03    0.46748E-14   -0.22535E-16   -0.13932E-15
      1       8.693    0.11345E-03    0.46291E-14   -0.15543E-16   -0.13448E-15
      1       8.623    0.11574E-03    0.47287E-14   -0.32035E-16   -0.14425E-15
      1       8.552    0.11807E-03    0.47456E-14    0.43670E-18   -0.13291E-15
      1       8.482    0.12043E-03    0.47530E-14    0.11630E-17   -0.13348E-15
      1       8.412    0.12282E-03    0.47612E-14    0.75746E-17   -0.12848E-15
      1       8.342    0.12524E-03    0.49533E-14   -0.76333E-17   -0.14538E-15
      1       8.271    0.12770E-03    0.49432E-14   -0.78233E-17   -0.14722E-15
      1       8.201    0.13020E-03    0.50310E-14   -0.13196E-16   -0.17511E-15
      1       8.131    0.13275E-03    0.49557E-14    0.97442E-17   -0.16942E-15
      1       8.060    0.13534E-03    0.50780E-14    0.10609E-16   -0.17899E-15
      1       7.990    0.13798E-03    0.51059E-14    0.14240E-17   -0.17262E-15
      1       7.920    0.14067E-03    0.51603E-14    0.24231E-16   -0.17795E-15
      1       7.850    0.14342E-03    0.51727E-14    0.23508E-16   -0.16170E-15
      1       7.779    0.14621E-03    0.52497E-14    0.24733E-16   -0.18294E-15
      1       7.709    0.14907E-03    0.52337E-14   -0.45295E-17   -0.16401E-15
      1       7.639    0.15198E-03    0.52590E-14    0.13024E-17   -0.17562E-15
      1       7.569    0.15494E-03    0.53282E-14    0.51425E-17   -0.19487E-15
      1       7.498    0.15797E-03    0.55147E-14    0.73606E-17   -0.17038E-15
      1       7.428    0.16105E-03    0.53451E-14   -0.89363E-17   -0.18787E-15
      1       7.358    0.16418E-03    0.53744E-14    0.10257E-16   -0.18570E-15
      1       7.288    0.16737E-03    0.55746E-14    0.33453E-18   -0.17500E-15
      1       7.217    0.17062E-03    0.55906E-14    0.16867E-17   -0.17618E-15
      1       7.147    0.17393E-03    0.56692E-14   -0.90190E-18   -0.15157E-15
      1       7.077    0.17729E-03    0.55108E-14   -0.24925E-17   -0.16919E-15
      1       7.006    0.18071E-03    0.56019E-14    0.41938E-17   -0.16463E-15
      1       6.936    0.18419E-03    0.56158E-14   -0.90770E-17   -0.17472E-15
      1       6.866    0.18773E-03    0.55740E-14    0.18591E-16   -0.16258E-15
      1       6.796    0.19133E-03    0.57022E-14    0.91867E-17   -0.17376E-15
      1       6.725    0.19499E-03    0.56821E-14    0.21067E-16   -0.19287E-15
      1       6.655    0.19872E-03    0.57372E-14    0.61351E-17   -0.17512E-15
      1       6.585    0.20251E-03    0.57364E-14   -0.41142E-19   -0.16930E-15
      1       6.515    0.20636E-03    0.56169E-14    0.10251E-16   -0.16989E-15
      1       6.444    0.21028E-03    0.58330E-14    0.18905E-16   -0.17305E-15
      1       6.374    0.21427E-03    0.57698E-14    0.80759E-17   -0.15710E-15
      1       6.304    0.21833E-03    0.58214E-14    0.63716E-17   -0.17089E-15
      1       6.233    0.22246E-03    0.58275E-14    0.13322E-16   -0.16895E-15
      1       6.163    0.22666E-03    0.58191E-14    0.81956E-17   -0.17124E-15
      1       6.093    0.23094E-03    0.60298E-14   -0.15757E-17   -0.16901E-15
      1       6.023    0.23530E-03    0.58984E-14    0.13963E-16   -0.16832E-15
      1       5.952    0.23974E-03    0.58825E-14    0.22466E-16   -0.15781E-15
      1       5.882    0.24426E-03    0.59659E-14    0.37157E-17   -0.17787E-15
      1       5.812    0.24887E-03    0.58609E-14    0.85293E-17   -0.15313E-15
      1       5.742    0.25356E-03    0.60361E-14   -0.81585E-17   -0.17908E-15
      1       5.671    0.25834E-03    0.59317E-14    0.10206E-16   -0.16985E-15
      1       5.601    0.26320E-03    0.59868E-14    0.65954E-17   -0.16372E-15
      1       5.531    0.26815E-03    0.59721E-14    0.29486E-16   -0.16749E-15
      1       5.461    0.27319E-03    0.60556E-14    0.13496E-16   -0.15905E-15
      1       5.390    0.27832E-03    0.60411E-14    0.27177E-16   -0.14971E-15
      1       5.320    0.28353E-03    0.61167E-14    0.13421E-16   -0.15322E-15
      1       5.250    0.28883E-03    0.60926E-14    0.38431E-17   -0.14173E-15
      1       5.179    0.29421E-03    0.60206E-14    0.39699E-16   -0.15159E-15
      1       5.109    0.29967E-03    0.61077E-14    0.26847E-16   -0.14168E-15
      1       5.039    0.30521E-03    0.61012E-14    0.14016E-17   -0.16129E-15
      1       4.969    0.31084E-03    0.60846E-14    0.22378E-17   -0.13719E-15
      1       4.898    0.31654E-03    0.61121E-14    0.98176E-17   -0.14062E-15
      1       4.828    0.32232E-03    0.60953E-14    0.16841E-16   -0.15200E-15
      1       4.758    0.32817E-03    0.62089E-14    0.12867E-16   -0.14619E-15
      1       4.688    0.33409E-03    0.61555E-14    0.34881E-16   -0.13731E-15
      1       4.617    0.34009E-03    0.61679E-14    0.17136E-16   -0.13274E-15
      1       4.547    0.34615E-03    0.60304E-14    0.18543E-16   -0.15094E-15
      1       4.477    0.35228E-03    0.61472E-14    0.28256E-16   -0.13274E-15
      1       4.406    0.35847E-03    0.61781E-14    0.27420E-17   -0.13499E-15
      1       4.336    0.36471E-03    0.60845E-14    0.61605E-17   -0.14780E-15
      1       4.266    0.37101E-03    0.61036E-14    0.10713E-17   -0.13318E-15
      1       4.196    0.37737E-03    0.61534E-14    0.39303E-16   -0.13251E-15
      1       4.125    0.38376E-03    0.61107E-14    0.24206E-16   -0.13969E-15
      1       4.055    0.39020E-03    0.62767E-14    0.44386E-16   -0.13543E-15
      1       3.985    0.39668E-03    0.62844E-14    0.28803E-16   -0.12964E-15
      1       3.915    0.40318E-03    0.60895E-14    0.28783E-16   -0.14426E-15
      1       3.844    0.40971E-03    0.60544E-14    0.16287E-16   -0.14243E-15
      1       3.774    0.41625E-03    0.61706E-14    0.78496E-17   -0.12100E-15
      1       3.704    0.42279E-03    0.61776E-14    0.28626E-16   -0.13309E-15
      1       3.633    0.42932E-03    0.61661E-14    0.24754E-16   -0.12607E-15
      1       3.563    0.43581E-03    0.62270E-14    0.38934E-16   -0.12868E-15
      1       3.493    0.44226E-03    0.61142E-14    0.37550E-16   -0.13254E-15
      1       3.423    0.44863E-03    0.59163E-14    0.26820E-16   -0.12438E-15
      1       3.352    0.45488E-03    0.62839E-14    0.26873E-16   -0.13833E-15
      1       3.282    0.46099E-03    0.61386E-14    0.12736E-16   -0.14405E-15
      1       3.212    0.46689E-03    0.62089E-14    0.23425E-16   -0.12948E-15
      1       3.142    0.47256E-03    0.59661E-14    0.68601E-16   -0.14323E-15
      1       3.071    0.47792E-03    0.62323E-14    0.28136E-16   -0.12429E-15
      1       3.001    0.48294E-03    0.62092E-14    0.37251E-16   -0.14242E-15
      1       2.931    0.48754E-03    0.60751E-14    0.16946E-16   -0.13773E-15
      1       2.861    0.49169E-03    0.61451E-14    0.37635E-16   -0.12315E-15
      1       2.790    0.49534E-03    0.61578E-14    0.27054E-16   -0.13554E-15
      1       2.720    0.49847E-03    0.61044E-14    0.71811E-16   -0.14391E-15
      1       2.650    0.50109E-03    0.61503E-14    0.69275E-16   -0.12740E-15
      1       2.579    0.50319E-03    0.61478E-14    0.53790E-16   -0.13326E-15
      1       2.509    0.50479E-03    0.61517E-14    0.62777E-16   -0.14938E-15
      1       2.439    0.50592E-03    0.62060E-14    0.44171E-16   -0.14338E-15
      1       2.369    0.50661E-03    0.63055E-14    0.73093E-16   -0.14718E-15
      1       2.298    0.50687E-03    0.62001E-14    0.86122E-16   -0.14345E-15
      1       2.228    0.50674E-03    0.62474E-14    0.61317E-16   -0.15271E-15
      1       2.158    0.50622E-03    0.62003E-14    0.58877E-16   -0.15527E-15
      1       2.088    0.50535E-03    0.61208E-14    0.55928E-16   -0.15248E-15
      1       2.017    0.50412E-03    0.61765E-14    0.67476E-16   -0.14877E-15
      1       1.947    0.50256E-03    0.62887E-14    0.59748E-16   -0.13837E-15
      1       1.877    0.50067E-03    0.61809E-14    0.51236E-16   -0.13338E-15
      1       1.806    0.49846E-03    0.61337E-14    0.87780E-16   -0.14468E-15
      1       1.736    0.49593E-03    0.61948E-14    0.48244E-16   -0.16443E-15
      1       1.666    0.49309E-03    0.62509E-14    0.84611E-16   -0.14234E-15
      1       1.596    0.48993E-03    0.61991E-14    0.53657E-16   -0.13740E-15
      1       1.525    0.48646E-03    0.63228E-14    0.96469E-16   -0.16039E-15
      1       1.455    0.48266E-03    0.61970E-14    0.29312E-16   -0.14821E-15
      1       1.385    0.47853E-03    0.61200E-14    0.15887E-16   -0.14427E-15
      1       1.315    0.47403E-03    0.62984E-14    0.53830E-16   -0.16364E-15
      1       1.244    0.46914E-03    0.62179E-14    0.26819E-16   -0.16410E-15
      1       1.174    0.46383E-03    0.61958E-14    0.80352E-16   -0.17733E-15
      1       1.104    0.45804E-03    0.60877E-14    0.69996E-16   -0.15865E-15
      1       1.034    0.45172E-03    0.61390E-14    0.90620E-16   -0.17089E-15
      1       0.963    0.44479E-03    0.60430E-14    0.75751E-16   -0.17499E-15
      1       0.893    0.43714E-03    0.62283E-14    0.10706E-15   -0.16266E-15
      1       0.823    0.42865E-03    0.61668E-14    0.10213E-15   -0.16646E-15
      1       0.752    0.41917E-03    0.62973E-14    0.52458E-16   -0.18262E-15
      1       0.682    0.40850E-03    0.61546E-14    0.92763E-16   -0.15865E-15
      1       0.612    0.39637E-03    0.61090E-14    0.80592E-16   -0.16443E-15
      1       0.542    0.38245E-03    0.60938E-14    0.65191E-16   -0.16663E-15
      1       0.471    0.36631E-03    0.61399E-14    0.70168E-16   -0.18348E-15
      1       0.401    0.34734E-03    0.59445E-14    0.13032E-15   -0.19035E-15
      1       0.331    0.32466E-03    0.59964E-14    0.11134E-15   -0.16675E-15
      1       0.261    0.29694E-03    0.59598E-14    0.10182E-15   -0.16797E-15
      1       0.190    0.26196E-03    0.60622E-14    0.94751E-16   -0.15424E-15
      1       0.120    0.21520E-03    0.60268E-14    0.12165E-15   -0.18569E-15
