   3N SYSTEM INCLUSIVE  PHOTODESINTEGRATION
        DETECTED PARTICLE: 1- PROTON
        NOT DETECTED PARTICLES:2- PROTON  3-NEUTRON

      OMEGA 0.10000E+03
     MTTWE1,MTTWE2,MTTWE3=    1    1   -1
     TH1LAB,PHI1LAB=   180.000     0.000
   Unit of cross sections ... fm**2/(MeV*sr**2)
      I       E1      CROSS           AX           AY           AZ
      1      48.980    0.19872E-07    0.89063E-18    0.30582E-20   -0.31189E-16
      1      48.967    0.56565E-05    0.72473E-18   -0.94397E-22   -0.13396E-16
      1      48.960    0.63413E-05    0.76822E-18    0.15416E-20   -0.71437E-16
      1      48.954    0.67687E-05    0.11934E-17   -0.38000E-20   -0.60124E-17
      1      48.947    0.70500E-05    0.13648E-17    0.19295E-19   -0.11952E-15
      1      48.940    0.72406E-05    0.18071E-17   -0.16326E-20   -0.22217E-17
      1      48.934    0.73719E-05    0.22445E-17    0.83388E-21   -0.32123E-16
      1      48.927    0.74629E-05    0.24488E-17    0.13283E-19   -0.29868E-16
      1      48.920    0.75257E-05    0.25927E-17   -0.42749E-19    0.94282E-17
      1      48.914    0.75687E-05    0.35407E-17    0.15670E-19    0.57005E-16
      1      48.907    0.75972E-05    0.39669E-17    0.22590E-20   -0.41982E-16
      1      48.900    0.76153E-05    0.47170E-17   -0.64257E-20    0.33120E-16
      1      48.894    0.76257E-05    0.49923E-17    0.29178E-20    0.31021E-16
      1      48.887    0.76305E-05    0.51710E-17    0.18609E-19   -0.60344E-17
      1      48.880    0.76313E-05    0.55311E-17    0.20466E-19    0.37203E-17
      1      48.874    0.76291E-05    0.74245E-17    0.78416E-20    0.22347E-16
      1      48.867    0.76247E-05    0.73291E-17    0.27746E-19    0.27765E-16
      1      48.860    0.76188E-05    0.83531E-17    0.55048E-19    0.41324E-16
      1      48.592    0.74128E-05    0.33641E-16   -0.31006E-19    0.13319E-16
      1      48.325    0.73571E-05    0.63953E-16   -0.10678E-18    0.19710E-16
      1      48.057    0.73697E-05    0.85112E-16   -0.42904E-19   -0.20279E-17
      1      47.789    0.74050E-05    0.10976E-15    0.45819E-18    0.46730E-17
      1      47.521    0.74457E-05    0.12854E-15    0.22921E-18   -0.32449E-17
      1      47.253    0.74903E-05    0.14433E-15   -0.16132E-19    0.84872E-17
      1      46.986    0.75418E-05    0.16253E-15    0.76775E-18   -0.48552E-17
      1      46.718    0.76054E-05    0.17825E-15   -0.12313E-18   -0.21659E-16
      1      46.450    0.76865E-05    0.19497E-15    0.26691E-18    0.23650E-16
      1      46.182    0.77899E-05    0.21300E-15    0.10716E-17    0.41476E-16
      1      45.914    0.79167E-05    0.22844E-15    0.44091E-18   -0.16179E-17
      1      45.647    0.80640E-05    0.24500E-15    0.76784E-18   -0.34919E-17
      1      45.379    0.82297E-05    0.26487E-15    0.18095E-17   -0.11125E-16
      1      45.111    0.84120E-05    0.28921E-15    0.71364E-18    0.29732E-16
      1      44.843    0.86099E-05    0.29268E-15    0.20649E-17   -0.14047E-16
      1      44.575    0.88224E-05    0.32631E-15   -0.56255E-18   -0.64231E-18
      1      44.308    0.90484E-05    0.33636E-15    0.36647E-19    0.60581E-17
      1      44.040    0.92873E-05    0.36105E-15    0.16084E-17    0.47185E-17
      1      43.772    0.95382E-05    0.38469E-15    0.76192E-18   -0.63265E-17
      1      43.504    0.98007E-05    0.40205E-15   -0.71704E-18   -0.24854E-17
      1      43.236    0.10075E-04    0.43076E-15   -0.95316E-18    0.43069E-18
      1      42.969    0.10359E-04    0.45533E-15    0.27321E-17    0.33741E-16
      1      42.701    0.10655E-04    0.48404E-15    0.93078E-18   -0.23986E-16
      1      42.433    0.10963E-04    0.52889E-15   -0.53673E-17   -0.77667E-17
      1      42.165    0.11283E-04    0.55431E-15    0.39089E-17   -0.18943E-17
      1      41.897    0.11616E-04    0.57395E-15    0.14483E-18   -0.97401E-17
      1      41.630    0.11963E-04    0.59825E-15   -0.50854E-18   -0.10662E-16
      1      41.362    0.12325E-04    0.62701E-15   -0.62288E-18   -0.18977E-17
      1      41.094    0.12704E-04    0.67598E-15    0.88827E-18    0.78890E-17
      1      40.826    0.13099E-04    0.73295E-15   -0.54109E-17   -0.76179E-17
      1      40.558    0.13512E-04    0.71862E-15    0.27719E-17    0.10090E-17
      1      40.291    0.13940E-04    0.77782E-15    0.13238E-17   -0.31936E-17
      1      40.023    0.14384E-04    0.82696E-15    0.28591E-17    0.27013E-17
      1      39.755    0.14841E-04    0.84612E-15    0.25484E-17   -0.49894E-17
      1      39.487    0.15311E-04    0.90404E-15    0.35354E-18   -0.10259E-16
      1      39.219    0.15791E-04    0.93406E-15   -0.27862E-17    0.30543E-17
      1      38.952    0.16279E-04    0.10160E-14   -0.19495E-17   -0.38576E-17
      1      38.684    0.16773E-04    0.10106E-14    0.22932E-17   -0.55425E-17
      1      38.416    0.17270E-04    0.10578E-14   -0.58570E-18   -0.20102E-16
      1      38.148    0.17767E-04    0.11015E-14    0.50678E-17   -0.74972E-17
      1      37.880    0.18262E-04    0.11939E-14    0.28184E-17   -0.98943E-17
      1      37.613    0.18753E-04    0.12008E-14    0.13307E-17    0.19898E-17
      1      37.345    0.19238E-04    0.12028E-14   -0.40675E-17   -0.51867E-17
      1      37.077    0.19715E-04    0.11979E-14   -0.57279E-17    0.11980E-16
      1      36.809    0.20181E-04    0.11937E-14   -0.32634E-17   -0.32806E-17
      1      36.541    0.20635E-04    0.13253E-14   -0.11955E-17   -0.45865E-17
      1      36.273    0.21076E-04    0.12776E-14    0.48432E-17   -0.11463E-16
      1      36.006    0.21501E-04    0.13121E-14   -0.57918E-17   -0.19601E-16
      1      35.738    0.21910E-04    0.13081E-14    0.20846E-16   -0.27516E-17
      1      35.470    0.22302E-04    0.13944E-14   -0.21877E-17   -0.89106E-18
      1      35.202    0.22676E-04    0.13626E-14    0.45581E-17   -0.10405E-16
      1      34.934    0.23030E-04    0.14066E-14    0.35891E-17   -0.10925E-16
      1      34.667    0.23364E-04    0.13991E-14    0.76581E-17   -0.67035E-17
      1      34.399    0.23676E-04    0.14623E-14   -0.26218E-17   -0.27178E-17
      1      34.131    0.23966E-04    0.14876E-14    0.66227E-17   -0.10362E-16
      1      33.863    0.24232E-04    0.15473E-14    0.34822E-17   -0.50572E-17
      1      33.595    0.24473E-04    0.15125E-14    0.15204E-17   -0.23044E-16
      1      33.328    0.24688E-04    0.15276E-14    0.89710E-18   -0.10545E-16
      1      33.060    0.24876E-04    0.15596E-14    0.44499E-17   -0.17459E-16
      1      32.792    0.25035E-04    0.15165E-14    0.32572E-17   -0.13272E-16
      1      32.524    0.25166E-04    0.15763E-14    0.32729E-17   -0.17537E-17
      1      32.256    0.25266E-04    0.15762E-14    0.10139E-16   -0.15176E-16
      1      31.989    0.25336E-04    0.16263E-14    0.10849E-16   -0.15925E-16
      1      31.721    0.25376E-04    0.15934E-14    0.17051E-17   -0.16292E-17
      1      31.453    0.25385E-04    0.16581E-14    0.74651E-17   -0.49161E-17
      1      31.185    0.25365E-04    0.16458E-14    0.56507E-17   -0.25363E-16
      1      30.917    0.25316E-04    0.15467E-14    0.31292E-17   -0.13135E-16
      1      30.650    0.25239E-04    0.16271E-14   -0.25821E-17   -0.46386E-17
      1      30.382    0.25136E-04    0.16219E-14    0.70792E-17   -0.78362E-17
      1      30.114    0.25009E-04    0.16235E-14    0.63535E-17   -0.90696E-17
      1      29.846    0.24861E-04    0.16509E-14    0.30674E-17   -0.65198E-17
      1      29.578    0.24695E-04    0.16358E-14    0.32888E-17   -0.39871E-17
      1      29.311    0.24513E-04    0.15904E-14   -0.93815E-18    0.31429E-17
      1      29.043    0.24318E-04    0.16541E-14   -0.38877E-17   -0.18230E-16
      1      28.775    0.24111E-04    0.16147E-14    0.24166E-17   -0.12579E-16
      1      28.507    0.23895E-04    0.16698E-14    0.53883E-17   -0.12003E-16
      1      28.239    0.23672E-04    0.16399E-14    0.86208E-17   -0.65448E-17
      1      27.972    0.23444E-04    0.16317E-14    0.61955E-17   -0.19355E-16
      1      27.704    0.23213E-04    0.16877E-14    0.10917E-17   -0.11594E-16
      1      27.436    0.22979E-04    0.16668E-14    0.77767E-17   -0.12402E-16
      1      27.168    0.22743E-04    0.16887E-14    0.47293E-17   -0.12097E-16
      1      26.900    0.22506E-04    0.16835E-14    0.12912E-16   -0.15962E-16
      1      26.633    0.22268E-04    0.16525E-14    0.46855E-17   -0.18052E-16
      1      26.365    0.22029E-04    0.16852E-14    0.54422E-17   -0.72855E-17
      1      26.097    0.21789E-04    0.16654E-14    0.13583E-16   -0.17327E-16
      1      25.829    0.21549E-04    0.16936E-14    0.10553E-16   -0.20124E-16
      1      25.561    0.21308E-04    0.17267E-14    0.13014E-16   -0.15499E-16
      1      25.294    0.21068E-04    0.17115E-14    0.40687E-18   -0.18073E-16
      1      25.026    0.20827E-04    0.17027E-14    0.16408E-16   -0.11292E-16
      1      24.758    0.20587E-04    0.17452E-14    0.79530E-17   -0.16699E-16
      1      24.490    0.20348E-04    0.17864E-14   -0.28441E-17   -0.21462E-16
      1      24.222    0.20111E-04    0.16867E-14    0.25044E-17   -0.18896E-16
      1      23.955    0.19876E-04    0.16870E-14    0.34169E-17   -0.11894E-16
      1      23.687    0.19644E-04    0.17424E-14   -0.19642E-17   -0.10246E-16
      1      23.419    0.19416E-04    0.17427E-14    0.11094E-16   -0.21922E-16
      1      23.151    0.19194E-04    0.17967E-14    0.61054E-17   -0.15851E-16
      1      22.883    0.18976E-04    0.17289E-14    0.11141E-16   -0.16388E-16
      1      22.616    0.18766E-04    0.16996E-14    0.90674E-17   -0.21887E-16
      1      22.348    0.18564E-04    0.17323E-14    0.87804E-17   -0.25626E-16
      1      22.080    0.18371E-04    0.17044E-14    0.13892E-16   -0.23759E-16
      1      21.812    0.18188E-04    0.16820E-14    0.17948E-16   -0.19873E-16
      1      21.544    0.18016E-04    0.17431E-14    0.13662E-16   -0.27318E-16
      1      21.276    0.17856E-04    0.18092E-14    0.17395E-16   -0.27355E-16
      1      21.009    0.17710E-04    0.17655E-14    0.59422E-17   -0.22372E-16
      1      20.741    0.17577E-04    0.17330E-14    0.88267E-17   -0.23383E-16
      1      20.473    0.17458E-04    0.17316E-14    0.11175E-16   -0.19777E-16
      1      20.205    0.17355E-04    0.17946E-14    0.96912E-17   -0.26357E-16
      1      19.937    0.17267E-04    0.17352E-14    0.13672E-16   -0.26436E-16
      1      19.670    0.17194E-04    0.17719E-14    0.93981E-17   -0.20248E-16
      1      19.402    0.17138E-04    0.17882E-14    0.11421E-16   -0.24636E-16
      1      19.134    0.17098E-04    0.17475E-14    0.96192E-17   -0.33005E-16
      1      18.866    0.17074E-04    0.17664E-14    0.15595E-16   -0.32997E-16
      1      18.598    0.17066E-04    0.17874E-14    0.53234E-17   -0.24337E-16
      1      18.331    0.17074E-04    0.17802E-14    0.71933E-17   -0.32721E-16
      1      18.063    0.17097E-04    0.17427E-14    0.69366E-17   -0.32238E-16
      1      17.795    0.17136E-04    0.17404E-14    0.13546E-16   -0.27320E-16
      1      17.527    0.17191E-04    0.17115E-14    0.11227E-16   -0.15678E-16
      1      17.259    0.17260E-04    0.17154E-14    0.79475E-17   -0.22444E-16
      1      16.992    0.17344E-04    0.17341E-14    0.51641E-17   -0.35560E-16
      1      16.724    0.17443E-04    0.16516E-14    0.66755E-17   -0.38424E-16
      1      16.456    0.17556E-04    0.16421E-14    0.20296E-16   -0.32115E-16
      1      16.188    0.17684E-04    0.17359E-14    0.15315E-16   -0.31757E-16
      1      15.920    0.17826E-04    0.16841E-14    0.91853E-17   -0.46712E-16
      1      15.653    0.17983E-04    0.16360E-14    0.15587E-16   -0.35171E-16
      1      15.385    0.18155E-04    0.16988E-14    0.12392E-16   -0.41976E-16
      1      15.117    0.18342E-04    0.15995E-14    0.16475E-16   -0.36623E-16
      1      14.849    0.18544E-04    0.15611E-14    0.15592E-16   -0.35516E-16
      1      14.581    0.18762E-04    0.15913E-14    0.15135E-16   -0.35111E-16
      1      14.314    0.18996E-04    0.15649E-14    0.66563E-17   -0.31030E-16
      1      14.046    0.19247E-04    0.15411E-14    0.20069E-16   -0.32325E-16
      1      13.778    0.19515E-04    0.15429E-14    0.29699E-16   -0.37271E-16
      1      13.510    0.19802E-04    0.14903E-14    0.80507E-17   -0.33366E-16
      1      13.242    0.20108E-04    0.15172E-14    0.14962E-16   -0.37300E-16
      1      12.975    0.20434E-04    0.13923E-14    0.16641E-16   -0.41718E-16
      1      12.707    0.20781E-04    0.13939E-14    0.24698E-16   -0.29929E-16
      1      12.439    0.21151E-04    0.13559E-14    0.18329E-16   -0.45598E-16
      1      12.171    0.21546E-04    0.13158E-14    0.14525E-16   -0.36870E-16
      1      11.903    0.21968E-04    0.13220E-14    0.22823E-16   -0.32101E-16
      1      11.636    0.22417E-04    0.13043E-14    0.18144E-16   -0.38669E-16
      1      11.368    0.22893E-04    0.12534E-14    0.23526E-16   -0.30618E-16
      1      11.100    0.23395E-04    0.12081E-14    0.14009E-16   -0.38263E-16
      1      10.832    0.23917E-04    0.12129E-14    0.24421E-16   -0.42611E-16
      1      10.564    0.24443E-04    0.10937E-14    0.15797E-16   -0.36803E-16
      1      10.297    0.24949E-04    0.10202E-14    0.25433E-16   -0.41817E-16
      1      10.029    0.25399E-04    0.10378E-14    0.17604E-16   -0.38167E-16
      1       9.761    0.25755E-04    0.10127E-14    0.25862E-16   -0.40417E-16
      1       9.493    0.25987E-04    0.97513E-15    0.23264E-16   -0.53560E-16
      1       9.225    0.26111E-04    0.96597E-15    0.27709E-16   -0.48318E-16
      1       8.958    0.26167E-04    0.91786E-15    0.27572E-16   -0.45224E-16
      1       8.690    0.26203E-04    0.89536E-15    0.22392E-16   -0.53098E-16
      1       8.422    0.26258E-04    0.86623E-15    0.37991E-16   -0.49084E-16
      1       8.154    0.26362E-04    0.80303E-15    0.58099E-16   -0.47953E-16
      1       7.886    0.26532E-04    0.85395E-15    0.28937E-16   -0.51464E-16
      1       7.619    0.26782E-04    0.83218E-15    0.26997E-16   -0.50314E-16
      1       7.351    0.27120E-04    0.79737E-15    0.51701E-16   -0.57873E-16
      1       7.083    0.27552E-04    0.78781E-15    0.41947E-16   -0.46669E-16
      1       6.815    0.28085E-04    0.80413E-15    0.55156E-16   -0.58954E-16
      1       6.547    0.28725E-04    0.80913E-15    0.59269E-16   -0.53989E-16
      1       6.279    0.29478E-04    0.66876E-15    0.84550E-16   -0.58167E-16
      1       6.012    0.30351E-04    0.81091E-15    0.62932E-16   -0.52320E-16
      1       5.744    0.31350E-04    0.71215E-15    0.73763E-16   -0.54692E-16
      1       5.476    0.32481E-04    0.81577E-15    0.74623E-16   -0.56333E-16
      1       5.208    0.33751E-04    0.87120E-15    0.92996E-16   -0.50915E-16
      1       4.940    0.35164E-04    0.84758E-15    0.81989E-16   -0.47252E-16
      1       4.673    0.36725E-04    0.88698E-15    0.82397E-16   -0.48946E-16
      1       4.405    0.38437E-04    0.10079E-14    0.11328E-15   -0.44246E-16
      1       4.137    0.40300E-04    0.99465E-15    0.75366E-16   -0.42809E-16
      1       3.869    0.42312E-04    0.10254E-14    0.59919E-16   -0.42701E-16
      1       3.601    0.44466E-04    0.10074E-14    0.81118E-16   -0.42504E-16
      1       3.334    0.46748E-04    0.11271E-14    0.85120E-16   -0.50146E-16
      1       3.066    0.49130E-04    0.11634E-14    0.62227E-16   -0.48975E-16
      1       2.798    0.51571E-04    0.12618E-14    0.62259E-16   -0.32500E-16
      1       2.530    0.54008E-04    0.13323E-14    0.56069E-16   -0.35744E-16
      1       2.262    0.56353E-04    0.13367E-14    0.63945E-16   -0.34191E-16
      1       1.995    0.58487E-04    0.14251E-14    0.48401E-16   -0.21580E-16
      1       1.727    0.60242E-04    0.15184E-14    0.84501E-16   -0.37309E-16
      1       1.459    0.61381E-04    0.15645E-14    0.88203E-16   -0.31257E-16
      1       1.191    0.61581E-04    0.16804E-14    0.68996E-16   -0.25549E-16
      1       0.923    0.60400E-04    0.17785E-14    0.40973E-16   -0.30672E-16
      1       0.656    0.57038E-04    0.17435E-14    0.83599E-16   -0.23964E-16
      1       0.388    0.49713E-04    0.16787E-14    0.93638E-16   -0.19998E-16
      1       0.120    0.32100E-04    0.16210E-14    0.63815E-16   -0.15602E-16
