   3N SYSTEM INCLUSIVE  PHOTODESINTEGRATION
        DETECTED PARTICLE: 1- PROTON
        NOT DETECTED PARTICLES:2- PROTON  3-NEUTRON

      OMEGA 0.30000E+02
     MTTWE1,MTTWE2,MTTWE3=    1    1   -1
     TH1LAB,PHI1LAB=   180.000     0.000
   Unit of cross sections ... fm**2/(MeV*sr**2)
      I       E1      CROSS           AX           AY           AZ
      1      13.029    0.86272E-07    0.80105E-18   -0.64403E-21   -0.76295E-17
      1      13.016    0.25209E-04    0.10658E-17    0.14773E-18   -0.37861E-17
      1      13.009    0.28410E-04    0.32225E-17    0.11112E-19   -0.22348E-17
      1      13.002    0.30431E-04    0.43925E-17    0.41466E-18    0.69757E-17
      1      12.996    0.31771E-04    0.50196E-17    0.83319E-20   -0.11556E-16
      1      12.989    0.32686E-04    0.59278E-17    0.28683E-18   -0.11273E-16
      1      12.982    0.33321E-04    0.73409E-17    0.80695E-19    0.12820E-17
      1      12.976    0.33767E-04    0.95412E-17   -0.19780E-18   -0.29003E-17
      1      12.969    0.34082E-04    0.12420E-16    0.62518E-19    0.33245E-17
      1      12.962    0.34305E-04    0.14549E-16    0.16541E-18   -0.35572E-17
      1      12.956    0.34465E-04    0.16704E-16    0.44434E-18   -0.30180E-16
      1      12.949    0.34579E-04    0.17650E-16    0.18442E-18    0.55044E-17
      1      12.942    0.34660E-04    0.21188E-16   -0.11248E-18   -0.50947E-17
      1      12.936    0.34719E-04    0.24079E-16   -0.23331E-20   -0.22535E-17
      1      12.929    0.34760E-04    0.26190E-16    0.24255E-18    0.56360E-16
      1      12.922    0.34788E-04    0.27260E-16    0.11052E-18   -0.15316E-16
      1      12.916    0.34805E-04    0.30920E-16   -0.60261E-18   -0.93992E-17
      1      12.909    0.34815E-04    0.34751E-16    0.18197E-18    0.16467E-17
      1      12.839    0.34713E-04    0.70409E-16    0.51866E-19   -0.85106E-17
      1      12.769    0.34581E-04    0.11689E-15    0.17406E-17    0.26852E-16
      1      12.698    0.34568E-04    0.17105E-15   -0.66333E-18   -0.17916E-17
      1      12.628    0.34676E-04    0.23690E-15   -0.16277E-17    0.15585E-16
      1      12.558    0.34878E-04    0.30850E-15    0.47984E-18    0.20369E-16
      1      12.487    0.35157E-04    0.37589E-15    0.15071E-17   -0.10071E-16
      1      12.417    0.35501E-04    0.45146E-15    0.63187E-18    0.55901E-16
      1      12.347    0.35905E-04    0.54754E-15   -0.14784E-17    0.62319E-18
      1      12.277    0.36365E-04    0.62216E-15   -0.18987E-17   -0.51270E-17
      1      12.206    0.36879E-04    0.71952E-15   -0.72912E-17   -0.89014E-17
      1      12.136    0.37445E-04    0.80665E-15   -0.60251E-17   -0.65684E-17
      1      12.066    0.38060E-04    0.91420E-15   -0.61387E-17   -0.64547E-18
      1      11.996    0.38721E-04    0.10171E-14   -0.95320E-17   -0.97810E-17
      1      11.925    0.39426E-04    0.11213E-14   -0.15839E-16   -0.74597E-17
      1      11.855    0.40174E-04    0.12091E-14   -0.15170E-16   -0.20925E-16
      1      11.785    0.40963E-04    0.13324E-14   -0.20046E-16   -0.59938E-17
      1      11.715    0.41792E-04    0.14298E-14   -0.23332E-16   -0.10649E-16
      1      11.644    0.42662E-04    0.14727E-14   -0.18879E-16   -0.15222E-16
      1      11.574    0.43572E-04    0.15751E-14   -0.20974E-16   -0.12774E-16
      1      11.504    0.44522E-04    0.17474E-14   -0.20792E-16   -0.12239E-16
      1      11.433    0.45513E-04    0.18148E-14   -0.12961E-16   -0.31145E-16
      1      11.363    0.46546E-04    0.18899E-14   -0.23077E-16   -0.29639E-16
      1      11.293    0.47621E-04    0.20416E-14   -0.16768E-16   -0.30147E-16
      1      11.223    0.48741E-04    0.20872E-14   -0.27052E-16   -0.45289E-16
      1      11.152    0.49905E-04    0.21831E-14   -0.14824E-16   -0.39141E-16
      1      11.082    0.51115E-04    0.22462E-14   -0.20556E-16   -0.40841E-16
      1      11.012    0.52369E-04    0.24205E-14   -0.10329E-16   -0.41581E-16
      1      10.942    0.53668E-04    0.24750E-14   -0.24238E-16   -0.62480E-16
      1      10.871    0.55009E-04    0.25902E-14   -0.19669E-16   -0.71023E-16
      1      10.801    0.56391E-04    0.26442E-14   -0.23732E-16   -0.54290E-16
      1      10.731    0.57812E-04    0.27149E-14   -0.29971E-16   -0.78757E-16
      1      10.660    0.59270E-04    0.28142E-14   -0.24184E-16   -0.63990E-16
      1      10.590    0.60763E-04    0.29367E-14   -0.24619E-16   -0.66464E-16
      1      10.520    0.62290E-04    0.30243E-14   -0.22806E-16   -0.71135E-16
      1      10.450    0.63847E-04    0.31089E-14   -0.15099E-16   -0.63925E-16
      1      10.379    0.65435E-04    0.32059E-14   -0.55540E-17   -0.86549E-16
      1      10.309    0.67052E-04    0.33091E-14   -0.20266E-16   -0.81458E-16
      1      10.239    0.68699E-04    0.33151E-14   -0.21503E-16   -0.98680E-16
      1      10.169    0.70374E-04    0.34539E-14   -0.34350E-16   -0.73408E-16
      1      10.098    0.72078E-04    0.35639E-14   -0.25123E-16   -0.73293E-16
      1      10.028    0.73812E-04    0.35645E-14   -0.17133E-16   -0.78829E-16
      1       9.958    0.75574E-04    0.36493E-14   -0.52538E-17   -0.86803E-16
      1       9.887    0.77366E-04    0.37009E-14   -0.12996E-16   -0.80454E-16
      1       9.817    0.79187E-04    0.38497E-14   -0.40337E-17   -0.89716E-16
      1       9.747    0.81037E-04    0.38490E-14   -0.19240E-16   -0.10742E-15
      1       9.677    0.82916E-04    0.38345E-14   -0.10729E-16   -0.10193E-15
      1       9.606    0.84824E-04    0.38700E-14    0.11303E-16   -0.11013E-15
      1       9.536    0.86760E-04    0.40193E-14   -0.53336E-17   -0.10198E-15
      1       9.466    0.88725E-04    0.41624E-14   -0.14851E-16   -0.10209E-15
      1       9.396    0.90718E-04    0.42211E-14   -0.13866E-16   -0.12132E-15
      1       9.325    0.92741E-04    0.42735E-14   -0.16795E-16   -0.12679E-15
      1       9.255    0.94794E-04    0.43331E-14    0.29725E-17   -0.10936E-15
      1       9.185    0.96876E-04    0.43851E-14    0.68759E-17   -0.12244E-15
      1       9.115    0.98988E-04    0.44071E-14   -0.17675E-16   -0.13104E-15
      1       9.044    0.10113E-03    0.43858E-14   -0.22821E-16   -0.12735E-15
      1       8.974    0.10330E-03    0.44881E-14   -0.16204E-16   -0.13759E-15
      1       8.904    0.10551E-03    0.45704E-14   -0.15994E-16   -0.12589E-15
      1       8.833    0.10774E-03    0.45911E-14   -0.58386E-17   -0.11701E-15
      1       8.763    0.11000E-03    0.46552E-14   -0.15806E-16   -0.14893E-15
      1       8.693    0.11230E-03    0.46061E-14   -0.16088E-16   -0.14422E-15
      1       8.623    0.11462E-03    0.47557E-14   -0.52214E-17   -0.14233E-15
      1       8.552    0.11698E-03    0.47943E-14    0.45268E-17   -0.13878E-15
      1       8.482    0.11937E-03    0.48383E-14    0.12282E-16   -0.13724E-15
      1       8.412    0.12179E-03    0.48625E-14   -0.69660E-17   -0.13493E-15
      1       8.342    0.12426E-03    0.50164E-14   -0.89053E-17   -0.16323E-15
      1       8.271    0.12676E-03    0.49706E-14   -0.26582E-17   -0.15678E-15
      1       8.201    0.12930E-03    0.49697E-14    0.61073E-17   -0.17303E-15
      1       8.131    0.13189E-03    0.50673E-14    0.81234E-17   -0.17531E-15
      1       8.060    0.13452E-03    0.50819E-14    0.71511E-17   -0.18374E-15
      1       7.990    0.13721E-03    0.51651E-14   -0.29796E-17   -0.17642E-15
      1       7.920    0.13995E-03    0.52444E-14    0.12655E-16   -0.16931E-15
      1       7.850    0.14274E-03    0.51752E-14    0.61297E-17   -0.15117E-15
      1       7.779    0.14559E-03    0.52041E-14    0.16541E-16   -0.18669E-15
      1       7.709    0.14849E-03    0.52710E-14    0.61091E-17   -0.17802E-15
      1       7.639    0.15145E-03    0.53534E-14    0.15234E-16   -0.17100E-15
      1       7.569    0.15447E-03    0.53685E-14    0.89018E-17   -0.17994E-15
      1       7.498    0.15754E-03    0.53756E-14    0.72580E-17   -0.18158E-15
      1       7.428    0.16068E-03    0.55479E-14    0.56151E-17   -0.17663E-15
      1       7.358    0.16387E-03    0.54792E-14    0.10925E-16   -0.17318E-15
      1       7.288    0.16712E-03    0.55013E-14    0.40025E-18   -0.17368E-15
      1       7.217    0.17042E-03    0.54984E-14    0.82735E-17   -0.17362E-15
      1       7.147    0.17379E-03    0.55756E-14   -0.36636E-17   -0.15732E-15
      1       7.077    0.17721E-03    0.55093E-14    0.16606E-16   -0.17608E-15
      1       7.006    0.18069E-03    0.56661E-14    0.56406E-17   -0.16429E-15
      1       6.936    0.18423E-03    0.55350E-14   -0.99806E-18   -0.18108E-15
      1       6.866    0.18784E-03    0.56305E-14    0.10549E-16   -0.16931E-15
      1       6.796    0.19150E-03    0.55779E-14    0.22520E-16   -0.17783E-15
      1       6.725    0.19523E-03    0.58037E-14    0.11814E-16   -0.19407E-15
      1       6.655    0.19902E-03    0.57067E-14    0.13994E-16   -0.17116E-15
      1       6.585    0.20287E-03    0.57839E-14    0.13969E-16   -0.16205E-15
      1       6.515    0.20680E-03    0.56634E-14   -0.11911E-16   -0.17069E-15
      1       6.444    0.21078E-03    0.57350E-14    0.25521E-16   -0.16792E-15
      1       6.374    0.21484E-03    0.56898E-14    0.15244E-16   -0.16591E-15
      1       6.304    0.21897E-03    0.58659E-14    0.17504E-16   -0.15954E-15
      1       6.233    0.22317E-03    0.60283E-14    0.25374E-16   -0.16745E-15
      1       6.163    0.22745E-03    0.58871E-14    0.11315E-16   -0.17113E-15
      1       6.093    0.23180E-03    0.58079E-14   -0.83966E-17   -0.16152E-15
      1       6.023    0.23624E-03    0.58675E-14    0.81180E-17   -0.16724E-15
      1       5.952    0.24075E-03    0.58404E-14    0.13125E-16   -0.17534E-15
      1       5.882    0.24535E-03    0.60102E-14    0.14724E-16   -0.18532E-15
      1       5.812    0.25003E-03    0.59932E-14    0.19583E-17   -0.15187E-15
      1       5.742    0.25479E-03    0.59319E-14    0.63887E-17   -0.17549E-15
      1       5.671    0.25964E-03    0.59431E-14    0.19353E-16   -0.16510E-15
      1       5.601    0.26458E-03    0.60381E-14    0.16289E-16   -0.16070E-15
      1       5.531    0.26961E-03    0.60245E-14    0.42661E-17   -0.16402E-15
      1       5.461    0.27472E-03    0.60943E-14    0.59983E-17   -0.16142E-15
      1       5.390    0.27992E-03    0.61173E-14    0.94182E-17   -0.14786E-15
      1       5.320    0.28521E-03    0.61190E-14    0.28349E-16   -0.16630E-15
      1       5.250    0.29057E-03    0.61386E-14    0.27655E-16   -0.14165E-15
      1       5.179    0.29603E-03    0.60292E-14    0.33794E-16   -0.13973E-15
      1       5.109    0.30157E-03    0.61135E-14    0.66123E-17   -0.15013E-15
      1       5.039    0.30718E-03    0.61291E-14    0.24547E-16   -0.15555E-15
      1       4.969    0.31288E-03    0.60849E-14    0.14269E-16   -0.14918E-15
      1       4.898    0.31866E-03    0.59691E-14    0.23027E-16   -0.13870E-15
      1       4.828    0.32451E-03    0.60615E-14    0.23163E-16   -0.15552E-15
      1       4.758    0.33043E-03    0.61218E-14    0.74005E-17   -0.14037E-15
      1       4.688    0.33643E-03    0.60533E-14    0.28036E-16   -0.14930E-15
      1       4.617    0.34250E-03    0.61208E-14    0.32618E-16   -0.14640E-15
      1       4.547    0.34864E-03    0.61175E-14    0.17294E-16   -0.14406E-15
      1       4.477    0.35484E-03    0.61302E-14    0.29540E-16   -0.13603E-15
      1       4.406    0.36110E-03    0.62894E-14    0.59098E-17   -0.12886E-15
      1       4.336    0.36742E-03    0.61342E-14    0.40570E-17   -0.15221E-15
      1       4.266    0.37380E-03    0.60383E-14   -0.96977E-17   -0.14183E-15
      1       4.196    0.38022E-03    0.62102E-14    0.33285E-16   -0.12238E-15
      1       4.125    0.38670E-03    0.61641E-14    0.73819E-17   -0.14711E-15
      1       4.055    0.39321E-03    0.62439E-14    0.37058E-16   -0.13466E-15
      1       3.985    0.39976E-03    0.61566E-14    0.34199E-16   -0.12706E-15
      1       3.915    0.40633E-03    0.60570E-14    0.58061E-17   -0.13976E-15
      1       3.844    0.41293E-03    0.62121E-14    0.11608E-16   -0.13011E-15
      1       3.774    0.41954E-03    0.60625E-14    0.70597E-17   -0.11894E-15
      1       3.704    0.42615E-03    0.61571E-14    0.34751E-16   -0.12826E-15
      1       3.633    0.43275E-03    0.62564E-14    0.25115E-16   -0.13266E-15
      1       3.563    0.43932E-03    0.61536E-14    0.45469E-16   -0.13037E-15
      1       3.493    0.44583E-03    0.61133E-14    0.42622E-16   -0.12638E-15
      1       3.423    0.45227E-03    0.61552E-14    0.29338E-16   -0.12537E-15
      1       3.352    0.45858E-03    0.61949E-14    0.35454E-16   -0.13302E-15
      1       3.282    0.46475E-03    0.62301E-14    0.11127E-16   -0.13997E-15
      1       3.212    0.47072E-03    0.61298E-14    0.31162E-16   -0.13669E-15
      1       3.142    0.47644E-03    0.61534E-14    0.73265E-16   -0.13844E-15
      1       3.071    0.48186E-03    0.61721E-14    0.27795E-16   -0.12378E-15
      1       3.001    0.48692E-03    0.62192E-14    0.38470E-16   -0.13674E-15
      1       2.931    0.49157E-03    0.60887E-14    0.31596E-16   -0.13194E-15
      1       2.861    0.49575E-03    0.60528E-14    0.43701E-16   -0.12681E-15
      1       2.790    0.49944E-03    0.60814E-14    0.53351E-16   -0.12831E-15
      1       2.720    0.50260E-03    0.62624E-14    0.71242E-16   -0.15039E-15
      1       2.650    0.50523E-03    0.60883E-14    0.61173E-16   -0.13387E-15
      1       2.579    0.50735E-03    0.62046E-14    0.50992E-16   -0.13034E-15
      1       2.509    0.50896E-03    0.61947E-14    0.65983E-16   -0.14549E-15
      1       2.439    0.51009E-03    0.61498E-14    0.25693E-16   -0.14647E-15
      1       2.369    0.51076E-03    0.62615E-14    0.60333E-16   -0.14101E-15
      1       2.298    0.51101E-03    0.62432E-14    0.81310E-16   -0.13892E-15
      1       2.228    0.51084E-03    0.61847E-14    0.46948E-16   -0.15217E-15
      1       2.158    0.51029E-03    0.61960E-14    0.43449E-16   -0.14889E-15
      1       2.088    0.50936E-03    0.61883E-14    0.54106E-16   -0.14767E-15
      1       2.017    0.50807E-03    0.60419E-14    0.66094E-16   -0.14140E-15
      1       1.947    0.50644E-03    0.61615E-14    0.47925E-16   -0.13603E-15
      1       1.877    0.50446E-03    0.61743E-14    0.56069E-16   -0.13735E-15
      1       1.806    0.50214E-03    0.63305E-14    0.10106E-15   -0.14336E-15
      1       1.736    0.49950E-03    0.63371E-14    0.58294E-16   -0.16325E-15
      1       1.666    0.49652E-03    0.62985E-14    0.80595E-16   -0.15070E-15
      1       1.596    0.49322E-03    0.61808E-14    0.54099E-16   -0.14303E-15
      1       1.525    0.48958E-03    0.62110E-14    0.92428E-16   -0.16199E-15
      1       1.455    0.48559E-03    0.62051E-14    0.21352E-16   -0.14274E-15
      1       1.385    0.48125E-03    0.61979E-14    0.34678E-16   -0.15254E-15
      1       1.315    0.47653E-03    0.62628E-14    0.37206E-16   -0.16639E-15
      1       1.244    0.47140E-03    0.62291E-14    0.40149E-16   -0.15587E-15
      1       1.174    0.46582E-03    0.62626E-14    0.75979E-16   -0.17295E-15
      1       1.104    0.45975E-03    0.61740E-14    0.79037E-16   -0.15646E-15
      1       1.034    0.45312E-03    0.60595E-14    0.93044E-16   -0.16659E-15
      1       0.963    0.44586E-03    0.61392E-14    0.93900E-16   -0.16751E-15
      1       0.893    0.43787E-03    0.61197E-14    0.10735E-15   -0.16097E-15
      1       0.823    0.42903E-03    0.62350E-14    0.13096E-15   -0.16928E-15
      1       0.752    0.41917E-03    0.62887E-14    0.60534E-16   -0.18798E-15
      1       0.682    0.40811E-03    0.62030E-14    0.92626E-16   -0.15578E-15
      1       0.612    0.39560E-03    0.60860E-14    0.70533E-16   -0.16522E-15
      1       0.542    0.38130E-03    0.61555E-14    0.43445E-16   -0.16771E-15
      1       0.471    0.36479E-03    0.61501E-14    0.67773E-16   -0.17510E-15
      1       0.401    0.34546E-03    0.61386E-14    0.12795E-15   -0.18512E-15
      1       0.331    0.32248E-03    0.61971E-14    0.11080E-15   -0.16798E-15
      1       0.261    0.29454E-03    0.62049E-14    0.94724E-16   -0.16261E-15
      1       0.190    0.25944E-03    0.59844E-14    0.91415E-16   -0.15945E-15
      1       0.120    0.21279E-03    0.60142E-14    0.13331E-15   -0.18648E-15
