   3N SYSTEM INCLUSIVE  PHOTODESINTEGRATION
        DETECTED PARTICLE: 1- PROTON
        NOT DETECTED PARTICLES:2- PROTON  3-NEUTRON

      OMEGA 0.10000E+03
     MTTWE1,MTTWE2,MTTWE3=    1    1   -1
     TH1LAB,PHI1LAB=   120.000     0.000
   Unit of cross sections ... fm**2/(MeV*sr**2)
      I       E1      CROSS           AX           AY           AZ
      1      54.090    0.33973E-07   -0.23998E-01   -0.49157E-17   -0.53255E-17
      1      54.076    0.97608E-05   -0.17574E-01   -0.57164E-17   -0.14093E-17
      1      54.070    0.10969E-04   -0.17342E-01    0.11307E-16    0.15304E-16
      1      54.063    0.11727E-04   -0.17453E-01    0.81624E-17   -0.42579E-17
      1      54.056    0.12227E-04   -0.17755E-01   -0.99857E-17    0.18632E-16
      1      54.050    0.12564E-04   -0.18172E-01   -0.44257E-17   -0.20870E-17
      1      54.043    0.12795E-04   -0.18658E-01   -0.68789E-17   -0.16931E-17
      1      54.036    0.12951E-04   -0.19194E-01    0.87555E-18    0.27386E-16
      1      54.030    0.13056E-04   -0.19773E-01   -0.55747E-17   -0.56031E-17
      1      54.023    0.13124E-04   -0.20391E-01   -0.52584E-17   -0.68288E-17
      1      54.016    0.13165E-04   -0.21043E-01    0.49959E-17    0.90811E-17
      1      54.010    0.13187E-04   -0.21726E-01   -0.96563E-17    0.35521E-17
      1      54.003    0.13194E-04   -0.22437E-01   -0.16961E-16   -0.28089E-16
      1      53.996    0.13190E-04   -0.23175E-01   -0.12282E-17    0.57133E-17
      1      53.990    0.13179E-04   -0.23936E-01    0.59005E-17    0.45439E-17
      1      53.983    0.13162E-04   -0.24719E-01   -0.26867E-17   -0.47852E-17
      1      53.976    0.13142E-04   -0.25522E-01   -0.79311E-18    0.68903E-18
      1      53.970    0.13118E-04   -0.26344E-01   -0.22755E-16    0.13922E-16
      1      53.674    0.12343E-04   -0.60684E-01   -0.86771E-17    0.17876E-17
      1      53.378    0.12020E-04   -0.77053E-01   -0.16158E-16    0.10121E-16
      1      53.082    0.11878E-04   -0.87020E-01   -0.69808E-17    0.12994E-16
      1      52.786    0.11798E-04   -0.93809E-01   -0.77259E-17   -0.11433E-16
      1      52.490    0.11735E-04   -0.98477E-01   -0.17949E-16   -0.12554E-16
      1      52.194    0.11683E-04   -0.10155E+00   -0.18277E-16    0.68181E-17
      1      51.898    0.11645E-04   -0.10337E+00   -0.67212E-17   -0.17302E-16
      1      51.603    0.11629E-04   -0.10424E+00   -0.44551E-17    0.13359E-16
      1      51.307    0.11645E-04   -0.10448E+00   -0.14905E-16   -0.50036E-17
      1      51.011    0.11701E-04   -0.10436E+00   -0.12291E-16    0.81187E-17
      1      50.715    0.11796E-04   -0.10409E+00   -0.15601E-16    0.20377E-16
      1      50.419    0.11925E-04   -0.10381E+00   -0.15958E-16    0.35932E-17
      1      50.123    0.12086E-04   -0.10370E+00   -0.22860E-16    0.28303E-16
      1      49.827    0.12276E-04   -0.10389E+00   -0.79244E-17   -0.13650E-17
      1      49.531    0.12495E-04   -0.10445E+00   -0.14590E-16    0.12977E-16
      1      49.236    0.12739E-04   -0.10534E+00   -0.14727E-16    0.98983E-17
      1      48.940    0.13004E-04   -0.10641E+00   -0.23644E-16   -0.52276E-17
      1      48.644    0.13286E-04   -0.10748E+00   -0.59172E-17    0.38622E-17
      1      48.348    0.13581E-04   -0.10836E+00   -0.58042E-17   -0.12337E-16
      1      48.052    0.13886E-04   -0.10887E+00   -0.60179E-17    0.42729E-17
      1      47.756    0.14196E-04   -0.10887E+00   -0.13459E-16    0.85288E-17
      1      47.460    0.14509E-04   -0.10827E+00   -0.79431E-17   -0.45191E-19
      1      47.164    0.14825E-04   -0.10701E+00   -0.11636E-16    0.54283E-17
      1      46.869    0.15142E-04   -0.10510E+00   -0.19042E-16    0.15595E-16
      1      46.573    0.15463E-04   -0.10263E+00   -0.14883E-16    0.23217E-16
      1      46.277    0.15790E-04   -0.99757E-01   -0.18801E-16    0.23214E-16
      1      45.981    0.16125E-04   -0.96602E-01   -0.56076E-17    0.46951E-17
      1      45.685    0.16471E-04   -0.93291E-01   -0.86092E-18    0.12400E-16
      1      45.389    0.16827E-04   -0.89933E-01   -0.15960E-16    0.54718E-17
      1      45.093    0.17197E-04   -0.86632E-01   -0.90070E-17    0.83342E-17
      1      44.797    0.17578E-04   -0.83497E-01   -0.14666E-16    0.15870E-16
      1      44.502    0.17973E-04   -0.80627E-01   -0.17519E-16    0.15274E-16
      1      44.206    0.18379E-04   -0.78107E-01   -0.17066E-16    0.13529E-16
      1      43.910    0.18797E-04   -0.76000E-01   -0.15481E-16    0.10096E-16
      1      43.614    0.19224E-04   -0.74339E-01   -0.12678E-16    0.10297E-16
      1      43.318    0.19659E-04   -0.73126E-01   -0.18440E-16    0.16704E-16
      1      43.022    0.20098E-04   -0.72327E-01   -0.13342E-17    0.61013E-17
      1      42.726    0.20538E-04   -0.71874E-01    0.63020E-17    0.22001E-16
      1      42.430    0.20975E-04   -0.71686E-01   -0.26603E-16    0.15794E-16
      1      42.134    0.21406E-04   -0.71673E-01   -0.72940E-17    0.10448E-16
      1      41.839    0.21827E-04   -0.71755E-01   -0.19051E-16    0.81956E-17
      1      41.543    0.22233E-04   -0.71864E-01   -0.29475E-16    0.11962E-16
      1      41.247    0.22623E-04   -0.71951E-01   -0.42120E-16    0.27730E-16
      1      40.951    0.22994E-04   -0.71988E-01    0.44758E-16    0.31139E-17
      1      40.655    0.23344E-04   -0.71967E-01    0.16482E-16    0.71892E-17
      1      40.359    0.23672E-04   -0.71900E-01    0.11119E-18    0.16750E-16
      1      40.063    0.23977E-04   -0.71819E-01   -0.52835E-16    0.27807E-16
      1      39.767    0.24260E-04   -0.71768E-01    0.67122E-16    0.29975E-17
      1      39.472    0.24522E-04   -0.71811E-01    0.93735E-17    0.20643E-16
      1      39.176    0.24762E-04   -0.71997E-01   -0.25009E-16    0.13869E-16
      1      38.880    0.24981E-04   -0.72357E-01    0.52562E-16   -0.15980E-16
      1      38.584    0.25178E-04   -0.72907E-01    0.19875E-16    0.10550E-17
      1      38.288    0.25353E-04   -0.73653E-01   -0.50913E-16    0.24123E-16
      1      37.992    0.25505E-04   -0.74613E-01   -0.28385E-16    0.25888E-16
      1      37.696    0.25636E-04   -0.75817E-01   -0.43773E-16    0.22385E-16
      1      37.400    0.25745E-04   -0.77289E-01    0.57584E-16    0.19783E-16
      1      37.105    0.25831E-04   -0.79034E-01   -0.13842E-16    0.20489E-16
      1      36.809    0.25896E-04   -0.81042E-01   -0.75330E-16    0.20225E-16
      1      36.513    0.25936E-04   -0.83290E-01   -0.19039E-16    0.17557E-16
      1      36.217    0.25953E-04   -0.85736E-01   -0.31607E-16    0.25771E-16
      1      35.921    0.25943E-04   -0.88325E-01   -0.13280E-16    0.23409E-16
      1      35.625    0.25906E-04   -0.90996E-01   -0.12048E-16    0.11667E-16
      1      35.329    0.25841E-04   -0.93681E-01   -0.45647E-16    0.24515E-16
      1      35.033    0.25748E-04   -0.96314E-01   -0.55930E-16    0.22897E-16
      1      34.738    0.25627E-04   -0.98841E-01   -0.36579E-16    0.12326E-16
      1      34.442    0.25480E-04   -0.10121E+00   -0.34964E-16    0.16054E-16
      1      34.146    0.25307E-04   -0.10340E+00   -0.18444E-16    0.19374E-16
      1      33.850    0.25110E-04   -0.10537E+00   -0.28075E-16    0.11661E-16
      1      33.554    0.24894E-04   -0.10714E+00   -0.25666E-16    0.19847E-16
      1      33.258    0.24660E-04   -0.10871E+00   -0.11091E-16    0.88687E-17
      1      32.962    0.24413E-04   -0.11015E+00   -0.11674E-16    0.13703E-16
      1      32.666    0.24158E-04   -0.11153E+00   -0.19390E-16    0.16982E-16
      1      32.371    0.23899E-04   -0.11295E+00   -0.39251E-16    0.28302E-16
      1      32.075    0.23641E-04   -0.11453E+00   -0.28806E-16    0.10010E-16
      1      31.779    0.23388E-04   -0.11638E+00   -0.13482E-16    0.12582E-16
      1      31.483    0.23145E-04   -0.11863E+00   -0.16772E-16    0.21146E-17
      1      31.187    0.22914E-04   -0.12137E+00   -0.17822E-16    0.31893E-16
      1      30.891    0.22699E-04   -0.12470E+00   -0.15811E-16    0.31505E-16
      1      30.595    0.22500E-04   -0.12866E+00   -0.43730E-17    0.35046E-16
      1      30.299    0.22317E-04   -0.13325E+00   -0.35557E-16    0.25883E-16
      1      30.004    0.22150E-04   -0.13843E+00   -0.24932E-16    0.24474E-16
      1      29.708    0.21998E-04   -0.14417E+00   -0.85952E-17    0.85187E-17
      1      29.412    0.21860E-04   -0.15041E+00   -0.31076E-16    0.24921E-16
      1      29.116    0.21735E-04   -0.15711E+00   -0.23301E-16    0.37181E-16
      1      28.820    0.21621E-04   -0.16419E+00   -0.52489E-16    0.48968E-17
      1      28.524    0.21519E-04   -0.17162E+00   -0.40595E-16    0.60968E-17
      1      28.228    0.21427E-04   -0.17931E+00   -0.15022E-16    0.50050E-16
      1      27.932    0.21344E-04   -0.18721E+00   -0.43884E-17    0.19327E-16
      1      27.637    0.21269E-04   -0.19526E+00   -0.61637E-16    0.17591E-16
      1      27.341    0.21202E-04   -0.20338E+00   -0.18965E-16    0.10848E-16
      1      27.045    0.21143E-04   -0.21152E+00   -0.25397E-16    0.17123E-16
      1      26.749    0.21089E-04   -0.21961E+00   -0.20091E-16    0.26141E-16
      1      26.453    0.21042E-04   -0.22760E+00   -0.67371E-17    0.32834E-16
      1      26.157    0.21002E-04   -0.23545E+00   -0.12197E-16    0.15869E-17
      1      25.861    0.20968E-04   -0.24312E+00   -0.14294E-16    0.12723E-16
      1      25.565    0.20941E-04   -0.25059E+00   -0.13550E-16    0.24805E-16
      1      25.270    0.20921E-04   -0.25784E+00    0.34898E-17    0.19535E-16
      1      24.974    0.20911E-04   -0.26487E+00   -0.25779E-16    0.16189E-16
      1      24.678    0.20911E-04   -0.27168E+00   -0.39129E-16    0.47688E-18
      1      24.382    0.20923E-04   -0.27827E+00    0.21290E-17    0.21815E-17
      1      24.086    0.20946E-04   -0.28464E+00   -0.10225E-16    0.22405E-16
      1      23.790    0.20983E-04   -0.29081E+00   -0.15069E-16    0.11780E-16
      1      23.494    0.21034E-04   -0.29679E+00   -0.47206E-17    0.12504E-16
      1      23.198    0.21101E-04   -0.30259E+00   -0.10362E-16    0.18939E-16
      1      22.903    0.21184E-04   -0.30823E+00   -0.12240E-16   -0.17574E-18
      1      22.607    0.21285E-04   -0.31374E+00    0.16105E-16    0.11187E-16
      1      22.311    0.21404E-04   -0.31912E+00    0.16466E-16    0.19552E-16
      1      22.015    0.21542E-04   -0.32440E+00    0.27518E-16    0.72802E-17
      1      21.719    0.21701E-04   -0.32960E+00    0.81464E-17    0.57246E-17
      1      21.423    0.21880E-04   -0.33472E+00    0.14037E-16   -0.41512E-17
      1      21.127    0.22079E-04   -0.33979E+00   -0.21154E-17    0.18180E-16
      1      20.831    0.22301E-04   -0.34482E+00   -0.51520E-16    0.27072E-16
      1      20.535    0.22543E-04   -0.34979E+00   -0.77110E-17    0.98496E-17
      1      20.240    0.22807E-04   -0.35472E+00    0.36938E-16    0.54069E-17
      1      19.944    0.23093E-04   -0.35960E+00   -0.71239E-17   -0.58554E-18
      1      19.648    0.23400E-04   -0.36444E+00    0.87365E-17    0.18606E-16
      1      19.352    0.23730E-04   -0.36924E+00    0.12507E-16    0.70535E-17
      1      19.056    0.24082E-04   -0.37400E+00    0.44570E-17    0.22492E-16
      1      18.760    0.24457E-04   -0.37873E+00    0.67508E-16    0.78284E-17
      1      18.464    0.24856E-04   -0.38344E+00   -0.25961E-16    0.81183E-17
      1      18.168    0.25279E-04   -0.38813E+00    0.20566E-18    0.10872E-16
      1      17.873    0.25729E-04   -0.39281E+00    0.83832E-17    0.25649E-16
      1      17.577    0.26205E-04   -0.39749E+00    0.30732E-17    0.35278E-16
      1      17.281    0.26709E-04   -0.40218E+00   -0.15026E-16    0.11342E-16
      1      16.985    0.27245E-04   -0.40691E+00   -0.21462E-16    0.30343E-17
      1      16.689    0.27813E-04   -0.41169E+00   -0.38317E-17    0.19343E-17
      1      16.393    0.28418E-04   -0.41655E+00   -0.22437E-16    0.88331E-17
      1      16.097    0.29061E-04   -0.42150E+00   -0.46586E-16    0.12939E-17
      1      15.801    0.29747E-04   -0.42656E+00   -0.11753E-16   -0.78606E-17
      1      15.506    0.30478E-04   -0.43176E+00    0.11434E-16   -0.80016E-17
      1      15.210    0.31261E-04   -0.43712E+00    0.30059E-16    0.12018E-16
      1      14.914    0.32097E-04   -0.44263E+00   -0.39552E-16    0.53532E-17
      1      14.618    0.32992E-04   -0.44832E+00    0.33026E-16    0.13580E-16
      1      14.322    0.33950E-04   -0.45418E+00    0.92392E-17    0.26672E-17
      1      14.026    0.34973E-04   -0.46019E+00   -0.35375E-17   -0.14267E-16
      1      13.730    0.36058E-04   -0.46632E+00   -0.18791E-17   -0.94483E-17
      1      13.434    0.37197E-04   -0.47246E+00    0.84789E-17    0.43891E-17
      1      13.139    0.38368E-04   -0.47845E+00    0.10646E-15    0.16821E-17
      1      12.843    0.39527E-04   -0.48399E+00    0.16975E-15    0.12364E-16
      1      12.547    0.40602E-04   -0.48862E+00   -0.11920E-15   -0.11629E-16
      1      12.251    0.41491E-04   -0.49167E+00   -0.14698E-16   -0.96522E-17
      1      11.955    0.42076E-04   -0.49237E+00    0.44834E-16   -0.75760E-18
      1      11.659    0.42259E-04   -0.48999E+00   -0.77249E-17    0.58503E-18
      1      11.363    0.42044E-04   -0.48453E+00   -0.11390E-16   -0.12084E-16
      1      11.067    0.41536E-04   -0.47667E+00    0.19531E-18    0.43714E-17
      1      10.772    0.40861E-04   -0.46715E+00    0.14686E-15   -0.22334E-17
      1      10.476    0.40128E-04   -0.45662E+00    0.21642E-16   -0.18182E-16
      1      10.180    0.39417E-04   -0.44547E+00    0.36105E-16   -0.11912E-16
      1       9.884    0.38774E-04   -0.43396E+00   -0.33578E-16    0.70076E-17
      1       9.588    0.38226E-04   -0.42220E+00    0.17010E-17    0.51627E-17
      1       9.292    0.37787E-04   -0.41023E+00    0.21180E-16   -0.22640E-17
      1       8.996    0.37462E-04   -0.39805E+00   -0.92544E-17    0.10256E-16
      1       8.700    0.37255E-04   -0.38563E+00   -0.37840E-16   -0.10761E-16
      1       8.405    0.37167E-04   -0.37295E+00    0.19556E-16   -0.85005E-17
      1       8.109    0.37200E-04   -0.35999E+00    0.34567E-16    0.12958E-17
      1       7.813    0.37356E-04   -0.34673E+00    0.36412E-16   -0.67101E-17
      1       7.517    0.37641E-04   -0.33319E+00    0.16778E-16   -0.15902E-16
      1       7.221    0.38060E-04   -0.31941E+00    0.16986E-16   -0.71282E-17
      1       6.925    0.38617E-04   -0.30542E+00    0.50225E-16   -0.50270E-17
      1       6.629    0.39319E-04   -0.29128E+00    0.31320E-16   -0.28515E-17
      1       6.333    0.40172E-04   -0.27707E+00    0.44084E-16   -0.53825E-17
      1       6.038    0.41183E-04   -0.26289E+00    0.34505E-16    0.11934E-17
      1       5.742    0.42361E-04   -0.24887E+00    0.22937E-16   -0.65625E-17
      1       5.446    0.43714E-04   -0.23517E+00    0.57567E-16   -0.20617E-17
      1       5.150    0.45252E-04   -0.22196E+00    0.32605E-16    0.35765E-17
      1       4.854    0.46984E-04   -0.20946E+00    0.18004E-16   -0.13674E-16
      1       4.558    0.48920E-04   -0.19788E+00    0.13406E-16    0.62432E-17
      1       4.262    0.51050E-04   -0.18723E+00    0.24053E-16   -0.12297E-18
      1       3.966    0.53344E-04   -0.17726E+00    0.44903E-16    0.12135E-16
      1       3.671    0.55752E-04   -0.16762E+00    0.45561E-16   -0.67801E-17
      1       3.375    0.58206E-04   -0.15790E+00    0.49633E-16   -0.13811E-16
      1       3.079    0.60621E-04   -0.14768E+00    0.38985E-16   -0.72959E-18
      1       2.783    0.62892E-04   -0.13659E+00    0.53804E-16   -0.13441E-17
      1       2.487    0.64897E-04   -0.12439E+00    0.41149E-16    0.50455E-17
      1       2.191    0.66492E-04   -0.11096E+00    0.27051E-16   -0.16744E-17
      1       1.895    0.67533E-04   -0.96635E-01    0.51108E-16    0.17224E-17
      1       1.599    0.67916E-04   -0.82741E-01    0.56393E-16   -0.89388E-18
      1       1.304    0.67417E-04   -0.70362E-01    0.16023E-16    0.51476E-17
      1       1.008    0.65565E-04   -0.60149E-01    0.44204E-16   -0.11014E-16
      1       0.712    0.61426E-04   -0.52305E-01    0.22322E-16    0.85729E-18
      1       0.416    0.52798E-04   -0.44963E-01    0.35741E-16   -0.39148E-18
      1       0.120    0.31572E-04   -0.20096E-01    0.39399E-16    0.45597E-17
