   3N SYSTEM INCLUSIVE  PHOTODESINTEGRATION
        DETECTED PARTICLE: 1- PROTON
        NOT DETECTED PARTICLES:2- PROTON  3-NEUTRON

      OMEGA 0.30000E+02
     MTTWE1,MTTWE2,MTTWE3=    1    1   -1
     TH1LAB,PHI1LAB=   120.000     0.000
   Unit of cross sections ... fm**2/(MeV*sr**2)
      I       E1      CROSS           AX           AY           AZ
      1      13.837    0.13525E-05   -0.92457E+00   -0.82760E-18   -0.10169E-17
      1      13.823    0.38094E-03   -0.92103E+00    0.16792E-17    0.20317E-18
      1      13.817    0.42328E-03   -0.91981E+00    0.80246E-18    0.90622E-18
      1      13.810    0.44706E-03   -0.91864E+00    0.91042E-19   -0.35070E-17
      1      13.803    0.46027E-03   -0.91751E+00   -0.18700E-17    0.31859E-17
      1      13.797    0.46704E-03   -0.91641E+00   -0.15686E-17   -0.28191E-17
      1      13.790    0.46973E-03   -0.91533E+00   -0.46679E-18   -0.16860E-17
      1      13.783    0.46980E-03   -0.91430E+00   -0.57883E-19   -0.53148E-18
      1      13.777    0.46816E-03   -0.91329E+00   -0.26841E-17   -0.29367E-18
      1      13.770    0.46544E-03   -0.91232E+00    0.50188E-17    0.19540E-17
      1      13.763    0.46206E-03   -0.91138E+00   -0.15344E-17   -0.49111E-18
      1      13.757    0.45829E-03   -0.91048E+00   -0.36721E-18   -0.15220E-19
      1      13.750    0.45435E-03   -0.90961E+00   -0.18110E-16    0.26996E-16
      1      13.743    0.45034E-03   -0.90878E+00   -0.78508E-17   -0.13138E-17
      1      13.737    0.44634E-03   -0.90798E+00    0.10094E-17   -0.84177E-18
      1      13.730    0.44237E-03   -0.90721E+00    0.75725E-18    0.37510E-17
      1      13.723    0.43846E-03   -0.90646E+00   -0.66747E-18   -0.72975E-17
      1      13.717    0.43462E-03   -0.90573E+00   -0.37997E-17    0.86599E-18
      1      13.642    0.39699E-03   -0.89849E+00    0.85628E-18    0.45854E-18
      1      13.567    0.36829E-03   -0.89222E+00    0.79263E-19   -0.25471E-17
      1      13.492    0.34686E-03   -0.88670E+00    0.36852E-17    0.26864E-18
      1      13.418    0.33057E-03   -0.88177E+00    0.71525E-17    0.12180E-16
      1      13.343    0.31777E-03   -0.87723E+00    0.70548E-17   -0.41798E-17
      1      13.268    0.30736E-03   -0.87293E+00    0.67616E-18    0.10898E-16
      1      13.194    0.29865E-03   -0.86874E+00    0.69288E-17   -0.12745E-16
      1      13.119    0.29118E-03   -0.86457E+00    0.60417E-17    0.25266E-17
      1      13.044    0.28463E-03   -0.86035E+00    0.17074E-17    0.81237E-17
      1      12.970    0.27881E-03   -0.85603E+00   -0.24805E-17    0.94778E-17
      1      12.895    0.27355E-03   -0.85157E+00    0.51062E-18    0.87950E-17
      1      12.820    0.26881E-03   -0.84698E+00    0.89186E-17    0.11645E-18
      1      12.745    0.26452E-03   -0.84229E+00   -0.89553E-17   -0.40484E-17
      1      12.671    0.26067E-03   -0.83749E+00    0.14175E-17   -0.58543E-17
      1      12.596    0.25720E-03   -0.83261E+00   -0.51785E-18   -0.48054E-17
      1      12.521    0.25410E-03   -0.82764E+00    0.23640E-17    0.32357E-18
      1      12.447    0.25133E-03   -0.82260E+00    0.10124E-16    0.41762E-16
      1      12.372    0.24886E-03   -0.81748E+00    0.13587E-17    0.10421E-16
      1      12.297    0.24666E-03   -0.81228E+00    0.14892E-17    0.14400E-18
      1      12.222    0.24472E-03   -0.80700E+00    0.12981E-16    0.31381E-17
      1      12.148    0.24302E-03   -0.80164E+00    0.37070E-17   -0.57723E-17
      1      12.073    0.24153E-03   -0.79619E+00    0.28474E-17    0.14763E-16
      1      11.998    0.24025E-03   -0.79065E+00    0.61633E-17    0.47414E-17
      1      11.924    0.23917E-03   -0.78504E+00   -0.37510E-17   -0.80902E-18
      1      11.849    0.23829E-03   -0.77936E+00   -0.15770E-16    0.62604E-17
      1      11.774    0.23761E-03   -0.77362E+00   -0.73639E-18    0.22174E-16
      1      11.700    0.23713E-03   -0.76784E+00    0.17793E-16    0.15603E-16
      1      11.625    0.23683E-03   -0.76203E+00    0.13761E-17    0.17541E-16
      1      11.550    0.23673E-03   -0.75622E+00   -0.54489E-17   -0.32095E-17
      1      11.475    0.23681E-03   -0.75042E+00    0.68998E-17   -0.42247E-17
      1      11.401    0.23706E-03   -0.74465E+00   -0.31463E-18   -0.44363E-17
      1      11.326    0.23750E-03   -0.73893E+00    0.13302E-16   -0.46513E-17
      1      11.251    0.23810E-03   -0.73328E+00    0.80740E-17   -0.59076E-17
      1      11.177    0.23887E-03   -0.72769E+00    0.96838E-17    0.22066E-16
      1      11.102    0.23980E-03   -0.72218E+00    0.14306E-17   -0.34446E-17
      1      11.027    0.24086E-03   -0.71675E+00   -0.18529E-17   -0.42059E-17
      1      10.952    0.24207E-03   -0.71139E+00    0.26123E-16   -0.31576E-16
      1      10.878    0.24340E-03   -0.70611E+00   -0.13313E-16   -0.35913E-16
      1      10.803    0.24486E-03   -0.70090E+00    0.12128E-16    0.38864E-16
      1      10.728    0.24642E-03   -0.69575E+00    0.28818E-17   -0.79921E-17
      1      10.654    0.24809E-03   -0.69067E+00    0.42628E-17    0.15660E-16
      1      10.579    0.24987E-03   -0.68565E+00   -0.12592E-16   -0.10033E-16
      1      10.504    0.25175E-03   -0.68070E+00    0.18582E-16   -0.10355E-16
      1      10.430    0.25373E-03   -0.67583E+00    0.29131E-16   -0.35609E-16
      1      10.355    0.25582E-03   -0.67104E+00   -0.31962E-17    0.20127E-16
      1      10.280    0.25801E-03   -0.66634E+00   -0.63085E-17    0.32147E-16
      1      10.205    0.26032E-03   -0.66175E+00    0.30997E-16   -0.18848E-16
      1      10.131    0.26274E-03   -0.65726E+00   -0.26259E-16    0.32474E-16
      1      10.056    0.26529E-03   -0.65290E+00   -0.14328E-16   -0.65032E-17
      1       9.981    0.26796E-03   -0.64866E+00   -0.36756E-17    0.33584E-16
      1       9.907    0.27076E-03   -0.64455E+00    0.29517E-16   -0.32931E-16
      1       9.832    0.27369E-03   -0.64057E+00    0.29748E-16   -0.34994E-16
      1       9.757    0.27674E-03   -0.63671E+00   -0.26596E-16    0.50725E-16
      1       9.682    0.27992E-03   -0.63299E+00   -0.59592E-17   -0.57311E-17
      1       9.608    0.28323E-03   -0.62940E+00   -0.23768E-16    0.32785E-16
      1       9.533    0.28667E-03   -0.62594E+00   -0.31824E-16    0.12284E-16
      1       9.458    0.29023E-03   -0.62260E+00   -0.67925E-17    0.33452E-16
      1       9.384    0.29390E-03   -0.61937E+00    0.27983E-16    0.21656E-16
      1       9.309    0.29769E-03   -0.61626E+00    0.29620E-16   -0.97964E-17
      1       9.234    0.30160E-03   -0.61325E+00    0.43061E-16   -0.52701E-18
      1       9.159    0.30561E-03   -0.61033E+00    0.19970E-16   -0.91233E-17
      1       9.085    0.30974E-03   -0.60750E+00    0.62548E-17    0.17191E-16
      1       9.010    0.31396E-03   -0.60474E+00   -0.67025E-17    0.25879E-16
      1       8.935    0.31830E-03   -0.60206E+00   -0.29355E-16   -0.11036E-16
      1       8.861    0.32274E-03   -0.59944E+00    0.30650E-16   -0.22613E-16
      1       8.786    0.32730E-03   -0.59687E+00   -0.30600E-16    0.42504E-16
      1       8.711    0.33197E-03   -0.59437E+00   -0.23778E-16    0.11731E-16
      1       8.637    0.33677E-03   -0.59193E+00   -0.12658E-16   -0.61000E-16
      1       8.562    0.34170E-03   -0.58956E+00   -0.41971E-17    0.50190E-16
      1       8.487    0.34678E-03   -0.58725E+00    0.33770E-16    0.16980E-16
      1       8.412    0.35200E-03   -0.58502E+00   -0.25075E-17    0.13972E-16
      1       8.338    0.35739E-03   -0.58288E+00   -0.13259E-16    0.29629E-17
      1       8.263    0.36295E-03   -0.58084E+00    0.23625E-16   -0.16060E-16
      1       8.188    0.36869E-03   -0.57891E+00    0.27401E-16    0.17129E-16
      1       8.114    0.37462E-03   -0.57709E+00   -0.12555E-16    0.15126E-16
      1       8.039    0.38076E-03   -0.57539E+00   -0.29653E-17   -0.37952E-16
      1       7.964    0.38710E-03   -0.57381E+00    0.65230E-17    0.97679E-17
      1       7.889    0.39365E-03   -0.57236E+00    0.63546E-18    0.25742E-17
      1       7.815    0.40041E-03   -0.57103E+00    0.30406E-16    0.36105E-16
      1       7.740    0.40739E-03   -0.56982E+00    0.40652E-17    0.82649E-17
      1       7.665    0.41458E-03   -0.56873E+00   -0.33570E-16   -0.10654E-16
      1       7.591    0.42200E-03   -0.56775E+00    0.23161E-16   -0.37476E-17
      1       7.516    0.42965E-03   -0.56689E+00   -0.10217E-16    0.10997E-16
      1       7.441    0.43752E-03   -0.56614E+00   -0.28764E-17    0.27688E-16
      1       7.367    0.44564E-03   -0.56550E+00    0.19005E-16    0.16637E-16
      1       7.292    0.45399E-03   -0.56497E+00    0.35039E-16    0.14505E-16
      1       7.217    0.46258E-03   -0.56453E+00    0.12504E-16    0.22707E-16
      1       7.142    0.47142E-03   -0.56419E+00   -0.27030E-16    0.25455E-16
      1       7.068    0.48050E-03   -0.56394E+00    0.25913E-16    0.16801E-16
      1       6.993    0.48984E-03   -0.56378E+00    0.19412E-16    0.17779E-16
      1       6.918    0.49944E-03   -0.56370E+00    0.33404E-16    0.14784E-16
      1       6.844    0.50930E-03   -0.56370E+00   -0.37863E-16    0.29776E-16
      1       6.769    0.51943E-03   -0.56378E+00    0.13144E-16    0.23988E-16
      1       6.694    0.52984E-03   -0.56393E+00   -0.36927E-16    0.12524E-16
      1       6.619    0.54055E-03   -0.56417E+00    0.89444E-17    0.72302E-17
      1       6.545    0.55156E-03   -0.56449E+00    0.53944E-16    0.20497E-16
      1       6.470    0.56290E-03   -0.56489E+00    0.36658E-17   -0.83347E-17
      1       6.395    0.57456E-03   -0.56538E+00    0.17399E-16    0.83963E-17
      1       6.321    0.58657E-03   -0.56595E+00    0.39529E-16    0.90920E-17
      1       6.246    0.59894E-03   -0.56661E+00   -0.80330E-18    0.54371E-17
      1       6.171    0.61169E-03   -0.56737E+00   -0.77336E-16    0.28055E-16
      1       6.097    0.62483E-03   -0.56822E+00    0.32954E-16   -0.11668E-16
      1       6.022    0.63837E-03   -0.56916E+00    0.17986E-17    0.16247E-16
      1       5.947    0.65233E-03   -0.57020E+00    0.52143E-16    0.21629E-16
      1       5.872    0.66672E-03   -0.57133E+00    0.16437E-16    0.14863E-16
      1       5.798    0.68153E-03   -0.57256E+00    0.25607E-16    0.13956E-16
      1       5.723    0.69679E-03   -0.57387E+00   -0.13878E-16   -0.73064E-17
      1       5.648    0.71250E-03   -0.57528E+00   -0.29648E-16   -0.18904E-16
      1       5.574    0.72868E-03   -0.57677E+00    0.23097E-16   -0.14799E-17
      1       5.499    0.74534E-03   -0.57836E+00    0.78784E-16    0.92002E-17
      1       5.424    0.76248E-03   -0.58004E+00    0.57612E-16    0.90658E-17
      1       5.349    0.78012E-03   -0.58180E+00   -0.40515E-16   -0.98669E-17
      1       5.275    0.79828E-03   -0.58366E+00   -0.13519E-16    0.17166E-16
      1       5.200    0.81696E-03   -0.58561E+00    0.28619E-16    0.11581E-16
      1       5.125    0.83619E-03   -0.58765E+00   -0.53287E-16    0.10165E-16
      1       5.051    0.85598E-03   -0.58978E+00    0.44341E-17   -0.54787E-17
      1       4.976    0.87635E-03   -0.59200E+00   -0.46028E-16   -0.15094E-16
      1       4.901    0.89732E-03   -0.59431E+00   -0.28355E-16   -0.61889E-17
      1       4.827    0.91890E-03   -0.59672E+00   -0.24107E-16    0.13075E-16
      1       4.752    0.94110E-03   -0.59922E+00    0.50030E-16   -0.36656E-17
      1       4.677    0.96395E-03   -0.60180E+00   -0.83024E-16    0.58717E-17
      1       4.602    0.98745E-03   -0.60448E+00    0.10792E-15   -0.71216E-18
      1       4.528    0.10116E-02   -0.60725E+00   -0.68388E-16   -0.48388E-18
      1       4.453    0.10365E-02   -0.61010E+00    0.26758E-16    0.58350E-17
      1       4.378    0.10621E-02   -0.61305E+00    0.27387E-16   -0.82039E-17
      1       4.304    0.10884E-02   -0.61608E+00    0.65506E-16   -0.56973E-17
      1       4.229    0.11154E-02   -0.61920E+00    0.10775E-15   -0.89482E-17
      1       4.154    0.11432E-02   -0.62240E+00   -0.33073E-16   -0.95415E-17
      1       4.079    0.11716E-02   -0.62565E+00    0.15822E-15    0.71823E-17
      1       4.005    0.12005E-02   -0.62893E+00    0.40989E-16   -0.79080E-17
      1       3.930    0.12298E-02   -0.63219E+00    0.45557E-16   -0.10795E-16
      1       3.855    0.12592E-02   -0.63537E+00   -0.24116E-16    0.12406E-16
      1       3.781    0.12883E-02   -0.63839E+00    0.14888E-16    0.94983E-17
      1       3.706    0.13165E-02   -0.64114E+00   -0.57844E-16   -0.14105E-16
      1       3.631    0.13432E-02   -0.64349E+00   -0.62268E-16   -0.10232E-16
      1       3.557    0.13676E-02   -0.64532E+00    0.67366E-16    0.21697E-17
      1       3.482    0.13889E-02   -0.64647E+00    0.18478E-15   -0.13964E-16
      1       3.407    0.14059E-02   -0.64678E+00    0.88460E-16    0.35847E-17
      1       3.332    0.14180E-02   -0.64610E+00    0.12712E-15   -0.78997E-17
      1       3.258    0.14241E-02   -0.64427E+00    0.12627E-15   -0.14735E-16
      1       3.183    0.14238E-02   -0.64116E+00   -0.17427E-16   -0.46822E-17
      1       3.108    0.14168E-02   -0.63671E+00    0.18111E-16   -0.12824E-16
      1       3.034    0.14035E-02   -0.63093E+00    0.13099E-15   -0.46418E-17
      1       2.959    0.13845E-02   -0.62387E+00   -0.91515E-16   -0.10230E-16
      1       2.884    0.13607E-02   -0.61561E+00   -0.61804E-16    0.26326E-17
      1       2.809    0.13329E-02   -0.60625E+00    0.13632E-15   -0.52955E-17
      1       2.735    0.13021E-02   -0.59592E+00    0.18597E-15    0.65992E-17
      1       2.660    0.12692E-02   -0.58474E+00    0.11406E-15    0.14720E-17
      1       2.585    0.12350E-02   -0.57284E+00    0.16564E-15   -0.11171E-16
      1       2.511    0.12001E-02   -0.56032E+00    0.14369E-15   -0.20625E-17
      1       2.436    0.11649E-02   -0.54728E+00   -0.75426E-16   -0.98646E-17
      1       2.361    0.11299E-02   -0.53378E+00    0.26293E-17   -0.17319E-16
      1       2.286    0.10952E-02   -0.51987E+00   -0.13522E-15    0.11132E-17
      1       2.212    0.10610E-02   -0.50557E+00    0.12974E-16   -0.23392E-17
      1       2.137    0.10273E-02   -0.49091E+00   -0.12712E-17    0.12424E-17
      1       2.062    0.99420E-03   -0.47592E+00   -0.20664E-16    0.23250E-16
      1       1.988    0.96185E-03   -0.46061E+00    0.89457E-16   -0.17958E-17
      1       1.913    0.93027E-03   -0.44503E+00    0.36827E-16   -0.12369E-16
      1       1.838    0.89949E-03   -0.42920E+00   -0.20526E-16    0.34110E-17
      1       1.764    0.86953E-03   -0.41315E+00   -0.10801E-16    0.36578E-18
      1       1.689    0.84037E-03   -0.39692E+00    0.46967E-16    0.17034E-16
      1       1.614    0.81202E-03   -0.38054E+00    0.11116E-15    0.23711E-17
      1       1.539    0.78444E-03   -0.36403E+00   -0.37254E-17   -0.70328E-17
      1       1.465    0.75760E-03   -0.34745E+00    0.21063E-16   -0.19939E-17
      1       1.390    0.73146E-03   -0.33082E+00    0.60158E-16    0.21284E-17
      1       1.315    0.70597E-03   -0.31419E+00    0.46110E-16    0.10797E-16
      1       1.241    0.68099E-03   -0.29754E+00    0.11149E-16   -0.25140E-17
      1       1.166    0.65637E-03   -0.28083E+00    0.49234E-16   -0.12394E-16
      1       1.091    0.63195E-03   -0.26398E+00    0.51249E-16   -0.50544E-17
      1       1.016    0.60753E-03   -0.24692E+00    0.57226E-16   -0.20080E-16
      1       0.942    0.58294E-03   -0.22957E+00    0.46675E-16   -0.88711E-17
      1       0.867    0.55799E-03   -0.21186E+00    0.22720E-16   -0.19226E-16
      1       0.792    0.53250E-03   -0.19371E+00    0.26286E-16   -0.48255E-17
      1       0.718    0.50628E-03   -0.17513E+00    0.83063E-16    0.20036E-16
      1       0.643    0.47916E-03   -0.15619E+00    0.70451E-16    0.11013E-16
      1       0.568    0.45102E-03   -0.13723E+00    0.58202E-16    0.22031E-17
      1       0.494    0.42156E-03   -0.11859E+00    0.14419E-15   -0.28369E-16
      1       0.419    0.39023E-03   -0.10046E+00    0.88861E-16    0.37793E-17
      1       0.344    0.35618E-03   -0.82996E-01    0.64197E-16   -0.25834E-16
      1       0.269    0.31814E-03   -0.66528E-01    0.29806E-16   -0.84744E-17
      1       0.195    0.27386E-03   -0.51555E-01    0.60023E-16    0.96631E-17
      1       0.120    0.21775E-03   -0.35139E-01    0.67975E-16   -0.13804E-16
