   Unit of cross sections ... fm**2/(MeV*sr**2)
      I       SLANGE      CROSS          E1         E2         E3
      1       0.501    0.1756E-06       19.169     0.022    13.091
      2       1.001    0.6091E-06       18.672     0.081    13.528
      3       1.500    0.1133E-05       18.182     0.172    13.928
      4       2.001    0.1567E-05       17.694     0.290    14.298
      5       2.501    0.1848E-05       17.215     0.429    14.638
      6       3.001    0.2039E-05       16.741     0.588    14.953
      7       3.501    0.2201E-05       16.273     0.764    15.245
      8       4.003    0.2352E-05       15.809     0.956    15.517
      9       4.500    0.2480E-05       15.355     1.159    15.767
     10       5.002    0.2535E-05       14.903     1.377    16.002
     11       5.502    0.2508E-05       14.458     1.605    16.219
     12       6.003    0.2422E-05       14.018     1.844    16.421
     13       6.504    0.2308E-05       13.583     2.092    16.608
     14       7.003    0.2194E-05       13.154     2.348    16.780
     15       7.503    0.2089E-05       12.730     2.613    16.939
     16       8.004    0.1991E-05       12.310     2.886    17.086
     17       8.504    0.1902E-05       11.896     3.166    17.220
     18       9.002    0.1818E-05       11.488     3.452    17.342
     19       9.502    0.1736E-05       11.083     3.746    17.453
     20      10.004    0.1655E-05       10.682     4.047    17.553
     21      10.501    0.1579E-05       10.289     4.351    17.642
     22      11.003    0.1508E-05        9.897     4.665    17.721
     23      11.500    0.1446E-05        9.513     4.980    17.789
     24      12.000    0.1393E-05        9.132     5.304    17.847
     25      12.503    0.1350E-05        8.753     5.634    17.895
     26      13.003    0.1317E-05        8.381     5.969    17.933
     27      13.500    0.1293E-05        8.015     6.306    17.961
     28      14.004    0.1278E-05        7.650     6.652    17.980
     29      14.503    0.1271E-05        7.293     7.001    17.988
     30      15.002    0.1272E-05        6.940     7.355    17.988
     31      15.502    0.1280E-05        6.592     7.713    17.977
     32      16.000    0.1296E-05        6.250     8.075    17.957
     33      16.502    0.1322E-05        5.910     8.445    17.927
     34      17.002    0.1356E-05        5.577     8.818    17.887
     35      17.504    0.1401E-05        5.248     9.197    17.837
     36      18.004    0.1456E-05        4.926     9.578    17.778
     37      18.504    0.1520E-05        4.609     9.966    17.708
     38      19.001    0.1591E-05        4.299    10.355    17.628
     39      19.502    0.1669E-05        3.994    10.752    17.537
     40      20.003    0.1750E-05        3.694    11.153    17.435
     41      20.502    0.1832E-05        3.402    11.558    17.322
     42      21.003    0.1917E-05        3.116    11.969    17.197
     43      21.502    0.2008E-05        2.838    12.383    17.061
     44      22.001    0.2106E-05        2.567    12.802    16.913
     45      22.500    0.2213E-05        2.304    13.226    16.752
     46      23.002    0.2329E-05        2.048    13.657    16.576
     47      23.501    0.2440E-05        1.802    14.092    16.388
     48      24.003    0.2518E-05        1.565    14.535    16.183
     49      24.501    0.2532E-05        1.339    14.979    15.964
     50      25.000    0.2462E-05        1.125    15.430    15.727
     51      25.502    0.2327E-05        0.922    15.888    15.472
     52      26.001    0.2175E-05        0.734    16.350    15.198
     53      26.502    0.2009E-05        0.560    16.820    14.902
     54      27.001    0.1810E-05        0.405    17.294    14.583
     55      27.502    0.1504E-05        0.268    17.777    14.237
     56      28.002    0.1048E-05        0.155    18.264    13.863
     57      28.502    0.5233E-06        0.069    18.756    13.457
     58      29.002    0.1249E-06        0.015    19.253    13.014
