   3N SYSTEM INCLUSIVE  PHOTODESINTEGRATION
        DETECTED PARTICLE: 1- PROTON
        NOT DETECTED PARTICLES:2- PROTON  3-NEUTRON

      OMEGA 0.30000E+02
     MTTWE1,MTTWE2,MTTWE3=    1    1   -1
     TH1LAB,PHI1LAB=     0.000     0.000
   Unit of cross sections ... fm**2/(MeV*sr**2)
      I       E1      CROSS           AX           AY           AZ
      1      16.574    0.19310E-06    0.65366E-18   -0.17059E-20    0.71469E-17
      1      16.560    0.57909E-04    0.14028E-17   -0.21006E-19    0.15598E-16
      1      16.554    0.65548E-04    0.22115E-17   -0.34943E-19    0.19529E-16
      1      16.547    0.70372E-04    0.31339E-17   -0.46876E-19   -0.62570E-17
      1      16.540    0.73523E-04    0.43435E-17   -0.69970E-19    0.10366E-15
      1      16.534    0.75605E-04    0.54569E-17   -0.99668E-19   -0.34353E-17
      1      16.527    0.76970E-04    0.66493E-17   -0.98178E-19   -0.42014E-17
      1      16.520    0.77843E-04    0.81973E-17   -0.11173E-18    0.73564E-16
      1      16.514    0.78370E-04    0.95899E-17   -0.44616E-19    0.21559E-16
      1      16.507    0.78651E-04    0.11475E-16   -0.16481E-18   -0.63763E-17
      1      16.500    0.78758E-04    0.12873E-16   -0.11621E-18   -0.28934E-17
      1      16.494    0.78742E-04    0.15005E-16   -0.13054E-18    0.36266E-17
      1      16.487    0.78638E-04    0.17069E-16   -0.22164E-18    0.13340E-16
      1      16.480    0.78474E-04    0.19326E-16   -0.24659E-18   -0.16442E-18
      1      16.474    0.78270E-04    0.20802E-16   -0.10312E-18    0.91929E-17
      1      16.467    0.78037E-04    0.23555E-16   -0.11226E-17   -0.31101E-18
      1      16.460    0.77784E-04    0.25442E-16   -0.39727E-18   -0.15508E-18
      1      16.454    0.77515E-04    0.28490E-16   -0.16532E-18    0.58762E-17
      1      16.364    0.73715E-04    0.69374E-16   -0.10421E-17   -0.16556E-17
      1      16.274    0.70616E-04    0.11982E-15   -0.19716E-17    0.28133E-16
      1      16.185    0.68395E-04    0.18697E-15   -0.89175E-18   -0.28503E-17
      1      16.095    0.66844E-04    0.26253E-15   -0.28120E-17   -0.12769E-16
      1      16.005    0.65781E-04    0.34472E-15   -0.33034E-17    0.25139E-16
      1      15.915    0.65089E-04    0.43357E-15   -0.79168E-17   -0.13825E-16
      1      15.826    0.64690E-04    0.51936E-15   -0.51029E-17   -0.13108E-16
      1      15.736    0.64535E-04    0.63344E-15   -0.93556E-17   -0.24487E-16
      1      15.646    0.64586E-04    0.73593E-15   -0.99715E-17    0.13610E-17
      1      15.556    0.64818E-04    0.84874E-15   -0.77318E-17   -0.27405E-16
      1      15.467    0.65207E-04    0.96369E-15   -0.17465E-16   -0.29483E-16
      1      15.377    0.65731E-04    0.10606E-14   -0.14379E-16   -0.35199E-16
      1      15.287    0.66375E-04    0.11895E-14   -0.11337E-16   -0.46697E-16
      1      15.197    0.67126E-04    0.13258E-14   -0.26244E-16   -0.36818E-16
      1      15.108    0.67975E-04    0.14228E-14   -0.12227E-16   -0.34998E-16
      1      15.018    0.68912E-04    0.15521E-14   -0.17806E-16   -0.46363E-16
      1      14.928    0.69933E-04    0.16625E-14   -0.23765E-16   -0.44586E-16
      1      14.838    0.71031E-04    0.17853E-14   -0.12573E-16   -0.48908E-16
      1      14.749    0.72205E-04    0.18936E-14   -0.24281E-16   -0.49332E-16
      1      14.659    0.73449E-04    0.19827E-14   -0.16831E-16   -0.45303E-16
      1      14.569    0.74762E-04    0.21097E-14   -0.20615E-16   -0.45607E-16
      1      14.479    0.76142E-04    0.22162E-14   -0.18880E-16   -0.71733E-16
      1      14.390    0.77586E-04    0.23242E-14   -0.25743E-16   -0.59560E-16
      1      14.300    0.79090E-04    0.24163E-14   -0.22067E-16   -0.68205E-16
      1      14.210    0.80651E-04    0.25468E-14   -0.30331E-16   -0.72717E-16
      1      14.120    0.82263E-04    0.26642E-14   -0.33945E-16   -0.50426E-16
      1      14.031    0.83922E-04    0.27363E-14   -0.24474E-16   -0.70744E-16
      1      13.941    0.85624E-04    0.28489E-14   -0.94083E-17   -0.71464E-16
      1      13.851    0.87363E-04    0.29550E-14   -0.19754E-16   -0.91865E-16
      1      13.761    0.89136E-04    0.30673E-14   -0.21542E-16   -0.89420E-16
      1      13.672    0.90939E-04    0.31998E-14   -0.41081E-16   -0.83399E-16
      1      13.582    0.92770E-04    0.31857E-14   -0.27301E-16   -0.66537E-16
      1      13.492    0.94627E-04    0.33593E-14   -0.31841E-16   -0.95927E-16
      1      13.402    0.96509E-04    0.34260E-14   -0.40884E-16   -0.94884E-16
      1      13.313    0.98416E-04    0.35211E-14   -0.30111E-16   -0.89317E-16
      1      13.223    0.10035E-03    0.35788E-14   -0.30253E-16   -0.90471E-16
      1      13.133    0.10230E-03    0.36432E-14   -0.28026E-16   -0.98691E-16
      1      13.043    0.10428E-03    0.36772E-14   -0.32359E-16   -0.77714E-16
      1      12.954    0.10629E-03    0.38922E-14   -0.30044E-16   -0.10297E-15
      1      12.864    0.10832E-03    0.38716E-14   -0.32465E-16   -0.87118E-16
      1      12.774    0.11037E-03    0.39735E-14   -0.50911E-16   -0.11645E-15
      1      12.684    0.11244E-03    0.40284E-14   -0.24927E-16   -0.90080E-16
      1      12.595    0.11454E-03    0.40603E-14   -0.33100E-16   -0.10824E-15
      1      12.505    0.11666E-03    0.41910E-14   -0.42231E-16   -0.11564E-15
      1      12.415    0.11880E-03    0.42148E-14   -0.51150E-16   -0.11263E-15
      1      12.325    0.12096E-03    0.42805E-14   -0.30874E-16   -0.90691E-16
      1      12.236    0.12314E-03    0.43308E-14   -0.33852E-16   -0.10559E-15
      1      12.146    0.12535E-03    0.43802E-14   -0.34565E-16   -0.11570E-15
      1      12.056    0.12758E-03    0.44913E-14   -0.42712E-16   -0.12015E-15
      1      11.966    0.12984E-03    0.45086E-14   -0.37492E-16   -0.10567E-15
      1      11.877    0.13213E-03    0.46079E-14   -0.41852E-16   -0.10264E-15
      1      11.787    0.13444E-03    0.46997E-14   -0.35990E-16   -0.11112E-15
      1      11.697    0.13678E-03    0.47094E-14   -0.35829E-16   -0.11835E-15
      1      11.607    0.13914E-03    0.48027E-14   -0.41919E-16   -0.10306E-15
      1      11.518    0.14154E-03    0.48164E-14   -0.32874E-16   -0.12433E-15
      1      11.428    0.14397E-03    0.48583E-14   -0.31062E-16   -0.11889E-15
      1      11.338    0.14644E-03    0.49496E-14   -0.31870E-16   -0.12269E-15
      1      11.248    0.14895E-03    0.49459E-14   -0.40881E-16   -0.10626E-15
      1      11.159    0.15149E-03    0.50276E-14   -0.34897E-16   -0.11809E-15
      1      11.069    0.15408E-03    0.50505E-14   -0.41081E-16   -0.12229E-15
      1      10.979    0.15673E-03    0.51544E-14   -0.58918E-16   -0.15071E-15
      1      10.889    0.15942E-03    0.52208E-14   -0.37924E-16   -0.11567E-15
      1      10.800    0.16217E-03    0.53498E-14   -0.20617E-16   -0.93541E-16
      1      10.710    0.16498E-03    0.52547E-14   -0.46402E-16   -0.11730E-15
      1      10.620    0.16785E-03    0.52891E-14   -0.22011E-16   -0.11824E-15
      1      10.531    0.17078E-03    0.53772E-14   -0.44632E-16   -0.12116E-15
      1      10.441    0.17377E-03    0.53935E-14   -0.13578E-16   -0.13119E-15
      1      10.351    0.17683E-03    0.54924E-14   -0.49172E-16   -0.11247E-15
      1      10.261    0.17995E-03    0.55759E-14   -0.12096E-16   -0.11861E-15
      1      10.172    0.18314E-03    0.55430E-14   -0.27860E-16   -0.11597E-15
      1      10.082    0.18639E-03    0.56004E-14   -0.40137E-16   -0.11156E-15
      1       9.992    0.18971E-03    0.56168E-14   -0.20955E-16   -0.11458E-15
      1       9.902    0.19309E-03    0.57602E-14   -0.38413E-16   -0.94316E-16
      1       9.813    0.19653E-03    0.56928E-14   -0.20102E-16   -0.11122E-15
      1       9.723    0.20005E-03    0.56812E-14   -0.22392E-16   -0.11639E-15
      1       9.633    0.20363E-03    0.57681E-14   -0.60319E-16   -0.12141E-15
      1       9.543    0.20729E-03    0.57344E-14   -0.37610E-16   -0.11967E-15
      1       9.454    0.21102E-03    0.58322E-14   -0.43739E-16   -0.12514E-15
      1       9.364    0.21482E-03    0.57977E-14   -0.44833E-16   -0.13447E-15
      1       9.274    0.21869E-03    0.58556E-14   -0.28740E-16   -0.12313E-15
      1       9.184    0.22265E-03    0.58659E-14   -0.61299E-16   -0.10336E-15
      1       9.095    0.22668E-03    0.59307E-14   -0.11166E-16   -0.12903E-15
      1       9.005    0.23079E-03    0.59988E-14   -0.65100E-16   -0.11058E-15
      1       8.915    0.23498E-03    0.60758E-14   -0.39526E-16   -0.12810E-15
      1       8.825    0.23926E-03    0.59505E-14   -0.57187E-17   -0.12071E-15
      1       8.736    0.24362E-03    0.61132E-14   -0.26249E-16   -0.12116E-15
      1       8.646    0.24807E-03    0.60801E-14   -0.34380E-16   -0.14641E-15
      1       8.556    0.25261E-03    0.61050E-14   -0.89714E-17   -0.14894E-15
      1       8.466    0.25725E-03    0.61146E-14   -0.37194E-16   -0.14481E-15
      1       8.377    0.26197E-03    0.61494E-14   -0.42649E-16   -0.13856E-15
      1       8.287    0.26679E-03    0.61253E-14   -0.23511E-16   -0.12287E-15
      1       8.197    0.27171E-03    0.61895E-14   -0.26194E-16   -0.14338E-15
      1       8.107    0.27672E-03    0.63017E-14   -0.44825E-16   -0.10140E-15
      1       8.018    0.28184E-03    0.61289E-14   -0.19670E-16   -0.12390E-15
      1       7.928    0.28705E-03    0.61841E-14   -0.40589E-16   -0.11854E-15
      1       7.838    0.29236E-03    0.61790E-14   -0.11792E-16   -0.11387E-15
      1       7.748    0.29776E-03    0.63825E-14   -0.24805E-16   -0.12926E-15
      1       7.659    0.30327E-03    0.61998E-14   -0.16745E-16   -0.14232E-15
      1       7.569    0.30886E-03    0.63172E-14   -0.14896E-16   -0.97328E-16
      1       7.479    0.31455E-03    0.63251E-14   -0.13052E-16   -0.12790E-15
      1       7.389    0.32034E-03    0.63911E-14   -0.19333E-16   -0.11817E-15
      1       7.300    0.32621E-03    0.63721E-14   -0.18900E-16   -0.11501E-15
      1       7.210    0.33217E-03    0.64074E-14   -0.33766E-16   -0.11750E-15
      1       7.120    0.33822E-03    0.63608E-14   -0.16909E-16   -0.12547E-15
      1       7.030    0.34436E-03    0.63858E-14   -0.23795E-16   -0.96420E-16
      1       6.941    0.35058E-03    0.63201E-14   -0.86110E-18   -0.12271E-15
      1       6.851    0.35687E-03    0.63010E-14    0.96775E-17   -0.11319E-15
      1       6.761    0.36325E-03    0.63390E-14   -0.96566E-17   -0.11672E-15
      1       6.671    0.36971E-03    0.62852E-14   -0.89587E-17   -0.13078E-15
      1       6.582    0.37623E-03    0.63105E-14   -0.22834E-16   -0.10437E-15
      1       6.492    0.38283E-03    0.64122E-14   -0.21210E-16   -0.98644E-16
      1       6.402    0.38948E-03    0.65277E-14   -0.11735E-16   -0.12451E-15
      1       6.312    0.39620E-03    0.64626E-14   -0.37857E-16   -0.11317E-15
      1       6.223    0.40298E-03    0.64305E-14   -0.13944E-16   -0.10346E-15
      1       6.133    0.40980E-03    0.64911E-14   -0.29760E-16   -0.11325E-15
      1       6.043    0.41667E-03    0.64906E-14   -0.12472E-16   -0.11707E-15
      1       5.953    0.42358E-03    0.64774E-14   -0.24913E-16   -0.11709E-15
      1       5.864    0.43051E-03    0.64526E-14   -0.99391E-17   -0.10467E-15
      1       5.774    0.43747E-03    0.64273E-14   -0.26231E-16   -0.11634E-15
      1       5.684    0.44444E-03    0.65467E-14    0.15096E-16   -0.11206E-15
      1       5.594    0.45140E-03    0.65305E-14   -0.37805E-17   -0.11029E-15
      1       5.505    0.45834E-03    0.65458E-14   -0.16027E-16   -0.84922E-16
      1       5.415    0.46525E-03    0.65100E-14    0.10427E-17   -0.12124E-15
      1       5.325    0.47209E-03    0.64835E-14    0.26982E-16   -0.10175E-15
      1       5.236    0.47884E-03    0.64011E-14    0.12065E-16   -0.12264E-15
      1       5.146    0.48548E-03    0.65192E-14    0.15985E-17   -0.11236E-15
      1       5.056    0.49195E-03    0.64677E-14   -0.20626E-17   -0.13187E-15
      1       4.966    0.49824E-03    0.64397E-14   -0.57533E-17   -0.13404E-15
      1       4.877    0.50429E-03    0.65380E-14   -0.65028E-17   -0.11193E-15
      1       4.787    0.51006E-03    0.65704E-14    0.13134E-16   -0.10806E-15
      1       4.697    0.51553E-03    0.64151E-14    0.64353E-17   -0.11341E-15
      1       4.607    0.52066E-03    0.65732E-14    0.45651E-16   -0.10170E-15
      1       4.518    0.52541E-03    0.64803E-14    0.37022E-16   -0.11672E-15
      1       4.428    0.52977E-03    0.64643E-14    0.29677E-16   -0.12557E-15
      1       4.338    0.53374E-03    0.64656E-14   -0.19392E-16   -0.12201E-15
      1       4.248    0.53732E-03    0.64472E-14   -0.18265E-16   -0.12658E-15
      1       4.159    0.54052E-03    0.65137E-14   -0.24059E-16   -0.12019E-15
      1       4.069    0.54335E-03    0.64285E-14    0.22117E-16   -0.13090E-15
      1       3.979    0.54582E-03    0.64220E-14    0.64050E-17   -0.11971E-15
      1       3.889    0.54795E-03    0.64805E-14   -0.11667E-16   -0.10409E-15
      1       3.800    0.54975E-03    0.64542E-14    0.34319E-16   -0.14086E-15
      1       3.710    0.55125E-03    0.64901E-14   -0.18738E-16   -0.10998E-15
      1       3.620    0.55244E-03    0.65032E-14   -0.19834E-16   -0.11863E-15
      1       3.530    0.55335E-03    0.64581E-14    0.14118E-16   -0.13886E-15
      1       3.441    0.55398E-03    0.64330E-14    0.25448E-16   -0.11048E-15
      1       3.351    0.55435E-03    0.63859E-14    0.40610E-16   -0.13828E-15
      1       3.261    0.55447E-03    0.65829E-14    0.38359E-16   -0.11305E-15
      1       3.171    0.55435E-03    0.65106E-14    0.13700E-16   -0.13940E-15
      1       3.082    0.55401E-03    0.63745E-14    0.36866E-16   -0.12362E-15
      1       2.992    0.55345E-03    0.65164E-14    0.71128E-17   -0.15683E-15
      1       2.902    0.55268E-03    0.63664E-14    0.82244E-16   -0.15426E-15
      1       2.812    0.55171E-03    0.62400E-14    0.55389E-16   -0.14652E-15
      1       2.723    0.55055E-03    0.65008E-14    0.37597E-16   -0.12794E-15
      1       2.633    0.54921E-03    0.64826E-14    0.39424E-16   -0.10749E-15
      1       2.543    0.54768E-03    0.65278E-14    0.23595E-16   -0.13592E-15
      1       2.453    0.54597E-03    0.64175E-14    0.57951E-16   -0.12990E-15
      1       2.364    0.54408E-03    0.64013E-14    0.48956E-16   -0.15137E-15
      1       2.274    0.54201E-03    0.62961E-14    0.28702E-16   -0.13228E-15
      1       2.184    0.53974E-03    0.62674E-14    0.36267E-16   -0.14979E-15
      1       2.094    0.53726E-03    0.64755E-14    0.40931E-16   -0.15587E-15
      1       2.005    0.53457E-03    0.63949E-14    0.42600E-16   -0.15515E-15
      1       1.915    0.53163E-03    0.63542E-14    0.40437E-16   -0.13003E-15
      1       1.825    0.52842E-03    0.61926E-14    0.28808E-16   -0.13183E-15
      1       1.735    0.52491E-03    0.62486E-14    0.20367E-16   -0.16646E-15
      1       1.646    0.52106E-03    0.63201E-14    0.56874E-16   -0.17759E-15
      1       1.556    0.51681E-03    0.59458E-14    0.47973E-16   -0.13983E-15
      1       1.466    0.51210E-03    0.62118E-14    0.25894E-16   -0.13769E-15
      1       1.376    0.50686E-03    0.62568E-14    0.55975E-16   -0.14392E-15
      1       1.287    0.50100E-03    0.61857E-14    0.52462E-16   -0.15154E-15
      1       1.197    0.49440E-03    0.62593E-14    0.53350E-16   -0.14831E-15
      1       1.107    0.48692E-03    0.60839E-14    0.48214E-16   -0.14243E-15
      1       1.017    0.47839E-03    0.60888E-14    0.63264E-16   -0.16473E-15
      1       0.928    0.46859E-03    0.61349E-14    0.42744E-16   -0.16028E-15
      1       0.838    0.45724E-03    0.61227E-14    0.67794E-16   -0.17127E-15
      1       0.748    0.44400E-03    0.60677E-14    0.78283E-16   -0.17722E-15
      1       0.658    0.42843E-03    0.60353E-14    0.79823E-16   -0.14202E-15
      1       0.569    0.40993E-03    0.58883E-14    0.74536E-16   -0.13654E-15
      1       0.479    0.38765E-03    0.58273E-14    0.10052E-15   -0.14224E-15
      1       0.389    0.36040E-03    0.60570E-14    0.89788E-16   -0.15244E-15
      1       0.299    0.32630E-03    0.60018E-14    0.16024E-15   -0.15283E-15
      1       0.210    0.28199E-03    0.59921E-14    0.39116E-16   -0.14978E-15
      1       0.120    0.22023E-03    0.59180E-14    0.88615E-16   -0.13148E-15
