   3N SYSTEM INCLUSIVE  PHOTODESINTEGRATION
        DETECTED PARTICLE: 1- PROTON
        NOT DETECTED PARTICLES:2- PROTON  3-NEUTRON

      OMEGA 0.40000E+02
     MTTWE1,MTTWE2,MTTWE3=    1    1   -1
     TH1LAB,PHI1LAB=   180.000     0.000
   Unit of cross sections ... fm**2/(MeV*sr**2)
      I       E1      CROSS           AX           AY           AZ
      1      18.585    0.76616E-07    0.87222E-18   -0.30166E-21   -0.56492E-17
      1      18.571    0.22248E-04    0.13608E-17   -0.53168E-20   -0.47171E-17
      1      18.565    0.25063E-04    0.87825E-18   -0.36476E-19    0.32376E-17
      1      18.558    0.26849E-04    0.13862E-17   -0.30063E-20   -0.61675E-17
      1      18.551    0.28041E-04    0.21578E-17   -0.74250E-21   -0.17954E-16
      1      18.545    0.28860E-04    0.25910E-17   -0.71369E-19   -0.54933E-17
      1      18.538    0.29433E-04    0.27890E-17    0.83412E-20    0.38958E-16
      1      18.531    0.29839E-04    0.40134E-17    0.87728E-19    0.69284E-16
      1      18.525    0.30127E-04    0.41729E-17   -0.55147E-19    0.97091E-17
      1      18.518    0.30333E-04    0.51940E-17    0.52796E-20    0.94994E-17
      1      18.511    0.30478E-04    0.54296E-17    0.21426E-19   -0.89789E-17
      1      18.505    0.30581E-04    0.64173E-17    0.42948E-20    0.41163E-17
      1      18.498    0.30652E-04    0.71402E-17    0.17377E-19    0.28561E-16
      1      18.491    0.30702E-04    0.89729E-17    0.17143E-18   -0.12095E-16
      1      18.485    0.30735E-04    0.91815E-17    0.25059E-18   -0.68988E-17
      1      18.478    0.30756E-04    0.97872E-17    0.46753E-19   -0.24478E-17
      1      18.471    0.30769E-04    0.11360E-16    0.11864E-18   -0.12637E-16
      1      18.465    0.30776E-04    0.12624E-16    0.11909E-18    0.45693E-16
      1      18.364    0.30608E-04    0.33045E-16    0.58125E-18    0.10039E-16
      1      18.263    0.30408E-04    0.55081E-16    0.58852E-18    0.14194E-16
      1      18.162    0.30321E-04    0.81310E-16    0.62859E-18    0.18722E-16
      1      18.061    0.30323E-04    0.10890E-15   -0.58018E-18    0.64230E-17
      1      17.961    0.30383E-04    0.14284E-15   -0.70159E-18    0.13743E-17
      1      17.860    0.30486E-04    0.17692E-15   -0.23572E-17   -0.34272E-17
      1      17.759    0.30624E-04    0.21789E-15   -0.59187E-18    0.22983E-16
      1      17.658    0.30798E-04    0.25732E-15   -0.46468E-18    0.77389E-17
      1      17.557    0.31009E-04    0.29931E-15   -0.53559E-17   -0.17804E-16
      1      17.457    0.31259E-04    0.33837E-15   -0.25733E-17   -0.55817E-17
      1      17.356    0.31550E-04    0.39574E-15   -0.44232E-17    0.35140E-17
      1      17.255    0.31877E-04    0.43568E-15   -0.63271E-17    0.54085E-17
      1      17.154    0.32237E-04    0.48494E-15   -0.29270E-17   -0.67494E-17
      1      17.054    0.32626E-04    0.54356E-15   -0.58918E-17    0.78068E-17
      1      16.953    0.33044E-04    0.59892E-15   -0.67976E-17   -0.16783E-16
      1      16.852    0.33486E-04    0.64321E-15   -0.48018E-17   -0.74970E-17
      1      16.751    0.33953E-04    0.69567E-15   -0.75370E-17   -0.61665E-17
      1      16.650    0.34443E-04    0.75772E-15   -0.16439E-16   -0.13720E-16
      1      16.550    0.34956E-04    0.81452E-15   -0.93497E-17   -0.25862E-16
      1      16.449    0.35493E-04    0.86158E-15   -0.10717E-16   -0.16159E-16
      1      16.348    0.36052E-04    0.92175E-15   -0.12226E-16   -0.13942E-16
      1      16.247    0.36635E-04    0.97902E-15   -0.70154E-17   -0.23399E-16
      1      16.146    0.37243E-04    0.10418E-14   -0.10862E-16   -0.12418E-16
      1      16.046    0.37876E-04    0.11116E-14   -0.12034E-16   -0.27872E-16
      1      15.945    0.38535E-04    0.11766E-14   -0.84185E-17   -0.89335E-17
      1      15.844    0.39221E-04    0.12093E-14   -0.16544E-16   -0.32192E-16
      1      15.743    0.39933E-04    0.12903E-14   -0.12867E-16   -0.17190E-16
      1      15.642    0.40671E-04    0.13383E-14   -0.69682E-17   -0.28945E-16
      1      15.542    0.41433E-04    0.14096E-14   -0.13323E-16   -0.42180E-16
      1      15.441    0.42218E-04    0.14753E-14   -0.43067E-17   -0.22690E-16
      1      15.340    0.43022E-04    0.15366E-14   -0.12579E-16   -0.31350E-16
      1      15.239    0.43844E-04    0.16098E-14   -0.14232E-16   -0.40643E-16
      1      15.138    0.44681E-04    0.16976E-14   -0.70575E-17   -0.42025E-16
      1      15.038    0.45529E-04    0.17701E-14   -0.15253E-16   -0.54511E-16
      1      14.937    0.46387E-04    0.18341E-14   -0.95464E-17   -0.47458E-16
      1      14.836    0.47252E-04    0.19350E-14   -0.15651E-16   -0.58814E-16
      1      14.735    0.48122E-04    0.19476E-14   -0.37482E-17   -0.49557E-16
      1      14.634    0.48997E-04    0.19773E-14   -0.14125E-16   -0.51984E-16
      1      14.534    0.49874E-04    0.20814E-14   -0.17981E-16   -0.55506E-16
      1      14.433    0.50753E-04    0.21500E-14   -0.16345E-16   -0.61317E-16
      1      14.332    0.51634E-04    0.21874E-14   -0.63158E-17   -0.54477E-16
      1      14.231    0.52515E-04    0.22177E-14   -0.21399E-16   -0.61332E-16
      1      14.130    0.53398E-04    0.23329E-14   -0.25444E-16   -0.68320E-16
      1      14.030    0.54280E-04    0.23713E-14   -0.17217E-16   -0.63167E-16
      1      13.929    0.55162E-04    0.24589E-14   -0.11544E-16   -0.64451E-16
      1      13.828    0.56042E-04    0.25055E-14   -0.27804E-17   -0.61472E-16
      1      13.727    0.56921E-04    0.25448E-14   -0.20968E-16   -0.74161E-16
      1      13.626    0.57797E-04    0.26383E-14   -0.13187E-16   -0.72755E-16
      1      13.526    0.58671E-04    0.26512E-14   -0.82446E-17   -0.82885E-16
      1      13.425    0.59542E-04    0.27310E-14   -0.70560E-17   -0.74238E-16
      1      13.324    0.60410E-04    0.27806E-14    0.75200E-17   -0.78359E-16
      1      13.223    0.61274E-04    0.28352E-14   -0.43721E-17   -0.83920E-16
      1      13.123    0.62135E-04    0.28930E-14   -0.21668E-16   -0.79546E-16
      1      13.022    0.62992E-04    0.29748E-14   -0.20745E-16   -0.81541E-16
      1      12.921    0.63844E-04    0.30024E-14   -0.12777E-16   -0.92801E-16
      1      12.820    0.64692E-04    0.29979E-14   -0.10992E-16   -0.91056E-16
      1      12.719    0.65535E-04    0.30890E-14    0.10213E-16   -0.90311E-16
      1      12.619    0.66372E-04    0.31642E-14   -0.67330E-17   -0.92857E-16
      1      12.518    0.67203E-04    0.31946E-14   -0.11190E-16   -0.96619E-16
      1      12.417    0.68028E-04    0.32609E-14   -0.25116E-16   -0.10354E-15
      1      12.316    0.68847E-04    0.33234E-14    0.85499E-17   -0.10965E-15
      1      12.215    0.69662E-04    0.33680E-14   -0.95742E-17   -0.11122E-15
      1      12.115    0.70474E-04    0.34300E-14    0.75489E-17   -0.10109E-15
      1      12.014    0.71282E-04    0.34998E-14    0.21437E-17   -0.10535E-15
      1      11.913    0.72090E-04    0.34669E-14   -0.95729E-17   -0.11576E-15
      1      11.812    0.72900E-04    0.34954E-14   -0.43330E-17   -0.11543E-15
      1      11.711    0.73713E-04    0.36026E-14    0.97070E-17   -0.11994E-15
      1      11.611    0.74534E-04    0.36407E-14   -0.49443E-17   -0.11629E-15
      1      11.510    0.75366E-04    0.37037E-14   -0.68386E-17   -0.11780E-15
      1      11.409    0.76211E-04    0.38019E-14   -0.19112E-16   -0.11519E-15
      1      11.308    0.77072E-04    0.37886E-14   -0.79886E-17   -0.12280E-15
      1      11.207    0.77951E-04    0.38514E-14    0.13850E-16   -0.11568E-15
      1      11.107    0.78850E-04    0.39570E-14   -0.43902E-17   -0.13142E-15
      1      11.006    0.79770E-04    0.39005E-14    0.14687E-16   -0.13062E-15
      1      10.905    0.80712E-04    0.40840E-14    0.29203E-17   -0.12535E-15
      1      10.804    0.81678E-04    0.40016E-14    0.33841E-17   -0.13549E-15
      1      10.703    0.82667E-04    0.40825E-14    0.10056E-17   -0.13794E-15
      1      10.603    0.83680E-04    0.41290E-14   -0.14586E-16   -0.12925E-15
      1      10.502    0.84716E-04    0.42424E-14    0.11196E-16   -0.11999E-15
      1      10.401    0.85775E-04    0.43451E-14    0.24693E-17   -0.13902E-15
      1      10.300    0.86857E-04    0.43130E-14    0.20378E-16   -0.14296E-15
      1      10.199    0.87963E-04    0.42755E-14   -0.94504E-18   -0.13069E-15
      1      10.099    0.89092E-04    0.43175E-14   -0.82926E-17   -0.12766E-15
      1       9.998    0.90245E-04    0.43919E-14   -0.32711E-17   -0.13417E-15
      1       9.897    0.91423E-04    0.45295E-14    0.15188E-16   -0.14240E-15
      1       9.796    0.92626E-04    0.44740E-14   -0.81343E-18   -0.15860E-15
      1       9.696    0.93854E-04    0.45689E-14   -0.23017E-16   -0.13608E-15
      1       9.595    0.95108E-04    0.46139E-14   -0.22366E-17   -0.14134E-15
      1       9.494    0.96389E-04    0.46893E-14   -0.23154E-17   -0.14177E-15
      1       9.393    0.97698E-04    0.46949E-14    0.40148E-17   -0.12493E-15
      1       9.292    0.99036E-04    0.47278E-14    0.18125E-17   -0.13139E-15
      1       9.192    0.10041E-03    0.47352E-14    0.77999E-17   -0.14051E-15
      1       9.091    0.10181E-03    0.47975E-14   -0.19529E-17   -0.15300E-15
      1       8.990    0.10324E-03    0.48306E-14    0.72536E-18   -0.13303E-15
      1       8.889    0.10471E-03    0.48590E-14   -0.85937E-17   -0.12673E-15
      1       8.788    0.10622E-03    0.48758E-14   -0.74956E-17   -0.15751E-15
      1       8.688    0.10777E-03    0.50182E-14   -0.69615E-17   -0.14975E-15
      1       8.587    0.10936E-03    0.49983E-14    0.38210E-17   -0.14481E-15
      1       8.486    0.11099E-03    0.50203E-14    0.86955E-17   -0.13812E-15
      1       8.385    0.11266E-03    0.50397E-14    0.27059E-17   -0.13856E-15
      1       8.284    0.11438E-03    0.50161E-14   -0.57548E-17   -0.13263E-15
      1       8.184    0.11615E-03    0.50514E-14   -0.35800E-17   -0.13359E-15
      1       8.083    0.11797E-03    0.51862E-14    0.91237E-17   -0.14322E-15
      1       7.982    0.11983E-03    0.51581E-14    0.13130E-16   -0.14212E-15
      1       7.881    0.12175E-03    0.51186E-14    0.66447E-17   -0.12488E-15
      1       7.780    0.12372E-03    0.52162E-14    0.11274E-16   -0.13503E-15
      1       7.680    0.12573E-03    0.51954E-14    0.29050E-16   -0.12417E-15
      1       7.579    0.12780E-03    0.51992E-14    0.14445E-16   -0.14922E-15
      1       7.478    0.12992E-03    0.52830E-14    0.23384E-16   -0.14895E-15
      1       7.377    0.13208E-03    0.52455E-14   -0.18500E-17   -0.14907E-15
      1       7.276    0.13429E-03    0.52420E-14    0.89864E-17   -0.14006E-15
      1       7.176    0.13655E-03    0.52956E-14    0.20033E-16   -0.14622E-15
      1       7.075    0.13886E-03    0.53326E-14   -0.15895E-17   -0.14132E-15
      1       6.974    0.14121E-03    0.52497E-14    0.34030E-16   -0.14256E-15
      1       6.873    0.14361E-03    0.52911E-14    0.62564E-17   -0.15729E-15
      1       6.772    0.14605E-03    0.53374E-14    0.33014E-16   -0.14069E-15
      1       6.672    0.14854E-03    0.54505E-14    0.16940E-16   -0.14300E-15
      1       6.571    0.15107E-03    0.53730E-14   -0.40632E-17   -0.15639E-15
      1       6.470    0.15364E-03    0.54038E-14    0.39160E-17   -0.14249E-15
      1       6.369    0.15625E-03    0.54549E-14    0.87655E-17   -0.14612E-15
      1       6.268    0.15890E-03    0.54416E-14    0.14751E-16   -0.15593E-15
      1       6.168    0.16159E-03    0.53547E-14    0.19304E-16   -0.14805E-15
      1       6.067    0.16432E-03    0.55760E-14    0.30849E-16   -0.13885E-15
      1       5.966    0.16708E-03    0.55196E-14   -0.14106E-16   -0.14365E-15
      1       5.865    0.16988E-03    0.53784E-14    0.11698E-16   -0.16149E-15
      1       5.765    0.17272E-03    0.54879E-14   -0.17634E-18   -0.14319E-15
      1       5.664    0.17559E-03    0.55130E-14    0.33331E-16   -0.13244E-15
      1       5.563    0.17850E-03    0.55339E-14    0.21077E-16   -0.15975E-15
      1       5.462    0.18144E-03    0.54484E-14    0.12474E-16   -0.13859E-15
      1       5.361    0.18441E-03    0.55324E-14    0.33656E-16   -0.13811E-15
      1       5.261    0.18741E-03    0.54342E-14    0.29198E-16   -0.15124E-15
      1       5.160    0.19043E-03    0.53123E-14    0.18425E-16   -0.13270E-15
      1       5.059    0.19347E-03    0.55413E-14    0.20314E-16   -0.15118E-15
      1       4.958    0.19651E-03    0.53735E-14    0.21246E-16   -0.13554E-15
      1       4.857    0.19956E-03    0.54511E-14    0.45712E-16   -0.13692E-15
      1       4.757    0.20259E-03    0.54272E-14    0.38577E-16   -0.13332E-15
      1       4.656    0.20559E-03    0.53859E-14    0.34599E-16   -0.12853E-15
      1       4.555    0.20852E-03    0.55126E-14    0.16721E-16   -0.13760E-15
      1       4.454    0.21135E-03    0.53234E-14    0.32520E-16   -0.14190E-15
      1       4.353    0.21405E-03    0.53927E-14    0.34333E-16   -0.13547E-15
      1       4.253    0.21657E-03    0.53471E-14    0.39909E-16   -0.12810E-15
      1       4.152    0.21887E-03    0.54520E-14    0.44979E-16   -0.12591E-15
      1       4.051    0.22090E-03    0.54454E-14    0.43685E-16   -0.13517E-15
      1       3.950    0.22263E-03    0.54356E-14    0.26804E-16   -0.14210E-15
      1       3.849    0.22405E-03    0.54925E-14    0.32505E-16   -0.12672E-15
      1       3.749    0.22516E-03    0.54115E-14    0.42216E-16   -0.14695E-15
      1       3.648    0.22600E-03    0.54615E-14    0.50771E-16   -0.14753E-15
      1       3.547    0.22660E-03    0.54191E-14    0.34682E-16   -0.14413E-15
      1       3.446    0.22700E-03    0.54749E-14    0.56489E-16   -0.14703E-15
      1       3.345    0.22723E-03    0.54619E-14    0.26902E-16   -0.14680E-15
      1       3.245    0.22732E-03    0.54836E-14    0.48584E-16   -0.12592E-15
      1       3.144    0.22730E-03    0.55112E-14    0.26592E-16   -0.13595E-15
      1       3.043    0.22719E-03    0.54901E-14    0.52669E-16   -0.16173E-15
      1       2.942    0.22701E-03    0.54330E-14    0.44671E-16   -0.15671E-15
      1       2.841    0.22678E-03    0.53699E-14    0.67492E-16   -0.17717E-15
      1       2.741    0.22650E-03    0.54497E-14    0.53758E-16   -0.15893E-15
      1       2.640    0.22619E-03    0.54898E-14    0.95585E-16   -0.15180E-15
      1       2.539    0.22585E-03    0.53787E-14    0.98136E-16   -0.16218E-15
      1       2.438    0.22549E-03    0.54952E-14    0.73521E-16   -0.18669E-15
      1       2.337    0.22513E-03    0.53799E-14    0.63590E-16   -0.16321E-15
      1       2.237    0.22476E-03    0.54994E-14    0.88549E-16   -0.16362E-15
      1       2.136    0.22439E-03    0.53607E-14    0.12010E-15   -0.16584E-15
      1       2.035    0.22401E-03    0.54121E-14    0.93981E-16   -0.16768E-15
      1       1.934    0.22363E-03    0.53924E-14    0.11549E-15   -0.15797E-15
      1       1.834    0.22324E-03    0.53440E-14    0.89887E-16   -0.15281E-15
      1       1.733    0.22282E-03    0.53509E-14    0.90217E-16   -0.15421E-15
      1       1.632    0.22234E-03    0.54285E-14    0.87165E-16   -0.16503E-15
      1       1.531    0.22180E-03    0.53523E-14    0.13174E-15   -0.15299E-15
      1       1.430    0.22114E-03    0.52455E-14    0.87115E-16   -0.17310E-15
      1       1.330    0.22031E-03    0.53242E-14    0.73511E-16   -0.15608E-15
      1       1.229    0.21924E-03    0.51296E-14    0.94004E-16   -0.16691E-15
      1       1.128    0.21785E-03    0.52444E-14    0.53511E-16   -0.16619E-15
      1       1.027    0.21600E-03    0.51610E-14    0.10298E-15   -0.15825E-15
      1       0.926    0.21355E-03    0.53320E-14    0.11012E-15   -0.15289E-15
      1       0.826    0.21029E-03    0.51468E-14    0.13812E-15   -0.17312E-15
      1       0.725    0.20595E-03    0.50957E-14    0.12145E-15   -0.15162E-15
      1       0.624    0.20014E-03    0.50944E-14    0.91878E-16   -0.16300E-15
      1       0.523    0.19237E-03    0.50731E-14    0.11018E-15   -0.16388E-15
      1       0.422    0.18184E-03    0.51506E-14    0.94179E-16   -0.15637E-15
      1       0.322    0.16736E-03    0.49985E-14    0.15514E-15   -0.16331E-15
      1       0.221    0.14673E-03    0.50024E-14    0.11910E-15   -0.15377E-15
      1       0.120    0.11496E-03    0.50902E-14    0.11702E-15   -0.16149E-15
