   3N SYSTEM INCLUSIVE  PHOTODESINTEGRATION
        DETECTED PARTICLE: 1- PROTON
        NOT DETECTED PARTICLES:2- PROTON  3-NEUTRON

      OMEGA 0.12000E+03
     MTTWE1,MTTWE2,MTTWE3=    1    1   -1
     TH1LAB,PHI1LAB=    60.000     0.000
   Unit of cross sections ... fm**2/(MeV*sr**2)
      I       E1      CROSS           AX           AY           AZ
      1      80.585    0.64035E-07   -0.66560E-01    0.53864E-17    0.13454E-16
      1      80.571    0.18798E-04   -0.67278E-01    0.50132E-17    0.56420E-17
      1      80.565    0.21250E-04   -0.68792E-01   -0.62699E-17   -0.89814E-17
      1      80.558    0.22825E-04   -0.70369E-01   -0.44615E-16   -0.46587E-16
      1      80.551    0.23886E-04   -0.71948E-01   -0.91671E-17   -0.17627E-16
      1      80.545    0.24617E-04   -0.73497E-01   -0.93615E-17   -0.18469E-16
      1      80.538    0.25126E-04   -0.74998E-01    0.86917E-19   -0.13381E-18
      1      80.531    0.25479E-04   -0.76442E-01   -0.54163E-17   -0.15474E-17
      1      80.525    0.25721E-04   -0.77827E-01   -0.23066E-16   -0.17268E-16
      1      80.518    0.25882E-04   -0.79165E-01   -0.26329E-16   -0.20149E-16
      1      80.511    0.25983E-04   -0.80468E-01   -0.46421E-17   -0.69776E-17
      1      80.505    0.26038E-04   -0.81741E-01   -0.67913E-17   -0.46416E-17
      1      80.498    0.26060E-04   -0.82992E-01    0.15919E-17   -0.51043E-17
      1      80.491    0.26056E-04   -0.84225E-01   -0.12520E-16    0.47141E-17
      1      80.485    0.26032E-04   -0.85444E-01   -0.11919E-16   -0.19192E-16
      1      80.478    0.25995E-04   -0.86652E-01    0.19671E-17   -0.76899E-17
      1      80.471    0.25946E-04   -0.87851E-01    0.85297E-17   -0.26573E-17
      1      80.465    0.25889E-04   -0.89045E-01    0.25678E-16   -0.12526E-17
      1      80.023    0.23038E-04   -0.15284E+00   -0.10441E-16   -0.21844E-16
      1      79.582    0.22002E-04   -0.17883E+00   -0.56886E-17   -0.23968E-17
      1      79.140    0.21468E-04   -0.19102E+00   -0.10447E-16   -0.10706E-16
      1      78.699    0.21089E-04   -0.19660E+00   -0.85521E-17   -0.18409E-16
      1      78.257    0.20780E-04   -0.19839E+00   -0.35501E-17    0.47380E-17
      1      77.816    0.20537E-04   -0.19783E+00    0.25294E-17    0.25234E-17
      1      77.374    0.20378E-04   -0.19591E+00   -0.11563E-16   -0.73081E-17
      1      76.933    0.20332E-04   -0.19353E+00   -0.60290E-18   -0.74431E-17
      1      76.491    0.20422E-04   -0.19151E+00    0.53343E-17   -0.32925E-17
      1      76.050    0.20640E-04   -0.19017E+00    0.46383E-17   -0.96945E-17
      1      75.609    0.20966E-04   -0.18963E+00   -0.99190E-17   -0.79732E-17
      1      75.167    0.21387E-04   -0.19002E+00   -0.48594E-17    0.15653E-17
      1      74.726    0.21890E-04   -0.19134E+00   -0.13507E-16   -0.42898E-17
      1      74.284    0.22462E-04   -0.19345E+00   -0.64863E-17   -0.41813E-17
      1      73.843    0.23084E-04   -0.19598E+00   -0.10339E-16    0.74897E-17
      1      73.401    0.23740E-04   -0.19851E+00   -0.16947E-16   -0.11709E-16
      1      72.960    0.24409E-04   -0.20059E+00   -0.12016E-16    0.10144E-16
      1      72.518    0.25072E-04   -0.20182E+00   -0.36363E-17    0.38904E-17
      1      72.077    0.25715E-04   -0.20189E+00   -0.23986E-16    0.87772E-17
      1      71.635    0.26322E-04   -0.20058E+00   -0.20152E-16    0.68106E-17
      1      71.194    0.26883E-04   -0.19773E+00   -0.22360E-16    0.30432E-17
      1      70.753    0.27394E-04   -0.19334E+00   -0.23999E-16    0.21226E-17
      1      70.311    0.27860E-04   -0.18772E+00   -0.31045E-16    0.11841E-16
      1      69.870    0.28293E-04   -0.18128E+00   -0.12762E-16    0.22789E-17
      1      69.428    0.28702E-04   -0.17439E+00   -0.24979E-16    0.36972E-17
      1      68.987    0.29095E-04   -0.16739E+00   -0.15209E-16    0.60169E-17
      1      68.545    0.29476E-04   -0.16059E+00   -0.61120E-17   -0.42859E-17
      1      68.104    0.29851E-04   -0.15425E+00   -0.12428E-16    0.10490E-16
      1      67.662    0.30221E-04   -0.14856E+00   -0.32666E-16    0.12167E-16
      1      67.221    0.30586E-04   -0.14367E+00   -0.38749E-16    0.17996E-16
      1      66.779    0.30946E-04   -0.13970E+00   -0.24770E-16    0.15133E-17
      1      66.338    0.31297E-04   -0.13666E+00   -0.29755E-16    0.21678E-17
      1      65.897    0.31636E-04   -0.13452E+00   -0.12414E-16    0.67637E-18
      1      65.455    0.31955E-04   -0.13317E+00   -0.39615E-16    0.29579E-16
      1      65.014    0.32248E-04   -0.13245E+00   -0.31063E-16    0.16557E-16
      1      64.572    0.32506E-04   -0.13221E+00   -0.36089E-16   -0.28782E-17
      1      64.131    0.32723E-04   -0.13226E+00    0.14758E-16   -0.71676E-17
      1      63.689    0.32892E-04   -0.13246E+00   -0.86892E-16    0.26447E-16
      1      63.248    0.33008E-04   -0.13270E+00   -0.71330E-17    0.62217E-17
      1      62.806    0.33066E-04   -0.13288E+00   -0.17121E-16   -0.32867E-17
      1      62.365    0.33067E-04   -0.13297E+00    0.28820E-16    0.41798E-18
      1      61.924    0.33007E-04   -0.13294E+00   -0.85568E-16    0.71093E-17
      1      61.482    0.32889E-04   -0.13281E+00   -0.70464E-16    0.17880E-16
      1      61.041    0.32714E-04   -0.13264E+00   -0.57527E-16    0.87038E-18
      1      60.599    0.32485E-04   -0.13249E+00    0.18608E-15   -0.21025E-16
      1      60.158    0.32205E-04   -0.13240E+00   -0.13436E-16   -0.31835E-17
      1      59.716    0.31873E-04   -0.13238E+00   -0.55890E-16   -0.67768E-17
      1      59.275    0.31493E-04   -0.13242E+00    0.10754E-15   -0.59105E-17
      1      58.833    0.31065E-04   -0.13252E+00    0.76244E-16    0.26055E-17
      1      58.392    0.30593E-04   -0.13268E+00   -0.95637E-16    0.23715E-16
      1      57.950    0.30081E-04   -0.13288E+00    0.18486E-17    0.54785E-17
      1      57.509    0.29533E-04   -0.13311E+00    0.33997E-16   -0.44827E-17
      1      57.068    0.28949E-04   -0.13331E+00    0.47852E-16    0.36954E-17
      1      56.626    0.28334E-04   -0.13341E+00   -0.23451E-16   -0.10245E-16
      1      56.185    0.27689E-04   -0.13334E+00   -0.11216E-16   -0.98846E-18
      1      55.743    0.27017E-04   -0.13299E+00   -0.38267E-16    0.31978E-17
      1      55.302    0.26318E-04   -0.13224E+00    0.23043E-16    0.50687E-17
      1      54.860    0.25597E-04   -0.13100E+00   -0.28320E-16   -0.23506E-17
      1      54.419    0.24857E-04   -0.12918E+00   -0.19712E-16    0.22913E-17
      1      53.977    0.24102E-04   -0.12672E+00   -0.39057E-16    0.16086E-16
      1      53.536    0.23337E-04   -0.12356E+00   -0.94546E-17    0.61934E-17
      1      53.094    0.22567E-04   -0.11972E+00   -0.24868E-16    0.79713E-17
      1      52.653    0.21799E-04   -0.11521E+00   -0.64138E-16    0.29962E-17
      1      52.212    0.21040E-04   -0.11013E+00   -0.14558E-16   -0.53615E-17
      1      51.770    0.20297E-04   -0.10461E+00   -0.28656E-16    0.74650E-17
      1      51.329    0.19575E-04   -0.98830E-01   -0.34066E-16    0.13436E-16
      1      50.887    0.18880E-04   -0.93010E-01   -0.50186E-16    0.99134E-17
      1      50.446    0.18219E-04   -0.87426E-01   -0.60232E-16    0.27006E-16
      1      50.004    0.17595E-04   -0.82363E-01   -0.71516E-16    0.13085E-16
      1      49.563    0.17013E-04   -0.78088E-01   -0.39667E-16    0.41999E-17
      1      49.121    0.16473E-04   -0.74826E-01   -0.15899E-16    0.32556E-16
      1      48.680    0.15975E-04   -0.72740E-01   -0.29670E-16    0.75874E-17
      1      48.238    0.15518E-04   -0.71893E-01   -0.29371E-16    0.71781E-17
      1      47.797    0.15099E-04   -0.72227E-01   -0.16303E-16    0.83317E-17
      1      47.356    0.14714E-04   -0.73640E-01   -0.61378E-16    0.16239E-16
      1      46.914    0.14358E-04   -0.76022E-01   -0.78593E-17    0.11117E-16
      1      46.473    0.14030E-04   -0.79255E-01   -0.46813E-17    0.42642E-17
      1      46.031    0.13725E-04   -0.83223E-01   -0.10290E-17    0.20667E-16
      1      45.590    0.13442E-04   -0.87808E-01   -0.18600E-16   -0.37467E-18
      1      45.148    0.13179E-04   -0.92891E-01    0.73019E-17    0.15513E-16
      1      44.707    0.12932E-04   -0.98350E-01   -0.80975E-17    0.86596E-17
      1      44.265    0.12701E-04   -0.10406E+00   -0.28543E-16    0.15490E-16
      1      43.824    0.12483E-04   -0.10991E+00   -0.39712E-17    0.99576E-17
      1      43.382    0.12278E-04   -0.11577E+00   -0.27049E-16    0.93514E-17
      1      42.941    0.12083E-04   -0.12156E+00   -0.78591E-17    0.29863E-17
      1      42.500    0.11897E-04   -0.12717E+00   -0.65613E-16    0.77365E-17
      1      42.058    0.11721E-04   -0.13253E+00   -0.14226E-16   -0.37787E-18
      1      41.617    0.11553E-04   -0.13760E+00   -0.10829E-16   -0.22487E-17
      1      41.175    0.11393E-04   -0.14238E+00   -0.49407E-17    0.13698E-16
      1      40.734    0.11241E-04   -0.14684E+00   -0.75249E-17   -0.13852E-16
      1      40.292    0.11098E-04   -0.15101E+00    0.23936E-16    0.81058E-17
      1      39.851    0.10963E-04   -0.15489E+00    0.12906E-16   -0.93223E-17
      1      39.409    0.10837E-04   -0.15851E+00   -0.30244E-16   -0.19480E-16
      1      38.968    0.10720E-04   -0.16189E+00   -0.14181E-16    0.10852E-16
      1      38.526    0.10613E-04   -0.16508E+00   -0.47693E-17   -0.20079E-17
      1      38.085    0.10514E-04   -0.16814E+00   -0.17689E-16    0.32023E-16
      1      37.644    0.10427E-04   -0.17114E+00   -0.25772E-16    0.10017E-16
      1      37.202    0.10349E-04   -0.17414E+00    0.19039E-16    0.13692E-16
      1      36.761    0.10283E-04   -0.17720E+00   -0.32949E-17   -0.13254E-16
      1      36.319    0.10228E-04   -0.18038E+00    0.40793E-17    0.16164E-16
      1      35.878    0.10184E-04   -0.18372E+00   -0.18181E-16    0.15847E-16
      1      35.436    0.10152E-04   -0.18724E+00   -0.17990E-16    0.18582E-17
      1      34.995    0.10131E-04   -0.19096E+00    0.49292E-18    0.55018E-17
      1      34.553    0.10121E-04   -0.19487E+00    0.84341E-17    0.40913E-17
      1      34.112    0.10122E-04   -0.19898E+00   -0.22395E-16   -0.12912E-16
      1      33.670    0.10134E-04   -0.20326E+00   -0.25021E-16    0.65596E-17
      1      33.229    0.10156E-04   -0.20772E+00   -0.72829E-17    0.12004E-16
      1      32.788    0.10189E-04   -0.21232E+00    0.15261E-16   -0.59863E-17
      1      32.346    0.10231E-04   -0.21708E+00   -0.22760E-16    0.51225E-17
      1      31.905    0.10284E-04   -0.22196E+00    0.93859E-17    0.43004E-17
      1      31.463    0.10347E-04   -0.22697E+00    0.24307E-16   -0.12326E-16
      1      31.022    0.10419E-04   -0.23210E+00   -0.11534E-17   -0.11395E-16
      1      30.580    0.10503E-04   -0.23733E+00   -0.33334E-16    0.46014E-18
      1      30.139    0.10596E-04   -0.24267E+00    0.76914E-17    0.38082E-17
      1      29.697    0.10701E-04   -0.24811E+00    0.97469E-17    0.70153E-17
      1      29.256    0.10817E-04   -0.25366E+00    0.40438E-16   -0.11201E-16
      1      28.814    0.10944E-04   -0.25934E+00   -0.15455E-16   -0.26473E-17
      1      28.373    0.11084E-04   -0.26515E+00    0.50951E-16    0.35210E-17
      1      27.932    0.11237E-04   -0.27111E+00    0.20095E-16   -0.32209E-17
      1      27.490    0.11403E-04   -0.27725E+00   -0.47308E-17   -0.14889E-16
      1      27.049    0.11585E-04   -0.28359E+00   -0.10465E-16    0.78394E-17
      1      26.607    0.11783E-04   -0.29015E+00   -0.47612E-16   -0.44354E-17
      1      26.166    0.11998E-04   -0.29697E+00   -0.18213E-16    0.64784E-18
      1      25.724    0.12231E-04   -0.30407E+00   -0.40330E-16    0.15932E-16
      1      25.283    0.12484E-04   -0.31147E+00    0.10964E-16    0.93702E-17
      1      24.841    0.12756E-04   -0.31920E+00   -0.18216E-16   -0.40384E-17
      1      24.400    0.13049E-04   -0.32726E+00   -0.92123E-17    0.23675E-17
      1      23.958    0.13361E-04   -0.33563E+00   -0.50098E-16   -0.95310E-17
      1      23.517    0.13685E-04   -0.34420E+00   -0.14078E-15   -0.82117E-17
      1      23.076    0.14010E-04   -0.35271E+00   -0.11801E-15   -0.91028E-17
      1      22.634    0.14316E-04   -0.36063E+00   -0.11819E-16   -0.36790E-17
      1      22.193    0.14571E-04   -0.36710E+00   -0.94975E-16   -0.18297E-16
      1      21.751    0.14738E-04   -0.37111E+00   -0.18011E-15   -0.11680E-16
      1      21.310    0.14795E-04   -0.37199E+00   -0.13661E-15   -0.14851E-16
      1      20.868    0.14760E-04   -0.37047E+00   -0.59851E-16   -0.15233E-16
      1      20.427    0.14670E-04   -0.36760E+00   -0.91169E-16    0.12108E-16
      1      19.985    0.14556E-04   -0.36423E+00   -0.12084E-15    0.47038E-17
      1      19.544    0.14444E-04   -0.36088E+00   -0.25031E-16   -0.70184E-17
      1      19.103    0.14350E-04   -0.35775E+00   -0.49059E-16    0.40957E-17
      1      18.661    0.14283E-04   -0.35489E+00   -0.58884E-16   -0.12585E-16
      1      18.220    0.14248E-04   -0.35228E+00    0.96243E-16    0.19025E-16
      1      17.778    0.14250E-04   -0.34986E+00    0.26363E-16    0.66666E-17
      1      17.337    0.14292E-04   -0.34754E+00   -0.36843E-16   -0.54616E-17
      1      16.895    0.14377E-04   -0.34525E+00    0.19065E-16    0.89471E-17
      1      16.454    0.14507E-04   -0.34291E+00    0.87871E-17   -0.30297E-17
      1      16.012    0.14687E-04   -0.34044E+00    0.33773E-16    0.99907E-17
      1      15.571    0.14919E-04   -0.33777E+00    0.52525E-17   -0.11803E-16
      1      15.129    0.15206E-04   -0.33485E+00    0.20491E-16   -0.18320E-16
      1      14.688    0.15554E-04   -0.33159E+00    0.52495E-18   -0.18514E-16
      1      14.247    0.15964E-04   -0.32789E+00    0.26675E-16   -0.58031E-17
      1      13.805    0.16440E-04   -0.32365E+00    0.19933E-16    0.30268E-19
      1      13.364    0.16985E-04   -0.31879E+00   -0.18652E-16   -0.20786E-16
      1      12.922    0.17605E-04   -0.31327E+00    0.32622E-16    0.61253E-17
      1      12.481    0.18305E-04   -0.30708E+00   -0.15785E-16    0.96995E-17
      1      12.039    0.19092E-04   -0.30029E+00    0.41115E-16   -0.13664E-16
      1      11.598    0.19976E-04   -0.29305E+00    0.10660E-16   -0.48492E-17
      1      11.156    0.20971E-04   -0.28557E+00    0.30527E-16    0.69216E-17
      1      10.715    0.22091E-04   -0.27816E+00    0.35315E-16   -0.14858E-17
      1      10.273    0.23357E-04   -0.27115E+00    0.53800E-16   -0.34446E-17
      1       9.832    0.24787E-04   -0.26468E+00    0.17265E-16   -0.16293E-17
      1       9.391    0.26393E-04   -0.25858E+00   -0.53213E-17    0.33971E-17
      1       8.949    0.28177E-04   -0.25247E+00    0.19754E-16    0.91062E-17
      1       8.508    0.30133E-04   -0.24589E+00    0.10220E-16    0.90448E-18
      1       8.066    0.32250E-04   -0.23833E+00   -0.69821E-18    0.26834E-17
      1       7.625    0.34511E-04   -0.22937E+00    0.14876E-16    0.12867E-16
      1       7.183    0.36897E-04   -0.21873E+00    0.24941E-16   -0.10936E-17
      1       6.742    0.39393E-04   -0.20632E+00    0.44855E-16   -0.11262E-17
      1       6.300    0.41983E-04   -0.19222E+00    0.26073E-16   -0.13364E-17
      1       5.859    0.44665E-04   -0.17689E+00    0.31087E-16    0.46407E-17
      1       5.417    0.47490E-04   -0.16185E+00    0.45462E-16    0.54421E-17
      1       4.976    0.50505E-04   -0.14848E+00    0.33592E-16    0.35282E-17
      1       4.535    0.53737E-04   -0.13775E+00    0.23986E-16   -0.23021E-17
      1       4.093    0.57216E-04   -0.13076E+00    0.47820E-16    0.43323E-18
      1       3.652    0.61009E-04   -0.12915E+00    0.51577E-16    0.36400E-17
      1       3.210    0.65229E-04   -0.13516E+00    0.50085E-16    0.65212E-17
      1       2.769    0.69995E-04   -0.15103E+00    0.49644E-16   -0.60235E-17
      1       2.327    0.74936E-04   -0.17364E+00    0.57043E-16    0.18397E-17
      1       1.886    0.78094E-04   -0.18701E+00    0.56179E-16   -0.26124E-17
      1       1.444    0.76991E-04   -0.17727E+00    0.75531E-16    0.40536E-17
      1       1.003    0.69851E-04   -0.13977E+00    0.33084E-16    0.79957E-17
      1       0.561    0.55486E-04   -0.81948E-01    0.56451E-16   -0.10645E-17
      1       0.120    0.26977E-04   -0.19323E-01    0.47815E-16    0.40025E-17
