   3N SYSTEM INCLUSIVE  PHOTODESINTEGRATION
        DETECTED PARTICLE: 1- PROTON
        NOT DETECTED PARTICLES:2- PROTON  3-NEUTRON

      OMEGA 0.30000E+02
     MTTWE1,MTTWE2,MTTWE3=    1    1   -1
     TH1LAB,PHI1LAB=   120.000     0.000
   Unit of cross sections ... fm**2/(MeV*sr**2)
      I       E1      CROSS           AX           AY           AZ
      1      13.837    0.13347E-05   -0.92366E+00    0.26809E-18    0.18838E-17
      1      13.823    0.37613E-03   -0.91999E+00   -0.67567E-18   -0.19866E-17
      1      13.817    0.41800E-03   -0.91872E+00   -0.10202E-17   -0.11252E-17
      1      13.810    0.44154E-03   -0.91751E+00   -0.48509E-17   -0.55480E-17
      1      13.803    0.45466E-03   -0.91633E+00   -0.91349E-18    0.30665E-17
      1      13.797    0.46141E-03   -0.91518E+00    0.15785E-17   -0.36026E-17
      1      13.790    0.46413E-03   -0.91407E+00    0.11099E-17   -0.15114E-17
      1      13.783    0.46425E-03   -0.91299E+00    0.74789E-18    0.20711E-17
      1      13.777    0.46269E-03   -0.91194E+00    0.25138E-17   -0.18704E-17
      1      13.770    0.46006E-03   -0.91093E+00   -0.69060E-17   -0.12946E-17
      1      13.763    0.45677E-03   -0.90996E+00    0.12529E-17    0.24708E-18
      1      13.757    0.45309E-03   -0.90903E+00   -0.21914E-17   -0.22326E-17
      1      13.750    0.44924E-03   -0.90813E+00   -0.36245E-18   -0.27106E-17
      1      13.743    0.44533E-03   -0.90726E+00   -0.11318E-17   -0.15884E-18
      1      13.737    0.44141E-03   -0.90643E+00    0.18611E-17    0.46275E-17
      1      13.730    0.43753E-03   -0.90563E+00   -0.29173E-18    0.48523E-17
      1      13.723    0.43370E-03   -0.90486E+00    0.61978E-18   -0.34483E-17
      1      13.717    0.42994E-03   -0.90410E+00   -0.35941E-17   -0.44349E-17
      1      13.642    0.39306E-03   -0.89662E+00    0.99351E-18    0.26166E-17
      1      13.567    0.36491E-03   -0.89016E+00   -0.23135E-17   -0.78732E-18
      1      13.492    0.34390E-03   -0.88449E+00    0.41868E-17    0.28200E-17
      1      13.418    0.32796E-03   -0.87944E+00   -0.41386E-17    0.11306E-16
      1      13.343    0.31544E-03   -0.87480E+00    0.10988E-17   -0.73415E-17
      1      13.268    0.30527E-03   -0.87040E+00    0.72907E-17    0.83807E-17
      1      13.194    0.29677E-03   -0.86612E+00   -0.20329E-17   -0.76218E-17
      1      13.119    0.28948E-03   -0.86187E+00    0.22229E-17    0.96460E-18
      1      13.044    0.28310E-03   -0.85756E+00   -0.11879E-17    0.53388E-17
      1      12.970    0.27742E-03   -0.85315E+00   -0.53068E-17   -0.32596E-17
      1      12.895    0.27231E-03   -0.84861E+00   -0.14047E-17    0.81862E-17
      1      12.820    0.26769E-03   -0.84394E+00    0.12069E-16    0.17382E-16
      1      12.745    0.26353E-03   -0.83916E+00    0.34207E-18    0.24731E-16
      1      12.671    0.25979E-03   -0.83428E+00   -0.29053E-17   -0.15367E-16
      1      12.596    0.25643E-03   -0.82931E+00    0.15375E-16    0.16721E-16
      1      12.521    0.25343E-03   -0.82426E+00   -0.10518E-16    0.55817E-17
      1      12.447    0.25075E-03   -0.81914E+00   -0.81308E-17    0.25354E-16
      1      12.372    0.24837E-03   -0.81394E+00    0.54111E-17    0.45217E-17
      1      12.297    0.24626E-03   -0.80866E+00    0.88948E-17   -0.51695E-17
      1      12.222    0.24440E-03   -0.80330E+00    0.22299E-17    0.86557E-17
      1      12.148    0.24276E-03   -0.79786E+00    0.63594E-17   -0.18296E-16
      1      12.073    0.24133E-03   -0.79233E+00    0.44877E-17    0.15542E-16
      1      11.998    0.24010E-03   -0.78671E+00    0.64962E-17    0.31502E-17
      1      11.924    0.23907E-03   -0.78101E+00    0.21885E-16   -0.44911E-17
      1      11.849    0.23824E-03   -0.77524E+00   -0.12980E-16   -0.45120E-17
      1      11.774    0.23759E-03   -0.76942E+00    0.37948E-17    0.20474E-16
      1      11.700    0.23714E-03   -0.76355E+00    0.14146E-16    0.24201E-17
      1      11.625    0.23688E-03   -0.75766E+00   -0.19375E-19    0.18897E-16
      1      11.550    0.23680E-03   -0.75177E+00    0.34364E-17   -0.23525E-16
      1      11.475    0.23690E-03   -0.74589E+00    0.41875E-17    0.11304E-16
      1      11.401    0.23719E-03   -0.74006E+00    0.88326E-17   -0.93291E-17
      1      11.326    0.23765E-03   -0.73427E+00   -0.17823E-17    0.42880E-18
      1      11.251    0.23828E-03   -0.72856E+00    0.15953E-16   -0.25931E-16
      1      11.177    0.23908E-03   -0.72293E+00    0.19655E-16    0.37895E-16
      1      11.102    0.24002E-03   -0.71738E+00   -0.47575E-17    0.75685E-17
      1      11.027    0.24112E-03   -0.71192E+00    0.29139E-16   -0.21026E-16
      1      10.952    0.24234E-03   -0.70655E+00   -0.35552E-17   -0.51626E-17
      1      10.878    0.24370E-03   -0.70125E+00   -0.69947E-17   -0.41557E-16
      1      10.803    0.24517E-03   -0.69603E+00    0.33434E-16    0.27447E-16
      1      10.728    0.24675E-03   -0.69088E+00    0.10105E-17    0.80749E-17
      1      10.654    0.24843E-03   -0.68580E+00   -0.19210E-16    0.44527E-16
      1      10.579    0.25021E-03   -0.68080E+00   -0.14635E-16    0.42685E-16
      1      10.504    0.25210E-03   -0.67586E+00   -0.18367E-17   -0.14666E-17
      1      10.430    0.25408E-03   -0.67101E+00    0.52595E-16   -0.52305E-16
      1      10.355    0.25617E-03   -0.66624E+00    0.18341E-16    0.42789E-17
      1      10.280    0.25836E-03   -0.66157E+00   -0.19524E-16    0.24662E-16
      1      10.205    0.26066E-03   -0.65701E+00   -0.89060E-18   -0.15865E-17
      1      10.131    0.26308E-03   -0.65257E+00   -0.90351E-18    0.26068E-17
      1      10.056    0.26562E-03   -0.64826E+00   -0.12236E-16    0.55594E-18
      1       9.981    0.26828E-03   -0.64407E+00   -0.13977E-16    0.54239E-17
      1       9.907    0.27107E-03   -0.64002E+00    0.13816E-16    0.94088E-17
      1       9.832    0.27398E-03   -0.63611E+00   -0.16679E-16    0.31865E-16
      1       9.757    0.27703E-03   -0.63233E+00   -0.13696E-16    0.29996E-16
      1       9.682    0.28020E-03   -0.62869E+00   -0.14070E-16   -0.92907E-17
      1       9.608    0.28349E-03   -0.62519E+00   -0.16057E-16    0.19832E-16
      1       9.533    0.28691E-03   -0.62182E+00   -0.28520E-16    0.67346E-18
      1       9.458    0.29044E-03   -0.61857E+00    0.51716E-17    0.18077E-16
      1       9.384    0.29410E-03   -0.61545E+00    0.14308E-16   -0.49399E-17
      1       9.309    0.29787E-03   -0.61244E+00    0.19337E-16    0.65152E-17
      1       9.234    0.30175E-03   -0.60954E+00    0.14280E-16    0.17278E-16
      1       9.159    0.30574E-03   -0.60673E+00    0.22463E-16   -0.32109E-16
      1       9.085    0.30983E-03   -0.60401E+00   -0.27519E-16    0.66635E-17
      1       9.010    0.31402E-03   -0.60136E+00    0.81371E-17    0.31268E-16
      1       8.935    0.31832E-03   -0.59878E+00   -0.37500E-16    0.12156E-16
      1       8.861    0.32272E-03   -0.59627E+00    0.24572E-16   -0.30632E-16
      1       8.786    0.32723E-03   -0.59381E+00    0.68299E-18    0.34957E-16
      1       8.711    0.33186E-03   -0.59142E+00    0.35594E-17    0.14419E-16
      1       8.637    0.33661E-03   -0.58908E+00   -0.31725E-16   -0.20339E-16
      1       8.562    0.34149E-03   -0.58681E+00    0.11312E-16    0.22637E-16
      1       8.487    0.34652E-03   -0.58460E+00    0.17923E-17    0.17887E-17
      1       8.412    0.35169E-03   -0.58248E+00   -0.13771E-16    0.39012E-16
      1       8.338    0.35702E-03   -0.58044E+00   -0.20783E-16    0.24456E-16
      1       8.263    0.36253E-03   -0.57849E+00    0.28796E-16   -0.18208E-16
      1       8.188    0.36822E-03   -0.57666E+00    0.22863E-16    0.44356E-18
      1       8.114    0.37410E-03   -0.57494E+00   -0.12844E-16    0.13293E-16
      1       8.039    0.38019E-03   -0.57335E+00    0.10581E-16   -0.23629E-16
      1       7.964    0.38648E-03   -0.57188E+00    0.30551E-18    0.49993E-17
      1       7.889    0.39298E-03   -0.57053E+00    0.18407E-16    0.42130E-17
      1       7.815    0.39970E-03   -0.56931E+00    0.38003E-16    0.27120E-16
      1       7.740    0.40663E-03   -0.56821E+00    0.15201E-16    0.62749E-17
      1       7.665    0.41378E-03   -0.56722E+00   -0.11591E-16    0.56340E-18
      1       7.591    0.42116E-03   -0.56636E+00   -0.12278E-16    0.11518E-16
      1       7.516    0.42876E-03   -0.56561E+00   -0.28952E-16    0.60838E-17
      1       7.441    0.43659E-03   -0.56497E+00   -0.14801E-16    0.37267E-16
      1       7.367    0.44466E-03   -0.56444E+00    0.26445E-16    0.15040E-16
      1       7.292    0.45297E-03   -0.56401E+00    0.24220E-16    0.18774E-16
      1       7.217    0.46152E-03   -0.56367E+00    0.65595E-17   -0.83570E-17
      1       7.142    0.47031E-03   -0.56344E+00   -0.31489E-16    0.19903E-16
      1       7.068    0.47935E-03   -0.56328E+00    0.22852E-16    0.35325E-16
      1       6.993    0.48864E-03   -0.56322E+00    0.84566E-17    0.16343E-16
      1       6.918    0.49818E-03   -0.56323E+00    0.34057E-16    0.22723E-16
      1       6.844    0.50799E-03   -0.56332E+00   -0.31254E-16    0.17297E-16
      1       6.769    0.51807E-03   -0.56349E+00   -0.14291E-17    0.17776E-16
      1       6.694    0.52843E-03   -0.56373E+00   -0.30877E-16    0.14764E-16
      1       6.619    0.53908E-03   -0.56405E+00   -0.77329E-17    0.82311E-17
      1       6.545    0.55003E-03   -0.56444E+00    0.48297E-16    0.34401E-16
      1       6.470    0.56130E-03   -0.56492E+00    0.74297E-17   -0.30089E-17
      1       6.395    0.57290E-03   -0.56547E+00    0.95905E-18    0.73676E-17
      1       6.321    0.58484E-03   -0.56611E+00    0.53917E-16    0.56310E-17
      1       6.246    0.59714E-03   -0.56683E+00    0.23682E-16    0.13920E-16
      1       6.171    0.60982E-03   -0.56765E+00   -0.78746E-16    0.30756E-16
      1       6.097    0.62290E-03   -0.56855E+00    0.50563E-16   -0.14574E-16
      1       6.022    0.63637E-03   -0.56955E+00   -0.92853E-17    0.67142E-17
      1       5.947    0.65026E-03   -0.57064E+00    0.54417E-16    0.13973E-16
      1       5.872    0.66457E-03   -0.57182E+00    0.21942E-17    0.17584E-16
      1       5.798    0.67931E-03   -0.57309E+00    0.25532E-16    0.28395E-16
      1       5.723    0.69450E-03   -0.57445E+00   -0.37432E-16   -0.16597E-18
      1       5.648    0.71014E-03   -0.57590E+00   -0.42615E-16   -0.17420E-16
      1       5.574    0.72624E-03   -0.57744E+00    0.29616E-16    0.11656E-16
      1       5.499    0.74282E-03   -0.57907E+00    0.68025E-16    0.10185E-16
      1       5.424    0.75988E-03   -0.58079E+00    0.58612E-16    0.11246E-16
      1       5.349    0.77745E-03   -0.58259E+00   -0.40422E-16   -0.83463E-17
      1       5.275    0.79553E-03   -0.58448E+00    0.15780E-17    0.29788E-16
      1       5.200    0.81414E-03   -0.58647E+00    0.27426E-16    0.11365E-16
      1       5.125    0.83329E-03   -0.58854E+00   -0.54214E-16    0.12181E-16
      1       5.051    0.85300E-03   -0.59070E+00   -0.10481E-16   -0.36468E-17
      1       4.976    0.87328E-03   -0.59295E+00   -0.53504E-16   -0.45497E-17
      1       4.901    0.89416E-03   -0.59529E+00   -0.21496E-16   -0.30829E-17
      1       4.827    0.91565E-03   -0.59773E+00   -0.40260E-16    0.84615E-19
      1       4.752    0.93777E-03   -0.60025E+00    0.40620E-16    0.25474E-17
      1       4.677    0.96052E-03   -0.60286E+00   -0.71732E-16   -0.66792E-17
      1       4.602    0.98392E-03   -0.60556E+00    0.85352E-16    0.17536E-16
      1       4.528    0.10080E-02   -0.60834E+00   -0.82540E-16    0.13132E-16
      1       4.453    0.10327E-02   -0.61122E+00    0.18502E-16    0.89089E-17
      1       4.378    0.10582E-02   -0.61418E+00    0.56448E-16   -0.37027E-17
      1       4.304    0.10844E-02   -0.61722E+00    0.70828E-16   -0.54196E-18
      1       4.229    0.11113E-02   -0.62035E+00    0.10271E-15   -0.65222E-17
      1       4.154    0.11389E-02   -0.62355E+00   -0.57021E-16   -0.82633E-17
      1       4.079    0.11671E-02   -0.62681E+00    0.14779E-15    0.94158E-17
      1       4.005    0.11959E-02   -0.63008E+00    0.26938E-16   -0.83480E-17
      1       3.930    0.12251E-02   -0.63334E+00    0.46121E-16   -0.97888E-17
      1       3.855    0.12543E-02   -0.63652E+00   -0.13517E-16    0.26644E-17
      1       3.781    0.12832E-02   -0.63953E+00    0.15966E-16    0.19503E-17
      1       3.706    0.13112E-02   -0.64227E+00   -0.61920E-16   -0.54198E-17
      1       3.631    0.13377E-02   -0.64463E+00   -0.71730E-16   -0.10687E-16
      1       3.557    0.13620E-02   -0.64645E+00    0.61252E-16    0.83902E-17
      1       3.482    0.13830E-02   -0.64760E+00    0.18923E-15   -0.16672E-16
      1       3.407    0.14000E-02   -0.64792E+00    0.83619E-16    0.14573E-16
      1       3.332    0.14119E-02   -0.64724E+00    0.11258E-15   -0.62742E-17
      1       3.258    0.14180E-02   -0.64543E+00    0.11021E-15   -0.19331E-16
      1       3.183    0.14177E-02   -0.64235E+00   -0.19308E-16    0.10677E-17
      1       3.108    0.14108E-02   -0.63793E+00   -0.62255E-17   -0.18071E-16
      1       3.034    0.13976E-02   -0.63220E+00    0.14165E-15   -0.13883E-17
      1       2.959    0.13788E-02   -0.62519E+00   -0.95239E-16   -0.13057E-16
      1       2.884    0.13551E-02   -0.61699E+00   -0.77071E-16   -0.19061E-17
      1       2.809    0.13275E-02   -0.60770E+00    0.11745E-15    0.13413E-16
      1       2.735    0.12969E-02   -0.59744E+00    0.17423E-15   -0.99915E-17
      1       2.660    0.12643E-02   -0.58634E+00    0.10259E-15    0.53513E-17
      1       2.585    0.12303E-02   -0.57451E+00    0.13813E-15   -0.15193E-16
      1       2.511    0.11956E-02   -0.56207E+00    0.14638E-15   -0.46636E-17
      1       2.436    0.11607E-02   -0.54911E+00   -0.57470E-16   -0.16579E-16
      1       2.361    0.11259E-02   -0.53568E+00   -0.17736E-16   -0.14851E-16
      1       2.286    0.10914E-02   -0.52184E+00   -0.91088E-16    0.79630E-17
      1       2.212    0.10573E-02   -0.50760E+00    0.43667E-17    0.33456E-17
      1       2.137    0.10238E-02   -0.49300E+00   -0.90382E-17    0.71576E-17
      1       2.062    0.99096E-03   -0.47806E+00   -0.31072E-16    0.16576E-16
      1       1.988    0.95882E-03   -0.46280E+00    0.99737E-16    0.37391E-17
      1       1.913    0.92745E-03   -0.44726E+00    0.35800E-16   -0.11223E-16
      1       1.838    0.89689E-03   -0.43147E+00   -0.45266E-16    0.76004E-17
      1       1.764    0.86715E-03   -0.41546E+00    0.21727E-16   -0.13920E-17
      1       1.689    0.83823E-03   -0.39926E+00    0.59917E-16    0.15747E-16
      1       1.614    0.81012E-03   -0.38291E+00    0.72762E-16    0.13547E-16
      1       1.539    0.78280E-03   -0.36643E+00    0.45709E-17   -0.96391E-17
      1       1.465    0.75623E-03   -0.34986E+00    0.13265E-16    0.65487E-17
      1       1.390    0.73038E-03   -0.33325E+00    0.80274E-16   -0.85841E-17
      1       1.315    0.70519E-03   -0.31663E+00    0.24842E-16    0.21644E-16
      1       1.241    0.68053E-03   -0.30000E+00   -0.72945E-17   -0.11952E-16
      1       1.166    0.65624E-03   -0.28330E+00    0.34527E-16   -0.14572E-16
      1       1.091    0.63215E-03   -0.26645E+00    0.13879E-16    0.10175E-16
      1       1.016    0.60806E-03   -0.24938E+00    0.37279E-16   -0.17521E-16
      1       0.942    0.58379E-03   -0.23199E+00    0.56926E-16   -0.32927E-19
      1       0.867    0.55915E-03   -0.21421E+00    0.11012E-16   -0.94713E-17
      1       0.792    0.53395E-03   -0.19596E+00    0.43684E-16   -0.11296E-16
      1       0.718    0.50801E-03   -0.17723E+00    0.89576E-16    0.13104E-16
      1       0.643    0.48113E-03   -0.15810E+00    0.49372E-16    0.11063E-16
      1       0.568    0.45322E-03   -0.13895E+00    0.39050E-16    0.33002E-17
      1       0.494    0.42399E-03   -0.12012E+00    0.12918E-15   -0.33388E-16
      1       0.419    0.39286E-03   -0.10182E+00    0.77258E-16    0.60400E-17
      1       0.344    0.35898E-03   -0.84215E-01    0.78783E-16   -0.24701E-16
      1       0.269    0.32105E-03   -0.67675E-01    0.31896E-16   -0.41254E-17
      1       0.195    0.27677E-03   -0.52711E-01    0.95053E-16    0.80473E-17
      1       0.120    0.22036E-03   -0.36144E-01    0.71663E-16   -0.22411E-16
