   3N SYSTEM INCLUSIVE  PHOTODESINTEGRATION
        DETECTED PARTICLE: 1- PROTON
        NOT DETECTED PARTICLES:2- PROTON  3-NEUTRON

      OMEGA 0.12000E+03
     MTTWE1,MTTWE2,MTTWE3=    1    1   -1
     TH1LAB,PHI1LAB=     0.000     0.000
   Unit of cross sections ... fm**2/(MeV*sr**2)
      I       E1      CROSS           AX           AY           AZ
      1      89.791    0.45779E-07    0.10211E-17   -0.15358E-20    0.15730E-16
      1      89.778    0.13653E-04    0.80363E-18   -0.40930E-21   -0.11141E-16
      1      89.771    0.15561E-04    0.88272E-18    0.28210E-20   -0.99454E-17
      1      89.765    0.16848E-04    0.99023E-18    0.34600E-20    0.16682E-16
      1      89.758    0.17766E-04    0.11557E-17    0.23919E-20   -0.17060E-16
      1      89.751    0.18444E-04    0.13156E-17    0.49529E-20   -0.11102E-16
      1      89.745    0.18959E-04    0.15283E-17    0.77161E-20   -0.82633E-17
      1      89.738    0.19357E-04    0.17266E-17    0.31146E-20    0.84962E-16
      1      89.731    0.19670E-04    0.20047E-17    0.20182E-20    0.26085E-16
      1      89.725    0.19918E-04    0.23193E-17    0.46737E-20   -0.41785E-17
      1      89.718    0.20118E-04    0.26239E-17    0.12893E-19   -0.12404E-16
      1      89.711    0.20281E-04    0.29668E-17    0.83516E-20    0.28975E-16
      1      89.705    0.20415E-04    0.32301E-17    0.86723E-20    0.41246E-16
      1      89.698    0.20525E-04    0.35893E-17    0.49853E-20    0.22470E-16
      1      89.691    0.20617E-04    0.39688E-17    0.55654E-20    0.72250E-16
      1      89.685    0.20695E-04    0.42937E-17    0.22249E-19    0.26166E-16
      1      89.678    0.20761E-04    0.47306E-17    0.11962E-19    0.26661E-16
      1      89.671    0.20818E-04    0.51773E-17    0.25549E-19   -0.23809E-16
      1      89.179    0.22047E-04    0.37404E-16    0.52024E-19   -0.76348E-17
      1      88.687    0.22638E-04    0.67556E-16    0.37299E-18    0.13518E-16
      1      88.195    0.23127E-04    0.94775E-16    0.32493E-18   -0.56872E-17
      1      87.703    0.23496E-04    0.12021E-15    0.71152E-18   -0.60954E-17
      1      87.211    0.23807E-04    0.14488E-15    0.75685E-18    0.28254E-16
      1      86.719    0.24138E-04    0.17703E-15    0.11204E-17    0.94905E-17
      1      86.227    0.24559E-04    0.20388E-15    0.10532E-17   -0.16213E-17
      1      85.735    0.25122E-04    0.23970E-15    0.79929E-18    0.11515E-16
      1      85.243    0.25844E-04    0.27426E-15    0.70933E-18    0.16854E-16
      1      84.751    0.26695E-04    0.31460E-15    0.62990E-18    0.26483E-16
      1      84.259    0.27642E-04    0.35377E-15    0.12198E-17    0.10626E-16
      1      83.767    0.28659E-04    0.39357E-15    0.12736E-17    0.12511E-16
      1      83.275    0.29718E-04    0.43491E-15    0.16236E-17   -0.11402E-16
      1      82.783    0.30799E-04    0.47427E-15   -0.29055E-18   -0.55446E-17
      1      82.291    0.31882E-04    0.51496E-15    0.15733E-17    0.28100E-16
      1      81.799    0.32950E-04    0.55904E-15    0.12557E-17   -0.28160E-17
      1      81.307    0.33988E-04    0.59757E-15    0.25198E-17    0.57507E-17
      1      80.815    0.34984E-04    0.64255E-15    0.25604E-17    0.10895E-17
      1      80.323    0.35925E-04    0.66813E-15    0.19549E-17    0.18200E-17
      1      79.830    0.36803E-04    0.73146E-15    0.14935E-17    0.71900E-17
      1      79.338    0.37609E-04    0.75692E-15    0.24399E-17    0.51754E-17
      1      78.846    0.38344E-04    0.80708E-15    0.35523E-17   -0.10105E-16
      1      78.354    0.39007E-04    0.83212E-15    0.17237E-17    0.65205E-17
      1      77.862    0.39596E-04    0.88471E-15    0.10719E-17    0.70104E-17
      1      77.370    0.40108E-04    0.92217E-15    0.23004E-17   -0.55132E-17
      1      76.878    0.40538E-04    0.98113E-15    0.17611E-17    0.21141E-17
      1      76.386    0.40885E-04    0.10103E-14    0.30242E-17   -0.48024E-17
      1      75.894    0.41144E-04    0.10600E-14    0.48300E-17    0.51485E-17
      1      75.402    0.41315E-04    0.11075E-14    0.80597E-17   -0.16035E-17
      1      74.910    0.41394E-04    0.11357E-14    0.63918E-17   -0.31177E-17
      1      74.418    0.41384E-04    0.11725E-14   -0.42070E-17    0.23159E-17
      1      73.926    0.41285E-04    0.11832E-14    0.35350E-17    0.25806E-17
      1      73.434    0.41101E-04    0.12153E-14    0.25853E-17   -0.68850E-17
      1      72.942    0.40836E-04    0.12603E-14    0.66032E-17   -0.27984E-17
      1      72.450    0.40494E-04    0.12992E-14    0.66751E-17    0.37086E-17
      1      71.958    0.40079E-04    0.12901E-14    0.41004E-17   -0.92468E-17
      1      71.466    0.39598E-04    0.13276E-14    0.36987E-17   -0.27722E-17
      1      70.974    0.39054E-04    0.13377E-14    0.80018E-17   -0.11236E-16
      1      70.482    0.38453E-04    0.13759E-14    0.37337E-17   -0.52268E-17
      1      69.990    0.37798E-04    0.14248E-14    0.31714E-17   -0.13556E-16
      1      69.498    0.37094E-04    0.14364E-14    0.60185E-17    0.44763E-17
      1      69.006    0.36343E-04    0.14148E-14    0.84179E-17   -0.65720E-18
      1      68.514    0.35550E-04    0.14376E-14    0.29393E-17   -0.14214E-16
      1      68.022    0.34719E-04    0.14650E-14    0.27736E-17    0.87568E-17
      1      67.529    0.33853E-04    0.14736E-14    0.44093E-17   -0.48491E-17
      1      67.037    0.32957E-04    0.14967E-14    0.51952E-17   -0.10947E-16
      1      66.545    0.32036E-04    0.15053E-14    0.17627E-17    0.26760E-17
      1      66.053    0.31097E-04    0.14755E-14    0.56263E-17   -0.76758E-17
      1      65.561    0.30145E-04    0.15232E-14    0.27555E-17    0.10497E-16
      1      65.069    0.29187E-04    0.14951E-14    0.17270E-17   -0.10752E-16
      1      64.577    0.28228E-04    0.15373E-14    0.12480E-17   -0.12155E-16
      1      64.085    0.27273E-04    0.15630E-14    0.26812E-17   -0.51415E-17
      1      63.593    0.26328E-04    0.15509E-14   -0.12326E-16   -0.12219E-16
      1      63.101    0.25398E-04    0.15463E-14    0.44765E-17   -0.71353E-17
      1      62.609    0.24487E-04    0.15730E-14   -0.40100E-17   -0.43779E-17
      1      62.117    0.23599E-04    0.15744E-14    0.26955E-17   -0.13204E-16
      1      61.625    0.22737E-04    0.15833E-14   -0.72516E-17   -0.28923E-17
      1      61.133    0.21905E-04    0.15793E-14    0.42418E-17   -0.20502E-16
      1      60.641    0.21106E-04    0.16051E-14    0.41700E-17   -0.36537E-17
      1      60.149    0.20342E-04    0.16163E-14   -0.79470E-17   -0.22057E-17
      1      59.657    0.19613E-04    0.15909E-14    0.54832E-17   -0.52518E-17
      1      59.165    0.18921E-04    0.16490E-14    0.37932E-17   -0.74160E-17
      1      58.673    0.18266E-04    0.16567E-14    0.25783E-17   -0.14591E-16
      1      58.181    0.17647E-04    0.16737E-14    0.15867E-17   -0.12755E-16
      1      57.689    0.17063E-04    0.16824E-14    0.99362E-17   -0.13738E-16
      1      57.197    0.16512E-04    0.17017E-14   -0.65461E-18    0.11767E-17
      1      56.705    0.15994E-04    0.17037E-14    0.76875E-17   -0.47692E-17
      1      56.213    0.15507E-04    0.17520E-14    0.32305E-17   -0.56097E-17
      1      55.721    0.15049E-04    0.17853E-14   -0.75165E-19   -0.98506E-17
      1      55.228    0.14618E-04    0.17673E-14    0.22857E-17   -0.11036E-17
      1      54.736    0.14212E-04    0.18829E-14    0.12697E-16   -0.45502E-17
      1      54.244    0.13829E-04    0.18814E-14    0.15328E-17   -0.14358E-16
      1      53.752    0.13468E-04    0.19475E-14   -0.51019E-17    0.54771E-17
      1      53.260    0.13126E-04    0.19231E-14    0.74235E-17    0.41663E-17
      1      52.768    0.12803E-04    0.19761E-14    0.13035E-16   -0.43817E-17
      1      52.276    0.12498E-04    0.20207E-14   -0.34939E-18   -0.34122E-17
      1      51.784    0.12209E-04    0.19855E-14    0.22703E-17   -0.59244E-19
      1      51.292    0.11935E-04    0.19927E-14   -0.24797E-17   -0.43944E-17
      1      50.800    0.11676E-04    0.20604E-14    0.85160E-17    0.37037E-17
      1      50.308    0.11431E-04    0.20892E-14   -0.41347E-17   -0.42831E-17
      1      49.816    0.11199E-04    0.21250E-14   -0.28948E-17    0.78947E-17
      1      49.324    0.10979E-04    0.20424E-14    0.27236E-17    0.28958E-17
      1      48.832    0.10771E-04    0.21754E-14   -0.11902E-17    0.24558E-17
      1      48.340    0.10575E-04    0.21783E-14    0.30835E-17    0.27685E-17
      1      47.848    0.10388E-04    0.22185E-14    0.15279E-17   -0.62460E-17
      1      47.356    0.10212E-04    0.22702E-14    0.50702E-17    0.46340E-17
      1      46.864    0.10045E-04    0.22189E-14   -0.78543E-17    0.12176E-16
      1      46.372    0.98866E-05    0.22357E-14   -0.88233E-18   -0.79993E-17
      1      45.880    0.97363E-05    0.22676E-14    0.78698E-17   -0.84919E-17
      1      45.388    0.95936E-05    0.22709E-14   -0.32386E-18    0.38321E-18
      1      44.896    0.94581E-05    0.23326E-14   -0.82714E-18   -0.57165E-17
      1      44.404    0.93293E-05    0.23400E-14   -0.42670E-17    0.15234E-17
      1      43.912    0.92069E-05    0.23831E-14   -0.30274E-17    0.26827E-17
      1      43.420    0.90907E-05    0.23761E-14   -0.35867E-17   -0.71217E-17
      1      42.927    0.89802E-05    0.23760E-14   -0.34243E-17    0.27596E-18
      1      42.435    0.88751E-05    0.23905E-14    0.37866E-17    0.12724E-17
      1      41.943    0.87753E-05    0.24384E-14   -0.36032E-17   -0.71094E-17
      1      41.451    0.86805E-05    0.23653E-14    0.26525E-18    0.79080E-17
      1      40.959    0.85905E-05    0.24119E-14   -0.53303E-18   -0.32590E-17
      1      40.467    0.85052E-05    0.24077E-14   -0.11075E-16    0.81217E-17
      1      39.975    0.84244E-05    0.24240E-14   -0.74422E-17    0.22573E-16
      1      39.483    0.83481E-05    0.24741E-14   -0.10121E-17   -0.17870E-17
      1      38.991    0.82763E-05    0.24582E-14    0.11497E-16   -0.40589E-18
      1      38.499    0.82088E-05    0.24345E-14   -0.49466E-18   -0.57006E-17
      1      38.007    0.81457E-05    0.25152E-14   -0.15673E-16   -0.74022E-17
      1      37.515    0.80869E-05    0.24819E-14   -0.55660E-17   -0.10717E-16
      1      37.023    0.80325E-05    0.24648E-14    0.31126E-17   -0.30437E-17
      1      36.531    0.79825E-05    0.24759E-14   -0.16091E-16   -0.62149E-17
      1      36.039    0.79370E-05    0.24562E-14    0.14518E-17   -0.11266E-16
      1      35.547    0.78959E-05    0.24530E-14   -0.71338E-17   -0.17492E-16
      1      35.055    0.78594E-05    0.24705E-14    0.21344E-17   -0.10543E-16
      1      34.563    0.78274E-05    0.24275E-14   -0.10991E-16   -0.18158E-16
      1      34.071    0.78000E-05    0.24605E-14   -0.36382E-17   -0.21674E-16
      1      33.579    0.77771E-05    0.24606E-14    0.11352E-16   -0.44018E-17
      1      33.087    0.77590E-05    0.24279E-14    0.84907E-17   -0.93657E-17
      1      32.595    0.77457E-05    0.23943E-14   -0.10760E-17   -0.18227E-16
      1      32.103    0.77373E-05    0.23398E-14   -0.89779E-18   -0.25267E-16
      1      31.611    0.77342E-05    0.24054E-14   -0.78910E-17   -0.21286E-16
      1      31.119    0.77365E-05    0.23277E-14    0.16506E-17   -0.14286E-16
      1      30.626    0.77445E-05    0.23008E-14   -0.61267E-17   -0.17787E-16
      1      30.134    0.77585E-05    0.22712E-14    0.39961E-17   -0.19897E-16
      1      29.642    0.77783E-05    0.22408E-14   -0.98379E-17   -0.13713E-16
      1      29.150    0.78028E-05    0.22627E-14   -0.36224E-17   -0.21765E-16
      1      28.658    0.78295E-05    0.22084E-14   -0.16069E-16   -0.16790E-16
      1      28.166    0.78533E-05    0.21861E-14   -0.76605E-17   -0.14169E-16
      1      27.674    0.78663E-05    0.21928E-14   -0.69150E-17   -0.35716E-16
      1      27.182    0.78583E-05    0.21043E-14    0.56088E-17   -0.21916E-16
      1      26.690    0.78221E-05    0.20952E-14   -0.22194E-17   -0.35423E-16
      1      26.198    0.77596E-05    0.20870E-14   -0.95008E-17   -0.33736E-16
      1      25.706    0.76803E-05    0.20612E-14   -0.12398E-17   -0.24541E-16
      1      25.214    0.75948E-05    0.20624E-14    0.27377E-17   -0.32339E-16
      1      24.722    0.75117E-05    0.19748E-14   -0.49126E-17   -0.41759E-16
      1      24.230    0.74365E-05    0.20688E-14   -0.13405E-17   -0.39748E-16
      1      23.738    0.73728E-05    0.19704E-14    0.58149E-17   -0.40030E-16
      1      23.246    0.73227E-05    0.19927E-14    0.17103E-16   -0.41587E-16
      1      22.754    0.72881E-05    0.18385E-14    0.42280E-17   -0.52577E-16
      1      22.262    0.72708E-05    0.17976E-14    0.44877E-18   -0.40702E-16
      1      21.770    0.72726E-05    0.16991E-14    0.20019E-16   -0.51736E-16
      1      21.278    0.72956E-05    0.16636E-14   -0.78117E-17   -0.45260E-16
      1      20.786    0.73423E-05    0.15487E-14    0.40268E-17   -0.49909E-16
      1      20.294    0.74152E-05    0.14038E-14    0.16980E-16   -0.51304E-16
      1      19.802    0.75171E-05    0.13633E-14    0.20596E-16   -0.62065E-16
      1      19.310    0.76509E-05    0.12491E-14    0.20872E-16   -0.47316E-16
      1      18.818    0.78195E-05    0.11517E-14    0.27781E-16   -0.59787E-16
      1      18.325    0.80259E-05    0.10565E-14    0.25280E-16   -0.70028E-16
      1      17.833    0.82734E-05    0.93347E-15    0.32687E-16   -0.62090E-16
      1      17.341    0.85651E-05    0.83886E-15    0.21229E-16   -0.57110E-16
      1      16.849    0.89046E-05    0.76511E-15    0.37925E-16   -0.72529E-16
      1      16.357    0.92956E-05    0.60950E-15    0.42618E-16   -0.52731E-16
      1      15.865    0.97418E-05    0.61411E-15    0.50034E-16   -0.46317E-16
      1      15.373    0.10247E-04    0.53176E-15    0.65191E-16   -0.55003E-16
      1      14.881    0.10817E-04    0.45343E-15    0.59601E-16   -0.53644E-16
      1      14.389    0.11454E-04    0.42419E-15    0.44549E-16   -0.52847E-16
      1      13.897    0.12169E-04    0.39619E-15    0.57672E-16   -0.44772E-16
      1      13.405    0.12972E-04    0.35075E-15    0.45050E-16   -0.55185E-16
      1      12.913    0.13875E-04    0.40466E-15    0.72943E-16   -0.36338E-16
      1      12.421    0.14893E-04    0.35103E-15    0.85283E-16   -0.37741E-16
      1      11.929    0.16042E-04    0.46381E-15    0.10405E-15   -0.51390E-16
      1      11.437    0.17338E-04    0.50867E-15    0.10564E-15   -0.40774E-16
      1      10.945    0.18801E-04    0.41752E-15    0.93538E-16   -0.33844E-16
      1      10.453    0.20451E-04    0.48001E-15    0.10602E-15   -0.31248E-16
      1       9.961    0.22309E-04    0.49926E-15    0.91479E-16   -0.44849E-16
      1       9.469    0.24398E-04    0.52637E-15    0.60869E-16   -0.21964E-16
      1       8.977    0.26728E-04    0.48356E-15    0.10401E-15   -0.33902E-16
      1       8.485    0.29284E-04    0.54788E-15    0.83925E-16   -0.34607E-16
      1       7.993    0.32047E-04    0.60967E-15    0.16941E-15   -0.17517E-16
      1       7.501    0.34984E-04    0.60819E-15    0.50972E-16   -0.24991E-16
      1       7.009    0.38060E-04    0.73318E-15    0.90447E-16   -0.27350E-16
      1       6.517    0.41233E-04    0.73622E-15    0.12631E-15   -0.16173E-16
      1       6.024    0.44456E-04    0.94243E-15    0.81800E-16   -0.16306E-16
      1       5.532    0.47680E-04    0.98852E-15    0.89619E-16   -0.16752E-16
      1       5.040    0.50949E-04    0.12315E-14    0.87010E-16   -0.55736E-17
      1       4.548    0.54436E-04    0.11635E-14    0.83991E-16   -0.15172E-16
      1       4.056    0.58232E-04    0.11936E-14    0.76564E-16   -0.13860E-16
      1       3.564    0.62321E-04    0.12180E-14    0.90290E-16   -0.18000E-16
      1       3.072    0.66537E-04    0.12699E-14    0.94285E-16   -0.16087E-16
      1       2.580    0.70460E-04    0.12780E-14    0.11682E-15   -0.83337E-17
      1       2.088    0.73118E-04    0.11819E-14    0.63691E-16   -0.10671E-16
      1       1.596    0.72877E-04    0.11652E-14    0.50398E-16   -0.11910E-16
      1       1.104    0.67666E-04    0.12171E-14    0.73854E-16   -0.11226E-16
      1       0.612    0.54813E-04    0.13981E-14    0.58656E-16   -0.10299E-16
      1       0.120    0.26648E-04    0.14072E-14    0.88731E-16   -0.63778E-17
