   Unit of cross sections ... fm**2/(MeV*sr**2)
      I       SLANGE      CROSS          E1         E2         E3
      1       0.500    0.9961E-08       60.368     0.009    31.905
      2       1.003    0.3694E-07       59.866     0.034    32.382
      3       1.500    0.7652E-07       59.370     0.074    32.838
      4       2.005    0.1267E-06       58.868     0.129    33.285
      5       2.502    0.1836E-06       58.375     0.195    33.712
      6       3.005    0.2467E-06       57.879     0.274    34.129
      7       3.506    0.3133E-06       57.387     0.364    34.532
      8       4.003    0.3812E-06       56.900     0.463    34.919
      9       4.503    0.4483E-06       56.411     0.573    35.298
     10       5.006    0.5115E-06       55.922     0.692    35.668
     11       5.504    0.5674E-06       55.441     0.818    36.023
     12       6.003    0.6156E-06       54.960     0.952    36.369
     13       6.503    0.6556E-06       54.481     1.094    36.707
     14       7.004    0.6873E-06       54.003     1.244    37.035
     15       7.504    0.7109E-06       53.527     1.400    37.355
     16       8.005    0.7276E-06       53.054     1.562    37.666
     17       8.504    0.7385E-06       52.584     1.730    37.968
     18       9.002    0.7453E-06       52.117     1.903    38.262
     19       9.507    0.7495E-06       51.645     2.084    38.553
     20      10.001    0.7516E-06       51.186     2.266    38.829
     21      10.502    0.7523E-06       50.723     2.456    39.103
     22      11.009    0.7519E-06       50.256     2.654    39.373
     23      11.503    0.7506E-06       49.802     2.850    39.629
     24      12.004    0.7485E-06       49.345     3.054    39.883
     25      12.500    0.7457E-06       48.894     3.260    40.128
     26      13.002    0.7423E-06       48.439     3.473    40.370
     27      13.510    0.7383E-06       47.981     3.692    40.608
     28      14.003    0.7335E-06       47.539     3.909    40.834
     29      14.500    0.7276E-06       47.093     4.131    41.057
     30      15.003    0.7198E-06       46.645     4.360    41.277
     31      15.511    0.7098E-06       46.195     4.594    41.493
     32      16.002    0.6984E-06       45.761     4.824    41.697
     33      16.508    0.6850E-06       45.316     5.064    41.902
     34      17.008    0.6703E-06       44.877     5.304    42.100
     35      17.501    0.6548E-06       44.447     5.545    42.291
     36      18.009    0.6378E-06       44.005     5.795    42.482
     37      18.510    0.6205E-06       43.570     6.045    42.666
     38      19.004    0.6031E-06       43.144     6.295    42.843
     39      19.501    0.5854E-06       42.717     6.549    43.017
     40      20.002    0.5676E-06       42.287     6.807    43.187
     41      20.507    0.5501E-06       41.857     7.070    43.355
     42      21.003    0.5334E-06       41.435     7.332    43.515
     43      21.503    0.5173E-06       41.012     7.597    43.673
     44      22.006    0.5018E-06       40.587     7.867    43.827
     45      22.512    0.4869E-06       40.162     8.141    43.978
     46      23.009    0.4729E-06       39.746     8.413    44.123
     47      23.509    0.4594E-06       39.329     8.689    44.264
     48      24.012    0.4464E-06       38.911     8.968    44.403
     49      24.505    0.4343E-06       38.502     9.245    44.535
     50      25.001    0.4226E-06       38.093     9.525    44.664
     51      25.512    0.4112E-06       37.673     9.816    44.793
     52      26.001    0.4007E-06       37.272    10.096    44.913
     53      26.504    0.3904E-06       36.862    10.387    45.033
     54      27.010    0.3806E-06       36.450    10.681    45.150
     55      27.505    0.3713E-06       36.049    10.972    45.261
     56      28.003    0.3625E-06       35.647    11.265    45.369
     57      28.502    0.3539E-06       35.245    11.562    45.474
     58      29.004    0.3456E-06       34.843    11.862    45.576
     59      29.507    0.3377E-06       34.441    12.165    45.675
     60      30.000    0.3302E-06       34.049    12.464    45.769
     61      30.507    0.3229E-06       33.647    12.773    45.862
     62      31.003    0.3161E-06       33.255    13.077    45.950
     63      31.501    0.3096E-06       32.864    13.384    46.034
     64      32.000    0.3034E-06       32.472    13.694    46.116
     65      32.501    0.2976E-06       32.081    14.006    46.195
     66      33.003    0.2922E-06       31.690    14.322    46.271
     67      33.507    0.2871E-06       31.299    14.639    46.343
     68      34.012    0.2823E-06       30.909    14.960    46.413
     69      34.505    0.2780E-06       30.529    15.275    46.478
     70      35.013    0.2740E-06       30.140    15.600    46.542
     71      35.508    0.2704E-06       29.761    15.920    46.601
     72      36.005    0.2671E-06       29.383    16.241    46.658
     73      36.502    0.2641E-06       29.006    16.566    46.711
     74      37.001    0.2614E-06       28.629    16.892    46.761
     75      37.500    0.2589E-06       28.253    17.220    46.809
     76      38.000    0.2568E-06       27.877    17.551    46.854
     77      38.501    0.2549E-06       27.503    17.884    46.895
     78      39.003    0.2532E-06       27.129    18.219    46.934
     79      39.505    0.2517E-06       26.757    18.556    46.970
     80      40.008    0.2505E-06       26.385    18.895    47.002
     81      40.512    0.2494E-06       26.014    19.236    47.032
     82      41.003    0.2485E-06       25.654    19.569    47.058
     83      41.507    0.2478E-06       25.286    19.914    47.082
     84      42.012    0.2471E-06       24.918    20.260    47.103
     85      42.504    0.2466E-06       24.562    20.599    47.121
     86      43.010    0.2462E-06       24.197    20.949    47.136
     87      43.503    0.2459E-06       23.843    21.292    47.148
     88      44.009    0.2457E-06       23.480    21.645    47.157
     89      44.502    0.2456E-06       23.129    21.990    47.163
     90      45.008    0.2455E-06       22.769    22.347    47.166
     91      45.501    0.2455E-06       22.420    22.695    47.166
     92      46.007    0.2456E-06       22.064    23.055    47.164
     93      46.500    0.2457E-06       21.718    23.406    47.158
     94      47.006    0.2459E-06       21.364    23.768    47.150
     95      47.512    0.2462E-06       21.012    24.131    47.138
     96      48.004    0.2466E-06       20.671    24.486    47.124
     97      48.510    0.2470E-06       20.323    24.852    47.107
     98      49.002    0.2476E-06       19.985    25.210    47.087
     99      49.506    0.2484E-06       19.640    25.578    47.064
    100      50.010    0.2492E-06       19.297    25.948    47.037
    101      50.501    0.2503E-06       18.965    26.308    47.009
    102      51.004    0.2515E-06       18.625    26.680    46.977
    103      51.507    0.2529E-06       18.288    27.052    46.941
    104      52.008    0.2545E-06       17.953    27.426    46.903
    105      52.510    0.2564E-06       17.620    27.800    46.862
    106      53.010    0.2585E-06       17.288    28.175    46.818
    107      53.510    0.2608E-06       16.959    28.551    46.771
    108      54.008    0.2635E-06       16.633    28.928    46.722
    109      54.506    0.2664E-06       16.308    29.305    46.669
    110      55.003    0.2696E-06       15.986    29.683    46.613
    111      55.511    0.2733E-06       15.657    30.072    46.553
    112      56.006    0.2772E-06       15.340    30.451    46.491
    113      56.513    0.2815E-06       15.016    30.841    46.425
    114      57.005    0.2861E-06       14.704    31.221    46.358
    115      57.509    0.2911E-06       14.385    31.611    46.286
    116      58.011    0.2965E-06       14.069    32.002    46.210
    117      58.512    0.3023E-06       13.756    32.393    46.132
    118      59.012    0.3083E-06       13.446    32.785    46.051
    119      59.510    0.3148E-06       13.138    33.177    45.967
    120      60.006    0.3215E-06       12.834    33.569    45.880
    121      60.501    0.3286E-06       12.532    33.961    45.790
    122      61.007    0.3362E-06       12.225    34.363    45.694
    123      61.511    0.3441E-06       11.921    34.765    45.596
    124      62.000    0.3521E-06       11.628    35.157    45.497
    125      62.500    0.3606E-06       11.331    35.559    45.393
    126      63.011    0.3696E-06       11.029    35.970    45.283
    127      63.507    0.3787E-06       10.738    36.372    45.172
    128      64.000    0.3883E-06       10.450    36.773    45.059
    129      64.504    0.3985E-06       10.159    37.184    44.939
    130      65.006    0.4091E-06        9.870    37.595    44.817
    131      65.505    0.4202E-06        9.586    38.005    44.692
    132      66.001    0.4317E-06        9.305    38.414    44.563
    133      66.507    0.4441E-06        9.021    38.833    44.428
    134      67.011    0.4569E-06        8.741    39.251    44.290
    135      67.511    0.4703E-06        8.464    39.668    44.150
    136      68.009    0.4842E-06        8.192    40.085    44.005
    137      68.504    0.4987E-06        7.923    40.500    43.858
    138      69.007    0.5141E-06        7.653    40.925    43.705
    139      69.507    0.5301E-06        7.386    41.348    43.548
    140      70.005    0.5467E-06        7.124    41.770    43.388
    141      70.510    0.5641E-06        6.860    42.201    43.221
    142      71.000    0.5814E-06        6.606    42.621    43.055
    143      71.510    0.5995E-06        6.345    43.059    42.878
    144      72.004    0.6170E-06        6.095    43.485    42.702
    145      72.506    0.6345E-06        5.844    43.920    42.518
    146      73.004    0.6512E-06        5.598    44.353    42.332
    147      73.509    0.6674E-06        5.351    44.793    42.138
    148      74.010    0.6823E-06        5.110    45.232    41.941
    149      74.506    0.6957E-06        4.874    45.668    41.740
    150      75.009    0.7078E-06        4.638    46.112    41.532
    151      75.507    0.7179E-06        4.407    46.553    41.321
    152      76.010    0.7261E-06        4.178    47.002    41.102
    153      76.509    0.7324E-06        3.954    47.448    40.880
    154      77.003    0.7374E-06        3.736    47.891    40.655
    155      77.501    0.7415E-06        3.520    48.340    40.422
    156      78.005    0.7451E-06        3.306    48.796    40.180
    157      78.502    0.7479E-06        3.098    49.248    39.936
    158      79.004    0.7502E-06        2.893    49.706    39.683
    159      79.509    0.7517E-06        2.691    50.169    39.422
    160      80.008    0.7523E-06        2.496    50.628    39.158
    161      80.501    0.7519E-06        2.308    51.083    38.890
    162      81.006    0.7500E-06        2.121    51.552    38.609
    163      81.503    0.7464E-06        1.941    52.016    38.325
    164      82.003    0.7403E-06        1.766    52.484    38.032
    165      82.504    0.7303E-06        1.597    52.955    37.730
    166      83.005    0.7149E-06        1.432    53.430    37.420
    167      83.508    0.6927E-06        1.275    53.907    37.101
    168      84.002    0.6632E-06        1.126    54.378    36.779
    169      84.504    0.6248E-06        0.982    54.858    36.442
    170      85.005    0.5781E-06        0.845    55.341    36.096
    171      85.504    0.5235E-06        0.717    55.823    35.742
    172      86.002    0.4623E-06        0.597    56.306    35.378
    173      86.505    0.3955E-06        0.485    56.796    35.000
    174      87.004    0.3274E-06        0.384    57.285    34.613
    175      87.507    0.2599E-06        0.291    57.780    34.211
    176      88.005    0.1964E-06        0.211    58.271    33.800
    177      88.505    0.1379E-06        0.141    58.766    33.375
    178      89.006    0.8637E-07        0.084    59.264    32.934
    179      89.506    0.4426E-07        0.041    59.762    32.479
    180      90.006    0.1444E-07        0.013    60.261    32.008
    181      90.503    0.5142E-09        0.000    60.758    31.524
