   3N SYSTEM INCLUSIVE  PHOTODESINTEGRATION
        DETECTED PARTICLE: 1- PROTON
        NOT DETECTED PARTICLES:2- PROTON  3-NEUTRON

      OMEGA 0.30000E+02
     MTTWE1,MTTWE2,MTTWE3=    1    1   -1
     TH1LAB,PHI1LAB=   180.000     0.000
   Unit of cross sections ... fm**2/(MeV*sr**2)
      I       E1      CROSS           AX           AY           AZ
      1      13.029    0.86381E-07    0.84148E-18   -0.72166E-21   -0.55936E-17
      1      13.016    0.25253E-04    0.10457E-17    0.14895E-18    0.84870E-18
      1      13.009    0.28466E-04    0.32557E-17    0.22430E-19   -0.60171E-17
      1      13.002    0.30499E-04    0.44074E-17    0.42806E-18    0.64649E-16
      1      12.996    0.31851E-04    0.49917E-17    0.12089E-19   -0.53992E-17
      1      12.989    0.32776E-04    0.57837E-17    0.29105E-18   -0.36751E-17
      1      12.982    0.33421E-04    0.72681E-17    0.53296E-19   -0.25425E-17
      1      12.976    0.33876E-04    0.97351E-17   -0.17980E-18   -0.16113E-16
      1      12.969    0.34200E-04    0.12508E-16    0.78544E-19   -0.45538E-17
      1      12.962    0.34433E-04    0.14512E-16    0.17091E-18    0.14359E-15
      1      12.956    0.34600E-04    0.16236E-16    0.51714E-18   -0.37074E-18
      1      12.949    0.34721E-04    0.17503E-16    0.49831E-19    0.52023E-18
      1      12.942    0.34810E-04    0.20470E-16   -0.23425E-18    0.36525E-16
      1      12.936    0.34875E-04    0.23671E-16    0.73329E-19    0.22414E-16
      1      12.929    0.34922E-04    0.26189E-16    0.22791E-18   -0.51314E-17
      1      12.922    0.34955E-04    0.27292E-16    0.15374E-18   -0.44028E-17
      1      12.916    0.34978E-04    0.31064E-16   -0.77191E-18    0.74110E-19
      1      12.909    0.34993E-04    0.34977E-16    0.80402E-19   -0.32915E-17
      1      12.839    0.34932E-04    0.70995E-16   -0.14859E-20   -0.41621E-17
      1      12.769    0.34829E-04    0.11564E-15    0.17335E-17    0.11510E-17
      1      12.698    0.34840E-04    0.16589E-15   -0.28964E-18    0.61309E-17
      1      12.628    0.34967E-04    0.23747E-15   -0.13889E-17    0.47824E-17
      1      12.558    0.35186E-04    0.31028E-15    0.97573E-18   -0.81513E-18
      1      12.487    0.35481E-04    0.37461E-15    0.85506E-18   -0.36788E-17
      1      12.417    0.35841E-04    0.44932E-15    0.33320E-20   -0.38330E-17
      1      12.347    0.36260E-04    0.52711E-15   -0.18078E-17   -0.22789E-16
      1      12.277    0.36735E-04    0.62053E-15   -0.19662E-17    0.91193E-17
      1      12.206    0.37264E-04    0.71861E-15   -0.86992E-17    0.79241E-18
      1      12.136    0.37845E-04    0.79869E-15   -0.76774E-17    0.96894E-17
      1      12.066    0.38475E-04    0.89831E-15   -0.69917E-17    0.18327E-16
      1      11.996    0.39152E-04    0.10074E-14   -0.87320E-17   -0.49232E-17
      1      11.925    0.39874E-04    0.10930E-14   -0.16451E-16   -0.81281E-17
      1      11.855    0.40637E-04    0.11917E-14   -0.13273E-16   -0.71034E-17
      1      11.785    0.41443E-04    0.12975E-14   -0.22488E-16   -0.73829E-17
      1      11.715    0.42288E-04    0.14114E-14   -0.22773E-16   -0.54195E-17
      1      11.644    0.43174E-04    0.14811E-14   -0.25290E-16   -0.14636E-16
      1      11.574    0.44100E-04    0.15945E-14   -0.16253E-16   -0.16059E-16
      1      11.504    0.45066E-04    0.17405E-14   -0.21000E-16   -0.19698E-16
      1      11.433    0.46074E-04    0.17948E-14   -0.21301E-16   -0.23258E-16
      1      11.363    0.47123E-04    0.18859E-14   -0.24706E-16   -0.31268E-16
      1      11.293    0.48215E-04    0.19893E-14   -0.18696E-16   -0.33435E-16
      1      11.223    0.49352E-04    0.21002E-14   -0.23267E-16   -0.35311E-16
      1      11.152    0.50533E-04    0.21762E-14   -0.15012E-16   -0.37018E-16
      1      11.082    0.51759E-04    0.23046E-14   -0.15191E-16   -0.46217E-16
      1      11.012    0.53031E-04    0.24039E-14   -0.11200E-16   -0.41339E-16
      1      10.942    0.54347E-04    0.24444E-14   -0.21706E-16   -0.54663E-16
      1      10.871    0.55705E-04    0.25851E-14   -0.31446E-16   -0.66814E-16
      1      10.801    0.57105E-04    0.26257E-14   -0.23589E-16   -0.57308E-16
      1      10.731    0.58543E-04    0.27024E-14   -0.25133E-16   -0.73686E-16
      1      10.660    0.60018E-04    0.28127E-14   -0.18917E-16   -0.70401E-16
      1      10.590    0.61528E-04    0.29127E-14   -0.31148E-16   -0.64729E-16
      1      10.520    0.63070E-04    0.30090E-14   -0.29061E-16   -0.63349E-16
      1      10.450    0.64642E-04    0.30758E-14   -0.12114E-16   -0.61278E-16
      1      10.379    0.66244E-04    0.31665E-14   -0.11165E-16   -0.79193E-16
      1      10.309    0.67875E-04    0.31865E-14   -0.19990E-16   -0.80250E-16
      1      10.239    0.69534E-04    0.32816E-14   -0.20033E-16   -0.88347E-16
      1      10.169    0.71221E-04    0.33678E-14   -0.32106E-16   -0.75719E-16
      1      10.098    0.72936E-04    0.35176E-14   -0.28272E-16   -0.85132E-16
      1      10.028    0.74680E-04    0.35140E-14   -0.22374E-16   -0.83814E-16
      1       9.958    0.76451E-04    0.36176E-14   -0.93382E-17   -0.86272E-16
      1       9.887    0.78250E-04    0.36990E-14   -0.83000E-17   -0.84331E-16
      1       9.817    0.80078E-04    0.37958E-14   -0.10516E-16   -0.75709E-16
      1       9.747    0.81933E-04    0.37719E-14   -0.21995E-16   -0.96832E-16
      1       9.677    0.83816E-04    0.38615E-14   -0.10896E-16   -0.10103E-15
      1       9.606    0.85726E-04    0.39733E-14   -0.68174E-17   -0.10484E-15
      1       9.536    0.87664E-04    0.40417E-14   -0.23426E-16   -0.10357E-15
      1       9.466    0.89629E-04    0.41408E-14   -0.95038E-17   -0.10507E-15
      1       9.396    0.91622E-04    0.40791E-14   -0.96242E-17   -0.11786E-15
      1       9.325    0.93642E-04    0.41951E-14   -0.28077E-16   -0.12909E-15
      1       9.255    0.95691E-04    0.42156E-14   -0.79172E-17   -0.11094E-15
      1       9.185    0.97768E-04    0.43832E-14    0.26868E-17   -0.11303E-15
      1       9.115    0.99874E-04    0.44012E-14   -0.11346E-16   -0.13133E-15
      1       9.044    0.10201E-03    0.44431E-14   -0.13123E-16   -0.12256E-15
      1       8.974    0.10417E-03    0.44693E-14   -0.11657E-16   -0.13137E-15
      1       8.904    0.10636E-03    0.44977E-14    0.13516E-17   -0.12042E-15
      1       8.833    0.10858E-03    0.45838E-14   -0.31995E-16   -0.13085E-15
      1       8.763    0.11083E-03    0.47072E-14   -0.22831E-16   -0.14512E-15
      1       8.693    0.11311E-03    0.46163E-14   -0.18828E-16   -0.14297E-15
      1       8.623    0.11542E-03    0.47447E-14   -0.86878E-17   -0.13415E-15
      1       8.552    0.11775E-03    0.47333E-14    0.14398E-17   -0.12064E-15
      1       8.482    0.12012E-03    0.48114E-14   -0.62682E-17   -0.13885E-15
      1       8.412    0.12253E-03    0.48885E-14    0.37514E-17   -0.13086E-15
      1       8.342    0.12497E-03    0.48879E-14   -0.30532E-17   -0.16090E-15
      1       8.271    0.12744E-03    0.48979E-14    0.22168E-17   -0.14343E-15
      1       8.201    0.12996E-03    0.49955E-14   -0.85633E-17   -0.17285E-15
      1       8.131    0.13252E-03    0.50761E-14    0.93256E-17   -0.17160E-15
      1       8.060    0.13513E-03    0.50357E-14   -0.88466E-17   -0.17590E-15
      1       7.990    0.13778E-03    0.52283E-14   -0.21609E-16   -0.17293E-15
      1       7.920    0.14049E-03    0.52541E-14    0.46958E-17   -0.18496E-15
      1       7.850    0.14325E-03    0.51953E-14    0.22404E-16   -0.15071E-15
      1       7.779    0.14607E-03    0.52310E-14    0.11465E-16   -0.19800E-15
      1       7.709    0.14894E-03    0.53555E-14    0.10970E-16   -0.17452E-15
      1       7.639    0.15186E-03    0.52999E-14    0.12605E-16   -0.17944E-15
      1       7.569    0.15485E-03    0.52803E-14    0.15936E-17   -0.17458E-15
      1       7.498    0.15789E-03    0.52564E-14    0.37215E-17   -0.17715E-15
      1       7.428    0.16099E-03    0.54783E-14   -0.42436E-17   -0.17749E-15
      1       7.358    0.16414E-03    0.54147E-14    0.13712E-16   -0.16644E-15
      1       7.288    0.16736E-03    0.54146E-14    0.12902E-16   -0.16889E-15
      1       7.217    0.17062E-03    0.55773E-14    0.17191E-16   -0.17867E-15
      1       7.147    0.17395E-03    0.55755E-14    0.81644E-17   -0.15867E-15
      1       7.077    0.17733E-03    0.54670E-14    0.67003E-17   -0.17671E-15
      1       7.006    0.18078E-03    0.56505E-14   -0.33300E-17   -0.16260E-15
      1       6.936    0.18428E-03    0.55379E-14    0.10943E-16   -0.18018E-15
      1       6.866    0.18784E-03    0.56393E-14    0.15658E-16   -0.18149E-15
      1       6.796    0.19146E-03    0.57057E-14    0.58219E-17   -0.17456E-15
      1       6.725    0.19514E-03    0.57094E-14    0.26435E-16   -0.19315E-15
      1       6.655    0.19889E-03    0.57302E-14    0.53934E-18   -0.17485E-15
      1       6.585    0.20270E-03    0.57846E-14    0.13957E-16   -0.16512E-15
      1       6.515    0.20658E-03    0.56476E-14   -0.97054E-18   -0.17462E-15
      1       6.444    0.21052E-03    0.57412E-14    0.16885E-16   -0.17801E-15
      1       6.374    0.21453E-03    0.58213E-14    0.75064E-17   -0.15862E-15
      1       6.304    0.21862E-03    0.58559E-14    0.57554E-17   -0.16277E-15
      1       6.233    0.22277E-03    0.58630E-14    0.30431E-16   -0.17773E-15
      1       6.163    0.22700E-03    0.58660E-14    0.10034E-16   -0.17304E-15
      1       6.093    0.23130E-03    0.59360E-14    0.26367E-17   -0.16015E-15
      1       6.023    0.23569E-03    0.58608E-14    0.12181E-16   -0.17189E-15
      1       5.952    0.24015E-03    0.59970E-14    0.29199E-16   -0.16432E-15
      1       5.882    0.24470E-03    0.58558E-14    0.29471E-16   -0.18304E-15
      1       5.812    0.24933E-03    0.60190E-14   -0.21145E-17   -0.14894E-15
      1       5.742    0.25404E-03    0.59633E-14    0.91939E-17   -0.18114E-15
      1       5.671    0.25884E-03    0.59933E-14    0.14264E-16   -0.16453E-15
      1       5.601    0.26373E-03    0.59381E-14    0.15737E-16   -0.16771E-15
      1       5.531    0.26871E-03    0.60435E-14    0.13695E-16   -0.16771E-15
      1       5.461    0.27377E-03    0.59761E-14    0.18150E-16   -0.16347E-15
      1       5.390    0.27892E-03    0.60577E-14    0.34385E-16   -0.14655E-15
      1       5.320    0.28416E-03    0.60256E-14    0.18928E-16   -0.16915E-15
      1       5.250    0.28947E-03    0.60655E-14    0.14827E-16   -0.14678E-15
      1       5.179    0.29488E-03    0.60810E-14    0.36910E-16   -0.15053E-15
      1       5.109    0.30036E-03    0.61702E-14    0.66979E-17   -0.15382E-15
      1       5.039    0.30593E-03    0.61135E-14    0.24785E-16   -0.16436E-15
      1       4.969    0.31158E-03    0.61188E-14    0.15067E-16   -0.14826E-15
      1       4.898    0.31730E-03    0.60637E-14    0.11266E-16   -0.14507E-15
      1       4.828    0.32310E-03    0.61408E-14    0.22944E-16   -0.15134E-15
      1       4.758    0.32898E-03    0.61501E-14    0.91898E-18   -0.14057E-15
      1       4.688    0.33492E-03    0.59830E-14    0.29328E-16   -0.13822E-15
      1       4.617    0.34094E-03    0.61387E-14    0.26441E-16   -0.14228E-15
      1       4.547    0.34702E-03    0.60643E-14    0.32314E-16   -0.14970E-15
      1       4.477    0.35317E-03    0.60723E-14    0.54890E-16   -0.13927E-15
      1       4.406    0.35938E-03    0.62246E-14   -0.17171E-17   -0.12642E-15
      1       4.336    0.36565E-03    0.60618E-14    0.17795E-16   -0.14196E-15
      1       4.266    0.37197E-03    0.61188E-14   -0.96016E-17   -0.13326E-15
      1       4.196    0.37834E-03    0.61664E-14    0.42502E-16   -0.12348E-15
      1       4.125    0.38476E-03    0.61425E-14    0.13206E-16   -0.14101E-15
      1       4.055    0.39122E-03    0.61448E-14    0.30084E-16   -0.13516E-15
      1       3.985    0.39772E-03    0.62072E-14    0.38547E-16   -0.12289E-15
      1       3.915    0.40424E-03    0.61954E-14    0.19742E-16   -0.13757E-15
      1       3.844    0.41079E-03    0.60779E-14    0.21481E-16   -0.13453E-15
      1       3.774    0.41734E-03    0.61319E-14    0.13516E-16   -0.11665E-15
      1       3.704    0.42390E-03    0.61502E-14    0.32704E-16   -0.12267E-15
      1       3.633    0.43045E-03    0.61759E-14    0.25470E-16   -0.13291E-15
      1       3.563    0.43697E-03    0.62248E-14    0.41977E-16   -0.13256E-15
      1       3.493    0.44343E-03    0.60806E-14    0.34794E-16   -0.12838E-15
      1       3.423    0.44981E-03    0.61146E-14    0.22743E-16   -0.12551E-15
      1       3.352    0.45608E-03    0.61147E-14    0.35979E-16   -0.13356E-15
      1       3.282    0.46220E-03    0.62275E-14    0.14729E-16   -0.14665E-15
      1       3.212    0.46812E-03    0.60746E-14    0.32152E-16   -0.13872E-15
      1       3.142    0.47380E-03    0.61244E-14    0.78883E-16   -0.14027E-15
      1       3.071    0.47917E-03    0.60843E-14    0.26656E-16   -0.13069E-15
      1       3.001    0.48420E-03    0.63102E-14    0.36044E-16   -0.14519E-15
      1       2.931    0.48881E-03    0.61369E-14    0.40236E-16   -0.13961E-15
      1       2.861    0.49297E-03    0.60702E-14    0.32255E-16   -0.12310E-15
      1       2.790    0.49662E-03    0.63457E-14    0.39843E-16   -0.12881E-15
      1       2.720    0.49977E-03    0.60666E-14    0.64863E-16   -0.14661E-15
      1       2.650    0.50238E-03    0.61060E-14    0.57156E-16   -0.13461E-15
      1       2.579    0.50449E-03    0.61787E-14    0.52783E-16   -0.13155E-15
      1       2.509    0.50609E-03    0.61811E-14    0.63423E-16   -0.13959E-15
      1       2.439    0.50722E-03    0.62144E-14    0.32663E-16   -0.13831E-15
      1       2.369    0.50790E-03    0.63072E-14    0.53822E-16   -0.13900E-15
      1       2.298    0.50816E-03    0.62356E-14    0.76270E-16   -0.14742E-15
      1       2.228    0.50801E-03    0.60606E-14    0.49157E-16   -0.15996E-15
      1       2.158    0.50748E-03    0.61189E-14    0.55423E-16   -0.15332E-15
      1       2.088    0.50659E-03    0.61543E-14    0.57907E-16   -0.15380E-15
      1       2.017    0.50534E-03    0.62647E-14    0.53608E-16   -0.15246E-15
      1       1.947    0.50375E-03    0.61980E-14    0.48852E-16   -0.13991E-15
      1       1.877    0.50183E-03    0.61938E-14    0.63072E-16   -0.14350E-15
      1       1.806    0.49958E-03    0.61698E-14    0.88709E-16   -0.14218E-15
      1       1.736    0.49701E-03    0.61948E-14    0.46099E-16   -0.16375E-15
      1       1.666    0.49412E-03    0.63047E-14    0.86454E-16   -0.15010E-15
      1       1.596    0.49091E-03    0.61194E-14    0.37295E-16   -0.14564E-15
      1       1.525    0.48738E-03    0.62506E-14    0.95486E-16   -0.15167E-15
      1       1.455    0.48352E-03    0.61967E-14    0.23941E-16   -0.15134E-15
      1       1.385    0.47930E-03    0.63491E-14    0.13891E-16   -0.15470E-15
      1       1.315    0.47473E-03    0.61924E-14    0.46098E-16   -0.16164E-15
      1       1.244    0.46975E-03    0.61657E-14    0.42174E-16   -0.16048E-15
      1       1.174    0.46434E-03    0.62720E-14    0.87837E-16   -0.16875E-15
      1       1.104    0.45846E-03    0.61692E-14    0.79466E-16   -0.15258E-15
      1       1.034    0.45202E-03    0.61494E-14    0.93859E-16   -0.17745E-15
      1       0.963    0.44497E-03    0.61187E-14    0.79734E-16   -0.16893E-15
      1       0.893    0.43720E-03    0.61598E-14    0.10876E-15   -0.15986E-15
      1       0.823    0.42859E-03    0.62210E-14    0.12327E-15   -0.16258E-15
      1       0.752    0.41898E-03    0.61749E-14    0.54467E-16   -0.18237E-15
      1       0.682    0.40817E-03    0.61970E-14    0.95293E-16   -0.16307E-15
      1       0.612    0.39590E-03    0.61003E-14    0.69171E-16   -0.17218E-15
      1       0.542    0.38185E-03    0.62060E-14    0.81754E-16   -0.15851E-15
      1       0.471    0.36559E-03    0.61603E-14    0.77607E-16   -0.17708E-15
      1       0.401    0.34649E-03    0.60095E-14    0.11993E-15   -0.19279E-15
      1       0.331    0.32371E-03    0.61321E-14    0.10266E-15   -0.16498E-15
      1       0.261    0.29593E-03    0.59566E-14    0.78728E-16   -0.16499E-15
      1       0.190    0.26092E-03    0.59877E-14    0.98355E-16   -0.15918E-15
      1       0.120    0.21422E-03    0.60318E-14    0.13036E-15   -0.18387E-15
