   3N SYSTEM INCLUSIVE  PHOTODESINTEGRATION
        DETECTED PARTICLE: 1- PROTON
        NOT DETECTED PARTICLES:2- PROTON  3-NEUTRON

      OMEGA 0.10000E+03
     MTTWE1,MTTWE2,MTTWE3=    1    1   -1
     TH1LAB,PHI1LAB=   180.000     0.000
   Unit of cross sections ... fm**2/(MeV*sr**2)
      I       E1      CROSS           AX           AY           AZ
      1      48.980    0.20595E-07    0.82740E-18   -0.11935E-20    0.28539E-17
      1      48.967    0.58539E-05    0.66838E-18    0.21051E-20    0.36585E-16
      1      48.960    0.65586E-05    0.70860E-18    0.16702E-20    0.33149E-17
      1      48.954    0.69964E-05    0.10808E-17   -0.26967E-20    0.13704E-16
      1      48.947    0.72827E-05    0.12600E-17    0.16990E-19    0.10402E-15
      1      48.940    0.74750E-05    0.16292E-17    0.66101E-20    0.10536E-16
      1      48.934    0.76059E-05    0.20393E-17   -0.38560E-20   -0.31137E-16
      1      48.927    0.76952E-05    0.22555E-17    0.73548E-20   -0.29182E-16
      1      48.920    0.77555E-05    0.23713E-17   -0.38310E-19   -0.15725E-16
      1      48.914    0.77953E-05    0.32734E-17    0.63678E-20    0.12393E-17
      1      48.907    0.78203E-05    0.37215E-17    0.18553E-19    0.58210E-16
      1      48.900    0.78347E-05    0.42173E-17    0.66731E-20   -0.15872E-16
      1      48.894    0.78413E-05    0.45132E-17   -0.47355E-20   -0.10030E-16
      1      48.887    0.78423E-05    0.46526E-17    0.12692E-19   -0.60937E-17
      1      48.880    0.78392E-05    0.51685E-17    0.15415E-19    0.16123E-16
      1      48.874    0.78333E-05    0.68661E-17    0.29189E-19   -0.54340E-16
      1      48.867    0.78252E-05    0.68878E-17    0.83271E-20    0.33864E-16
      1      48.860    0.78158E-05    0.75798E-17    0.59430E-19   -0.21850E-16
      1      48.592    0.75319E-05    0.30787E-16    0.75145E-19   -0.99359E-17
      1      48.325    0.74386E-05    0.61265E-16   -0.71716E-19    0.57554E-16
      1      48.057    0.74242E-05    0.81285E-16    0.59984E-19    0.20953E-16
      1      47.789    0.74367E-05    0.10231E-15    0.18247E-18   -0.17051E-16
      1      47.521    0.74570E-05    0.11783E-15    0.24992E-18   -0.25694E-16
      1      47.253    0.74823E-05    0.13765E-15    0.92341E-18   -0.38315E-18
      1      46.986    0.75154E-05    0.15313E-15    0.91885E-18   -0.72493E-18
      1      46.718    0.75611E-05    0.16956E-15    0.13916E-17    0.17988E-16
      1      46.450    0.76245E-05    0.18215E-15   -0.73539E-19    0.12192E-16
      1      46.182    0.77103E-05    0.19829E-15    0.52384E-18   -0.49005E-18
      1      45.914    0.78194E-05    0.21406E-15   -0.12695E-17    0.33906E-17
      1      45.647    0.79487E-05    0.23035E-15    0.11869E-17   -0.11886E-16
      1      45.379    0.80959E-05    0.24336E-15    0.51008E-18    0.50888E-16
      1      45.111    0.82595E-05    0.27590E-15    0.16965E-17    0.18842E-16
      1      44.843    0.84380E-05    0.27660E-15   -0.92892E-19    0.61730E-17
      1      44.575    0.86304E-05    0.30016E-15   -0.18333E-17   -0.93255E-17
      1      44.308    0.88357E-05    0.32099E-15    0.13680E-17    0.11672E-16
      1      44.040    0.90531E-05    0.33730E-15    0.62787E-18   -0.36130E-17
      1      43.772    0.92819E-05    0.37036E-15    0.10206E-17   -0.59830E-17
      1      43.504    0.95215E-05    0.37422E-15    0.37334E-18    0.13167E-16
      1      43.236    0.97716E-05    0.39577E-15   -0.22793E-17   -0.12673E-16
      1      42.969    0.10032E-04    0.43219E-15    0.14154E-17   -0.73813E-17
      1      42.701    0.10303E-04    0.45585E-15   -0.75049E-18    0.13249E-17
      1      42.433    0.10584E-04    0.49992E-15   -0.52120E-17   -0.11518E-16
      1      42.165    0.10876E-04    0.51192E-15    0.31683E-17    0.83253E-17
      1      41.897    0.11180E-04    0.53279E-15    0.17391E-17   -0.92226E-17
      1      41.630    0.11497E-04    0.57247E-15   -0.27548E-18   -0.14745E-16
      1      41.362    0.11828E-04    0.58617E-15    0.18543E-19    0.22675E-17
      1      41.094    0.12173E-04    0.62406E-15    0.16673E-17   -0.17917E-16
      1      40.826    0.12533E-04    0.67788E-15   -0.38553E-17   -0.43269E-17
      1      40.558    0.12909E-04    0.68775E-15    0.16273E-17    0.10368E-16
      1      40.291    0.13299E-04    0.73732E-15   -0.10276E-17   -0.89086E-17
      1      40.023    0.13702E-04    0.75483E-15    0.40907E-17   -0.10685E-16
      1      39.755    0.14118E-04    0.78321E-15    0.87545E-18    0.20781E-17
      1      39.487    0.14545E-04    0.87868E-15   -0.50024E-17   -0.49947E-17
      1      39.219    0.14981E-04    0.88669E-15   -0.33341E-17   -0.86116E-17
      1      38.952    0.15424E-04    0.95899E-15    0.70135E-18   -0.75635E-17
      1      38.684    0.15871E-04    0.94479E-15    0.14833E-18   -0.10669E-16
      1      38.416    0.16322E-04    0.98726E-15    0.14517E-17    0.59302E-17
      1      38.148    0.16772E-04    0.10289E-14    0.33967E-17   -0.17292E-16
      1      37.880    0.17221E-04    0.10925E-14   -0.99374E-18   -0.62870E-17
      1      37.613    0.17666E-04    0.10786E-14    0.45710E-17   -0.40406E-17
      1      37.345    0.18105E-04    0.11047E-14    0.53479E-18    0.20191E-17
      1      37.077    0.18537E-04    0.11352E-14   -0.48580E-17   -0.28885E-17
      1      36.809    0.18959E-04    0.11912E-14    0.24666E-17   -0.77413E-17
      1      36.541    0.19370E-04    0.12131E-14   -0.52999E-18   -0.40715E-17
      1      36.273    0.19770E-04    0.11629E-14    0.85162E-17   -0.15511E-16
      1      36.006    0.20155E-04    0.12299E-14   -0.32177E-17   -0.14597E-16
      1      35.738    0.20526E-04    0.11871E-14    0.21767E-16    0.17604E-17
      1      35.470    0.20882E-04    0.13233E-14   -0.13649E-17   -0.22809E-17
      1      35.202    0.21221E-04    0.13137E-14    0.12787E-17   -0.22042E-16
      1      34.934    0.21543E-04    0.13756E-14   -0.82394E-17   -0.38566E-17
      1      34.667    0.21847E-04    0.13153E-14    0.60802E-17   -0.46513E-17
      1      34.399    0.22131E-04    0.13454E-14    0.58312E-19   -0.15903E-16
      1      34.131    0.22396E-04    0.13905E-14   -0.20521E-17   -0.48115E-17
      1      33.863    0.22640E-04    0.14549E-14    0.78239E-17   -0.10667E-16
      1      33.595    0.22861E-04    0.14287E-14    0.95494E-17    0.26085E-17
      1      33.328    0.23059E-04    0.14793E-14   -0.21160E-18   -0.96898E-17
      1      33.060    0.23234E-04    0.14315E-14    0.64073E-17   -0.10549E-16
      1      32.792    0.23384E-04    0.15051E-14   -0.26254E-17   -0.18266E-16
      1      32.524    0.23507E-04    0.14938E-14    0.18218E-17   -0.21233E-16
      1      32.256    0.23605E-04    0.14777E-14    0.10504E-16   -0.23731E-16
      1      31.989    0.23675E-04    0.15332E-14    0.54267E-17   -0.17830E-16
      1      31.721    0.23719E-04    0.14836E-14    0.38220E-17   -0.94040E-17
      1      31.453    0.23736E-04    0.15160E-14   -0.14730E-17   -0.63983E-17
      1      31.185    0.23727E-04    0.15499E-14    0.21609E-17   -0.17932E-16
      1      30.917    0.23692E-04    0.15089E-14    0.35608E-17   -0.12651E-16
      1      30.650    0.23632E-04    0.15476E-14    0.25094E-17   -0.10966E-17
      1      30.382    0.23550E-04    0.16040E-14    0.78626E-17   -0.12328E-16
      1      30.114    0.23447E-04    0.15561E-14    0.44741E-18   -0.72248E-17
      1      29.846    0.23325E-04    0.15868E-14    0.41184E-17   -0.73791E-17
      1      29.578    0.23187E-04    0.15755E-14    0.11614E-16   -0.84428E-17
      1      29.311    0.23034E-04    0.15554E-14    0.26771E-17   -0.10001E-16
      1      29.043    0.22870E-04    0.16099E-14   -0.47450E-17   -0.22295E-16
      1      28.775    0.22696E-04    0.15057E-14    0.73276E-17   -0.14161E-16
      1      28.507    0.22513E-04    0.16246E-14    0.50916E-17   -0.12783E-16
      1      28.239    0.22325E-04    0.16202E-14    0.61654E-17   -0.16297E-16
      1      27.972    0.22132E-04    0.15689E-14    0.88953E-17   -0.71676E-17
      1      27.704    0.21935E-04    0.16040E-14    0.83235E-17   -0.57490E-17
      1      27.436    0.21737E-04    0.16531E-14    0.88957E-17   -0.16493E-16
      1      27.168    0.21537E-04    0.16049E-14    0.11077E-16   -0.19357E-16
      1      26.900    0.21336E-04    0.16192E-14    0.50484E-17   -0.17717E-16
      1      26.633    0.21134E-04    0.16540E-14    0.88561E-17   -0.18753E-16
      1      26.365    0.20931E-04    0.16503E-14    0.65609E-17   -0.18842E-16
      1      26.097    0.20727E-04    0.16796E-14    0.13082E-16   -0.20906E-16
      1      25.829    0.20523E-04    0.16611E-14    0.86521E-17   -0.75919E-17
      1      25.561    0.20319E-04    0.16666E-14    0.69558E-17   -0.13203E-16
      1      25.294    0.20115E-04    0.17079E-14    0.23092E-17   -0.20276E-16
      1      25.026    0.19911E-04    0.16979E-14    0.14509E-16   -0.34443E-17
      1      24.758    0.19707E-04    0.17043E-14    0.81613E-17   -0.18946E-16
      1      24.490    0.19505E-04    0.17367E-14    0.47054E-17   -0.15114E-16
      1      24.222    0.19304E-04    0.17185E-14    0.11309E-16   -0.97966E-17
      1      23.955    0.19106E-04    0.17098E-14    0.46093E-17   -0.17352E-16
      1      23.687    0.18910E-04    0.17224E-14    0.48543E-17   -0.27069E-16
      1      23.419    0.18719E-04    0.17702E-14    0.20620E-17   -0.23642E-16
      1      23.151    0.18532E-04    0.17079E-14    0.53309E-17   -0.22539E-16
      1      22.883    0.18351E-04    0.16918E-14    0.12006E-16   -0.28125E-16
      1      22.616    0.18176E-04    0.17703E-14    0.10115E-16   -0.20014E-16
      1      22.348    0.18008E-04    0.17161E-14    0.67921E-17   -0.17887E-16
      1      22.080    0.17850E-04    0.17653E-14    0.11416E-16   -0.22575E-16
      1      21.812    0.17701E-04    0.17447E-14    0.21732E-16   -0.20411E-16
      1      21.544    0.17562E-04    0.17691E-14    0.78865E-17   -0.29351E-16
      1      21.276    0.17436E-04    0.18103E-14    0.11850E-16   -0.25172E-16
      1      21.009    0.17321E-04    0.17698E-14    0.90181E-17   -0.36118E-16
      1      20.741    0.17220E-04    0.17452E-14    0.35404E-17   -0.30389E-16
      1      20.473    0.17133E-04    0.17833E-14    0.14252E-16   -0.25238E-16
      1      20.205    0.17060E-04    0.17666E-14    0.95500E-17   -0.24537E-16
      1      19.937    0.17002E-04    0.17894E-14    0.62558E-17   -0.36345E-16
      1      19.670    0.16959E-04    0.17569E-14    0.10818E-16   -0.34410E-16
      1      19.402    0.16931E-04    0.17719E-14    0.13779E-16   -0.24086E-16
      1      19.134    0.16920E-04    0.17479E-14    0.85203E-17   -0.41775E-16
      1      18.866    0.16924E-04    0.17829E-14    0.12055E-16   -0.35316E-16
      1      18.598    0.16944E-04    0.18254E-14    0.14905E-16   -0.27946E-16
      1      18.331    0.16979E-04    0.17836E-14    0.12636E-16   -0.32767E-16
      1      18.063    0.17030E-04    0.17815E-14    0.13794E-16   -0.29550E-16
      1      17.795    0.17097E-04    0.18055E-14    0.84540E-17   -0.22247E-16
      1      17.527    0.17179E-04    0.18200E-14    0.96225E-17   -0.33661E-16
      1      17.259    0.17276E-04    0.17866E-14    0.16473E-16   -0.27489E-16
      1      16.992    0.17388E-04    0.18287E-14    0.42266E-17   -0.40713E-16
      1      16.724    0.17515E-04    0.17879E-14    0.16069E-16   -0.31911E-16
      1      16.456    0.17657E-04    0.17975E-14    0.25051E-16   -0.31737E-16
      1      16.188    0.17814E-04    0.17656E-14    0.17725E-16   -0.34683E-16
      1      15.920    0.17986E-04    0.17389E-14    0.12960E-16   -0.46599E-16
      1      15.653    0.18174E-04    0.17466E-14    0.81273E-17   -0.30479E-16
      1      15.385    0.18376E-04    0.17221E-14    0.11896E-16   -0.42018E-16
      1      15.117    0.18595E-04    0.16341E-14    0.15444E-16   -0.39534E-16
      1      14.849    0.18830E-04    0.17371E-14    0.13339E-16   -0.40264E-16
      1      14.581    0.19082E-04    0.16767E-14    0.25325E-16   -0.34246E-16
      1      14.314    0.19351E-04    0.16655E-14    0.16972E-16   -0.36094E-16
      1      14.046    0.19638E-04    0.15966E-14    0.17925E-16   -0.34628E-16
      1      13.778    0.19943E-04    0.15798E-14    0.29986E-16   -0.39069E-16
      1      13.510    0.20268E-04    0.15669E-14    0.40507E-17   -0.36369E-16
      1      13.242    0.20614E-04    0.16046E-14    0.19943E-16   -0.42896E-16
      1      12.975    0.20981E-04    0.15554E-14    0.17162E-16   -0.37912E-16
      1      12.707    0.21370E-04    0.14995E-14    0.24270E-16   -0.39931E-16
      1      12.439    0.21785E-04    0.15022E-14    0.18187E-16   -0.48597E-16
      1      12.171    0.22225E-04    0.14697E-14    0.14148E-16   -0.40465E-16
      1      11.903    0.22694E-04    0.14220E-14    0.23041E-16   -0.42903E-16
      1      11.636    0.23192E-04    0.13849E-14    0.16916E-16   -0.33961E-16
      1      11.368    0.23719E-04    0.13876E-14    0.30090E-16   -0.47244E-16
      1      11.100    0.24273E-04    0.13243E-14    0.81783E-17   -0.45105E-16
      1      10.832    0.24846E-04    0.12889E-14    0.28564E-16   -0.35643E-16
      1      10.564    0.25421E-04    0.12249E-14    0.14850E-16   -0.40659E-16
      1      10.297    0.25972E-04    0.12013E-14    0.25604E-16   -0.46616E-16
      1      10.029    0.26458E-04    0.11490E-14    0.22183E-16   -0.44204E-16
      1       9.761    0.26833E-04    0.11291E-14    0.21453E-16   -0.41634E-16
      1       9.493    0.27066E-04    0.11584E-14    0.21881E-16   -0.53830E-16
      1       9.225    0.27172E-04    0.11272E-14    0.40030E-16   -0.51874E-16
      1       8.958    0.27197E-04    0.11007E-14    0.29211E-16   -0.41983E-16
      1       8.690    0.27192E-04    0.10517E-14    0.25399E-16   -0.57215E-16
      1       8.422    0.27202E-04    0.10747E-14    0.42354E-16   -0.51689E-16
      1       8.154    0.27256E-04    0.95888E-15    0.52144E-16   -0.47062E-16
      1       7.886    0.27375E-04    0.99717E-15    0.37100E-16   -0.53693E-16
      1       7.619    0.27571E-04    0.10090E-14    0.19055E-16   -0.59140E-16
      1       7.351    0.27853E-04    0.97208E-15    0.58403E-16   -0.51329E-16
      1       7.083    0.28226E-04    0.10239E-14    0.53500E-16   -0.54293E-16
      1       6.815    0.28696E-04    0.95877E-15    0.56377E-16   -0.58558E-16
      1       6.547    0.29270E-04    0.97000E-15    0.56666E-16   -0.50156E-16
      1       6.279    0.29952E-04    0.93824E-15    0.85170E-16   -0.58762E-16
      1       6.012    0.30747E-04    0.94171E-15    0.67947E-16   -0.58875E-16
      1       5.744    0.31663E-04    0.10162E-14    0.86250E-16   -0.59799E-16
      1       5.476    0.32703E-04    0.10579E-14    0.81983E-16   -0.56703E-16
      1       5.208    0.33873E-04    0.10156E-14    0.81080E-16   -0.47259E-16
      1       4.940    0.35178E-04    0.10719E-14    0.70340E-16   -0.52198E-16
      1       4.673    0.36620E-04    0.11287E-14    0.76451E-16   -0.50340E-16
      1       4.405    0.38202E-04    0.11816E-14    0.11580E-15   -0.53579E-16
      1       4.137    0.39924E-04    0.11466E-14    0.70825E-16   -0.48931E-16
      1       3.869    0.41781E-04    0.11928E-14    0.58358E-16   -0.34096E-16
      1       3.601    0.43766E-04    0.12684E-14    0.87849E-16   -0.47818E-16
      1       3.334    0.45866E-04    0.13063E-14    0.87253E-16   -0.40664E-16
      1       3.066    0.48053E-04    0.13788E-14    0.63865E-16   -0.47004E-16
      1       2.798    0.50288E-04    0.13926E-14    0.60178E-16   -0.42427E-16
      1       2.530    0.52510E-04    0.14738E-14    0.52923E-16   -0.37392E-16
      1       2.262    0.54638E-04    0.15088E-14    0.64716E-16   -0.37477E-16
      1       1.995    0.56557E-04    0.15542E-14    0.42408E-16   -0.37801E-16
      1       1.727    0.58108E-04    0.16369E-14    0.82226E-16   -0.39160E-16
      1       1.459    0.59068E-04    0.17297E-14    0.90572E-16   -0.22162E-16
      1       1.191    0.59128E-04    0.18038E-14    0.63053E-16   -0.30913E-16
      1       0.923    0.57864E-04    0.18925E-14    0.45514E-16   -0.24212E-16
      1       0.656    0.54509E-04    0.19047E-14    0.96171E-16   -0.27678E-16
      1       0.388    0.47368E-04    0.18011E-14    0.95439E-16   -0.21663E-16
      1       0.120    0.30466E-04    0.17775E-14    0.68780E-16   -0.22383E-16
