   3N SYSTEM INCLUSIVE  PHOTODESINTEGRATION
        DETECTED PARTICLE: 1- PROTON
        NOT DETECTED PARTICLES:2- PROTON  3-NEUTRON

      OMEGA 0.30000E+02
     MTTWE1,MTTWE2,MTTWE3=    1    1   -1
     TH1LAB,PHI1LAB=    60.000     0.000
   Unit of cross sections ... fm**2/(MeV*sr**2)
      I       E1      CROSS           AX           AY           AZ
      1      15.607    0.33299E-05   -0.91949E+00   -0.27953E-18   -0.79990E-18
      1      15.593    0.95639E-03   -0.91764E+00    0.16807E-18   -0.35046E-18
      1      15.587    0.10693E-02   -0.91711E+00   -0.72850E-18   -0.13521E-17
      1      15.580    0.11355E-02   -0.91662E+00    0.65171E-17   -0.66177E-17
      1      15.573    0.11746E-02   -0.91615E+00   -0.49701E-18    0.93654E-18
      1      15.567    0.11969E-02   -0.91570E+00   -0.62859E-18    0.24021E-17
      1      15.560    0.12082E-02   -0.91527E+00   -0.36487E-17   -0.25315E-17
      1      15.553    0.12122E-02   -0.91486E+00    0.95287E-18    0.14072E-17
      1      15.547    0.12114E-02   -0.91448E+00   -0.23823E-17   -0.60355E-17
      1      15.540    0.12072E-02   -0.91411E+00   -0.96917E-18    0.39328E-18
      1      15.533    0.12008E-02   -0.91376E+00   -0.16649E-17   -0.16523E-17
      1      15.527    0.11931E-02   -0.91344E+00    0.17625E-17    0.32986E-17
      1      15.520    0.11844E-02   -0.91313E+00   -0.93997E-18    0.30436E-18
      1      15.513    0.11753E-02   -0.91284E+00    0.48437E-18   -0.43740E-17
      1      15.507    0.11660E-02   -0.91256E+00   -0.23024E-17    0.98693E-19
      1      15.500    0.11565E-02   -0.91231E+00   -0.82443E-19   -0.10494E-18
      1      15.493    0.11471E-02   -0.91206E+00    0.17159E-17    0.14725E-17
      1      15.487    0.11377E-02   -0.91183E+00    0.75690E-17    0.50083E-17
      1      15.402    0.10304E-02   -0.90937E+00    0.48768E-18   -0.18002E-17
      1      15.318    0.94705E-03   -0.90729E+00    0.53767E-17   -0.23045E-17
      1      15.233    0.88383E-03   -0.90543E+00   -0.20409E-17    0.46063E-17
      1      15.149    0.83471E-03   -0.90372E+00    0.58806E-17    0.79493E-17
      1      15.064    0.79513E-03   -0.90206E+00   -0.35332E-17   -0.10940E-16
      1      14.980    0.76215E-03   -0.90036E+00   -0.15581E-17   -0.17163E-17
      1      14.895    0.73391E-03   -0.89858E+00    0.46128E-17    0.34894E-17
      1      14.811    0.70917E-03   -0.89668E+00    0.45884E-17   -0.13100E-18
      1      14.727    0.68710E-03   -0.89463E+00    0.73544E-18   -0.76066E-18
      1      14.642    0.66711E-03   -0.89241E+00    0.25600E-17    0.18783E-17
      1      14.558    0.64885E-03   -0.89001E+00    0.41876E-17   -0.68239E-17
      1      14.473    0.63207E-03   -0.88746E+00   -0.28215E-17   -0.20307E-16
      1      14.389    0.61661E-03   -0.88476E+00    0.26979E-17    0.27078E-17
      1      14.304    0.60230E-03   -0.88191E+00    0.46019E-17   -0.12170E-16
      1      14.220    0.58903E-03   -0.87893E+00    0.45628E-17   -0.67145E-17
      1      14.136    0.57668E-03   -0.87581E+00    0.31470E-17   -0.31922E-17
      1      14.051    0.56516E-03   -0.87256E+00   -0.46802E-17   -0.27135E-17
      1      13.967    0.55438E-03   -0.86918E+00    0.38411E-17   -0.88837E-17
      1      13.882    0.54427E-03   -0.86566E+00   -0.83700E-17   -0.10644E-16
      1      13.798    0.53478E-03   -0.86201E+00   -0.17742E-17   -0.22080E-16
      1      13.713    0.52585E-03   -0.85823E+00    0.44616E-17    0.73158E-17
      1      13.629    0.51745E-03   -0.85430E+00    0.25521E-17   -0.13672E-16
      1      13.545    0.50956E-03   -0.85025E+00    0.26710E-17   -0.10365E-16
      1      13.460    0.50214E-03   -0.84607E+00   -0.33879E-17   -0.25900E-16
      1      13.376    0.49519E-03   -0.84176E+00    0.30155E-17   -0.10877E-16
      1      13.291    0.48869E-03   -0.83735E+00   -0.27475E-17    0.21513E-18
      1      13.207    0.48263E-03   -0.83285E+00   -0.53433E-18   -0.30473E-16
      1      13.122    0.47698E-03   -0.82825E+00    0.36841E-17   -0.56282E-18
      1      13.038    0.47173E-03   -0.82358E+00   -0.11225E-16   -0.11505E-16
      1      12.954    0.46687E-03   -0.81885E+00    0.11469E-16   -0.49342E-17
      1      12.869    0.46237E-03   -0.81407E+00   -0.11660E-16    0.79311E-17
      1      12.785    0.45823E-03   -0.80925E+00    0.20606E-17    0.66202E-17
      1      12.700    0.45441E-03   -0.80439E+00    0.91741E-18   -0.28605E-16
      1      12.616    0.45090E-03   -0.79951E+00    0.10290E-16   -0.90352E-17
      1      12.531    0.44769E-03   -0.79459E+00    0.12748E-16   -0.57781E-17
      1      12.447    0.44473E-03   -0.78965E+00    0.25817E-16   -0.15347E-16
      1      12.363    0.44203E-03   -0.78468E+00   -0.83630E-17   -0.57834E-17
      1      12.278    0.43957E-03   -0.77968E+00   -0.61767E-17    0.17624E-16
      1      12.194    0.43733E-03   -0.77466E+00    0.22157E-16    0.17097E-16
      1      12.109    0.43530E-03   -0.76962E+00    0.20647E-16   -0.16948E-16
      1      12.025    0.43349E-03   -0.76457E+00    0.11955E-16   -0.53355E-17
      1      11.940    0.43189E-03   -0.75952E+00   -0.37746E-17    0.24099E-16
      1      11.856    0.43049E-03   -0.75447E+00    0.51978E-17    0.88473E-17
      1      11.772    0.42932E-03   -0.74944E+00    0.35572E-17   -0.63603E-17
      1      11.687    0.42836E-03   -0.74443E+00    0.74870E-17   -0.53943E-16
      1      11.603    0.42762E-03   -0.73947E+00   -0.42329E-17   -0.11070E-17
      1      11.518    0.42712E-03   -0.73456E+00    0.25720E-16   -0.40175E-16
      1      11.434    0.42684E-03   -0.72971E+00   -0.51713E-17   -0.43478E-17
      1      11.349    0.42678E-03   -0.72492E+00    0.19087E-16    0.50202E-16
      1      11.265    0.42696E-03   -0.72021E+00   -0.17751E-16    0.23318E-16
      1      11.181    0.42735E-03   -0.71557E+00   -0.17055E-16   -0.25122E-16
      1      11.096    0.42796E-03   -0.71101E+00    0.21741E-16   -0.14825E-16
      1      11.012    0.42879E-03   -0.70653E+00    0.10076E-16    0.15991E-16
      1      10.927    0.42982E-03   -0.70214E+00   -0.15397E-16   -0.20151E-16
      1      10.843    0.43106E-03   -0.69782E+00    0.41876E-17    0.25200E-16
      1      10.758    0.43249E-03   -0.69359E+00   -0.18882E-16   -0.19775E-17
      1      10.674    0.43411E-03   -0.68943E+00    0.30660E-17    0.74203E-17
      1      10.589    0.43592E-03   -0.68535E+00   -0.18445E-17    0.74781E-17
      1      10.505    0.43791E-03   -0.68134E+00    0.10390E-16    0.17514E-16
      1      10.421    0.44008E-03   -0.67739E+00   -0.31188E-16   -0.49639E-17
      1      10.336    0.44242E-03   -0.67351E+00   -0.22483E-16    0.21447E-16
      1      10.252    0.44495E-03   -0.66969E+00   -0.12127E-16    0.22796E-16
      1      10.167    0.44766E-03   -0.66594E+00   -0.13253E-16    0.39408E-16
      1      10.083    0.45056E-03   -0.66224E+00    0.51152E-17    0.16449E-16
      1       9.998    0.45367E-03   -0.65862E+00   -0.32135E-17    0.40752E-16
      1       9.914    0.45699E-03   -0.65508E+00    0.18684E-16   -0.13186E-17
      1       9.830    0.46053E-03   -0.65162E+00   -0.32264E-17    0.89133E-18
      1       9.745    0.46431E-03   -0.64827E+00   -0.26202E-16    0.94993E-17
      1       9.661    0.46834E-03   -0.64502E+00   -0.22472E-16   -0.19827E-17
      1       9.576    0.47263E-03   -0.64189E+00   -0.12027E-16    0.10020E-16
      1       9.492    0.47720E-03   -0.63889E+00    0.47677E-18    0.10404E-16
      1       9.407    0.48206E-03   -0.63603E+00   -0.13876E-16    0.10567E-16
      1       9.323    0.48720E-03   -0.63331E+00    0.44580E-17    0.27669E-16
      1       9.239    0.49264E-03   -0.63073E+00    0.54883E-19    0.19839E-16
      1       9.154    0.49838E-03   -0.62831E+00   -0.28075E-16    0.30610E-16
      1       9.070    0.50441E-03   -0.62602E+00   -0.13849E-17    0.21552E-16
      1       8.985    0.51075E-03   -0.62389E+00   -0.26060E-16    0.29721E-16
      1       8.901    0.51740E-03   -0.62190E+00    0.19288E-16    0.43273E-17
      1       8.816    0.52435E-03   -0.62005E+00    0.10983E-16    0.15799E-16
      1       8.732    0.53163E-03   -0.61835E+00    0.39946E-17    0.21008E-16
      1       8.648    0.53922E-03   -0.61678E+00   -0.15737E-16    0.11452E-16
      1       8.563    0.54713E-03   -0.61536E+00    0.37997E-17    0.45885E-16
      1       8.479    0.55537E-03   -0.61407E+00   -0.16632E-16    0.39095E-16
      1       8.394    0.56394E-03   -0.61291E+00   -0.15723E-16    0.16871E-16
      1       8.310    0.57284E-03   -0.61188E+00   -0.17479E-16    0.88309E-17
      1       8.225    0.58208E-03   -0.61098E+00   -0.10382E-16    0.17086E-16
      1       8.141    0.59167E-03   -0.61019E+00    0.16056E-16   -0.62608E-17
      1       8.057    0.60161E-03   -0.60952E+00   -0.12481E-16    0.16101E-16
      1       7.972    0.61192E-03   -0.60897E+00   -0.18265E-17    0.22236E-16
      1       7.888    0.62261E-03   -0.60854E+00   -0.95445E-17    0.98996E-17
      1       7.803    0.63369E-03   -0.60823E+00    0.28421E-16    0.22479E-16
      1       7.719    0.64518E-03   -0.60804E+00   -0.15948E-16    0.59727E-18
      1       7.634    0.65710E-03   -0.60797E+00    0.51008E-16    0.11170E-16
      1       7.550    0.66946E-03   -0.60802E+00   -0.81442E-17    0.10825E-16
      1       7.466    0.68228E-03   -0.60820E+00    0.23262E-16    0.34174E-17
      1       7.381    0.69558E-03   -0.60851E+00    0.37089E-16    0.13619E-17
      1       7.297    0.70938E-03   -0.60894E+00    0.12782E-16    0.12920E-16
      1       7.212    0.72369E-03   -0.60951E+00   -0.38659E-16    0.16963E-16
      1       7.128    0.73854E-03   -0.61021E+00   -0.43736E-16    0.10665E-16
      1       7.043    0.75392E-03   -0.61103E+00    0.83194E-17   -0.11027E-17
      1       6.959    0.76985E-03   -0.61197E+00   -0.27263E-16    0.11251E-16
      1       6.875    0.78634E-03   -0.61303E+00    0.56716E-16   -0.58452E-17
      1       6.790    0.80340E-03   -0.61421E+00   -0.63027E-16   -0.78900E-18
      1       6.706    0.82106E-03   -0.61551E+00    0.56215E-17   -0.26837E-17
      1       6.621    0.83932E-03   -0.61693E+00    0.21612E-16    0.19979E-16
      1       6.537    0.85820E-03   -0.61846E+00   -0.34442E-17   -0.80591E-17
      1       6.452    0.87772E-03   -0.62011E+00    0.20043E-16    0.42333E-17
      1       6.368    0.89790E-03   -0.62187E+00    0.31258E-16    0.12026E-16
      1       6.283    0.91875E-03   -0.62374E+00   -0.25797E-16    0.11315E-16
      1       6.199    0.94030E-03   -0.62572E+00   -0.56239E-16   -0.24162E-17
      1       6.115    0.96258E-03   -0.62781E+00    0.82014E-17   -0.50895E-17
      1       6.030    0.98559E-03   -0.63002E+00    0.15699E-16   -0.94749E-18
      1       5.946    0.10094E-02   -0.63234E+00   -0.54836E-16   -0.15713E-16
      1       5.861    0.10340E-02   -0.63477E+00    0.30518E-16   -0.86040E-17
      1       5.777    0.10594E-02   -0.63730E+00   -0.99621E-16    0.13656E-16
      1       5.692    0.10856E-02   -0.63995E+00    0.21153E-17    0.14182E-16
      1       5.608    0.11127E-02   -0.64269E+00    0.56849E-16   -0.34749E-17
      1       5.524    0.11406E-02   -0.64554E+00    0.33059E-17    0.97770E-17
      1       5.439    0.11695E-02   -0.64849E+00    0.48763E-16    0.11809E-18
      1       5.355    0.11993E-02   -0.65155E+00   -0.82266E-17    0.35745E-16
      1       5.270    0.12301E-02   -0.65470E+00   -0.39154E-16    0.40087E-17
      1       5.186    0.12619E-02   -0.65795E+00    0.44122E-16   -0.16223E-17
      1       5.101    0.12945E-02   -0.66127E+00   -0.67330E-17   -0.18740E-16
      1       5.017    0.13280E-02   -0.66465E+00   -0.88675E-17   -0.11169E-16
      1       4.933    0.13622E-02   -0.66804E+00   -0.12233E-16    0.14848E-16
      1       4.848    0.13967E-02   -0.67139E+00   -0.80913E-16   -0.57273E-17
      1       4.764    0.14313E-02   -0.67462E+00    0.58112E-16   -0.80474E-17
      1       4.679    0.14654E-02   -0.67766E+00   -0.57903E-17   -0.15994E-17
      1       4.595    0.14983E-02   -0.68039E+00    0.14078E-15   -0.23668E-16
      1       4.510    0.15291E-02   -0.68268E+00    0.13784E-16   -0.21271E-17
      1       4.426    0.15570E-02   -0.68441E+00   -0.16668E-15    0.27821E-17
      1       4.342    0.15808E-02   -0.68543E+00   -0.28831E-15    0.75883E-17
      1       4.257    0.15995E-02   -0.68559E+00   -0.25461E-15    0.49701E-17
      1       4.173    0.16121E-02   -0.68477E+00    0.69006E-16    0.73598E-18
      1       4.088    0.16178E-02   -0.68282E+00    0.38257E-16    0.55459E-17
      1       4.004    0.16161E-02   -0.67969E+00    0.14932E-15    0.50670E-17
      1       3.919    0.16073E-02   -0.67535E+00    0.51553E-16    0.12577E-16
      1       3.835    0.15919E-02   -0.66986E+00   -0.15459E-15   -0.17125E-16
      1       3.751    0.15707E-02   -0.66327E+00   -0.80071E-16    0.17229E-17
      1       3.666    0.15445E-02   -0.65568E+00    0.38015E-16    0.54332E-17
      1       3.582    0.15146E-02   -0.64719E+00   -0.11302E-15   -0.29322E-17
      1       3.497    0.14818E-02   -0.63792E+00   -0.41299E-17   -0.25734E-16
      1       3.413    0.14470E-02   -0.62797E+00    0.17605E-15   -0.10712E-16
      1       3.328    0.14111E-02   -0.61744E+00    0.73537E-16   -0.10720E-16
      1       3.244    0.13745E-02   -0.60642E+00   -0.12344E-16   -0.16123E-16
      1       3.160    0.13377E-02   -0.59497E+00    0.54640E-16    0.12345E-17
      1       3.075    0.13010E-02   -0.58314E+00   -0.63180E-16    0.43544E-18
      1       2.991    0.12646E-02   -0.57095E+00   -0.39737E-16    0.52657E-17
      1       2.906    0.12286E-02   -0.55842E+00   -0.58387E-16   -0.25788E-17
      1       2.822    0.11932E-02   -0.54557E+00    0.76821E-16   -0.10500E-16
      1       2.737    0.11585E-02   -0.53243E+00    0.36593E-16   -0.30883E-16
      1       2.653    0.11245E-02   -0.51901E+00   -0.54321E-16    0.22728E-16
      1       2.569    0.10913E-02   -0.50536E+00    0.32035E-16    0.35749E-16
      1       2.484    0.10590E-02   -0.49148E+00    0.91588E-16   -0.13205E-16
      1       2.400    0.10276E-02   -0.47740E+00    0.12201E-15   -0.14466E-16
      1       2.315    0.99707E-03   -0.46316E+00    0.18098E-16    0.88926E-18
      1       2.231    0.96746E-03   -0.44876E+00    0.10907E-16   -0.10971E-16
      1       2.146    0.93876E-03   -0.43425E+00    0.61602E-16    0.13662E-16
      1       2.062    0.91094E-03   -0.41964E+00    0.58625E-16   -0.11621E-16
      1       1.977    0.88401E-03   -0.40498E+00    0.14769E-16   -0.15821E-16
      1       1.893    0.85792E-03   -0.39030E+00    0.14032E-16   -0.14396E-16
      1       1.809    0.83257E-03   -0.37557E+00    0.50224E-16    0.71581E-17
      1       1.724    0.80780E-03   -0.36076E+00    0.82073E-16   -0.43136E-17
      1       1.640    0.78346E-03   -0.34578E+00    0.42398E-16   -0.15485E-16
      1       1.555    0.75939E-03   -0.33055E+00    0.23506E-16   -0.44864E-17
      1       1.471    0.73542E-03   -0.31498E+00    0.14037E-16    0.50926E-17
      1       1.386    0.71141E-03   -0.29898E+00    0.66209E-16   -0.35804E-16
      1       1.302    0.68721E-03   -0.28246E+00    0.47238E-16    0.40061E-16
      1       1.218    0.66273E-03   -0.26535E+00   -0.58084E-17    0.25838E-16
      1       1.133    0.63788E-03   -0.24765E+00    0.94638E-16   -0.66776E-17
      1       1.049    0.61268E-03   -0.22947E+00    0.26779E-16    0.13836E-16
      1       0.964    0.58726E-03   -0.21116E+00    0.58712E-16   -0.16228E-16
      1       0.880    0.56160E-03   -0.19301E+00    0.79802E-16   -0.79451E-17
      1       0.795    0.53552E-03   -0.17520E+00    0.38838E-16   -0.35914E-16
      1       0.711    0.50872E-03   -0.15788E+00    0.51847E-16   -0.40035E-17
      1       0.627    0.48092E-03   -0.14135E+00    0.77673E-16   -0.30048E-16
      1       0.542    0.45185E-03   -0.12635E+00    0.71797E-16   -0.35864E-16
      1       0.458    0.42100E-03   -0.11377E+00    0.75010E-16   -0.12457E-16
      1       0.373    0.38591E-03   -0.10110E+00    0.68259E-16   -0.16589E-16
      1       0.289    0.34301E-03   -0.83248E-01    0.46427E-16    0.17743E-16
      1       0.204    0.28941E-03   -0.57384E-01    0.54441E-16   -0.36237E-16
      1       0.120    0.22210E-03   -0.29011E-01    0.83160E-16   -0.35841E-17
