   3N SYSTEM INCLUSIVE  PHOTODESINTEGRATION
        DETECTED PARTICLE: 1- PROTON
        NOT DETECTED PARTICLES:2- PROTON  3-NEUTRON

      OMEGA 0.10000E+03
     MTTWE1,MTTWE2,MTTWE3=    1    1   -1
     TH1LAB,PHI1LAB=   120.000     0.000
   Unit of cross sections ... fm**2/(MeV*sr**2)
      I       E1      CROSS           AX           AY           AZ
      1      54.090    0.27740E-07   -0.40684E-01    0.20692E-16    0.62757E-16
      1      54.076    0.80137E-05   -0.37646E-01   -0.16450E-17    0.42716E-17
      1      54.070    0.90269E-05   -0.38675E-01   -0.46976E-17    0.13922E-17
      1      54.063    0.96727E-05   -0.39919E-01   -0.18003E-16   -0.47980E-17
      1      54.056    0.10106E-04   -0.41243E-01    0.62884E-17    0.24121E-17
      1      54.050    0.10406E-04   -0.42582E-01    0.96701E-17    0.66147E-17
      1      54.043    0.10616E-04   -0.43899E-01    0.54841E-17    0.39801E-17
      1      54.036    0.10765E-04   -0.45190E-01   -0.11215E-16    0.97459E-17
      1      54.030    0.10870E-04   -0.46464E-01   -0.45803E-17   -0.22009E-17
      1      54.023    0.10943E-04   -0.47728E-01    0.14100E-17   -0.24257E-16
      1      54.016    0.10994E-04   -0.48986E-01    0.54883E-17    0.18367E-17
      1      54.010    0.11028E-04   -0.50242E-01    0.50023E-17    0.26110E-18
      1      54.003    0.11049E-04   -0.51499E-01    0.77835E-17    0.55092E-16
      1      53.996    0.11061E-04   -0.52758E-01    0.12052E-16    0.12421E-17
      1      53.990    0.11067E-04   -0.54021E-01    0.61157E-17    0.91412E-18
      1      53.983    0.11067E-04   -0.55289E-01    0.73930E-18    0.10004E-16
      1      53.976    0.11063E-04   -0.56561E-01    0.30724E-16   -0.94253E-17
      1      53.970    0.11057E-04   -0.57840E-01   -0.11758E-17    0.65384E-18
      1      53.674    0.10800E-04   -0.10527E+00   -0.11577E-17    0.71331E-17
      1      53.378    0.10680E-04   -0.12622E+00   -0.16228E-16    0.58905E-17
      1      53.082    0.10636E-04   -0.13848E+00   -0.32239E-17    0.15038E-16
      1      52.786    0.10605E-04   -0.14649E+00   -0.11898E-16    0.97883E-17
      1      52.490    0.10567E-04   -0.15178E+00   -0.50022E-17   -0.32446E-17
      1      52.194    0.10522E-04   -0.15507E+00   -0.13693E-16   -0.13026E-16
      1      51.898    0.10481E-04   -0.15684E+00   -0.10579E-17   -0.29519E-16
      1      51.603    0.10453E-04   -0.15749E+00   -0.13452E-16   -0.13002E-17
      1      51.307    0.10451E-04   -0.15736E+00   -0.25113E-17    0.22369E-16
      1      51.011    0.10483E-04   -0.15679E+00   -0.10528E-16    0.11771E-16
      1      50.715    0.10547E-04   -0.15598E+00   -0.60412E-17   -0.75909E-17
      1      50.419    0.10642E-04   -0.15510E+00   -0.15338E-16    0.79685E-17
      1      50.123    0.10764E-04   -0.15432E+00   -0.42951E-17    0.15319E-16
      1      49.827    0.10911E-04   -0.15377E+00   -0.11337E-16   -0.78421E-17
      1      49.531    0.11082E-04   -0.15353E+00   -0.87192E-17   -0.32807E-17
      1      49.236    0.11275E-04   -0.15354E+00   -0.13395E-16    0.20883E-16
      1      48.940    0.11486E-04   -0.15371E+00   -0.13346E-16    0.32233E-17
      1      48.644    0.11711E-04   -0.15387E+00   -0.39874E-17    0.23897E-16
      1      48.348    0.11947E-04   -0.15386E+00   -0.18114E-16    0.12181E-16
      1      48.052    0.12191E-04   -0.15351E+00   -0.12510E-16    0.75137E-17
      1      47.756    0.12440E-04   -0.15271E+00   -0.26001E-16    0.92278E-17
      1      47.460    0.12692E-04   -0.15137E+00   -0.22034E-16   -0.10942E-16
      1      47.164    0.12945E-04   -0.14945E+00   -0.87092E-17    0.12181E-16
      1      46.869    0.13200E-04   -0.14693E+00   -0.13756E-16    0.30800E-16
      1      46.573    0.13457E-04   -0.14393E+00   -0.14685E-16    0.18175E-16
      1      46.277    0.13719E-04   -0.14056E+00   -0.62779E-17    0.11896E-16
      1      45.981    0.13987E-04   -0.13696E+00   -0.10356E-16    0.10831E-16
      1      45.685    0.14264E-04   -0.13326E+00   -0.19863E-16    0.16899E-16
      1      45.389    0.14551E-04   -0.12956E+00   -0.27753E-16    0.34780E-17
      1      45.093    0.14848E-04   -0.12596E+00   -0.88156E-17    0.75137E-17
      1      44.797    0.15155E-04   -0.12257E+00   -0.82803E-17    0.20850E-16
      1      44.502    0.15473E-04   -0.11947E+00   -0.11660E-16    0.15904E-16
      1      44.206    0.15801E-04   -0.11674E+00   -0.16030E-16    0.15592E-16
      1      43.910    0.16138E-04   -0.11444E+00   -0.19666E-16    0.21781E-16
      1      43.614    0.16484E-04   -0.11259E+00   -0.90350E-17    0.16877E-16
      1      43.318    0.16835E-04   -0.11119E+00   -0.15550E-16    0.38478E-17
      1      43.022    0.17190E-04   -0.11021E+00   -0.75373E-17    0.31510E-16
      1      42.726    0.17547E-04   -0.10957E+00   -0.13727E-16    0.22031E-16
      1      42.430    0.17901E-04   -0.10921E+00   -0.39890E-17    0.10388E-16
      1      42.134    0.18250E-04   -0.10904E+00    0.12749E-16    0.60894E-17
      1      41.839    0.18592E-04   -0.10899E+00   -0.37654E-16    0.17008E-16
      1      41.543    0.18923E-04   -0.10900E+00    0.11014E-16    0.16999E-16
      1      41.247    0.19241E-04   -0.10903E+00   -0.26401E-16    0.13160E-16
      1      40.951    0.19545E-04   -0.10904E+00   -0.22944E-16    0.17700E-16
      1      40.655    0.19834E-04   -0.10904E+00   -0.43878E-16    0.25651E-16
      1      40.359    0.20106E-04   -0.10904E+00   -0.44805E-16    0.26516E-16
      1      40.063    0.20361E-04   -0.10905E+00    0.11882E-17    0.11057E-16
      1      39.767    0.20599E-04   -0.10913E+00    0.92030E-18    0.11073E-16
      1      39.472    0.20821E-04   -0.10932E+00   -0.64348E-16    0.32203E-16
      1      39.176    0.21028E-04   -0.10968E+00   -0.67972E-16    0.28547E-16
      1      38.880    0.21219E-04   -0.11022E+00    0.30600E-16    0.28707E-17
      1      38.584    0.21394E-04   -0.11097E+00   -0.50182E-16    0.28819E-16
      1      38.288    0.21553E-04   -0.11191E+00   -0.31362E-16    0.25205E-16
      1      37.992    0.21696E-04   -0.11308E+00   -0.42497E-16    0.24083E-16
      1      37.696    0.21822E-04   -0.11448E+00   -0.41162E-16    0.23975E-16
      1      37.400    0.21933E-04   -0.11616E+00    0.47179E-17    0.20050E-16
      1      37.105    0.22027E-04   -0.11810E+00   -0.40898E-16    0.18393E-16
      1      36.809    0.22105E-04   -0.12030E+00   -0.54907E-16    0.22781E-16
      1      36.513    0.22166E-04   -0.12275E+00   -0.18460E-16    0.38538E-16
      1      36.217    0.22209E-04   -0.12541E+00   -0.50590E-16    0.24885E-16
      1      35.921    0.22233E-04   -0.12824E+00   -0.16839E-16    0.22513E-16
      1      35.625    0.22238E-04   -0.13118E+00   -0.38280E-16    0.10528E-16
      1      35.329    0.22222E-04   -0.13419E+00   -0.13625E-16    0.16766E-16
      1      35.033    0.22185E-04   -0.13720E+00    0.25506E-17    0.28119E-16
      1      34.738    0.22129E-04   -0.14018E+00   -0.31918E-17    0.46030E-17
      1      34.442    0.22053E-04   -0.14308E+00   -0.23244E-16    0.25036E-16
      1      34.146    0.21958E-04   -0.14589E+00   -0.36644E-16    0.26028E-16
      1      33.850    0.21848E-04   -0.14858E+00   -0.41142E-16    0.39617E-16
      1      33.554    0.21722E-04   -0.15115E+00   -0.14371E-16    0.11119E-16
      1      33.258    0.21585E-04   -0.15363E+00   -0.26874E-16    0.23317E-16
      1      32.962    0.21439E-04   -0.15605E+00   -0.27547E-16    0.22368E-16
      1      32.666    0.21288E-04   -0.15849E+00   -0.19274E-16    0.18890E-16
      1      32.371    0.21136E-04   -0.16101E+00   -0.30873E-16    0.31646E-16
      1      32.075    0.20985E-04   -0.16372E+00   -0.38899E-16    0.87254E-17
      1      31.779    0.20839E-04   -0.16671E+00   -0.37226E-16    0.21988E-16
      1      31.483    0.20702E-04   -0.17006E+00   -0.16918E-16   -0.65056E-17
      1      31.187    0.20575E-04   -0.17387E+00   -0.36539E-16    0.25450E-16
      1      30.891    0.20462E-04   -0.17818E+00   -0.14965E-16    0.11488E-16
      1      30.595    0.20362E-04   -0.18303E+00   -0.73103E-17    0.33710E-16
      1      30.299    0.20277E-04   -0.18841E+00   -0.34716E-16    0.33687E-16
      1      30.004    0.20205E-04   -0.19430E+00   -0.48326E-17    0.21748E-16
      1      29.708    0.20146E-04   -0.20064E+00   -0.21672E-16    0.12229E-16
      1      29.412    0.20099E-04   -0.20740E+00   -0.33810E-16    0.12645E-16
      1      29.116    0.20063E-04   -0.21452E+00   -0.23468E-16    0.19733E-16
      1      28.820    0.20039E-04   -0.22196E+00   -0.32091E-16    0.54723E-18
      1      28.524    0.20025E-04   -0.22966E+00   -0.39247E-16    0.39890E-17
      1      28.228    0.20020E-04   -0.23756E+00   -0.39557E-16    0.39387E-16
      1      27.932    0.20025E-04   -0.24562E+00    0.86945E-17    0.18566E-16
      1      27.637    0.20038E-04   -0.25377E+00   -0.29822E-16    0.22747E-16
      1      27.341    0.20059E-04   -0.26197E+00   -0.36048E-16    0.14305E-16
      1      27.045    0.20088E-04   -0.27015E+00   -0.35571E-16    0.12702E-16
      1      26.749    0.20124E-04   -0.27827E+00    0.13709E-17    0.26835E-16
      1      26.453    0.20167E-04   -0.28628E+00   -0.88933E-17    0.28955E-16
      1      26.157    0.20218E-04   -0.29415E+00   -0.51848E-17   -0.10323E-16
      1      25.861    0.20276E-04   -0.30183E+00    0.10025E-16    0.13345E-16
      1      25.565    0.20341E-04   -0.30932E+00    0.39057E-17    0.20299E-16
      1      25.270    0.20416E-04   -0.31661E+00    0.10837E-16   -0.99140E-17
      1      24.974    0.20500E-04   -0.32367E+00   -0.14182E-16    0.14223E-16
      1      24.678    0.20595E-04   -0.33052E+00   -0.28089E-16    0.11463E-16
      1      24.382    0.20702E-04   -0.33715E+00    0.67897E-17   -0.17221E-16
      1      24.086    0.20821E-04   -0.34357E+00   -0.18693E-16    0.25401E-16
      1      23.790    0.20954E-04   -0.34977E+00   -0.17573E-16    0.14035E-16
      1      23.494    0.21102E-04   -0.35578E+00   -0.48601E-17    0.27129E-16
      1      23.198    0.21265E-04   -0.36160E+00    0.34621E-18    0.19616E-16
      1      22.903    0.21445E-04   -0.36724E+00   -0.28057E-16   -0.98678E-17
      1      22.607    0.21643E-04   -0.37273E+00    0.27821E-16    0.24682E-16
      1      22.311    0.21859E-04   -0.37806E+00    0.14690E-18    0.22793E-16
      1      22.015    0.22095E-04   -0.38327E+00    0.36868E-16    0.21608E-17
      1      21.719    0.22350E-04   -0.38836E+00    0.26766E-16    0.39965E-17
      1      21.423    0.22627E-04   -0.39334E+00   -0.19889E-17   -0.12242E-16
      1      21.127    0.22925E-04   -0.39823E+00   -0.82906E-18    0.11172E-16
      1      20.831    0.23245E-04   -0.40304E+00   -0.60806E-16    0.19931E-16
      1      20.535    0.23586E-04   -0.40776E+00   -0.13419E-16    0.13321E-16
      1      20.240    0.23950E-04   -0.41240E+00    0.59115E-16    0.11994E-16
      1      19.944    0.24337E-04   -0.41697E+00    0.14359E-16   -0.15433E-17
      1      19.648    0.24747E-04   -0.42146E+00    0.14651E-16    0.10840E-16
      1      19.352    0.25180E-04   -0.42589E+00    0.60265E-17    0.47291E-17
      1      19.056    0.25637E-04   -0.43026E+00    0.18824E-16    0.27783E-16
      1      18.760    0.26119E-04   -0.43457E+00    0.68970E-16   -0.34179E-17
      1      18.464    0.26627E-04   -0.43884E+00   -0.49716E-16   -0.64566E-17
      1      18.168    0.27161E-04   -0.44307E+00    0.60345E-17    0.76242E-17
      1      17.873    0.27723E-04   -0.44728E+00    0.19186E-16    0.19443E-17
      1      17.577    0.28315E-04   -0.45147E+00    0.22828E-16    0.30715E-16
      1      17.281    0.28937E-04   -0.45565E+00   -0.23349E-16    0.14451E-16
      1      16.985    0.29593E-04   -0.45986E+00   -0.11045E-17    0.16058E-16
      1      16.689    0.30286E-04   -0.46411E+00    0.60304E-17    0.11848E-16
      1      16.393    0.31017E-04   -0.46842E+00   -0.26150E-16    0.12141E-16
      1      16.097    0.31791E-04   -0.47282E+00   -0.18557E-16   -0.47331E-17
      1      15.801    0.32611E-04   -0.47731E+00   -0.15857E-16   -0.92838E-17
      1      15.506    0.33482E-04   -0.48194E+00    0.45112E-17   -0.11917E-16
      1      15.210    0.34408E-04   -0.48670E+00    0.21621E-16    0.71549E-17
      1      14.914    0.35392E-04   -0.49161E+00   -0.27517E-16    0.39006E-17
      1      14.618    0.36441E-04   -0.49669E+00    0.11723E-16   -0.41840E-17
      1      14.322    0.37557E-04   -0.50193E+00    0.14501E-16    0.51494E-17
      1      14.026    0.38744E-04   -0.50732E+00    0.18763E-17   -0.82665E-17
      1      13.730    0.39998E-04   -0.51281E+00    0.26916E-17   -0.61201E-17
      1      13.434    0.41309E-04   -0.51832E+00    0.21214E-16   -0.55997E-17
      1      13.139    0.42650E-04   -0.52366E+00    0.11993E-15   -0.58999E-17
      1      12.843    0.43969E-04   -0.52854E+00    0.21017E-15    0.58680E-17
      1      12.547    0.45183E-04   -0.53248E+00   -0.12256E-15   -0.15308E-16
      1      12.251    0.46170E-04   -0.53481E+00   -0.17631E-16   -0.11167E-16
      1      11.955    0.46790E-04   -0.53475E+00    0.61266E-16   -0.27986E-17
      1      11.659    0.46928E-04   -0.53155E+00   -0.69637E-17   -0.12260E-16
      1      11.363    0.46589E-04   -0.52518E+00   -0.50581E-17   -0.10018E-16
      1      11.067    0.45893E-04   -0.51628E+00    0.17857E-16   -0.11078E-16
      1      10.772    0.44989E-04   -0.50558E+00    0.15187E-15   -0.73609E-17
      1      10.476    0.44005E-04   -0.49371E+00    0.30342E-16   -0.13957E-16
      1      10.180    0.43030E-04   -0.48111E+00    0.40286E-16   -0.11582E-16
      1       9.884    0.42118E-04   -0.46804E+00   -0.40143E-16    0.72865E-17
      1       9.588    0.41300E-04   -0.45464E+00   -0.83522E-17    0.71464E-17
      1       9.292    0.40588E-04   -0.44097E+00    0.36551E-16   -0.45060E-17
      1       8.996    0.39989E-04   -0.42705E+00   -0.20767E-16    0.67803E-17
      1       8.700    0.39503E-04   -0.41288E+00   -0.39032E-16   -0.18651E-16
      1       8.405    0.39131E-04   -0.39843E+00    0.17191E-16   -0.26700E-17
      1       8.109    0.38875E-04   -0.38371E+00    0.23743E-16   -0.10439E-17
      1       7.813    0.38733E-04   -0.36871E+00    0.36468E-16   -0.57500E-17
      1       7.517    0.38710E-04   -0.35346E+00    0.14540E-16   -0.15393E-16
      1       7.221    0.38809E-04   -0.33799E+00    0.17259E-16   -0.78548E-17
      1       6.925    0.39031E-04   -0.32235E+00    0.33155E-16   -0.19316E-16
      1       6.629    0.39382E-04   -0.30660E+00    0.44563E-16    0.19527E-17
      1       6.333    0.39864E-04   -0.29081E+00    0.39051E-16   -0.20725E-16
      1       6.038    0.40482E-04   -0.27508E+00    0.36017E-16    0.20865E-17
      1       5.742    0.41241E-04   -0.25952E+00    0.23973E-16   -0.18897E-16
      1       5.446    0.42146E-04   -0.24427E+00    0.69930E-16   -0.67746E-17
      1       5.150    0.43201E-04   -0.22949E+00    0.29756E-16    0.38656E-17
      1       4.854    0.44413E-04   -0.21537E+00    0.10344E-16   -0.18181E-16
      1       4.558    0.45785E-04   -0.20209E+00    0.27788E-16    0.80615E-17
      1       4.262    0.47308E-04   -0.18968E+00    0.28467E-16    0.30755E-17
      1       3.966    0.48952E-04   -0.17796E+00    0.54358E-16    0.14331E-16
      1       3.671    0.50678E-04   -0.16665E+00    0.50256E-16   -0.84399E-17
      1       3.375    0.52429E-04   -0.15540E+00    0.50486E-16   -0.72112E-18
      1       3.079    0.54136E-04   -0.14386E+00    0.29810E-16   -0.77658E-17
      1       2.783    0.55715E-04   -0.13174E+00    0.45274E-16   -0.11397E-16
      1       2.487    0.57066E-04   -0.11881E+00    0.41727E-16    0.27354E-17
      1       2.191    0.58071E-04   -0.10498E+00    0.33370E-16    0.54376E-17
      1       1.895    0.58611E-04   -0.90551E-01    0.36113E-16   -0.69125E-17
      1       1.599    0.58584E-04   -0.76655E-01    0.64165E-16   -0.66582E-17
      1       1.304    0.57789E-04   -0.64219E-01    0.13838E-16   -0.17423E-17
      1       1.008    0.55825E-04   -0.53800E-01    0.46490E-16   -0.92076E-17
      1       0.712    0.51917E-04   -0.45624E-01    0.25575E-16   -0.88156E-18
      1       0.416    0.44276E-04   -0.38298E-01    0.29276E-16   -0.10491E-16
      1       0.120    0.26354E-04   -0.16831E-01    0.56293E-16   -0.64386E-18
