   3N SYSTEM INCLUSIVE  PHOTODESINTEGRATION
        DETECTED PARTICLE: 1- PROTON
        NOT DETECTED PARTICLES:2- PROTON  3-NEUTRON

      OMEGA 0.30000E+02
     MTTWE1,MTTWE2,MTTWE3=    1    1   -1
     TH1LAB,PHI1LAB=   180.000     0.000
   Unit of cross sections ... fm**2/(MeV*sr**2)
      I       E1      CROSS           AX           AY           AZ
      1      13.029    0.85602E-07    0.75686E-18   -0.16840E-20    0.55674E-18
      1      13.016    0.24975E-04    0.10828E-17    0.13638E-18   -0.20040E-17
      1      13.009    0.28127E-04    0.32185E-17    0.99923E-20   -0.34933E-17
      1      13.002    0.30107E-04    0.44010E-17    0.38719E-18   -0.54532E-17
      1      12.996    0.31411E-04    0.49650E-17    0.98127E-21   -0.79494E-17
      1      12.989    0.32294E-04    0.58316E-17    0.26703E-18   -0.13290E-16
      1      12.982    0.32900E-04    0.73802E-17    0.78281E-19   -0.72032E-17
      1      12.976    0.33320E-04    0.99114E-17   -0.13587E-18    0.14899E-17
      1      12.969    0.33611E-04    0.12473E-16    0.11179E-18    0.44399E-16
      1      12.962    0.33813E-04    0.14379E-16    0.15412E-18   -0.92639E-17
      1      12.956    0.33952E-04    0.16273E-16    0.48614E-18   -0.16490E-16
      1      12.949    0.34048E-04    0.17803E-16    0.65159E-19    0.23512E-16
      1      12.942    0.34113E-04    0.20771E-16   -0.13599E-18    0.25943E-16
      1      12.936    0.34156E-04    0.23708E-16    0.22865E-19   -0.10042E-16
      1      12.929    0.34183E-04    0.25761E-16    0.17637E-18    0.47082E-17
      1      12.922    0.34198E-04    0.27261E-16    0.60606E-19   -0.67015E-17
      1      12.916    0.34203E-04    0.30963E-16   -0.65116E-18    0.13849E-16
      1      12.909    0.34201E-04    0.35337E-16    0.13787E-18    0.54994E-17
      1      12.839    0.34008E-04    0.71860E-16    0.21129E-18   -0.46706E-17
      1      12.769    0.33815E-04    0.11776E-15    0.20025E-17    0.63566E-17
      1      12.698    0.33756E-04    0.17064E-15   -0.46660E-18   -0.14378E-16
      1      12.628    0.33823E-04    0.23759E-15   -0.13191E-17    0.29446E-16
      1      12.558    0.33990E-04    0.31304E-15    0.13577E-18    0.84234E-17
      1      12.487    0.34236E-04    0.38288E-15    0.20873E-17    0.41378E-16
      1      12.417    0.34548E-04    0.46117E-15    0.50254E-18   -0.15270E-17
      1      12.347    0.34921E-04    0.54448E-15   -0.72945E-18   -0.40838E-17
      1      12.277    0.35350E-04    0.63713E-15    0.16538E-17    0.25101E-17
      1      12.206    0.35832E-04    0.73223E-15   -0.58490E-17    0.28965E-17
      1      12.136    0.36365E-04    0.81914E-15   -0.45982E-17    0.11044E-16
      1      12.066    0.36947E-04    0.90580E-15   -0.63357E-17   -0.96615E-17
      1      11.996    0.37574E-04    0.10234E-14   -0.10631E-16   -0.79035E-19
      1      11.925    0.38245E-04    0.11249E-14   -0.10232E-16    0.19444E-18
      1      11.855    0.38958E-04    0.12540E-14   -0.14736E-16   -0.12899E-16
      1      11.785    0.39712E-04    0.13302E-14   -0.20233E-16   -0.15144E-16
      1      11.715    0.40506E-04    0.14382E-14   -0.22244E-16   -0.13915E-16
      1      11.644    0.41340E-04    0.14894E-14   -0.16872E-16   -0.18426E-16
      1      11.574    0.42213E-04    0.16588E-14   -0.17601E-16   -0.15019E-16
      1      11.504    0.43127E-04    0.17678E-14   -0.15663E-16   -0.19039E-16
      1      11.433    0.44082E-04    0.18950E-14   -0.17118E-16   -0.38215E-16
      1      11.363    0.45079E-04    0.19404E-14   -0.19598E-16   -0.25014E-16
      1      11.293    0.46118E-04    0.20553E-14   -0.16193E-16   -0.40154E-16
      1      11.223    0.47200E-04    0.21463E-14   -0.20732E-16   -0.34050E-16
      1      11.152    0.48327E-04    0.22397E-14   -0.20436E-16   -0.49075E-16
      1      11.082    0.49498E-04    0.23666E-14   -0.12909E-16   -0.44437E-16
      1      11.012    0.50714E-04    0.24333E-14   -0.15043E-16   -0.48823E-16
      1      10.942    0.51974E-04    0.25355E-14   -0.20317E-16   -0.57293E-16
      1      10.871    0.53276E-04    0.26217E-14   -0.23465E-16   -0.66808E-16
      1      10.801    0.54620E-04    0.26907E-14   -0.15628E-16   -0.62523E-16
      1      10.731    0.56002E-04    0.28507E-14   -0.39607E-16   -0.86549E-16
      1      10.660    0.57422E-04    0.29517E-14   -0.22207E-16   -0.71960E-16
      1      10.590    0.58878E-04    0.29681E-14   -0.13353E-16   -0.76842E-16
      1      10.520    0.60368E-04    0.30841E-14   -0.20418E-16   -0.67887E-16
      1      10.450    0.61892E-04    0.31719E-14   -0.14801E-16   -0.71910E-16
      1      10.379    0.63447E-04    0.32191E-14   -0.13463E-16   -0.85178E-16
      1      10.309    0.65033E-04    0.32739E-14   -0.19224E-16   -0.85343E-16
      1      10.239    0.66651E-04    0.34082E-14   -0.21887E-16   -0.99510E-16
      1      10.169    0.68300E-04    0.34645E-14   -0.35873E-16   -0.79423E-16
      1      10.098    0.69981E-04    0.35427E-14   -0.36876E-16   -0.89141E-16
      1      10.028    0.71692E-04    0.36422E-14   -0.22569E-16   -0.78851E-16
      1       9.958    0.73436E-04    0.36754E-14   -0.73622E-17   -0.95814E-16
      1       9.887    0.75211E-04    0.37570E-14   -0.14897E-16   -0.85809E-16
      1       9.817    0.77018E-04    0.38055E-14   -0.32550E-17   -0.86384E-16
      1       9.747    0.78857E-04    0.39294E-14    0.10728E-17   -0.10634E-15
      1       9.677    0.80727E-04    0.39339E-14   -0.88614E-17   -0.98802E-16
      1       9.606    0.82629E-04    0.40051E-14   -0.61635E-17   -0.10543E-15
      1       9.536    0.84562E-04    0.40964E-14   -0.15177E-16   -0.10101E-15
      1       9.466    0.86527E-04    0.42092E-14   -0.40388E-17   -0.98220E-16
      1       9.396    0.88524E-04    0.42522E-14   -0.20309E-16   -0.12116E-15
      1       9.325    0.90553E-04    0.42789E-14   -0.21044E-16   -0.13258E-15
      1       9.255    0.92615E-04    0.43734E-14   -0.38155E-17   -0.10780E-15
      1       9.185    0.94710E-04    0.44435E-14    0.40002E-17   -0.11941E-15
      1       9.115    0.96839E-04    0.45038E-14   -0.98936E-17   -0.13562E-15
      1       9.044    0.99001E-04    0.45533E-14   -0.16371E-16   -0.11763E-15
      1       8.974    0.10120E-03    0.46193E-14    0.56921E-17   -0.13641E-15
      1       8.904    0.10343E-03    0.45415E-14   -0.36214E-17   -0.12149E-15
      1       8.833    0.10569E-03    0.46993E-14   -0.14776E-16   -0.11831E-15
      1       8.763    0.10799E-03    0.48139E-14   -0.11477E-16   -0.15077E-15
      1       8.693    0.11032E-03    0.47457E-14   -0.13506E-16   -0.15083E-15
      1       8.623    0.11269E-03    0.48839E-14   -0.29157E-16   -0.14699E-15
      1       8.552    0.11509E-03    0.48789E-14   -0.59661E-17   -0.13656E-15
      1       8.482    0.11753E-03    0.48675E-14    0.10707E-16   -0.14991E-15
      1       8.412    0.12001E-03    0.50153E-14    0.65574E-17   -0.15119E-15
      1       8.342    0.12252E-03    0.49690E-14    0.34560E-17   -0.16020E-15
      1       8.271    0.12508E-03    0.49807E-14    0.12706E-17   -0.14774E-15
      1       8.201    0.12769E-03    0.50145E-14    0.53211E-18   -0.18121E-15
      1       8.131    0.13034E-03    0.51477E-14    0.56968E-17   -0.17818E-15
      1       8.060    0.13304E-03    0.50688E-14    0.14700E-16   -0.17316E-15
      1       7.990    0.13579E-03    0.52532E-14   -0.36056E-17   -0.17585E-15
      1       7.920    0.13860E-03    0.51695E-14    0.98378E-17   -0.17665E-15
      1       7.850    0.14147E-03    0.53487E-14    0.13721E-16   -0.16339E-15
      1       7.779    0.14439E-03    0.53531E-14    0.11319E-16   -0.19930E-15
      1       7.709    0.14736E-03    0.54198E-14    0.13327E-16   -0.18133E-15
      1       7.639    0.15040E-03    0.53896E-14    0.40990E-18   -0.18986E-15
      1       7.569    0.15350E-03    0.54299E-14    0.14751E-17   -0.18488E-15
      1       7.498    0.15665E-03    0.54009E-14    0.11640E-16   -0.16533E-15
      1       7.428    0.15987E-03    0.54982E-14   -0.12996E-16   -0.17940E-15
      1       7.358    0.16314E-03    0.55759E-14    0.23312E-16   -0.17885E-15
      1       7.288    0.16647E-03    0.54541E-14    0.15471E-16   -0.17519E-15
      1       7.217    0.16986E-03    0.56225E-14   -0.17379E-17   -0.18117E-15
      1       7.147    0.17331E-03    0.55470E-14    0.89753E-17   -0.16644E-15
      1       7.077    0.17682E-03    0.56615E-14   -0.26937E-18   -0.17153E-15
      1       7.006    0.18040E-03    0.56555E-14    0.68251E-17   -0.16723E-15
      1       6.936    0.18403E-03    0.56021E-14    0.65856E-18   -0.18164E-15
      1       6.866    0.18773E-03    0.56362E-14    0.15432E-16   -0.17243E-15
      1       6.796    0.19149E-03    0.58197E-14    0.20268E-16   -0.18536E-15
      1       6.725    0.19531E-03    0.57137E-14    0.15754E-16   -0.19131E-15
      1       6.655    0.19920E-03    0.57625E-14    0.83002E-17   -0.18542E-15
      1       6.585    0.20316E-03    0.58142E-14    0.74812E-17   -0.16314E-15
      1       6.515    0.20719E-03    0.57216E-14    0.18881E-17   -0.17185E-15
      1       6.444    0.21128E-03    0.56592E-14    0.30117E-16   -0.17362E-15
      1       6.374    0.21544E-03    0.58439E-14    0.10905E-16   -0.15713E-15
      1       6.304    0.21968E-03    0.59056E-14   -0.39551E-17   -0.16440E-15
      1       6.233    0.22399E-03    0.59094E-14    0.14091E-16   -0.17692E-15
      1       6.163    0.22838E-03    0.59538E-14    0.89529E-17   -0.17786E-15
      1       6.093    0.23284E-03    0.59276E-14    0.29021E-17   -0.16332E-15
      1       6.023    0.23738E-03    0.59316E-14    0.20612E-16   -0.16401E-15
      1       5.952    0.24201E-03    0.58960E-14    0.56587E-17   -0.17123E-15
      1       5.882    0.24671E-03    0.60308E-14    0.11593E-16   -0.17554E-15
      1       5.812    0.25150E-03    0.60741E-14    0.23121E-16   -0.15320E-15
      1       5.742    0.25638E-03    0.60231E-14    0.15191E-16   -0.17454E-15
      1       5.671    0.26134E-03    0.60088E-14    0.53445E-17   -0.16086E-15
      1       5.601    0.26639E-03    0.59934E-14    0.27452E-16   -0.16252E-15
      1       5.531    0.27153E-03    0.60233E-14    0.13458E-16   -0.16801E-15
      1       5.461    0.27676E-03    0.59439E-14    0.10571E-16   -0.16439E-15
      1       5.390    0.28207E-03    0.61452E-14    0.15874E-16   -0.15318E-15
      1       5.320    0.28747E-03    0.62344E-14    0.63932E-17   -0.17963E-15
      1       5.250    0.29295E-03    0.61221E-14    0.21707E-16   -0.14022E-15
      1       5.179    0.29852E-03    0.60776E-14    0.89821E-17   -0.14267E-15
      1       5.109    0.30417E-03    0.61248E-14    0.85614E-17   -0.14980E-15
      1       5.039    0.30990E-03    0.61846E-14    0.12752E-16   -0.15674E-15
      1       4.969    0.31571E-03    0.61015E-14    0.10391E-16   -0.14129E-15
      1       4.898    0.32160E-03    0.60358E-14    0.11994E-16   -0.14498E-15
      1       4.828    0.32757E-03    0.61233E-14    0.18559E-16   -0.15684E-15
      1       4.758    0.33361E-03    0.61437E-14    0.17631E-16   -0.14467E-15
      1       4.688    0.33972E-03    0.60926E-14    0.50106E-16   -0.13881E-15
      1       4.617    0.34591E-03    0.62092E-14    0.30148E-16   -0.13507E-15
      1       4.547    0.35216E-03    0.61471E-14    0.29614E-16   -0.14242E-15
      1       4.477    0.35848E-03    0.61520E-14    0.44189E-16   -0.14028E-15
      1       4.406    0.36486E-03    0.62467E-14    0.38052E-17   -0.12579E-15
      1       4.336    0.37130E-03    0.61685E-14   -0.26101E-17   -0.14549E-15
      1       4.266    0.37780E-03    0.61266E-14   -0.76045E-17   -0.12687E-15
      1       4.196    0.38434E-03    0.61316E-14    0.43073E-16   -0.12165E-15
      1       4.125    0.39094E-03    0.61603E-14    0.14036E-16   -0.13359E-15
      1       4.055    0.39757E-03    0.62200E-14    0.39014E-16   -0.13206E-15
      1       3.985    0.40424E-03    0.62009E-14    0.13041E-16   -0.12419E-15
      1       3.915    0.41094E-03    0.62240E-14    0.27366E-16   -0.13715E-15
      1       3.844    0.41766E-03    0.62472E-14    0.23521E-16   -0.12843E-15
      1       3.774    0.42439E-03    0.62235E-14   -0.44677E-17   -0.11895E-15
      1       3.704    0.43113E-03    0.62054E-14    0.25868E-16   -0.12631E-15
      1       3.633    0.43785E-03    0.61974E-14    0.28299E-16   -0.13727E-15
      1       3.563    0.44454E-03    0.62309E-14    0.44171E-16   -0.12981E-15
      1       3.493    0.45117E-03    0.62509E-14    0.27642E-16   -0.12282E-15
      1       3.423    0.45773E-03    0.60953E-14    0.23839E-16   -0.12627E-15
      1       3.352    0.46416E-03    0.62458E-14    0.20279E-16   -0.13222E-15
      1       3.282    0.47045E-03    0.61781E-14    0.15440E-16   -0.15401E-15
      1       3.212    0.47653E-03    0.61575E-14    0.35709E-16   -0.13613E-15
      1       3.142    0.48235E-03    0.60624E-14    0.83016E-16   -0.14053E-15
      1       3.071    0.48787E-03    0.60752E-14    0.23064E-16   -0.12262E-15
      1       3.001    0.49303E-03    0.61658E-14    0.31814E-16   -0.13921E-15
      1       2.931    0.49777E-03    0.61591E-14    0.25140E-16   -0.12959E-15
      1       2.861    0.50203E-03    0.61163E-14    0.46725E-16   -0.12691E-15
      1       2.790    0.50579E-03    0.61504E-14    0.33316E-16   -0.13141E-15
      1       2.720    0.50901E-03    0.60667E-14    0.64151E-16   -0.14784E-15
      1       2.650    0.51169E-03    0.62030E-14    0.63128E-16   -0.12785E-15
      1       2.579    0.51384E-03    0.61827E-14    0.52391E-16   -0.12590E-15
      1       2.509    0.51547E-03    0.61364E-14    0.72798E-16   -0.13920E-15
      1       2.439    0.51661E-03    0.63351E-14    0.38453E-16   -0.13253E-15
      1       2.369    0.51729E-03    0.62586E-14    0.56559E-16   -0.14565E-15
      1       2.298    0.51751E-03    0.62711E-14    0.85103E-16   -0.13956E-15
      1       2.228    0.51732E-03    0.61582E-14    0.63394E-16   -0.15086E-15
      1       2.158    0.51672E-03    0.62044E-14    0.47139E-16   -0.14804E-15
      1       2.088    0.51573E-03    0.62530E-14    0.61396E-16   -0.15089E-15
      1       2.017    0.51436E-03    0.63374E-14    0.59241E-16   -0.15149E-15
      1       1.947    0.51263E-03    0.61797E-14    0.48286E-16   -0.13815E-15
      1       1.877    0.51053E-03    0.63137E-14    0.49371E-16   -0.13563E-15
      1       1.806    0.50807E-03    0.63014E-14    0.83881E-16   -0.14525E-15
      1       1.736    0.50526E-03    0.62358E-14    0.48054E-16   -0.15920E-15
      1       1.666    0.50209E-03    0.62230E-14    0.85675E-16   -0.14278E-15
      1       1.596    0.49857E-03    0.61539E-14    0.51046E-16   -0.13947E-15
      1       1.525    0.49469E-03    0.62487E-14    0.98430E-16   -0.16442E-15
      1       1.455    0.49043E-03    0.62104E-14    0.18313E-16   -0.13908E-15
      1       1.385    0.48579E-03    0.62843E-14    0.16900E-16   -0.14482E-15
      1       1.315    0.48074E-03    0.62691E-14    0.61434E-16   -0.15632E-15
      1       1.244    0.47524E-03    0.63408E-14    0.35192E-16   -0.15567E-15
      1       1.174    0.46926E-03    0.61127E-14    0.96080E-16   -0.17639E-15
      1       1.104    0.46276E-03    0.61629E-14    0.72883E-16   -0.14363E-15
      1       1.034    0.45567E-03    0.62488E-14    0.94983E-16   -0.16661E-15
      1       0.963    0.44792E-03    0.61782E-14    0.55224E-16   -0.16222E-15
      1       0.893    0.43940E-03    0.61649E-14    0.10232E-15   -0.14976E-15
      1       0.823    0.43000E-03    0.60638E-14    0.96687E-16   -0.15714E-15
      1       0.752    0.41957E-03    0.63559E-14    0.47689E-16   -0.18082E-15
      1       0.682    0.40791E-03    0.61585E-14    0.81230E-16   -0.16364E-15
      1       0.612    0.39478E-03    0.63000E-14    0.79578E-16   -0.15238E-15
      1       0.542    0.37987E-03    0.62594E-14    0.50428E-16   -0.15830E-15
      1       0.471    0.36276E-03    0.61599E-14    0.50255E-16   -0.17396E-15
      1       0.401    0.34288E-03    0.60788E-14    0.11006E-15   -0.18438E-15
      1       0.331    0.31940E-03    0.60746E-14    0.94633E-16   -0.17256E-15
      1       0.261    0.29106E-03    0.61356E-14    0.89403E-16   -0.15467E-15
      1       0.190    0.25576E-03    0.60116E-14    0.94288E-16   -0.15763E-15
      1       0.120    0.20921E-03    0.61331E-14    0.11286E-15   -0.18710E-15
