   3N SYSTEM INCLUSIVE  PHOTODESINTEGRATION
        DETECTED PARTICLE: 1- PROTON
        NOT DETECTED PARTICLES:2- PROTON  3-NEUTRON

      OMEGA 0.30000E+02
     MTTWE1,MTTWE2,MTTWE3=    1    1   -1
     TH1LAB,PHI1LAB=    60.000     0.000
   Unit of cross sections ... fm**2/(MeV*sr**2)
      I       E1      CROSS           AX           AY           AZ
      1      15.607    0.33120E-05   -0.91935E+00    0.35081E-18    0.16561E-17
      1      15.593    0.95116E-03   -0.91749E+00    0.33342E-19    0.77942E-18
      1      15.587    0.10634E-02   -0.91695E+00    0.89590E-18    0.82903E-19
      1      15.580    0.11291E-02   -0.91644E+00    0.91391E-18    0.11476E-17
      1      15.573    0.11680E-02   -0.91596E+00    0.25441E-17    0.11118E-17
      1      15.567    0.11901E-02   -0.91549E+00   -0.33445E-18    0.35974E-17
      1      15.560    0.12013E-02   -0.91505E+00   -0.33672E-17   -0.21211E-17
      1      15.553    0.12052E-02   -0.91463E+00    0.68166E-18    0.24738E-20
      1      15.547    0.12043E-02   -0.91422E+00    0.30127E-17   -0.19933E-18
      1      15.540    0.12001E-02   -0.91384E+00   -0.28942E-18   -0.90467E-18
      1      15.533    0.11937E-02   -0.91348E+00    0.22969E-17    0.15712E-17
      1      15.527    0.11859E-02   -0.91314E+00    0.11246E-17    0.23057E-18
      1      15.520    0.11773E-02   -0.91282E+00   -0.13063E-17    0.24404E-18
      1      15.513    0.11682E-02   -0.91251E+00   -0.72647E-18   -0.35283E-17
      1      15.507    0.11589E-02   -0.91223E+00   -0.11732E-17    0.35237E-18
      1      15.500    0.11494E-02   -0.91195E+00   -0.10507E-17    0.10124E-17
      1      15.493    0.11400E-02   -0.91170E+00   -0.18236E-17   -0.24807E-17
      1      15.487    0.11306E-02   -0.91145E+00   -0.48641E-16   -0.14322E-16
      1      15.402    0.10237E-02   -0.90886E+00   -0.25965E-19   -0.54152E-17
      1      15.318    0.94071E-03   -0.90665E+00    0.30618E-17    0.22144E-17
      1      15.233    0.87784E-03   -0.90468E+00   -0.30534E-17    0.19300E-17
      1      15.149    0.82906E-03   -0.90287E+00    0.74780E-18    0.78466E-17
      1      15.064    0.78979E-03   -0.90110E+00   -0.67339E-17   -0.95470E-17
      1      14.980    0.75711E-03   -0.89930E+00   -0.34960E-17   -0.71273E-17
      1      14.895    0.72915E-03   -0.89741E+00   -0.15408E-17    0.42259E-18
      1      14.811    0.70469E-03   -0.89540E+00   -0.62079E-18    0.20787E-17
      1      14.727    0.68288E-03   -0.89324E+00    0.34251E-17    0.65787E-17
      1      14.642    0.66316E-03   -0.89090E+00    0.75305E-17    0.11725E-16
      1      14.558    0.64514E-03   -0.88839E+00   -0.35927E-17   -0.76520E-17
      1      14.473    0.62861E-03   -0.88571E+00   -0.33688E-17   -0.14793E-16
      1      14.389    0.61339E-03   -0.88289E+00    0.51472E-17    0.78722E-17
      1      14.304    0.59932E-03   -0.87992E+00    0.28437E-17   -0.95295E-17
      1      14.220    0.58628E-03   -0.87681E+00    0.89263E-17    0.66260E-17
      1      14.136    0.57414E-03   -0.87356E+00    0.61878E-17   -0.10551E-16
      1      14.051    0.56283E-03   -0.87018E+00    0.53472E-17    0.46013E-17
      1      13.967    0.55225E-03   -0.86667E+00   -0.43305E-17   -0.28249E-17
      1      13.882    0.54232E-03   -0.86302E+00   -0.34175E-17   -0.10215E-16
      1      13.798    0.53299E-03   -0.85923E+00   -0.23014E-17   -0.21093E-16
      1      13.713    0.52421E-03   -0.85530E+00   -0.80923E-18    0.91039E-17
      1      13.629    0.51595E-03   -0.85124E+00   -0.62995E-17   -0.45424E-17
      1      13.545    0.50817E-03   -0.84704E+00    0.59408E-17   -0.16178E-16
      1      13.460    0.50086E-03   -0.84271E+00   -0.71819E-17   -0.27428E-16
      1      13.376    0.49400E-03   -0.83826E+00   -0.11133E-17   -0.29142E-17
      1      13.291    0.48759E-03   -0.83370E+00   -0.28891E-17   -0.83162E-17
      1      13.207    0.48160E-03   -0.82905E+00   -0.38957E-18   -0.26862E-16
      1      13.122    0.47603E-03   -0.82432E+00   -0.39711E-17   -0.79124E-18
      1      13.038    0.47085E-03   -0.81951E+00   -0.17524E-16   -0.28780E-16
      1      12.954    0.46606E-03   -0.81465E+00    0.97748E-18   -0.56815E-17
      1      12.869    0.46163E-03   -0.80975E+00   -0.50763E-17    0.16066E-16
      1      12.785    0.45755E-03   -0.80481E+00   -0.87063E-17    0.10231E-16
      1      12.700    0.45380E-03   -0.79984E+00    0.45289E-17   -0.22991E-16
      1      12.616    0.45035E-03   -0.79485E+00    0.15016E-16   -0.11411E-16
      1      12.531    0.44718E-03   -0.78985E+00    0.18151E-16   -0.87781E-17
      1      12.447    0.44428E-03   -0.78482E+00   -0.38644E-18   -0.23000E-16
      1      12.363    0.44162E-03   -0.77977E+00   -0.21119E-17   -0.55632E-17
      1      12.278    0.43919E-03   -0.77470E+00   -0.80471E-18    0.17809E-16
      1      12.194    0.43697E-03   -0.76962E+00    0.10175E-16    0.16558E-16
      1      12.109    0.43497E-03   -0.76453E+00    0.97005E-17   -0.17424E-16
      1      12.025    0.43317E-03   -0.75943E+00    0.74053E-17   -0.43747E-17
      1      11.940    0.43158E-03   -0.75433E+00   -0.16413E-16    0.23771E-16
      1      11.856    0.43019E-03   -0.74925E+00    0.11675E-16    0.26286E-16
      1      11.772    0.42901E-03   -0.74419E+00    0.45916E-17    0.28495E-17
      1      11.687    0.42805E-03   -0.73918E+00    0.91744E-17   -0.18576E-16
      1      11.603    0.42731E-03   -0.73421E+00   -0.13549E-16   -0.48371E-17
      1      11.518    0.42679E-03   -0.72930E+00    0.83990E-17   -0.32891E-16
      1      11.434    0.42650E-03   -0.72446E+00   -0.38401E-17    0.35642E-17
      1      11.349    0.42643E-03   -0.71969E+00    0.30069E-16    0.49576E-16
      1      11.265    0.42658E-03   -0.71501E+00   -0.58898E-17    0.16560E-16
      1      11.181    0.42695E-03   -0.71041E+00    0.23817E-17   -0.23039E-16
      1      11.096    0.42754E-03   -0.70590E+00    0.12987E-16   -0.18872E-16
      1      11.012    0.42834E-03   -0.70148E+00    0.12621E-16    0.15875E-16
      1      10.927    0.42934E-03   -0.69716E+00   -0.12863E-16   -0.15054E-16
      1      10.843    0.43054E-03   -0.69292E+00    0.75603E-17    0.30302E-16
      1      10.758    0.43193E-03   -0.68877E+00   -0.31556E-17    0.45025E-17
      1      10.674    0.43351E-03   -0.68470E+00   -0.14427E-16   -0.76340E-17
      1      10.589    0.43527E-03   -0.68070E+00    0.29772E-17    0.11010E-16
      1      10.505    0.43721E-03   -0.67679E+00    0.13007E-16    0.24297E-16
      1      10.421    0.43931E-03   -0.67294E+00   -0.22589E-16   -0.16959E-17
      1      10.336    0.44160E-03   -0.66916E+00   -0.10906E-16    0.21333E-16
      1      10.252    0.44405E-03   -0.66544E+00   -0.14515E-16    0.82321E-17
      1      10.167    0.44669E-03   -0.66178E+00   -0.96376E-17    0.40991E-16
      1      10.083    0.44952E-03   -0.65820E+00   -0.11030E-16    0.16373E-16
      1       9.998    0.45255E-03   -0.65468E+00   -0.25380E-16    0.44808E-16
      1       9.914    0.45578E-03   -0.65124E+00    0.81772E-17    0.11580E-17
      1       9.830    0.45924E-03   -0.64789E+00    0.87340E-17    0.89277E-17
      1       9.745    0.46293E-03   -0.64464E+00   -0.11970E-16    0.55778E-17
      1       9.661    0.46688E-03   -0.64150E+00   -0.59269E-17    0.36677E-17
      1       9.576    0.47109E-03   -0.63848E+00   -0.33889E-17    0.43301E-17
      1       9.492    0.47557E-03   -0.63559E+00   -0.18612E-16    0.15697E-16
      1       9.407    0.48035E-03   -0.63285E+00   -0.11221E-16    0.91583E-17
      1       9.323    0.48541E-03   -0.63025E+00    0.40918E-16    0.39243E-16
      1       9.239    0.49077E-03   -0.62780E+00    0.60645E-18    0.31252E-16
      1       9.154    0.49643E-03   -0.62550E+00    0.45211E-17    0.37518E-16
      1       9.070    0.50239E-03   -0.62335E+00   -0.36718E-17    0.19940E-16
      1       8.985    0.50865E-03   -0.62134E+00   -0.95976E-17    0.41928E-16
      1       8.901    0.51523E-03   -0.61948E+00    0.55876E-17    0.66483E-18
      1       8.816    0.52211E-03   -0.61777E+00   -0.36292E-19    0.11619E-16
      1       8.732    0.52931E-03   -0.61620E+00   -0.33457E-17    0.29084E-16
      1       8.648    0.53682E-03   -0.61476E+00   -0.16308E-16    0.27203E-16
      1       8.563    0.54466E-03   -0.61347E+00    0.16531E-16    0.41901E-16
      1       8.479    0.55282E-03   -0.61231E+00   -0.11317E-16    0.30881E-16
      1       8.394    0.56131E-03   -0.61128E+00   -0.24232E-16    0.23248E-16
      1       8.310    0.57013E-03   -0.61037E+00   -0.12967E-17    0.93112E-17
      1       8.225    0.57928E-03   -0.60958E+00   -0.39964E-17    0.28446E-16
      1       8.141    0.58878E-03   -0.60891E+00    0.58335E-17   -0.62175E-17
      1       8.057    0.59863E-03   -0.60836E+00   -0.12778E-16    0.44392E-17
      1       7.972    0.60884E-03   -0.60792E+00   -0.15018E-16    0.19559E-16
      1       7.888    0.61943E-03   -0.60759E+00   -0.71889E-17    0.26685E-16
      1       7.803    0.63041E-03   -0.60738E+00    0.21547E-16    0.23767E-16
      1       7.719    0.64179E-03   -0.60729E+00   -0.59045E-18   -0.56437E-17
      1       7.634    0.65360E-03   -0.60731E+00    0.61045E-16    0.11915E-16
      1       7.550    0.66584E-03   -0.60745E+00   -0.21350E-16    0.81418E-17
      1       7.466    0.67854E-03   -0.60772E+00    0.36831E-18    0.78390E-17
      1       7.381    0.69173E-03   -0.60811E+00    0.50598E-16    0.89743E-17
      1       7.297    0.70541E-03   -0.60863E+00    0.21298E-16    0.20531E-16
      1       7.212    0.71960E-03   -0.60927E+00   -0.44333E-16    0.16653E-16
      1       7.128    0.73432E-03   -0.61004E+00   -0.29706E-16    0.12738E-16
      1       7.043    0.74958E-03   -0.61093E+00    0.69875E-17   -0.46390E-17
      1       6.959    0.76538E-03   -0.61194E+00   -0.45262E-16   -0.58743E-17
      1       6.875    0.78174E-03   -0.61307E+00    0.40063E-16    0.61590E-17
      1       6.790    0.79867E-03   -0.61432E+00   -0.36222E-16   -0.11777E-16
      1       6.706    0.81620E-03   -0.61568E+00    0.90283E-17   -0.88173E-17
      1       6.621    0.83432E-03   -0.61716E+00    0.20076E-16    0.23775E-16
      1       6.537    0.85307E-03   -0.61875E+00    0.33091E-17   -0.93419E-17
      1       6.452    0.87245E-03   -0.62045E+00    0.65435E-17    0.12850E-16
      1       6.368    0.89249E-03   -0.62227E+00    0.46271E-16    0.24206E-16
      1       6.283    0.91320E-03   -0.62419E+00   -0.72486E-17    0.15967E-16
      1       6.199    0.93461E-03   -0.62623E+00   -0.48067E-16   -0.89178E-17
      1       6.115    0.95674E-03   -0.62837E+00    0.10211E-16   -0.12915E-18
      1       6.030    0.97960E-03   -0.63063E+00    0.11007E-16    0.32268E-17
      1       5.946    0.10032E-02   -0.63299E+00   -0.33821E-16   -0.12095E-16
      1       5.861    0.10277E-02   -0.63546E+00    0.29852E-16   -0.62332E-17
      1       5.777    0.10529E-02   -0.63804E+00   -0.78909E-16    0.16434E-16
      1       5.692    0.10790E-02   -0.64072E+00    0.58554E-18    0.10537E-16
      1       5.608    0.11059E-02   -0.64351E+00    0.42327E-16    0.32075E-17
      1       5.524    0.11336E-02   -0.64639E+00    0.25067E-16   -0.41856E-17
      1       5.439    0.11623E-02   -0.64938E+00    0.65952E-16   -0.11986E-17
      1       5.355    0.11920E-02   -0.65247E+00   -0.10150E-16    0.31927E-16
      1       5.270    0.12226E-02   -0.65566E+00   -0.42871E-16    0.46953E-17
      1       5.186    0.12541E-02   -0.65893E+00    0.30155E-16   -0.17969E-16
      1       5.101    0.12866E-02   -0.66228E+00   -0.57293E-17   -0.10758E-16
      1       5.017    0.13199E-02   -0.66569E+00   -0.33456E-17   -0.15923E-16
      1       4.933    0.13538E-02   -0.66910E+00   -0.41408E-18    0.48378E-17
      1       4.848    0.13882E-02   -0.67247E+00   -0.11912E-15   -0.72710E-17
      1       4.764    0.14226E-02   -0.67573E+00    0.60283E-16   -0.52692E-17
      1       4.679    0.14564E-02   -0.67879E+00    0.48367E-17   -0.50424E-17
      1       4.595    0.14891E-02   -0.68154E+00    0.14835E-15   -0.20568E-16
      1       4.510    0.15198E-02   -0.68386E+00   -0.12543E-16    0.70079E-17
      1       4.426    0.15475E-02   -0.68561E+00   -0.15526E-15    0.26557E-17
      1       4.342    0.15712E-02   -0.68665E+00   -0.27946E-15    0.10811E-16
      1       4.257    0.15898E-02   -0.68684E+00   -0.26482E-15    0.49061E-17
      1       4.173    0.16023E-02   -0.68604E+00    0.68469E-16   -0.77310E-17
      1       4.088    0.16080E-02   -0.68413E+00    0.50805E-16   -0.35982E-17
      1       4.004    0.16064E-02   -0.68103E+00    0.16215E-15    0.77449E-18
      1       3.919    0.15977E-02   -0.67673E+00    0.47168E-16    0.21638E-17
      1       3.835    0.15824E-02   -0.67128E+00   -0.15110E-15   -0.21298E-16
      1       3.751    0.15613E-02   -0.66475E+00   -0.70395E-16    0.63768E-17
      1       3.666    0.15354E-02   -0.65721E+00    0.24424E-16    0.50724E-17
      1       3.582    0.15056E-02   -0.64877E+00   -0.13465E-15   -0.12378E-16
      1       3.497    0.14731E-02   -0.63956E+00   -0.87260E-18   -0.22549E-16
      1       3.413    0.14385E-02   -0.62967E+00    0.16674E-15   -0.10523E-16
      1       3.328    0.14028E-02   -0.61920E+00    0.78397E-16    0.10785E-16
      1       3.244    0.13665E-02   -0.60824E+00   -0.28024E-16   -0.10783E-16
      1       3.160    0.13300E-02   -0.59686E+00    0.32150E-16    0.19675E-17
      1       3.075    0.12936E-02   -0.58509E+00   -0.43827E-16   -0.12723E-16
      1       2.991    0.12574E-02   -0.57296E+00   -0.32600E-16   -0.62800E-17
      1       2.906    0.12218E-02   -0.56049E+00   -0.40475E-16   -0.74161E-17
      1       2.822    0.11866E-02   -0.54771E+00    0.56422E-16   -0.12650E-16
      1       2.737    0.11522E-02   -0.53462E+00    0.31221E-16   -0.25796E-16
      1       2.653    0.11185E-02   -0.52126E+00   -0.98933E-16    0.14351E-16
      1       2.569    0.10856E-02   -0.50766E+00    0.18046E-16    0.34126E-16
      1       2.484    0.10536E-02   -0.49384E+00    0.11921E-15   -0.94635E-19
      1       2.400    0.10225E-02   -0.47981E+00    0.14426E-15   -0.17950E-16
      1       2.315    0.99230E-03   -0.46561E+00    0.78846E-17   -0.66533E-17
      1       2.231    0.96303E-03   -0.45127E+00    0.23483E-16   -0.16923E-16
      1       2.146    0.93469E-03   -0.43680E+00    0.45156E-16    0.15857E-16
      1       2.062    0.90726E-03   -0.42225E+00    0.86945E-16   -0.34149E-17
      1       1.977    0.88073E-03   -0.40764E+00    0.17269E-16   -0.89724E-17
      1       1.893    0.85507E-03   -0.39301E+00    0.20650E-16   -0.18134E-16
      1       1.809    0.83017E-03   -0.37835E+00    0.68506E-16    0.99934E-17
      1       1.724    0.80587E-03   -0.36358E+00    0.90267E-16   -0.13230E-18
      1       1.640    0.78200E-03   -0.34865E+00    0.42540E-16   -0.16060E-16
      1       1.555    0.75841E-03   -0.33346E+00    0.10107E-16   -0.14578E-16
      1       1.471    0.73491E-03   -0.31791E+00   -0.71917E-17    0.82805E-17
      1       1.386    0.71136E-03   -0.30190E+00    0.72186E-16   -0.21765E-16
      1       1.302    0.68761E-03   -0.28533E+00    0.16503E-16    0.32710E-16
      1       1.218    0.66355E-03   -0.26814E+00    0.16199E-16    0.14111E-16
      1       1.133    0.63910E-03   -0.25031E+00    0.81110E-16   -0.23175E-17
      1       1.049    0.61430E-03   -0.23196E+00    0.28634E-16    0.17661E-16
      1       0.964    0.58928E-03   -0.21347E+00    0.60598E-16   -0.11437E-16
      1       0.880    0.56403E-03   -0.19516E+00    0.86534E-16   -0.71621E-17
      1       0.795    0.53839E-03   -0.17722E+00    0.20517E-16   -0.21601E-16
      1       0.711    0.51204E-03   -0.15981E+00    0.60457E-16   -0.19096E-16
      1       0.627    0.48470E-03   -0.14327E+00    0.85722E-16   -0.27301E-16
      1       0.542    0.45611E-03   -0.12839E+00    0.50174E-16   -0.32287E-16
      1       0.458    0.42574E-03   -0.11611E+00    0.80400E-16   -0.43340E-17
      1       0.373    0.39098E-03   -0.10369E+00    0.44740E-16   -0.11617E-16
      1       0.289    0.34800E-03   -0.85663E-01    0.59304E-16    0.15864E-16
      1       0.204    0.29385E-03   -0.59012E-01    0.67284E-16   -0.36837E-16
      1       0.120    0.22564E-03   -0.29593E-01    0.66052E-16   -0.17309E-17
