   3N SYSTEM INCLUSIVE  PHOTODESINTEGRATION
        DETECTED PARTICLE: 1- PROTON
        NOT DETECTED PARTICLES:2- PROTON  3-NEUTRON

      OMEGA 0.30000E+02
     MTTWE1,MTTWE2,MTTWE3=    1    1   -1
     TH1LAB,PHI1LAB=     0.000     0.000
   Unit of cross sections ... fm**2/(MeV*sr**2)
      I       E1      CROSS           AX           AY           AZ
      1      16.574    0.21723E-06    0.42950E-18    0.83602E-22   -0.69930E-17
      1      16.560    0.64699E-04    0.11087E-17   -0.14853E-19   -0.25739E-17
      1      16.554    0.73051E-04    0.17825E-17   -0.27457E-19   -0.21000E-17
      1      16.547    0.78243E-04    0.25046E-17   -0.37053E-19    0.34860E-16
      1      16.540    0.81563E-04    0.33678E-17   -0.47095E-19    0.11121E-16
      1      16.534    0.83688E-04    0.43858E-17   -0.50688E-19   -0.72867E-17
      1      16.527    0.85019E-04    0.53588E-17   -0.69487E-19    0.10275E-16
      1      16.520    0.85806E-04    0.66306E-17   -0.10799E-18    0.13272E-17
      1      16.514    0.86212E-04    0.78539E-17   -0.79389E-19   -0.57909E-18
      1      16.507    0.86352E-04    0.92436E-17   -0.13907E-18    0.41041E-17
      1      16.500    0.86303E-04    0.10610E-16   -0.51511E-19   -0.53845E-17
      1      16.494    0.86123E-04    0.12345E-16   -0.10720E-18    0.18609E-16
      1      16.487    0.85852E-04    0.13675E-16   -0.16665E-18   -0.58118E-17
      1      16.480    0.85520E-04    0.15588E-16   -0.21447E-18    0.29424E-17
      1      16.474    0.85149E-04    0.17161E-16   -0.85363E-19   -0.39624E-17
      1      16.467    0.84750E-04    0.19285E-16   -0.88120E-18    0.56359E-17
      1      16.460    0.84334E-04    0.20790E-16   -0.33639E-18    0.16165E-17
      1      16.454    0.83906E-04    0.23175E-16   -0.14792E-18   -0.12014E-16
      1      16.364    0.78259E-04    0.57229E-16   -0.60625E-18   -0.25647E-17
      1      16.274    0.73777E-04    0.10495E-15   -0.12749E-17   -0.70942E-17
      1      16.185    0.70479E-04    0.16266E-15   -0.27645E-18    0.58878E-16
      1      16.095    0.68050E-04    0.23009E-15   -0.23060E-17   -0.10984E-16
      1      16.005    0.66245E-04    0.30538E-15   -0.35288E-17   -0.97064E-17
      1      15.915    0.64904E-04    0.39481E-15   -0.78777E-17   -0.19021E-16
      1      15.826    0.63925E-04    0.48017E-15   -0.50143E-17   -0.18345E-16
      1      15.736    0.63239E-04    0.58120E-15   -0.84931E-17    0.33871E-16
      1      15.646    0.62796E-04    0.67951E-15   -0.92391E-17   -0.15566E-16
      1      15.556    0.62562E-04    0.80090E-15   -0.55249E-17   -0.17320E-16
      1      15.467    0.62507E-04    0.91350E-15   -0.17635E-16   -0.25783E-16
      1      15.377    0.62608E-04    0.10347E-14   -0.13932E-16   -0.45980E-16
      1      15.287    0.62847E-04    0.11517E-14   -0.10018E-16   -0.53277E-16
      1      15.197    0.63208E-04    0.12862E-14   -0.29915E-16   -0.28142E-16
      1      15.108    0.63680E-04    0.13967E-14   -0.12353E-16   -0.51338E-16
      1      15.018    0.64255E-04    0.15077E-14   -0.21014E-16   -0.34999E-16
      1      14.928    0.64927E-04    0.16593E-14   -0.17873E-16   -0.40725E-16
      1      14.838    0.65688E-04    0.17319E-14   -0.14091E-16   -0.58748E-16
      1      14.749    0.66535E-04    0.19155E-14   -0.21359E-16   -0.59986E-16
      1      14.659    0.67464E-04    0.20294E-14   -0.18909E-16   -0.50370E-16
      1      14.569    0.68472E-04    0.21709E-14   -0.22822E-16   -0.49536E-16
      1      14.479    0.69556E-04    0.22775E-14   -0.24490E-16   -0.69374E-16
      1      14.390    0.70715E-04    0.23702E-14   -0.14266E-16   -0.77356E-16
      1      14.300    0.71944E-04    0.24969E-14   -0.19579E-16   -0.67171E-16
      1      14.210    0.73240E-04    0.26194E-14   -0.20742E-16   -0.55235E-16
      1      14.120    0.74600E-04    0.27306E-14   -0.24726E-16   -0.63681E-16
      1      14.031    0.76018E-04    0.28066E-14   -0.29344E-16   -0.76802E-16
      1      13.941    0.77493E-04    0.29379E-14   -0.12427E-16   -0.76526E-16
      1      13.851    0.79019E-04    0.30712E-14   -0.28873E-16   -0.97350E-16
      1      13.761    0.80593E-04    0.31705E-14   -0.20774E-16   -0.94093E-16
      1      13.672    0.82214E-04    0.32214E-14   -0.38569E-16   -0.91876E-16
      1      13.582    0.83879E-04    0.32354E-14   -0.31982E-16   -0.80976E-16
      1      13.492    0.85586E-04    0.33844E-14   -0.37346E-16   -0.97905E-16
      1      13.402    0.87336E-04    0.34955E-14   -0.50325E-16   -0.10829E-15
      1      13.313    0.89127E-04    0.36033E-14   -0.18804E-16   -0.96176E-16
      1      13.223    0.90960E-04    0.37164E-14   -0.26529E-16   -0.92356E-16
      1      13.133    0.92834E-04    0.38370E-14   -0.37694E-16   -0.10334E-15
      1      13.043    0.94750E-04    0.38588E-14   -0.25378E-16   -0.97344E-16
      1      12.954    0.96706E-04    0.39617E-14   -0.42908E-16   -0.10368E-15
      1      12.864    0.98703E-04    0.40980E-14   -0.22144E-16   -0.97055E-16
      1      12.774    0.10074E-03    0.40715E-14   -0.48329E-16   -0.11812E-15
      1      12.684    0.10282E-03    0.43015E-14   -0.13610E-16   -0.91814E-16
      1      12.595    0.10493E-03    0.42433E-14   -0.40061E-16   -0.11503E-15
      1      12.505    0.10709E-03    0.44245E-14   -0.32129E-16   -0.12756E-15
      1      12.415    0.10928E-03    0.43343E-14   -0.43678E-16   -0.12909E-15
      1      12.325    0.11151E-03    0.45501E-14   -0.39280E-16   -0.96263E-16
      1      12.236    0.11378E-03    0.46084E-14   -0.25676E-16   -0.11882E-15
      1      12.146    0.11610E-03    0.47037E-14   -0.45985E-16   -0.12410E-15
      1      12.056    0.11845E-03    0.47129E-14   -0.13886E-16   -0.13066E-15
      1      11.966    0.12085E-03    0.47884E-14   -0.49900E-16   -0.11836E-15
      1      11.877    0.12329E-03    0.47672E-14   -0.40054E-16   -0.12356E-15
      1      11.787    0.12577E-03    0.48621E-14   -0.23618E-16   -0.12099E-15
      1      11.697    0.12830E-03    0.48846E-14   -0.33828E-16   -0.12560E-15
      1      11.607    0.13087E-03    0.50212E-14   -0.36545E-16   -0.98388E-16
      1      11.518    0.13348E-03    0.50645E-14   -0.20214E-16   -0.12573E-15
      1      11.428    0.13615E-03    0.50971E-14   -0.41033E-16   -0.11636E-15
      1      11.338    0.13886E-03    0.51561E-14   -0.29045E-16   -0.12404E-15
      1      11.248    0.14162E-03    0.52083E-14   -0.23194E-16   -0.11644E-15
      1      11.159    0.14443E-03    0.53365E-14   -0.20968E-16   -0.10928E-15
      1      11.069    0.14730E-03    0.53279E-14   -0.42287E-16   -0.14269E-15
      1      10.979    0.15023E-03    0.54082E-14   -0.35188E-16   -0.16516E-15
      1      10.889    0.15322E-03    0.54079E-14   -0.49757E-16   -0.11667E-15
      1      10.800    0.15628E-03    0.54707E-14   -0.11061E-16   -0.99665E-16
      1      10.710    0.15940E-03    0.55046E-14   -0.42871E-16   -0.12164E-15
      1      10.620    0.16259E-03    0.55821E-14   -0.14902E-16   -0.12608E-15
      1      10.531    0.16584E-03    0.56180E-14   -0.32409E-16   -0.13577E-15
      1      10.441    0.16917E-03    0.56473E-14   -0.33512E-16   -0.13580E-15
      1      10.351    0.17257E-03    0.56724E-14   -0.37035E-16   -0.11931E-15
      1      10.261    0.17603E-03    0.56229E-14   -0.17130E-16   -0.11791E-15
      1      10.172    0.17957E-03    0.57244E-14   -0.42331E-16   -0.12747E-15
      1      10.082    0.18318E-03    0.57321E-14   -0.34737E-16   -0.12320E-15
      1       9.992    0.18686E-03    0.58110E-14    0.25951E-17   -0.12346E-15
      1       9.902    0.19061E-03    0.58570E-14   -0.18173E-16   -0.10532E-15
      1       9.813    0.19443E-03    0.57385E-14   -0.13784E-16   -0.11717E-15
      1       9.723    0.19833E-03    0.58502E-14   -0.20526E-16   -0.11510E-15
      1       9.633    0.20230E-03    0.59183E-14   -0.47084E-16   -0.12721E-15
      1       9.543    0.20635E-03    0.59441E-14   -0.15389E-16   -0.10873E-15
      1       9.454    0.21048E-03    0.60283E-14   -0.36466E-16   -0.12014E-15
      1       9.364    0.21468E-03    0.59384E-14   -0.36807E-16   -0.13457E-15
      1       9.274    0.21897E-03    0.61322E-14   -0.30993E-16   -0.12770E-15
      1       9.184    0.22334E-03    0.60372E-14   -0.29662E-16   -0.10004E-15
      1       9.095    0.22780E-03    0.61695E-14   -0.16174E-16   -0.12905E-15
      1       9.005    0.23234E-03    0.62246E-14   -0.35234E-16   -0.11867E-15
      1       8.915    0.23696E-03    0.62244E-14   -0.33701E-16   -0.12280E-15
      1       8.825    0.24168E-03    0.62388E-14   -0.21844E-16   -0.11282E-15
      1       8.736    0.24648E-03    0.62007E-14   -0.24504E-17   -0.12928E-15
      1       8.646    0.25137E-03    0.61014E-14   -0.12030E-16   -0.15040E-15
      1       8.556    0.25636E-03    0.62234E-14   -0.20928E-16   -0.14786E-15
      1       8.466    0.26144E-03    0.62490E-14   -0.47047E-16   -0.12888E-15
      1       8.377    0.26663E-03    0.62930E-14   -0.32810E-16   -0.14127E-15
      1       8.287    0.27190E-03    0.61619E-14   -0.38959E-18   -0.11503E-15
      1       8.197    0.27728E-03    0.62996E-14   -0.20485E-16   -0.13800E-15
      1       8.107    0.28276E-03    0.63662E-14   -0.31441E-16   -0.10525E-15
      1       8.018    0.28834E-03    0.62980E-14   -0.11632E-16   -0.12962E-15
      1       7.928    0.29402E-03    0.63280E-14   -0.35752E-16   -0.11575E-15
      1       7.838    0.29980E-03    0.63495E-14    0.42601E-17   -0.11580E-15
      1       7.748    0.30569E-03    0.63047E-14   -0.81528E-17   -0.12340E-15
      1       7.659    0.31167E-03    0.64053E-14    0.21048E-17   -0.13978E-15
      1       7.569    0.31775E-03    0.62812E-14   -0.12788E-16   -0.97606E-16
      1       7.479    0.32393E-03    0.65229E-14    0.56522E-17   -0.13528E-15
      1       7.389    0.33020E-03    0.65374E-14   -0.17109E-16   -0.11937E-15
      1       7.300    0.33657E-03    0.65139E-14   -0.26295E-16   -0.10556E-15
      1       7.210    0.34304E-03    0.64861E-14   -0.27423E-16   -0.11339E-15
      1       7.120    0.34959E-03    0.64962E-14   -0.13495E-16   -0.11269E-15
      1       7.030    0.35623E-03    0.65730E-14   -0.28124E-16   -0.10375E-15
      1       6.941    0.36297E-03    0.64687E-14    0.10096E-16   -0.12091E-15
      1       6.851    0.36978E-03    0.63955E-14    0.16539E-17   -0.11936E-15
      1       6.761    0.37669E-03    0.64512E-14   -0.95999E-17   -0.11997E-15
      1       6.671    0.38367E-03    0.63327E-14   -0.14482E-16   -0.13334E-15
      1       6.582    0.39073E-03    0.65698E-14   -0.15300E-16   -0.11280E-15
      1       6.492    0.39786E-03    0.65796E-14   -0.24756E-16   -0.10524E-15
      1       6.402    0.40506E-03    0.66716E-14   -0.60881E-17   -0.13062E-15
      1       6.312    0.41232E-03    0.65014E-14   -0.25189E-16   -0.11317E-15
      1       6.223    0.41965E-03    0.65599E-14   -0.25956E-17   -0.99963E-16
      1       6.133    0.42702E-03    0.64679E-14   -0.26122E-16   -0.99117E-16
      1       6.043    0.43445E-03    0.65939E-14    0.52927E-17   -0.12434E-15
      1       5.953    0.44192E-03    0.65558E-14   -0.20654E-16   -0.11235E-15
      1       5.864    0.44942E-03    0.65681E-14   -0.47314E-17   -0.11811E-15
      1       5.774    0.45695E-03    0.64968E-14   -0.24476E-16   -0.11397E-15
      1       5.684    0.46448E-03    0.65824E-14    0.27648E-16   -0.11536E-15
      1       5.594    0.47202E-03    0.64915E-14    0.84158E-17   -0.11894E-15
      1       5.505    0.47953E-03    0.66396E-14    0.11432E-16   -0.86822E-16
      1       5.415    0.48701E-03    0.64863E-14   -0.55837E-17   -0.10499E-15
      1       5.325    0.49442E-03    0.65194E-14    0.47191E-16   -0.10437E-15
      1       5.236    0.50174E-03    0.64946E-14    0.29945E-17   -0.11574E-15
      1       5.146    0.50894E-03    0.66170E-14   -0.67080E-17   -0.11849E-15
      1       5.056    0.51597E-03    0.64997E-14    0.80862E-18   -0.12640E-15
      1       4.966    0.52281E-03    0.66049E-14    0.69616E-17   -0.12420E-15
      1       4.877    0.52941E-03    0.65326E-14   -0.75462E-17   -0.10997E-15
      1       4.787    0.53573E-03    0.64855E-14    0.85324E-17   -0.10698E-15
      1       4.697    0.54173E-03    0.65779E-14    0.16784E-16   -0.11842E-15
      1       4.607    0.54737E-03    0.63885E-14    0.42258E-16   -0.10272E-15
      1       4.518    0.55262E-03    0.63658E-14    0.68008E-16   -0.11204E-15
      1       4.428    0.55748E-03    0.65530E-14    0.23722E-16   -0.12390E-15
      1       4.338    0.56192E-03    0.65996E-14    0.43198E-17   -0.12375E-15
      1       4.248    0.56595E-03    0.65615E-14   -0.12015E-16   -0.11907E-15
      1       4.159    0.56958E-03    0.65811E-14    0.88454E-17   -0.11067E-15
      1       4.069    0.57280E-03    0.64956E-14    0.85060E-18   -0.12392E-15
      1       3.979    0.57565E-03    0.65124E-14    0.22804E-18   -0.11754E-15
      1       3.889    0.57813E-03    0.65100E-14    0.56577E-17   -0.10251E-15
      1       3.800    0.58024E-03    0.64949E-14    0.58177E-16   -0.13223E-15
      1       3.710    0.58201E-03    0.65247E-14    0.18937E-17   -0.94166E-16
      1       3.620    0.58345E-03    0.65732E-14   -0.25642E-16   -0.10274E-15
      1       3.530    0.58456E-03    0.66579E-14    0.25447E-16   -0.12827E-15
      1       3.441    0.58536E-03    0.65890E-14    0.38579E-16   -0.10439E-15
      1       3.351    0.58586E-03    0.64614E-14    0.39852E-16   -0.12815E-15
      1       3.261    0.58605E-03    0.65382E-14    0.39601E-16   -0.11064E-15
      1       3.171    0.58596E-03    0.64785E-14    0.14083E-16   -0.13912E-15
      1       3.082    0.58559E-03    0.66733E-14    0.62373E-16   -0.10487E-15
      1       2.992    0.58495E-03    0.65314E-14    0.33541E-16   -0.14322E-15
      1       2.902    0.58405E-03    0.64141E-14    0.94182E-16   -0.13444E-15
      1       2.812    0.58288E-03    0.64349E-14    0.32246E-16   -0.12931E-15
      1       2.723    0.58146E-03    0.65623E-14    0.46898E-16   -0.11581E-15
      1       2.633    0.57978E-03    0.65359E-14    0.40762E-16   -0.10574E-15
      1       2.543    0.57785E-03    0.65172E-14    0.20442E-16   -0.12938E-15
      1       2.453    0.57566E-03    0.65421E-14    0.49143E-16   -0.11961E-15
      1       2.364    0.57320E-03    0.65066E-14    0.47464E-16   -0.13294E-15
      1       2.274    0.57047E-03    0.63583E-14    0.31157E-16   -0.12650E-15
      1       2.184    0.56745E-03    0.65315E-14    0.57876E-16   -0.13880E-15
      1       2.094    0.56413E-03    0.65316E-14    0.35676E-16   -0.14470E-15
      1       2.005    0.56048E-03    0.63893E-14    0.45040E-16   -0.15274E-15
      1       1.915    0.55648E-03    0.63879E-14    0.38996E-16   -0.12085E-15
      1       1.825    0.55210E-03    0.63664E-14    0.31701E-16   -0.13445E-15
      1       1.735    0.54730E-03    0.64507E-14    0.34964E-16   -0.15607E-15
      1       1.646    0.54203E-03    0.62884E-14    0.52895E-16   -0.16198E-15
      1       1.556    0.53625E-03    0.63625E-14    0.37106E-16   -0.12989E-15
      1       1.466    0.52989E-03    0.65105E-14    0.39649E-16   -0.12725E-15
      1       1.376    0.52287E-03    0.64206E-14    0.44802E-16   -0.14390E-15
      1       1.287    0.51511E-03    0.62844E-14    0.60091E-16   -0.14283E-15
      1       1.197    0.50651E-03    0.61097E-14    0.56274E-16   -0.13566E-15
      1       1.107    0.49692E-03    0.62192E-14    0.52966E-16   -0.12848E-15
      1       1.017    0.48619E-03    0.63954E-14    0.54108E-16   -0.16546E-15
      1       0.928    0.47413E-03    0.61670E-14    0.45247E-16   -0.15196E-15
      1       0.838    0.46047E-03    0.63171E-14    0.67505E-16   -0.15380E-15
      1       0.748    0.44492E-03    0.62583E-14    0.87278E-16   -0.16937E-15
      1       0.658    0.42706E-03    0.62176E-14    0.59781E-16   -0.13371E-15
      1       0.569    0.40636E-03    0.63830E-14    0.79041E-16   -0.13200E-15
      1       0.479    0.38206E-03    0.61190E-14    0.73658E-16   -0.14525E-15
      1       0.389    0.35307E-03    0.62851E-14    0.66213E-16   -0.13718E-15
      1       0.299    0.31766E-03    0.62023E-14    0.14729E-15   -0.15212E-15
      1       0.210    0.27278E-03    0.62212E-14    0.35650E-16   -0.14667E-15
      1       0.120    0.21169E-03    0.61276E-14    0.80508E-16   -0.11659E-15
