   3N SYSTEM INCLUSIVE  PHOTODESINTEGRATION
        DETECTED PARTICLE: 1- PROTON
        NOT DETECTED PARTICLES:2- PROTON  3-NEUTRON

      OMEGA 0.30000E+02
     MTTWE1,MTTWE2,MTTWE3=    1    1   -1
     TH1LAB,PHI1LAB=    60.000     0.000
   Unit of cross sections ... fm**2/(MeV*sr**2)
      I       E1      CROSS           AX           AY           AZ
      1      15.607    0.32919E-05   -0.91904E+00   -0.52496E-18   -0.84479E-18
      1      15.593    0.94541E-03   -0.91711E+00   -0.14568E-18    0.16531E-17
      1      15.587    0.10570E-02   -0.91654E+00    0.87127E-17    0.69763E-17
      1      15.580    0.11224E-02   -0.91602E+00    0.80869E-18   -0.97848E-18
      1      15.573    0.11611E-02   -0.91551E+00    0.15167E-17   -0.48462E-18
      1      15.567    0.11831E-02   -0.91503E+00    0.16498E-16    0.10761E-16
      1      15.560    0.11943E-02   -0.91457E+00   -0.12042E-17    0.11077E-17
      1      15.553    0.11983E-02   -0.91413E+00    0.30179E-17   -0.17878E-17
      1      15.547    0.11975E-02   -0.91372E+00    0.65138E-18   -0.84854E-18
      1      15.540    0.11934E-02   -0.91332E+00   -0.29389E-18   -0.21057E-17
      1      15.533    0.11871E-02   -0.91295E+00   -0.10801E-17   -0.93773E-19
      1      15.527    0.11794E-02   -0.91259E+00    0.75617E-18    0.10893E-17
      1      15.520    0.11709E-02   -0.91225E+00    0.10634E-17    0.17205E-17
      1      15.513    0.11619E-02   -0.91194E+00   -0.34020E-17   -0.52091E-17
      1      15.507    0.11527E-02   -0.91164E+00   -0.20872E-18   -0.16767E-17
      1      15.500    0.11434E-02   -0.91136E+00   -0.45080E-18    0.66918E-18
      1      15.493    0.11340E-02   -0.91109E+00    0.80757E-18    0.10241E-17
      1      15.487    0.11247E-02   -0.91084E+00    0.59682E-18    0.42005E-17
      1      15.402    0.10188E-02   -0.90814E+00    0.16437E-17   -0.63186E-17
      1      15.318    0.93657E-03   -0.90584E+00    0.21030E-17    0.48426E-17
      1      15.233    0.87424E-03   -0.90380E+00   -0.77276E-18    0.34564E-17
      1      15.149    0.82587E-03   -0.90192E+00    0.47208E-17    0.84170E-17
      1      15.064    0.78694E-03   -0.90008E+00   -0.26843E-17   -0.13670E-16
      1      14.980    0.75454E-03   -0.89822E+00   -0.11395E-18    0.25303E-17
      1      14.895    0.72683E-03   -0.89627E+00    0.57337E-17    0.26727E-17
      1      14.811    0.70258E-03   -0.89420E+00    0.22253E-17    0.30301E-17
      1      14.727    0.68097E-03   -0.89197E+00    0.72689E-18    0.52116E-17
      1      14.642    0.66142E-03   -0.88957E+00   -0.76260E-18    0.82254E-17
      1      14.558    0.64358E-03   -0.88699E+00    0.48828E-18   -0.34263E-17
      1      14.473    0.62721E-03   -0.88424E+00   -0.13751E-17   -0.19643E-16
      1      14.389    0.61214E-03   -0.88134E+00   -0.43694E-17   -0.23575E-17
      1      14.304    0.59822E-03   -0.87829E+00    0.20894E-17   -0.14537E-16
      1      14.220    0.58531E-03   -0.87511E+00   -0.87978E-17   -0.31018E-16
      1      14.136    0.57331E-03   -0.87179E+00   -0.76803E-18   -0.79224E-17
      1      14.051    0.56212E-03   -0.86833E+00   -0.54250E-17   -0.20741E-16
      1      13.967    0.55164E-03   -0.86474E+00    0.11750E-17   -0.13698E-16
      1      13.882    0.54182E-03   -0.86101E+00   -0.49540E-17   -0.11927E-16
      1      13.798    0.53257E-03   -0.85713E+00   -0.77268E-17   -0.82701E-17
      1      13.713    0.52387E-03   -0.85312E+00    0.22161E-17    0.62783E-17
      1      13.629    0.51566E-03   -0.84897E+00   -0.71059E-17   -0.12414E-16
      1      13.545    0.50793E-03   -0.84467E+00    0.74472E-17   -0.10836E-16
      1      13.460    0.50066E-03   -0.84025E+00   -0.68161E-17   -0.14239E-16
      1      13.376    0.49383E-03   -0.83571E+00   -0.13195E-17   -0.31453E-17
      1      13.291    0.48745E-03   -0.83105E+00   -0.75839E-17    0.46872E-18
      1      13.207    0.48148E-03   -0.82630E+00   -0.66716E-18   -0.29788E-16
      1      13.122    0.47593E-03   -0.82147E+00    0.59926E-17   -0.10147E-17
      1      13.038    0.47078E-03   -0.81657E+00   -0.88912E-17   -0.20643E-16
      1      12.954    0.46600E-03   -0.81162E+00   -0.86632E-17   -0.21484E-16
      1      12.869    0.46159E-03   -0.80663E+00   -0.15308E-16    0.18583E-16
      1      12.785    0.45752E-03   -0.80161E+00    0.59795E-17    0.19085E-16
      1      12.700    0.45378E-03   -0.79657E+00   -0.70200E-17   -0.27986E-16
      1      12.616    0.45034E-03   -0.79151E+00    0.26481E-17   -0.12257E-16
      1      12.531    0.44719E-03   -0.78643E+00    0.80123E-17   -0.33635E-17
      1      12.447    0.44429E-03   -0.78134E+00    0.15539E-16   -0.28214E-16
      1      12.363    0.44163E-03   -0.77623E+00   -0.48347E-17   -0.50041E-17
      1      12.278    0.43920E-03   -0.77111E+00   -0.34809E-17    0.80861E-17
      1      12.194    0.43698E-03   -0.76598E+00    0.47696E-17    0.20693E-16
      1      12.109    0.43497E-03   -0.76084E+00    0.22394E-16   -0.11551E-16
      1      12.025    0.43316E-03   -0.75570E+00   -0.78748E-18   -0.12256E-16
      1      11.940    0.43155E-03   -0.75057E+00   -0.15425E-16    0.20980E-16
      1      11.856    0.43014E-03   -0.74545E+00    0.17658E-16    0.18885E-16
      1      11.772    0.42894E-03   -0.74037E+00   -0.50274E-17   -0.39178E-17
      1      11.687    0.42795E-03   -0.73533E+00   -0.29820E-17   -0.28913E-16
      1      11.603    0.42718E-03   -0.73034E+00   -0.17131E-16   -0.15873E-17
      1      11.518    0.42663E-03   -0.72543E+00    0.23279E-16   -0.31883E-16
      1      11.434    0.42631E-03   -0.72059E+00   -0.66788E-17   -0.59385E-17
      1      11.349    0.42621E-03   -0.71583E+00    0.26125E-16    0.46673E-16
      1      11.265    0.42633E-03   -0.71115E+00   -0.88819E-17    0.17029E-16
      1      11.181    0.42667E-03   -0.70657E+00   -0.25932E-17   -0.30987E-16
      1      11.096    0.42722E-03   -0.70209E+00    0.22817E-16   -0.12760E-16
      1      11.012    0.42798E-03   -0.69770E+00   -0.11752E-16    0.31741E-16
      1      10.927    0.42894E-03   -0.69341E+00   -0.17833E-16   -0.11846E-16
      1      10.843    0.43010E-03   -0.68921E+00    0.16149E-16    0.18787E-16
      1      10.758    0.43145E-03   -0.68510E+00   -0.82307E-17   -0.17681E-18
      1      10.674    0.43299E-03   -0.68109E+00   -0.82238E-17    0.30739E-17
      1      10.589    0.43470E-03   -0.67715E+00   -0.19439E-16    0.11465E-16
      1      10.505    0.43658E-03   -0.67329E+00    0.11989E-16    0.20854E-16
      1      10.421    0.43863E-03   -0.66950E+00   -0.98384E-17    0.39751E-17
      1      10.336    0.44085E-03   -0.66578E+00   -0.14230E-16    0.26479E-16
      1      10.252    0.44325E-03   -0.66212E+00   -0.14426E-16    0.14720E-16
      1      10.167    0.44582E-03   -0.65853E+00   -0.13245E-16    0.31835E-16
      1      10.083    0.44858E-03   -0.65500E+00   -0.14161E-18    0.18529E-16
      1       9.998    0.45154E-03   -0.65155E+00   -0.67462E-17    0.41679E-16
      1       9.914    0.45470E-03   -0.64818E+00   -0.10741E-16   -0.21366E-17
      1       9.830    0.45809E-03   -0.64489E+00   -0.11345E-16    0.25475E-16
      1       9.745    0.46171E-03   -0.64171E+00   -0.18114E-16    0.78036E-17
      1       9.661    0.46558E-03   -0.63864E+00   -0.63746E-17    0.83048E-17
      1       9.576    0.46972E-03   -0.63569E+00   -0.73043E-17    0.11040E-16
      1       9.492    0.47413E-03   -0.63288E+00   -0.92906E-17    0.70033E-17
      1       9.407    0.47884E-03   -0.63022E+00   -0.11643E-16    0.21973E-16
      1       9.323    0.48384E-03   -0.62770E+00    0.28532E-16    0.31765E-16
      1       9.239    0.48913E-03   -0.62533E+00    0.51956E-17    0.23584E-16
      1       9.154    0.49472E-03   -0.62312E+00    0.76982E-17    0.32514E-16
      1       9.070    0.50062E-03   -0.62105E+00   -0.92071E-17    0.27218E-16
      1       8.985    0.50682E-03   -0.61913E+00   -0.14810E-16    0.33969E-16
      1       8.901    0.51333E-03   -0.61736E+00    0.13809E-16    0.52676E-17
      1       8.816    0.52015E-03   -0.61574E+00    0.47786E-17    0.15314E-16
      1       8.732    0.52728E-03   -0.61426E+00   -0.56769E-17    0.25581E-16
      1       8.648    0.53474E-03   -0.61292E+00   -0.17711E-16    0.21845E-16
      1       8.563    0.54251E-03   -0.61172E+00   -0.63588E-17    0.46144E-16
      1       8.479    0.55060E-03   -0.61065E+00   -0.61498E-18    0.40378E-16
      1       8.394    0.55901E-03   -0.60970E+00   -0.84590E-17    0.18756E-16
      1       8.310    0.56776E-03   -0.60888E+00   -0.24820E-17    0.56742E-17
      1       8.225    0.57684E-03   -0.60818E+00   -0.81425E-17    0.16240E-16
      1       8.141    0.58626E-03   -0.60759E+00   -0.45250E-17   -0.16688E-16
      1       8.057    0.59602E-03   -0.60712E+00   -0.49720E-17    0.83417E-17
      1       7.972    0.60615E-03   -0.60675E+00   -0.20084E-17    0.16397E-16
      1       7.888    0.61665E-03   -0.60650E+00    0.16119E-16    0.16434E-16
      1       7.803    0.62754E-03   -0.60636E+00    0.19883E-16    0.17624E-16
      1       7.719    0.63883E-03   -0.60634E+00    0.31297E-18   -0.69524E-17
      1       7.634    0.65054E-03   -0.60643E+00    0.63962E-16    0.85718E-17
      1       7.550    0.66268E-03   -0.60663E+00   -0.13347E-16    0.79530E-17
      1       7.466    0.67528E-03   -0.60696E+00    0.27151E-16    0.76917E-17
      1       7.381    0.68836E-03   -0.60741E+00    0.62210E-16    0.58357E-17
      1       7.297    0.70193E-03   -0.60798E+00    0.29156E-16    0.14828E-16
      1       7.212    0.71601E-03   -0.60868E+00   -0.39244E-16    0.24457E-16
      1       7.128    0.73061E-03   -0.60950E+00   -0.48764E-16    0.10978E-16
      1       7.043    0.74575E-03   -0.61044E+00    0.38438E-16    0.11476E-16
      1       6.959    0.76143E-03   -0.61150E+00   -0.13481E-16    0.11140E-16
      1       6.875    0.77767E-03   -0.61267E+00    0.49133E-16   -0.26449E-17
      1       6.790    0.79447E-03   -0.61396E+00   -0.56615E-16   -0.33091E-17
      1       6.706    0.81187E-03   -0.61537E+00    0.14993E-16   -0.29166E-18
      1       6.621    0.82986E-03   -0.61689E+00    0.16080E-16    0.81497E-17
      1       6.537    0.84848E-03   -0.61852E+00    0.32703E-17   -0.94528E-17
      1       6.452    0.86772E-03   -0.62027E+00   -0.62873E-17    0.16184E-16
      1       6.368    0.88762E-03   -0.62212E+00    0.36700E-16    0.17483E-16
      1       6.283    0.90818E-03   -0.62408E+00   -0.18302E-16    0.12937E-16
      1       6.199    0.92944E-03   -0.62615E+00   -0.52310E-16   -0.56631E-18
      1       6.115    0.95141E-03   -0.62833E+00    0.68013E-17    0.16217E-16
      1       6.030    0.97412E-03   -0.63062E+00    0.22901E-16    0.56409E-17
      1       5.946    0.99759E-03   -0.63302E+00   -0.67110E-16   -0.14646E-16
      1       5.861    0.10218E-02   -0.63552E+00    0.48557E-17   -0.65711E-17
      1       5.777    0.10469E-02   -0.63813E+00   -0.91353E-16    0.23340E-16
      1       5.692    0.10728E-02   -0.64084E+00   -0.14417E-16    0.73302E-17
      1       5.608    0.10995E-02   -0.64364E+00    0.40419E-16    0.63083E-17
      1       5.524    0.11271E-02   -0.64655E+00   -0.72952E-18    0.85160E-18
      1       5.439    0.11556E-02   -0.64956E+00    0.75599E-16    0.10037E-17
      1       5.355    0.11850E-02   -0.65267E+00    0.31939E-17    0.27308E-16
      1       5.270    0.12154E-02   -0.65587E+00   -0.46708E-16    0.17159E-16
      1       5.186    0.12467E-02   -0.65917E+00    0.42147E-16   -0.14025E-16
      1       5.101    0.12789E-02   -0.66253E+00   -0.17268E-16   -0.11047E-16
      1       5.017    0.13119E-02   -0.66595E+00    0.44901E-17   -0.14112E-16
      1       4.933    0.13456E-02   -0.66937E+00   -0.62394E-17    0.11695E-16
      1       4.848    0.13796E-02   -0.67275E+00   -0.99729E-16   -0.82642E-17
      1       4.764    0.14137E-02   -0.67602E+00    0.60934E-16   -0.59447E-18
      1       4.679    0.14473E-02   -0.67908E+00   -0.64995E-17    0.48685E-18
      1       4.595    0.14797E-02   -0.68184E+00    0.13483E-15   -0.25719E-16
      1       4.510    0.15101E-02   -0.68417E+00    0.43569E-19   -0.17282E-17
      1       4.426    0.15375E-02   -0.68593E+00   -0.17847E-15    0.37691E-17
      1       4.342    0.15610E-02   -0.68698E+00   -0.29626E-15    0.83603E-17
      1       4.257    0.15794E-02   -0.68719E+00   -0.26385E-15   -0.42519E-17
      1       4.173    0.15919E-02   -0.68641E+00    0.46448E-16   -0.77062E-17
      1       4.088    0.15975E-02   -0.68452E+00    0.46706E-16   -0.27996E-17
      1       4.004    0.15960E-02   -0.68145E+00    0.15130E-15    0.82812E-17
      1       3.919    0.15873E-02   -0.67719E+00    0.33402E-16    0.67030E-17
      1       3.835    0.15722E-02   -0.67178E+00   -0.14742E-15   -0.21640E-16
      1       3.751    0.15513E-02   -0.66528E+00   -0.71088E-16    0.16930E-16
      1       3.666    0.15256E-02   -0.65780E+00    0.37625E-16    0.46578E-17
      1       3.582    0.14962E-02   -0.64942E+00   -0.11662E-15   -0.10697E-16
      1       3.497    0.14639E-02   -0.64026E+00   -0.45655E-17   -0.17860E-16
      1       3.413    0.14297E-02   -0.63043E+00    0.19628E-15   -0.13094E-16
      1       3.328    0.13943E-02   -0.62003E+00    0.58562E-16   -0.11067E-17
      1       3.244    0.13583E-02   -0.60914E+00   -0.19323E-16   -0.36952E-17
      1       3.160    0.13221E-02   -0.59782E+00    0.39320E-16    0.60364E-17
      1       3.075    0.12860E-02   -0.58611E+00   -0.33533E-16   -0.12875E-16
      1       2.991    0.12502E-02   -0.57405E+00   -0.30746E-16   -0.14053E-17
      1       2.906    0.12148E-02   -0.56165E+00   -0.51892E-16   -0.24797E-17
      1       2.822    0.11800E-02   -0.54892E+00    0.48022E-16   -0.83643E-17
      1       2.737    0.11459E-02   -0.53590E+00    0.45297E-16   -0.22648E-16
      1       2.653    0.11125E-02   -0.52261E+00   -0.74167E-16    0.23131E-16
      1       2.569    0.10799E-02   -0.50907E+00    0.36900E-16    0.32945E-16
      1       2.484    0.10482E-02   -0.49530E+00    0.10118E-15    0.43097E-17
      1       2.400    0.10173E-02   -0.48134E+00    0.13774E-15   -0.23226E-16
      1       2.315    0.98747E-03   -0.46720E+00    0.21189E-16   -0.65186E-17
      1       2.231    0.95851E-03   -0.45292E+00    0.11342E-16   -0.12048E-16
      1       2.146    0.93049E-03   -0.43851E+00    0.46872E-16    0.10059E-16
      1       2.062    0.90339E-03   -0.42401E+00    0.71224E-16   -0.49443E-17
      1       1.977    0.87719E-03   -0.40947E+00   -0.16406E-17   -0.91163E-17
      1       1.893    0.85188E-03   -0.39491E+00    0.23686E-16   -0.26486E-16
      1       1.809    0.82734E-03   -0.38031E+00    0.64196E-16    0.66691E-17
      1       1.724    0.80342E-03   -0.36561E+00    0.82863E-16   -0.97297E-17
      1       1.640    0.77993E-03   -0.35074E+00    0.42359E-16   -0.15666E-16
      1       1.555    0.75671E-03   -0.33560E+00    0.38557E-16   -0.89417E-17
      1       1.471    0.73359E-03   -0.32009E+00   -0.48661E-17    0.75040E-18
      1       1.386    0.71040E-03   -0.30409E+00    0.74659E-16   -0.30826E-16
      1       1.302    0.68700E-03   -0.28752E+00    0.44962E-16    0.43204E-16
      1       1.218    0.66328E-03   -0.27029E+00    0.32734E-16    0.27783E-16
      1       1.133    0.63915E-03   -0.25238E+00    0.72236E-16   -0.14102E-16
      1       1.049    0.61465E-03   -0.23393E+00    0.21254E-16    0.16755E-16
      1       0.964    0.58994E-03   -0.21534E+00    0.60987E-16   -0.16728E-16
      1       0.880    0.56503E-03   -0.19692E+00    0.69309E-16   -0.80520E-17
      1       0.795    0.53972E-03   -0.17889E+00    0.38498E-16   -0.29348E-16
      1       0.711    0.51373E-03   -0.16142E+00    0.63969E-16   -0.14579E-17
      1       0.627    0.48674E-03   -0.14488E+00    0.78103E-16   -0.27888E-16
      1       0.542    0.45854E-03   -0.13010E+00    0.51936E-16   -0.33594E-16
      1       0.458    0.42856E-03   -0.11802E+00    0.48311E-16   -0.90025E-17
      1       0.373    0.39407E-03   -0.10577E+00    0.53305E-16   -0.20066E-16
      1       0.289    0.35109E-03   -0.87606E-01    0.59640E-16    0.18515E-16
      1       0.204    0.29660E-03   -0.60343E-01    0.64689E-16   -0.34914E-16
      1       0.120    0.22782E-03   -0.30101E-01    0.82594E-16   -0.29251E-17
