   3N SYSTEM INCLUSIVE  PHOTODESINTEGRATION
        DETECTED PARTICLE: 1- PROTON
        NOT DETECTED PARTICLES:2- PROTON  3-NEUTRON

      OMEGA 0.10000E+03
     MTTWE1,MTTWE2,MTTWE3=    1    1   -1
     TH1LAB,PHI1LAB=    60.000     0.000
   Unit of cross sections ... fm**2/(MeV*sr**2)
      I       E1      CROSS           AX           AY           AZ
      1      65.995    0.11222E-06   -0.25429E+00   -0.31979E-17   -0.73688E-17
      1      65.982    0.32827E-04   -0.25329E+00    0.21927E-17   -0.30279E-17
      1      65.975    0.37053E-04   -0.25376E+00    0.15649E-17   -0.24203E-17
      1      65.968    0.39741E-04   -0.25427E+00    0.34081E-17    0.26325E-17
      1      65.962    0.41526E-04   -0.25477E+00   -0.13334E-16   -0.20048E-16
      1      65.955    0.42735E-04   -0.25524E+00    0.23377E-17   -0.48100E-17
      1      65.948    0.43556E-04   -0.25567E+00    0.42837E-18   -0.19834E-17
      1      65.942    0.44105E-04   -0.25606E+00    0.29528E-17    0.15246E-17
      1      65.935    0.44462E-04   -0.25641E+00   -0.13861E-16   -0.84637E-17
      1      65.928    0.44678E-04   -0.25675E+00    0.13591E-16   -0.43319E-17
      1      65.922    0.44791E-04   -0.25708E+00   -0.92023E-17   -0.76230E-17
      1      65.915    0.44827E-04   -0.25741E+00   -0.85934E-17   -0.30195E-17
      1      65.908    0.44808E-04   -0.25774E+00    0.10909E-16   -0.28659E-16
      1      65.902    0.44746E-04   -0.25808E+00    0.67570E-17    0.35352E-18
      1      65.895    0.44653E-04   -0.25844E+00    0.81176E-17    0.97000E-17
      1      65.888    0.44537E-04   -0.25881E+00    0.99380E-17   -0.39974E-16
      1      65.882    0.44405E-04   -0.25919E+00   -0.61792E-17   -0.36603E-17
      1      65.875    0.44262E-04   -0.25959E+00   -0.10673E-16   -0.17657E-16
      1      65.514    0.38858E-04   -0.29034E+00   -0.58423E-17    0.10202E-17
      1      65.152    0.36676E-04   -0.30547E+00   -0.38439E-18   -0.95460E-17
      1      64.791    0.35477E-04   -0.31290E+00   -0.10704E-16   -0.15260E-16
      1      64.430    0.34638E-04   -0.31636E+00   -0.48472E-17   -0.11681E-16
      1      64.069    0.33969E-04   -0.31730E+00   -0.57189E-17   -0.13192E-16
      1      63.707    0.33422E-04   -0.31651E+00   -0.50748E-17    0.86026E-17
      1      63.346    0.33000E-04   -0.31451E+00   -0.38590E-17   -0.17308E-16
      1      62.985    0.32726E-04   -0.31187E+00   -0.56769E-18   -0.10214E-16
      1      62.623    0.32627E-04   -0.30909E+00   -0.22912E-17   -0.15818E-16
      1      62.262    0.32693E-04   -0.30650E+00   -0.16391E-16   -0.14691E-17
      1      61.901    0.32899E-04   -0.30423E+00   -0.61492E-17    0.45976E-17
      1      61.539    0.33224E-04   -0.30244E+00   -0.94768E-17   -0.19145E-16
      1      61.178    0.33654E-04   -0.30122E+00   -0.57585E-18    0.26132E-17
      1      60.817    0.34170E-04   -0.30052E+00   -0.71452E-17   -0.62727E-17
      1      60.456    0.34752E-04   -0.30014E+00   -0.33233E-17   -0.12390E-16
      1      60.094    0.35375E-04   -0.29980E+00   -0.11211E-16    0.37937E-17
      1      59.733    0.36015E-04   -0.29919E+00   -0.11219E-16    0.10038E-16
      1      59.372    0.36651E-04   -0.29803E+00   -0.92738E-18   -0.13157E-16
      1      59.010    0.37261E-04   -0.29604E+00   -0.10844E-16    0.45765E-17
      1      58.649    0.37829E-04   -0.29303E+00   -0.62888E-17    0.99679E-17
      1      58.288    0.38342E-04   -0.28885E+00   -0.11573E-16   -0.11383E-16
      1      57.927    0.38791E-04   -0.28344E+00   -0.18485E-16    0.38187E-17
      1      57.565    0.39185E-04   -0.27701E+00   -0.21585E-16    0.20712E-16
      1      57.204    0.39537E-04   -0.26983E+00   -0.19414E-16    0.35239E-17
      1      56.843    0.39860E-04   -0.26224E+00   -0.13722E-16   -0.76414E-18
      1      56.481    0.40165E-04   -0.25451E+00   -0.11543E-16   -0.61963E-17
      1      56.120    0.40459E-04   -0.24689E+00   -0.23627E-16    0.50634E-17
      1      55.759    0.40750E-04   -0.23961E+00   -0.72546E-17   -0.25002E-17
      1      55.398    0.41039E-04   -0.23285E+00   -0.29470E-16   -0.75788E-17
      1      55.036    0.41328E-04   -0.22674E+00   -0.15294E-16    0.82731E-17
      1      54.675    0.41616E-04   -0.22138E+00   -0.28856E-16    0.13019E-16
      1      54.314    0.41899E-04   -0.21679E+00   -0.18629E-16   -0.90230E-18
      1      53.952    0.42172E-04   -0.21295E+00   -0.46616E-16    0.45337E-17
      1      53.591    0.42428E-04   -0.20978E+00   -0.38386E-16    0.41629E-17
      1      53.230    0.42657E-04   -0.20716E+00   -0.10805E-16   -0.23948E-17
      1      52.869    0.42851E-04   -0.20493E+00   -0.33705E-16   -0.75193E-17
      1      52.507    0.43001E-04   -0.20297E+00   -0.26646E-16    0.15958E-16
      1      52.146    0.43101E-04   -0.20115E+00   -0.48188E-16    0.33571E-17
      1      51.785    0.43144E-04   -0.19938E+00   -0.19518E-16   -0.90132E-17
      1      51.423    0.43126E-04   -0.19758E+00   -0.34142E-16   -0.69296E-17
      1      51.062    0.43047E-04   -0.19574E+00   -0.65577E-16    0.16626E-16
      1      50.701    0.42905E-04   -0.19383E+00    0.24327E-16   -0.13447E-16
      1      50.339    0.42703E-04   -0.19190E+00   -0.82459E-16    0.17234E-16
      1      49.978    0.42443E-04   -0.18998E+00   -0.48380E-16    0.93789E-17
      1      49.617    0.42130E-04   -0.18815E+00    0.69276E-17   -0.46572E-17
      1      49.256    0.41765E-04   -0.18646E+00   -0.71817E-16    0.11531E-16
      1      48.894    0.41353E-04   -0.18493E+00   -0.57324E-16    0.16343E-16
      1      48.533    0.40893E-04   -0.18357E+00   -0.64148E-16    0.11189E-16
      1      48.172    0.40387E-04   -0.18237E+00   -0.71083E-16    0.92067E-17
      1      47.810    0.39839E-04   -0.18134E+00    0.79542E-16   -0.57943E-18
      1      47.449    0.39251E-04   -0.18047E+00    0.98971E-16   -0.21534E-16
      1      47.088    0.38628E-04   -0.17973E+00   -0.82084E-16    0.53542E-17
      1      46.727    0.37969E-04   -0.17910E+00   -0.12475E-16   -0.24271E-19
      1      46.365    0.37278E-04   -0.17851E+00   -0.64541E-16    0.14989E-16
      1      46.004    0.36556E-04   -0.17788E+00   -0.37261E-16   -0.29883E-17
      1      45.643    0.35803E-04   -0.17714E+00   -0.54349E-16    0.11265E-16
      1      45.281    0.35022E-04   -0.17618E+00   -0.18408E-16    0.74560E-17
      1      44.920    0.34214E-04   -0.17491E+00   -0.30046E-16   -0.48628E-17
      1      44.559    0.33383E-04   -0.17325E+00   -0.50588E-16    0.21986E-16
      1      44.198    0.32532E-04   -0.17114E+00   -0.45902E-16    0.15599E-17
      1      43.836    0.31667E-04   -0.16855E+00   -0.41156E-16    0.12692E-16
      1      43.475    0.30792E-04   -0.16547E+00   -0.44247E-16    0.11001E-16
      1      43.114    0.29916E-04   -0.16192E+00   -0.31640E-16    0.19701E-17
      1      42.752    0.29045E-04   -0.15795E+00   -0.35466E-16    0.10023E-16
      1      42.391    0.28187E-04   -0.15369E+00   -0.18865E-16   -0.46230E-17
      1      42.030    0.27350E-04   -0.14926E+00   -0.65722E-16    0.16750E-16
      1      41.668    0.26540E-04   -0.14486E+00   -0.15532E-16    0.24711E-16
      1      41.307    0.25767E-04   -0.14071E+00   -0.46806E-16    0.12394E-16
      1      40.946    0.25035E-04   -0.13706E+00   -0.29439E-16    0.20193E-16
      1      40.585    0.24349E-04   -0.13412E+00   -0.37114E-16    0.50399E-17
      1      40.223    0.23712E-04   -0.13209E+00   -0.53353E-16    0.25310E-16
      1      39.862    0.23125E-04   -0.13110E+00   -0.65902E-16    0.25511E-16
      1      39.501    0.22588E-04   -0.13123E+00   -0.46979E-16    0.45432E-16
      1      39.139    0.22097E-04   -0.13244E+00   -0.37534E-16    0.13733E-16
      1      38.778    0.21648E-04   -0.13465E+00   -0.20617E-16    0.15633E-16
      1      38.417    0.21237E-04   -0.13776E+00   -0.27585E-16    0.10476E-16
      1      38.056    0.20860E-04   -0.14168E+00   -0.31695E-16    0.74228E-17
      1      37.694    0.20514E-04   -0.14629E+00   -0.24769E-16    0.14723E-16
      1      37.333    0.20195E-04   -0.15150E+00    0.10714E-16    0.19280E-16
      1      36.972    0.19902E-04   -0.15720E+00   -0.10490E-16    0.33760E-16
      1      36.610    0.19631E-04   -0.16327E+00   -0.54264E-16    0.19029E-16
      1      36.249    0.19379E-04   -0.16960E+00   -0.26670E-16    0.18128E-16
      1      35.888    0.19146E-04   -0.17610E+00   -0.65304E-16    0.32459E-16
      1      35.527    0.18928E-04   -0.18265E+00   -0.28553E-16    0.28737E-16
      1      35.165    0.18724E-04   -0.18916E+00   -0.13854E-16    0.18763E-17
      1      34.804    0.18534E-04   -0.19556E+00    0.10114E-16    0.26818E-16
      1      34.443    0.18355E-04   -0.20178E+00   -0.92428E-17    0.11229E-16
      1      34.081    0.18188E-04   -0.20777E+00    0.90419E-17    0.11332E-16
      1      33.720    0.18032E-04   -0.21354E+00   -0.19321E-17    0.16125E-16
      1      33.359    0.17888E-04   -0.21906E+00    0.27341E-16    0.12375E-16
      1      32.997    0.17756E-04   -0.22436E+00   -0.20970E-16    0.87298E-17
      1      32.636    0.17637E-04   -0.22943E+00    0.24424E-17    0.13326E-16
      1      32.275    0.17531E-04   -0.23431E+00    0.39787E-17   -0.61950E-17
      1      31.914    0.17439E-04   -0.23901E+00   -0.43042E-17    0.20368E-16
      1      31.552    0.17361E-04   -0.24356E+00   -0.29785E-16    0.12164E-16
      1      31.191    0.17299E-04   -0.24800E+00   -0.19907E-17    0.10300E-16
      1      30.830    0.17252E-04   -0.25240E+00    0.46358E-17    0.36340E-16
      1      30.468    0.17223E-04   -0.25678E+00   -0.23854E-16    0.66129E-17
      1      30.107    0.17211E-04   -0.26121E+00    0.13841E-16    0.47221E-17
      1      29.746    0.17217E-04   -0.26572E+00   -0.10725E-16    0.65730E-17
      1      29.385    0.17241E-04   -0.27033E+00   -0.10932E-16   -0.49220E-17
      1      29.023    0.17284E-04   -0.27507E+00   -0.37497E-17   -0.11951E-16
      1      28.662    0.17347E-04   -0.27996E+00    0.14656E-17   -0.78260E-17
      1      28.301    0.17427E-04   -0.28498E+00   -0.18204E-16   -0.12681E-16
      1      27.939    0.17527E-04   -0.29014E+00   -0.35609E-16    0.12919E-16
      1      27.578    0.17644E-04   -0.29541E+00   -0.20844E-17    0.16511E-17
      1      27.217    0.17780E-04   -0.30080E+00    0.24481E-16    0.96501E-17
      1      26.856    0.17934E-04   -0.30630E+00   -0.17763E-16    0.68529E-17
      1      26.494    0.18105E-04   -0.31189E+00   -0.25685E-17   -0.18207E-18
      1      26.133    0.18295E-04   -0.31757E+00   -0.47058E-16   -0.10866E-16
      1      25.772    0.18502E-04   -0.32333E+00   -0.26832E-16    0.14429E-16
      1      25.410    0.18728E-04   -0.32917E+00   -0.38590E-16   -0.71991E-17
      1      25.049    0.18973E-04   -0.33509E+00    0.76908E-17    0.37237E-17
      1      24.688    0.19237E-04   -0.34107E+00    0.16003E-16   -0.62342E-17
      1      24.327    0.19520E-04   -0.34714E+00    0.26973E-17    0.23265E-16
      1      23.965    0.19825E-04   -0.35328E+00   -0.18532E-16    0.39474E-17
      1      23.604    0.20152E-04   -0.35954E+00    0.37261E-16   -0.45172E-17
      1      23.243    0.20502E-04   -0.36590E+00    0.60993E-16   -0.23406E-16
      1      22.881    0.20877E-04   -0.37241E+00    0.33095E-16    0.13360E-16
      1      22.520    0.21278E-04   -0.37907E+00   -0.13707E-16   -0.14201E-16
      1      22.159    0.21709E-04   -0.38590E+00   -0.22742E-16   -0.82222E-18
      1      21.797    0.22170E-04   -0.39294E+00   -0.92092E-16    0.30416E-16
      1      21.436    0.22665E-04   -0.40020E+00   -0.80197E-17   -0.24489E-16
      1      21.075    0.23196E-04   -0.40770E+00    0.17111E-16    0.14542E-16
      1      20.714    0.23763E-04   -0.41544E+00    0.14486E-16   -0.10713E-16
      1      20.352    0.24369E-04   -0.42342E+00   -0.10684E-16   -0.14064E-18
      1      19.991    0.25012E-04   -0.43161E+00   -0.22929E-16    0.36837E-17
      1      19.630    0.25687E-04   -0.43993E+00   -0.16978E-16    0.70157E-17
      1      19.268    0.26380E-04   -0.44822E+00   -0.28116E-16    0.16742E-16
      1      18.907    0.27067E-04   -0.45617E+00   -0.31124E-15   -0.30904E-16
      1      18.546    0.27707E-04   -0.46329E+00   -0.21818E-16    0.29152E-17
      1      18.185    0.28239E-04   -0.46886E+00   -0.16614E-16    0.22581E-16
      1      17.823    0.28597E-04   -0.47206E+00    0.10919E-15   -0.16413E-16
      1      17.462    0.28727E-04   -0.47224E+00    0.82443E-16   -0.23126E-16
      1      17.101    0.28638E-04   -0.46957E+00   -0.21489E-16   -0.20334E-17
      1      16.739    0.28390E-04   -0.46482E+00   -0.47906E-16   -0.15439E-17
      1      16.378    0.28051E-04   -0.45883E+00    0.24910E-17    0.25832E-17
      1      16.017    0.27679E-04   -0.45226E+00   -0.41302E-16    0.83298E-17
      1      15.656    0.27315E-04   -0.44548E+00   -0.53457E-16   -0.16970E-16
      1      15.294    0.26982E-04   -0.43871E+00    0.53178E-17   -0.10700E-16
      1      14.933    0.26695E-04   -0.43202E+00    0.16800E-16   -0.53576E-17
      1      14.572    0.26462E-04   -0.42542E+00   -0.77061E-17   -0.64443E-17
      1      14.210    0.26288E-04   -0.41888E+00    0.71184E-17   -0.21054E-16
      1      13.849    0.26176E-04   -0.41234E+00    0.16940E-16   -0.23094E-16
      1      13.488    0.26130E-04   -0.40576E+00   -0.22930E-16   -0.11170E-16
      1      13.126    0.26152E-04   -0.39907E+00   -0.35212E-16   -0.27083E-16
      1      12.765    0.26247E-04   -0.39222E+00    0.13919E-16    0.92787E-17
      1      12.404    0.26418E-04   -0.38519E+00   -0.28199E-16   -0.15254E-16
      1      12.043    0.26671E-04   -0.37792E+00   -0.23644E-16   -0.24105E-16
      1      11.681    0.27009E-04   -0.37037E+00    0.67983E-16   -0.17882E-16
      1      11.320    0.27438E-04   -0.36250E+00    0.46523E-16   -0.15098E-16
      1      10.959    0.27962E-04   -0.35427E+00    0.10085E-15   -0.15968E-16
      1      10.597    0.28588E-04   -0.34565E+00    0.79019E-17   -0.50919E-17
      1      10.236    0.29323E-04   -0.33667E+00    0.10120E-16   -0.68490E-17
      1       9.875    0.30177E-04   -0.32739E+00   -0.23843E-18   -0.98252E-17
      1       9.514    0.31162E-04   -0.31791E+00    0.20044E-16   -0.94887E-17
      1       9.152    0.32292E-04   -0.30841E+00    0.14053E-16   -0.31446E-16
      1       8.791    0.33587E-04   -0.29913E+00    0.11162E-16   -0.10323E-16
      1       8.430    0.35069E-04   -0.29035E+00    0.19140E-16   -0.59043E-17
      1       8.068    0.36757E-04   -0.28218E+00    0.30805E-16   -0.22021E-16
      1       7.707    0.38657E-04   -0.27445E+00    0.39356E-16   -0.35394E-16
      1       7.346    0.40768E-04   -0.26683E+00    0.38030E-16    0.34756E-17
      1       6.985    0.43073E-04   -0.25887E+00    0.63742E-16   -0.41183E-17
      1       6.623    0.45551E-04   -0.25008E+00    0.54526E-16   -0.16041E-16
      1       6.262    0.48173E-04   -0.24004E+00    0.29171E-16   -0.14951E-18
      1       5.901    0.50909E-04   -0.22844E+00   -0.77495E-17   -0.41096E-18
      1       5.539    0.53732E-04   -0.21513E+00    0.40092E-16   -0.10703E-16
      1       5.178    0.56615E-04   -0.20012E+00    0.39695E-16    0.26304E-17
      1       4.817    0.59550E-04   -0.18375E+00    0.64323E-16    0.59029E-17
      1       4.455    0.62595E-04   -0.16742E+00    0.46510E-16   -0.42691E-17
      1       4.094    0.65814E-04   -0.15259E+00    0.82005E-16   -0.13204E-17
      1       3.733    0.69230E-04   -0.14023E+00    0.42258E-16   -0.10175E-16
      1       3.372    0.72857E-04   -0.13129E+00    0.72163E-16    0.28981E-17
      1       3.010    0.76734E-04   -0.12717E+00    0.68702E-16   -0.12487E-16
      1       2.649    0.80944E-04   -0.12989E+00    0.48637E-16    0.65239E-18
      1       2.288    0.85593E-04   -0.14188E+00    0.35403E-16   -0.50276E-17
      1       1.926    0.90250E-04   -0.16082E+00    0.53739E-16   -0.54168E-17
      1       1.565    0.92726E-04   -0.17161E+00    0.85972E-16   -0.13594E-17
      1       1.204    0.90318E-04   -0.16024E+00    0.56384E-16   -0.43076E-17
      1       0.843    0.81277E-04   -0.12212E+00    0.49359E-16   -0.82924E-18
      1       0.481    0.64708E-04   -0.66884E-01    0.59717E-16   -0.47564E-17
      1       0.120    0.33995E-04   -0.16170E-01    0.26677E-16   -0.28938E-17
