   Unit of cross sections ... fm**2/(MeV*sr**2)
      I       SLANGE      CROSS          E1         E2         E3
      1       0.500    0.3442E-07       60.368     0.009    31.905
      2       1.003    0.1281E-06       59.866     0.034    32.382
      3       1.500    0.2654E-06       59.370     0.074    32.838
      4       2.005    0.4389E-06       58.868     0.129    33.285
      5       2.502    0.6344E-06       58.375     0.195    33.712
      6       3.005    0.8495E-06       57.879     0.274    34.129
      7       3.506    0.1074E-05       57.387     0.364    34.532
      8       4.003    0.1302E-05       56.900     0.463    34.919
      9       4.503    0.1525E-05       56.411     0.573    35.298
     10       5.006    0.1735E-05       55.922     0.692    35.668
     11       5.504    0.1921E-05       55.441     0.818    36.023
     12       6.003    0.2080E-05       54.960     0.952    36.369
     13       6.503    0.2210E-05       54.481     1.094    36.707
     14       7.004    0.2310E-05       54.003     1.244    37.035
     15       7.504    0.2381E-05       53.527     1.400    37.355
     16       8.005    0.2426E-05       53.054     1.562    37.666
     17       8.504    0.2449E-05       52.584     1.730    37.968
     18       9.002    0.2454E-05       52.117     1.903    38.262
     19       9.507    0.2446E-05       51.645     2.084    38.553
     20      10.001    0.2428E-05       51.186     2.266    38.829
     21      10.502    0.2402E-05       50.723     2.456    39.103
     22      11.009    0.2368E-05       50.256     2.654    39.373
     23      11.503    0.2331E-05       49.802     2.850    39.629
     24      12.004    0.2289E-05       49.345     3.054    39.883
     25      12.500    0.2244E-05       48.894     3.260    40.128
     26      13.002    0.2197E-05       48.439     3.473    40.370
     27      13.510    0.2147E-05       47.981     3.692    40.608
     28      14.003    0.2097E-05       47.539     3.909    40.834
     29      14.500    0.2045E-05       47.093     4.131    41.057
     30      15.003    0.1988E-05       46.645     4.360    41.277
     31      15.511    0.1927E-05       46.195     4.594    41.493
     32      16.002    0.1865E-05       45.761     4.824    41.697
     33      16.508    0.1798E-05       45.316     5.064    41.902
     34      17.008    0.1730E-05       44.877     5.304    42.100
     35      17.501    0.1663E-05       44.447     5.545    42.291
     36      18.009    0.1593E-05       44.005     5.795    42.482
     37      18.510    0.1524E-05       43.570     6.045    42.666
     38      19.004    0.1457E-05       43.144     6.295    42.843
     39      19.501    0.1391E-05       42.717     6.549    43.017
     40      20.002    0.1326E-05       42.287     6.807    43.187
     41      20.507    0.1264E-05       41.857     7.070    43.355
     42      21.003    0.1205E-05       41.435     7.332    43.515
     43      21.503    0.1149E-05       41.012     7.597    43.673
     44      22.006    0.1095E-05       40.587     7.867    43.827
     45      22.512    0.1045E-05       40.162     8.141    43.978
     46      23.009    0.9980E-06       39.746     8.413    44.123
     47      23.509    0.9536E-06       39.329     8.689    44.264
     48      24.012    0.9116E-06       38.911     8.968    44.403
     49      24.505    0.8729E-06       38.502     9.245    44.535
     50      25.001    0.8362E-06       38.093     9.525    44.664
     51      25.512    0.8008E-06       37.673     9.816    44.793
     52      26.001    0.7690E-06       37.272    10.096    44.913
     53      26.504    0.7382E-06       36.862    10.387    45.033
     54      27.010    0.7091E-06       36.450    10.681    45.150
     55      27.505    0.6823E-06       36.049    10.972    45.261
     56      28.003    0.6568E-06       35.647    11.265    45.369
     57      28.502    0.6324E-06       35.245    11.562    45.474
     58      29.004    0.6092E-06       34.843    11.862    45.576
     59      29.507    0.5871E-06       34.441    12.165    45.675
     60      30.000    0.5667E-06       34.049    12.464    45.769
     61      30.507    0.5468E-06       33.647    12.773    45.862
     62      31.003    0.5285E-06       33.255    13.077    45.950
     63      31.501    0.5113E-06       32.864    13.384    46.034
     64      32.000    0.4952E-06       32.472    13.694    46.116
     65      32.501    0.4801E-06       32.081    14.006    46.195
     66      33.003    0.4662E-06       31.690    14.322    46.271
     67      33.507    0.4533E-06       31.299    14.639    46.343
     68      34.012    0.4415E-06       30.909    14.960    46.413
     69      34.505    0.4310E-06       30.529    15.275    46.478
     70      35.013    0.4212E-06       30.140    15.600    46.542
     71      35.508    0.4126E-06       29.761    15.920    46.601
     72      36.005    0.4050E-06       29.383    16.241    46.658
     73      36.502    0.3981E-06       29.006    16.566    46.711
     74      37.001    0.3921E-06       28.629    16.892    46.761
     75      37.500    0.3869E-06       28.253    17.220    46.809
     76      38.000    0.3823E-06       27.877    17.551    46.854
     77      38.501    0.3784E-06       27.503    17.884    46.895
     78      39.003    0.3751E-06       27.129    18.219    46.934
     79      39.505    0.3723E-06       26.757    18.556    46.970
     80      40.008    0.3700E-06       26.385    18.895    47.002
     81      40.512    0.3680E-06       26.014    19.236    47.032
     82      41.003    0.3665E-06       25.654    19.569    47.058
     83      41.507    0.3653E-06       25.286    19.914    47.082
     84      42.012    0.3643E-06       24.918    20.260    47.103
     85      42.504    0.3636E-06       24.562    20.599    47.121
     86      43.010    0.3630E-06       24.197    20.949    47.136
     87      43.503    0.3627E-06       23.843    21.292    47.148
     88      44.009    0.3624E-06       23.480    21.645    47.157
     89      44.502    0.3622E-06       23.129    21.990    47.163
     90      45.008    0.3621E-06       22.769    22.347    47.166
     91      45.501    0.3621E-06       22.420    22.695    47.166
     92      46.007    0.3622E-06       22.064    23.055    47.164
     93      46.500    0.3623E-06       21.718    23.406    47.158
     94      47.006    0.3626E-06       21.364    23.768    47.150
     95      47.512    0.3630E-06       21.012    24.131    47.138
     96      48.004    0.3635E-06       20.671    24.486    47.124
     97      48.510    0.3642E-06       20.323    24.852    47.107
     98      49.002    0.3651E-06       19.985    25.210    47.087
     99      49.506    0.3663E-06       19.640    25.578    47.064
    100      50.010    0.3677E-06       19.297    25.948    47.037
    101      50.501    0.3695E-06       18.965    26.308    47.009
    102      51.004    0.3718E-06       18.625    26.680    46.977
    103      51.507    0.3745E-06       18.288    27.052    46.941
    104      52.008    0.3777E-06       17.953    27.426    46.903
    105      52.510    0.3815E-06       17.620    27.800    46.862
    106      53.010    0.3859E-06       17.288    28.175    46.818
    107      53.510    0.3910E-06       16.959    28.551    46.771
    108      54.008    0.3968E-06       16.633    28.928    46.722
    109      54.506    0.4035E-06       16.308    29.305    46.669
    110      55.003    0.4110E-06       15.986    29.683    46.613
    111      55.511    0.4196E-06       15.657    30.072    46.553
    112      56.006    0.4289E-06       15.340    30.451    46.491
    113      56.513    0.4395E-06       15.016    30.841    46.425
    114      57.005    0.4509E-06       14.704    31.221    46.358
    115      57.509    0.4635E-06       14.385    31.611    46.286
    116      58.011    0.4773E-06       14.069    32.002    46.210
    117      58.512    0.4921E-06       13.756    32.393    46.132
    118      59.012    0.5080E-06       13.446    32.785    46.051
    119      59.510    0.5250E-06       13.138    33.177    45.967
    120      60.006    0.5430E-06       12.834    33.569    45.880
    121      60.501    0.5622E-06       12.532    33.961    45.790
    122      61.007    0.5829E-06       12.225    34.363    45.694
    123      61.511    0.6048E-06       11.921    34.765    45.596
    124      62.000    0.6272E-06       11.628    35.157    45.497
    125      62.500    0.6513E-06       11.331    35.559    45.393
    126      63.011    0.6772E-06       11.029    35.970    45.283
    127      63.507    0.7038E-06       10.738    36.372    45.172
    128      64.000    0.7318E-06       10.450    36.773    45.059
    129      64.504    0.7622E-06       10.159    37.184    44.939
    130      65.006    0.7945E-06        9.870    37.595    44.817
    131      65.505    0.8286E-06        9.586    38.005    44.692
    132      66.001    0.8648E-06        9.305    38.414    44.563
    133      66.507    0.9040E-06        9.021    38.833    44.428
    134      67.011    0.9456E-06        8.741    39.251    44.290
    135      67.511    0.9895E-06        8.464    39.668    44.150
    136      68.009    0.1036E-05        8.192    40.085    44.005
    137      68.504    0.1085E-05        7.923    40.500    43.858
    138      69.007    0.1138E-05        7.653    40.925    43.705
    139      69.507    0.1193E-05        7.386    41.348    43.548
    140      70.005    0.1251E-05        7.124    41.770    43.388
    141      70.510    0.1313E-05        6.860    42.201    43.221
    142      71.000    0.1376E-05        6.606    42.621    43.055
    143      71.510    0.1444E-05        6.345    43.059    42.878
    144      72.004    0.1510E-05        6.095    43.485    42.702
    145      72.506    0.1579E-05        5.844    43.920    42.518
    146      73.004    0.1648E-05        5.598    44.353    42.332
    147      73.509    0.1717E-05        5.351    44.793    42.138
    148      74.010    0.1785E-05        5.110    45.232    41.941
    149      74.506    0.1851E-05        4.874    45.668    41.740
    150      75.009    0.1915E-05        4.638    46.112    41.532
    151      75.507    0.1976E-05        4.407    46.553    41.321
    152      76.010    0.2033E-05        4.178    47.002    41.102
    153      76.509    0.2087E-05        3.954    47.448    40.880
    154      77.003    0.2137E-05        3.736    47.891    40.655
    155      77.501    0.2186E-05        3.520    48.340    40.422
    156      78.005    0.2234E-05        3.306    48.796    40.180
    157      78.502    0.2280E-05        3.098    49.248    39.936
    158      79.004    0.2323E-05        2.893    49.706    39.683
    159      79.509    0.2362E-05        2.691    50.169    39.422
    160      80.008    0.2395E-05        2.496    50.628    39.158
    161      80.501    0.2423E-05        2.308    51.083    38.890
    162      81.006    0.2443E-05        2.121    51.552    38.609
    163      81.503    0.2453E-05        1.941    52.016    38.325
    164      82.003    0.2451E-05        1.766    52.484    38.032
    165      82.504    0.2432E-05        1.597    52.955    37.730
    166      83.005    0.2392E-05        1.432    53.430    37.420
    167      83.508    0.2327E-05        1.275    53.907    37.101
    168      84.002    0.2234E-05        1.126    54.378    36.779
    169      84.504    0.2110E-05        0.982    54.858    36.442
    170      85.005    0.1956E-05        0.845    55.341    36.096
    171      85.504    0.1775E-05        0.717    55.823    35.742
    172      86.002    0.1572E-05        0.597    56.306    35.378
    173      86.505    0.1349E-05        0.485    56.796    35.000
    174      87.004    0.1122E-05        0.384    57.285    34.613
    175      87.507    0.8942E-06        0.291    57.780    34.211
    176      88.005    0.6783E-06        0.211    58.271    33.800
    177      88.505    0.4775E-06        0.141    58.766    33.375
    178      89.006    0.2996E-06        0.084    59.264    32.934
    179      89.506    0.1535E-06        0.041    59.762    32.479
    180      90.006    0.4993E-07        0.013    60.261    32.008
    181      90.503    0.1769E-08        0.000    60.758    31.524
