   3N SYSTEM INCLUSIVE  PHOTODESINTEGRATION
        DETECTED PARTICLE: 1- PROTON
        NOT DETECTED PARTICLES:2- PROTON  3-NEUTRON

      OMEGA 0.30000E+02
     MTTWE1,MTTWE2,MTTWE3=    1    1   -1
     TH1LAB,PHI1LAB=    60.000     0.000
   Unit of cross sections ... fm**2/(MeV*sr**2)
      I       E1      CROSS           AX           AY           AZ
      1      15.607    0.33657E-05   -0.92599E+00   -0.43565E-18    0.97632E-19
      1      15.593    0.96788E-03   -0.92445E+00    0.40894E-17   -0.23254E-17
      1      15.587    0.10823E-02   -0.92400E+00    0.26493E-18    0.22589E-17
      1      15.580    0.11495E-02   -0.92359E+00   -0.10097E-17   -0.52919E-18
      1      15.573    0.11891E-02   -0.92319E+00   -0.13541E-18   -0.44514E-18
      1      15.567    0.12117E-02   -0.92280E+00   -0.13690E-17   -0.63815E-18
      1      15.560    0.12232E-02   -0.92244E+00   -0.79760E-17   -0.34379E-17
      1      15.553    0.12272E-02   -0.92209E+00   -0.15197E-17   -0.36769E-17
      1      15.547    0.12263E-02   -0.92176E+00    0.26911E-18   -0.78909E-19
      1      15.540    0.12220E-02   -0.92145E+00    0.93472E-18   -0.26551E-17
      1      15.533    0.12155E-02   -0.92116E+00   -0.15333E-17   -0.19032E-17
      1      15.527    0.12076E-02   -0.92088E+00   -0.14939E-17    0.33390E-17
      1      15.520    0.11988E-02   -0.92062E+00    0.62994E-18    0.44214E-17
      1      15.513    0.11895E-02   -0.92037E+00   -0.11849E-17    0.50254E-18
      1      15.507    0.11800E-02   -0.92015E+00    0.76427E-18   -0.12649E-17
      1      15.500    0.11704E-02   -0.91993E+00   -0.10260E-17   -0.10713E-17
      1      15.493    0.11607E-02   -0.91973E+00    0.16901E-17   -0.15524E-18
      1      15.487    0.11512E-02   -0.91954E+00   -0.11897E-18   -0.66748E-20
      1      15.402    0.10420E-02   -0.91753E+00   -0.14533E-16   -0.11478E-16
      1      15.318    0.95718E-03   -0.91582E+00    0.18923E-17    0.53310E-18
      1      15.233    0.89281E-03   -0.91429E+00    0.61135E-18   -0.76351E-18
      1      15.149    0.84277E-03   -0.91287E+00    0.27554E-17    0.29110E-17
      1      15.064    0.80242E-03   -0.91146E+00   -0.44944E-17   -0.65642E-17
      1      14.980    0.76877E-03   -0.91001E+00    0.78406E-18   -0.29719E-17
      1      14.895    0.73993E-03   -0.90847E+00    0.28907E-17    0.24683E-17
      1      14.811    0.71465E-03   -0.90680E+00   -0.10407E-17   -0.92374E-18
      1      14.727    0.69207E-03   -0.90498E+00   -0.38707E-17    0.44109E-17
      1      14.642    0.67160E-03   -0.90299E+00    0.17784E-17    0.79418E-17
      1      14.558    0.65287E-03   -0.90084E+00    0.44780E-17   -0.20688E-17
      1      14.473    0.63564E-03   -0.89852E+00   -0.25392E-17   -0.29191E-17
      1      14.389    0.61975E-03   -0.89605E+00    0.27100E-18    0.45278E-17
      1      14.304    0.60503E-03   -0.89344E+00   -0.24045E-17   -0.10489E-16
      1      14.220    0.59137E-03   -0.89069E+00    0.13836E-17   -0.50171E-17
      1      14.136    0.57866E-03   -0.88780E+00    0.24427E-17    0.32926E-18
      1      14.051    0.56681E-03   -0.88478E+00    0.13219E-18    0.26996E-17
      1      13.967    0.55573E-03   -0.88163E+00    0.27546E-17   -0.12949E-16
      1      13.882    0.54536E-03   -0.87834E+00   -0.97610E-18   -0.89227E-17
      1      13.798    0.53565E-03   -0.87492E+00   -0.10867E-16   -0.20656E-16
      1      13.713    0.52653E-03   -0.87136E+00    0.46321E-17    0.40470E-17
      1      13.629    0.51799E-03   -0.86768E+00    0.37992E-17   -0.12284E-16
      1      13.545    0.50998E-03   -0.86386E+00    0.62382E-17   -0.27498E-16
      1      13.460    0.50248E-03   -0.85992E+00   -0.35962E-17   -0.26357E-16
      1      13.376    0.49548E-03   -0.85585E+00   -0.21556E-17   -0.62147E-17
      1      13.291    0.48895E-03   -0.85168E+00   -0.62163E-17    0.64709E-17
      1      13.207    0.48286E-03   -0.84740E+00   -0.62401E-17   -0.35096E-16
      1      13.122    0.47720E-03   -0.84302E+00    0.50118E-17   -0.45942E-17
      1      13.038    0.47196E-03   -0.83856E+00   -0.11683E-16   -0.11733E-16
      1      12.954    0.46711E-03   -0.83403E+00   -0.40152E-17   -0.13134E-16
      1      12.869    0.46263E-03   -0.82943E+00    0.78744E-17    0.22251E-16
      1      12.785    0.45851E-03   -0.82478E+00   -0.84895E-17    0.24206E-16
      1      12.700    0.45473E-03   -0.82007E+00   -0.92914E-17   -0.20480E-16
      1      12.616    0.45127E-03   -0.81531E+00    0.11324E-16   -0.74481E-17
      1      12.531    0.44811E-03   -0.81052E+00    0.25271E-16   -0.60063E-17
      1      12.447    0.44523E-03   -0.80568E+00    0.14656E-17   -0.25771E-16
      1      12.363    0.44261E-03   -0.80079E+00   -0.51014E-17   -0.29772E-17
      1      12.278    0.44023E-03   -0.79587E+00   -0.63411E-17    0.21673E-16
      1      12.194    0.43810E-03   -0.79091E+00    0.68245E-17    0.17020E-16
      1      12.109    0.43620E-03   -0.78592E+00   -0.64482E-17   -0.67356E-17
      1      12.025    0.43452E-03   -0.78090E+00   -0.37435E-17   -0.15476E-16
      1      11.940    0.43306E-03   -0.77586E+00    0.29943E-17    0.19950E-16
      1      11.856    0.43183E-03   -0.77082E+00    0.36665E-17    0.11241E-16
      1      11.772    0.43082E-03   -0.76578E+00    0.14221E-16   -0.42550E-18
      1      11.687    0.43004E-03   -0.76075E+00    0.74020E-17   -0.26838E-16
      1      11.603    0.42949E-03   -0.75574E+00   -0.49675E-17   -0.80583E-17
      1      11.518    0.42918E-03   -0.75076E+00    0.17111E-16   -0.32669E-16
      1      11.434    0.42910E-03   -0.74582E+00   -0.37011E-18   -0.36387E-17
      1      11.349    0.42925E-03   -0.74093E+00    0.35501E-16    0.45276E-16
      1      11.265    0.42963E-03   -0.73610E+00    0.11846E-16    0.11817E-16
      1      11.181    0.43025E-03   -0.73132E+00   -0.12586E-17   -0.25027E-16
      1      11.096    0.43109E-03   -0.72660E+00    0.99343E-17   -0.30280E-16
      1      11.012    0.43215E-03   -0.72195E+00   -0.11062E-17    0.20746E-16
      1      10.927    0.43342E-03   -0.71736E+00   -0.21526E-17   -0.13041E-16
      1      10.843    0.43491E-03   -0.71285E+00    0.79512E-17    0.13469E-16
      1      10.758    0.43661E-03   -0.70840E+00   -0.28158E-16    0.67126E-17
      1      10.674    0.43850E-03   -0.70402E+00   -0.25187E-16   -0.16106E-17
      1      10.589    0.44059E-03   -0.69971E+00   -0.32941E-17    0.11483E-16
      1      10.505    0.44287E-03   -0.69546E+00   -0.14318E-17    0.24025E-16
      1      10.421    0.44534E-03   -0.69127E+00   -0.50089E-17    0.42909E-17
      1      10.336    0.44800E-03   -0.68714E+00   -0.12577E-16    0.21577E-16
      1      10.252    0.45086E-03   -0.68307E+00   -0.66023E-17    0.16216E-16
      1      10.167    0.45391E-03   -0.67907E+00   -0.59343E-17    0.30715E-16
      1      10.083    0.45716E-03   -0.67512E+00    0.12612E-17    0.31692E-16
      1       9.998    0.46062E-03   -0.67125E+00    0.66305E-17    0.44279E-16
      1       9.914    0.46430E-03   -0.66746E+00    0.35092E-16   -0.73587E-18
      1       9.830    0.46821E-03   -0.66375E+00    0.14511E-16    0.76651E-17
      1       9.745    0.47236E-03   -0.66014E+00   -0.36439E-16    0.27177E-17
      1       9.661    0.47677E-03   -0.65663E+00   -0.18372E-16    0.29112E-17
      1       9.576    0.48144E-03   -0.65324E+00   -0.11233E-16    0.57470E-17
      1       9.492    0.48639E-03   -0.64997E+00   -0.20056E-16    0.85676E-17
      1       9.407    0.49163E-03   -0.64683E+00    0.66946E-18    0.13311E-16
      1       9.323    0.49716E-03   -0.64384E+00    0.20669E-16    0.32905E-16
      1       9.239    0.50298E-03   -0.64098E+00    0.73797E-17    0.26184E-16
      1       9.154    0.50911E-03   -0.63827E+00   -0.24698E-16    0.29902E-16
      1       9.070    0.51553E-03   -0.63569E+00   -0.21249E-16    0.10167E-16
      1       8.985    0.52227E-03   -0.63326E+00   -0.35637E-16    0.32153E-16
      1       8.901    0.52932E-03   -0.63098E+00    0.36469E-16   -0.46063E-17
      1       8.816    0.53669E-03   -0.62884E+00    0.34676E-17    0.13577E-16
      1       8.732    0.54439E-03   -0.62685E+00    0.21450E-16    0.17039E-16
      1       8.648    0.55241E-03   -0.62500E+00   -0.87990E-17    0.16113E-16
      1       8.563    0.56076E-03   -0.62329E+00    0.14336E-16    0.41926E-16
      1       8.479    0.56945E-03   -0.62172E+00    0.14519E-16    0.29045E-16
      1       8.394    0.57849E-03   -0.62028E+00   -0.12949E-16    0.13370E-16
      1       8.310    0.58786E-03   -0.61898E+00   -0.20376E-17    0.80997E-17
      1       8.225    0.59760E-03   -0.61781E+00   -0.10994E-16    0.20756E-16
      1       8.141    0.60769E-03   -0.61677E+00    0.69236E-17   -0.68164E-17
      1       8.057    0.61816E-03   -0.61586E+00   -0.17837E-16    0.14942E-16
      1       7.972    0.62901E-03   -0.61507E+00    0.16672E-16    0.10639E-16
      1       7.888    0.64025E-03   -0.61440E+00    0.22668E-16    0.14610E-16
      1       7.803    0.65191E-03   -0.61387E+00    0.17527E-16    0.27256E-16
      1       7.719    0.66399E-03   -0.61346E+00    0.41591E-17   -0.65792E-17
      1       7.634    0.67651E-03   -0.61319E+00    0.52162E-16    0.13428E-16
      1       7.550    0.68949E-03   -0.61304E+00   -0.34631E-16    0.10987E-16
      1       7.466    0.70295E-03   -0.61303E+00    0.23442E-16    0.59758E-17
      1       7.381    0.71692E-03   -0.61315E+00    0.27901E-16   -0.14902E-18
      1       7.297    0.73140E-03   -0.61341E+00    0.10719E-16    0.20117E-16
      1       7.212    0.74642E-03   -0.61380E+00   -0.30470E-16    0.13283E-16
      1       7.128    0.76198E-03   -0.61433E+00   -0.37423E-16    0.77623E-17
      1       7.043    0.77810E-03   -0.61499E+00    0.15829E-16   -0.47095E-18
      1       6.959    0.79479E-03   -0.61578E+00   -0.12461E-16    0.13375E-16
      1       6.875    0.81207E-03   -0.61669E+00    0.51416E-16   -0.76583E-17
      1       6.790    0.82993E-03   -0.61773E+00   -0.54002E-16   -0.98480E-17
      1       6.706    0.84841E-03   -0.61889E+00    0.25316E-16   -0.47084E-17
      1       6.621    0.86752E-03   -0.62017E+00    0.74907E-17    0.16966E-16
      1       6.537    0.88728E-03   -0.62157E+00    0.13315E-16   -0.15371E-16
      1       6.452    0.90769E-03   -0.62309E+00    0.15064E-16    0.10675E-16
      1       6.368    0.92879E-03   -0.62472E+00    0.39373E-16    0.79163E-17
      1       6.283    0.95059E-03   -0.62648E+00   -0.11093E-16    0.58234E-17
      1       6.199    0.97312E-03   -0.62835E+00   -0.62805E-16   -0.92090E-17
      1       6.115    0.99640E-03   -0.63034E+00    0.11446E-16   -0.50437E-17
      1       6.030    0.10205E-02   -0.63244E+00    0.28228E-16   -0.67523E-17
      1       5.946    0.10453E-02   -0.63466E+00   -0.60115E-16   -0.24798E-17
      1       5.861    0.10710E-02   -0.63699E+00    0.28561E-16   -0.54956E-17
      1       5.777    0.10975E-02   -0.63944E+00   -0.84979E-16    0.17524E-16
      1       5.692    0.11250E-02   -0.64199E+00   -0.58524E-17    0.29937E-17
      1       5.608    0.11533E-02   -0.64466E+00    0.53371E-16    0.57102E-17
      1       5.524    0.11825E-02   -0.64743E+00   -0.22293E-17    0.12186E-17
      1       5.439    0.12127E-02   -0.65031E+00    0.73212E-16    0.40198E-17
      1       5.355    0.12438E-02   -0.65330E+00    0.87790E-17    0.21406E-16
      1       5.270    0.12760E-02   -0.65639E+00   -0.36086E-16   -0.10004E-17
      1       5.186    0.13092E-02   -0.65958E+00    0.46669E-16   -0.12180E-16
      1       5.101    0.13433E-02   -0.66284E+00   -0.30571E-16   -0.33642E-17
      1       5.017    0.13783E-02   -0.66616E+00   -0.19521E-16   -0.18285E-16
      1       4.933    0.14140E-02   -0.66950E+00   -0.17329E-16   -0.11475E-17
      1       4.848    0.14501E-02   -0.67279E+00   -0.88931E-16   -0.35170E-17
      1       4.764    0.14863E-02   -0.67598E+00    0.50178E-16   -0.86184E-17
      1       4.679    0.15219E-02   -0.67896E+00   -0.47606E-17    0.58220E-17
      1       4.595    0.15562E-02   -0.68164E+00    0.14148E-15   -0.14478E-16
      1       4.510    0.15885E-02   -0.68388E+00   -0.72252E-17    0.13767E-17
      1       4.426    0.16175E-02   -0.68556E+00   -0.16851E-15    0.20795E-17
      1       4.342    0.16424E-02   -0.68651E+00   -0.30088E-15    0.65701E-17
      1       4.257    0.16619E-02   -0.68661E+00   -0.24270E-15    0.61393E-17
      1       4.173    0.16751E-02   -0.68570E+00    0.42853E-16   -0.87343E-18
      1       4.088    0.16810E-02   -0.68368E+00    0.38562E-16   -0.41373E-17
      1       4.004    0.16793E-02   -0.68045E+00    0.15679E-15   -0.11470E-17
      1       3.919    0.16701E-02   -0.67601E+00    0.51244E-16    0.20836E-17
      1       3.835    0.16540E-02   -0.67040E+00   -0.13705E-15   -0.18778E-16
      1       3.751    0.16318E-02   -0.66369E+00   -0.58871E-16    0.37657E-19
      1       3.666    0.16046E-02   -0.65596E+00    0.33395E-16    0.48657E-17
      1       3.582    0.15733E-02   -0.64733E+00   -0.13113E-15    0.86809E-18
      1       3.497    0.15390E-02   -0.63790E+00   -0.26931E-16   -0.24587E-16
      1       3.413    0.15027E-02   -0.62779E+00    0.18608E-15   -0.11677E-16
      1       3.328    0.14651E-02   -0.61709E+00    0.76897E-16   -0.46689E-17
      1       3.244    0.14269E-02   -0.60589E+00   -0.11273E-16   -0.87899E-17
      1       3.160    0.13885E-02   -0.59426E+00    0.65128E-16    0.22489E-17
      1       3.075    0.13501E-02   -0.58224E+00   -0.46852E-16   -0.46920E-17
      1       2.991    0.13121E-02   -0.56987E+00   -0.26909E-16   -0.38347E-17
      1       2.906    0.12745E-02   -0.55715E+00   -0.70211E-16   -0.75286E-17
      1       2.822    0.12374E-02   -0.54412E+00    0.84049E-16   -0.13362E-16
      1       2.737    0.12011E-02   -0.53080E+00    0.58368E-16   -0.22218E-16
      1       2.653    0.11655E-02   -0.51720E+00   -0.59734E-16    0.15240E-16
      1       2.569    0.11307E-02   -0.50336E+00    0.49239E-16    0.27725E-16
      1       2.484    0.10968E-02   -0.48931E+00    0.11067E-15   -0.14039E-17
      1       2.400    0.10638E-02   -0.47506E+00    0.13151E-15   -0.68010E-17
      1       2.315    0.10317E-02   -0.46064E+00    0.19150E-16   -0.18182E-17
      1       2.231    0.10005E-02   -0.44608E+00   -0.83653E-18   -0.13762E-16
      1       2.146    0.97024E-03   -0.43139E+00    0.54733E-16    0.70581E-17
      1       2.062    0.94084E-03   -0.41662E+00    0.53524E-16   -0.13375E-16
      1       1.977    0.91231E-03   -0.40180E+00    0.14380E-16   -0.21534E-17
      1       1.893    0.88461E-03   -0.38694E+00    0.16505E-16   -0.15283E-16
      1       1.809    0.85763E-03   -0.37204E+00    0.49183E-16    0.69303E-17
      1       1.724    0.83121E-03   -0.35705E+00    0.89807E-16   -0.72636E-17
      1       1.640    0.80520E-03   -0.34190E+00    0.47959E-16   -0.15676E-16
      1       1.555    0.77946E-03   -0.32653E+00    0.41945E-16   -0.64627E-17
      1       1.471    0.75382E-03   -0.31084E+00   -0.18666E-17    0.56115E-17
      1       1.386    0.72814E-03   -0.29476E+00    0.63809E-16   -0.25538E-16
      1       1.302    0.70230E-03   -0.27821E+00    0.25853E-16    0.40095E-16
      1       1.218    0.67621E-03   -0.26114E+00    0.23906E-16    0.25216E-16
      1       1.133    0.64977E-03   -0.24354E+00    0.76475E-16   -0.50703E-17
      1       1.049    0.62299E-03   -0.22552E+00    0.27462E-16    0.20946E-16
      1       0.964    0.59599E-03   -0.20738E+00    0.67577E-16   -0.14557E-16
      1       0.880    0.56874E-03   -0.18940E+00    0.85055E-16   -0.50171E-17
      1       0.795    0.54105E-03   -0.17173E+00    0.50652E-16   -0.19411E-16
      1       0.711    0.51265E-03   -0.15450E+00    0.49748E-16   -0.17563E-16
      1       0.627    0.48324E-03   -0.13797E+00    0.95318E-16   -0.27476E-16
      1       0.542    0.45252E-03   -0.12277E+00    0.53519E-16   -0.27545E-16
      1       0.458    0.41999E-03   -0.10961E+00    0.48323E-16   -0.14051E-16
      1       0.373    0.38345E-03   -0.96398E-01    0.54443E-16   -0.15830E-16
      1       0.289    0.33971E-03   -0.78785E-01    0.53023E-16    0.22091E-16
      1       0.204    0.28604E-03   -0.54376E-01    0.78159E-16   -0.33430E-16
      1       0.120    0.21914E-03   -0.27914E-01    0.81173E-16    0.32613E-17
