   Unit of cross sections ... fm**2/(MeV*sr**2)
      I       SLANGE      CROSS          E1         E2         E3
      1       0.500    0.2996E-06       12.845     0.030     9.407
      2       1.001    0.9302E-06       12.351     0.111     9.820
      3       1.501    0.1459E-05       11.865     0.230    10.187
      4       2.000    0.1802E-05       11.389     0.380    10.513
      5       2.502    0.2111E-05       10.920     0.556    10.806
      6       3.001    0.2413E-05       10.461     0.753    11.068
      7       3.502    0.2591E-05       10.009     0.969    11.304
      8       4.001    0.2609E-05        9.567     1.201    11.515
      9       4.502    0.2539E-05        9.131     1.447    11.704
     10       5.003    0.2454E-05        8.703     1.707    11.872
     11       5.502    0.2366E-05        8.283     1.978    12.021
     12       6.002    0.2266E-05        7.871     2.259    12.152
     13       6.501    0.2139E-05        7.465     2.551    12.265
     14       7.000    0.1982E-05        7.068     2.852    12.362
     15       7.502    0.1805E-05        6.674     3.164    12.444
     16       8.001    0.1628E-05        6.290     3.483    12.509
     17       8.501    0.1466E-05        5.912     3.810    12.560
     18       9.001    0.1337E-05        5.541     4.145    12.596
     19       9.503    0.1253E-05        5.176     4.489    12.617
     20      10.003    0.1225E-05        4.819     4.839    12.624
     21      10.502    0.1256E-05        4.470     5.196    12.616
     22      11.001    0.1342E-05        4.128     5.560    12.594
     23      11.501    0.1474E-05        3.793     5.931    12.558
     24      12.001    0.1637E-05        3.467     6.309    12.506
     25      12.502    0.1815E-05        3.147     6.695    12.440
     26      13.001    0.1990E-05        2.838     7.087    12.358
     27      13.502    0.2146E-05        2.536     7.487    12.260
     28      14.002    0.2272E-05        2.244     7.892    12.145
     29      14.500    0.2371E-05        1.964     8.304    12.014
     30      15.002    0.2459E-05        1.692     8.727    11.863
     31      15.503    0.2543E-05        1.433     9.155    11.694
     32      16.002    0.2611E-05        1.188     9.590    11.504
     33      16.501    0.2587E-05        0.957    10.032    11.292
     34      17.001    0.2400E-05        0.743    10.483    11.056
     35      17.501    0.2095E-05        0.547    10.943    10.792
     36      18.001    0.1787E-05        0.372    11.412    10.498
     37      18.501    0.1438E-05        0.223    11.889    10.170
     38      19.002    0.8984E-06        0.105    12.376     9.801
     39      19.501    0.2733E-06        0.027    12.869     9.385
