   3N SYSTEM INCLUSIVE  PHOTODESINTEGRATION
        DETECTED PARTICLE: 1- PROTON
        NOT DETECTED PARTICLES:2- PROTON  3-NEUTRON

      OMEGA 0.40000E+02
     MTTWE1,MTTWE2,MTTWE3=    1    1   -1
     TH1LAB,PHI1LAB=   120.000     0.000
   Unit of cross sections ... fm**2/(MeV*sr**2)
      I       E1      CROSS           AX           AY           AZ
      1      19.866    0.53430E-06   -0.82748E+00   -0.64147E-18    0.13889E-17
      1      19.853    0.15046E-03   -0.81989E+00   -0.67373E-18    0.23927E-18
      1      19.846    0.16755E-03   -0.81745E+00    0.36649E-18   -0.10265E-18
      1      19.839    0.17745E-03   -0.81515E+00   -0.93387E-18    0.16755E-17
      1      19.833    0.18324E-03   -0.81295E+00   -0.15070E-17   -0.51820E-19
      1      19.826    0.18648E-03   -0.81083E+00   -0.17617E-17    0.59598E-17
      1      19.819    0.18808E-03   -0.80878E+00    0.18013E-17    0.56971E-18
      1      19.813    0.18860E-03   -0.80678E+00   -0.10557E-17    0.34164E-17
      1      19.806    0.18840E-03   -0.80485E+00    0.93792E-18    0.29477E-17
      1      19.799    0.18772E-03   -0.80299E+00   -0.57582E-18    0.27535E-17
      1      19.793    0.18673E-03   -0.80117E+00   -0.12465E-16   -0.94628E-17
      1      19.786    0.18552E-03   -0.79942E+00    0.39239E-16    0.21399E-16
      1      19.779    0.18419E-03   -0.79773E+00   -0.64734E-17   -0.18662E-19
      1      19.773    0.18280E-03   -0.79609E+00   -0.13027E-17    0.39931E-18
      1      19.766    0.18138E-03   -0.79451E+00   -0.31283E-17   -0.67816E-17
      1      19.759    0.17996E-03   -0.79299E+00   -0.36678E-18    0.46837E-17
      1      19.753    0.17856E-03   -0.79152E+00   -0.24368E-18    0.28396E-17
      1      19.746    0.17718E-03   -0.79010E+00   -0.11037E-17   -0.14108E-17
      1      19.638    0.15920E-03   -0.77144E+00    0.41969E-17    0.27093E-16
      1      19.530    0.14721E-03   -0.75745E+00    0.28325E-17    0.75846E-17
      1      19.423    0.13911E-03   -0.74659E+00   -0.85187E-19    0.23414E-17
      1      19.315    0.13340E-03   -0.73795E+00    0.10107E-18   -0.30546E-17
      1      19.207    0.12914E-03   -0.73080E+00    0.41597E-17   -0.82908E-17
      1      19.099    0.12582E-03   -0.72460E+00   -0.65526E-17    0.10875E-16
      1      18.991    0.12312E-03   -0.71899E+00    0.10646E-16   -0.29281E-17
      1      18.883    0.12087E-03   -0.71371E+00    0.28399E-17   -0.23017E-16
      1      18.776    0.11896E-03   -0.70857E+00    0.16086E-18    0.24947E-16
      1      18.668    0.11732E-03   -0.70346E+00    0.28115E-18    0.22109E-16
      1      18.560    0.11590E-03   -0.69833E+00   -0.79997E-17    0.13204E-16
      1      18.452    0.11469E-03   -0.69320E+00   -0.68036E-17    0.73945E-17
      1      18.344    0.11366E-03   -0.68810E+00   -0.83008E-17   -0.10706E-16
      1      18.236    0.11279E-03   -0.68304E+00   -0.18201E-16   -0.19693E-16
      1      18.129    0.11208E-03   -0.67805E+00    0.69510E-19    0.12227E-16
      1      18.021    0.11149E-03   -0.67311E+00   -0.52820E-17   -0.44935E-16
      1      17.913    0.11103E-03   -0.66820E+00   -0.99782E-17   -0.16565E-16
      1      17.805    0.11066E-03   -0.66330E+00   -0.62838E-17    0.19767E-16
      1      17.697    0.11038E-03   -0.65838E+00    0.16639E-17   -0.50713E-17
      1      17.589    0.11016E-03   -0.65341E+00    0.53263E-17    0.22103E-16
      1      17.481    0.11000E-03   -0.64834E+00   -0.36894E-17   -0.69036E-17
      1      17.374    0.10988E-03   -0.64316E+00   -0.21480E-17    0.19942E-16
      1      17.266    0.10980E-03   -0.63783E+00    0.80522E-19    0.27549E-16
      1      17.158    0.10977E-03   -0.63237E+00   -0.96478E-17    0.15375E-16
      1      17.050    0.10977E-03   -0.62678E+00   -0.65729E-17   -0.10081E-16
      1      16.942    0.10982E-03   -0.62111E+00    0.12056E-17    0.13991E-16
      1      16.834    0.10993E-03   -0.61539E+00   -0.11499E-16    0.35195E-17
      1      16.727    0.11010E-03   -0.60968E+00    0.48354E-18   -0.22793E-16
      1      16.619    0.11034E-03   -0.60402E+00   -0.66543E-17    0.90203E-17
      1      16.511    0.11065E-03   -0.59846E+00    0.37960E-17    0.14104E-16
      1      16.403    0.11103E-03   -0.59304E+00    0.24926E-17    0.23108E-16
      1      16.295    0.11148E-03   -0.58780E+00   -0.19223E-16    0.15334E-16
      1      16.187    0.11200E-03   -0.58275E+00    0.38366E-17   -0.34283E-16
      1      16.080    0.11258E-03   -0.57793E+00   -0.13390E-17   -0.56949E-17
      1      15.972    0.11324E-03   -0.57333E+00   -0.89873E-17    0.29350E-16
      1      15.864    0.11394E-03   -0.56896E+00    0.78006E-17    0.10073E-16
      1      15.756    0.11470E-03   -0.56478E+00   -0.21671E-16    0.20049E-16
      1      15.648    0.11549E-03   -0.56079E+00    0.57131E-17    0.44965E-17
      1      15.540    0.11633E-03   -0.55696E+00   -0.19331E-16    0.10514E-16
      1      15.433    0.11719E-03   -0.55327E+00   -0.11795E-16    0.37881E-16
      1      15.325    0.11807E-03   -0.54971E+00   -0.15033E-16    0.40442E-16
      1      15.217    0.11898E-03   -0.54626E+00   -0.25726E-16    0.12703E-16
      1      15.109    0.11990E-03   -0.54293E+00    0.73452E-17    0.93839E-17
      1      15.001    0.12085E-03   -0.53971E+00   -0.40144E-17    0.30174E-16
      1      14.893    0.12181E-03   -0.53662E+00    0.43656E-17    0.17707E-16
      1      14.786    0.12280E-03   -0.53368E+00   -0.41768E-16    0.39139E-16
      1      14.678    0.12382E-03   -0.53089E+00   -0.20627E-16    0.14220E-16
      1      14.570    0.12487E-03   -0.52829E+00   -0.12361E-16    0.13734E-16
      1      14.462    0.12595E-03   -0.52588E+00    0.12074E-16   -0.62242E-17
      1      14.354    0.12708E-03   -0.52368E+00   -0.91207E-17    0.33464E-16
      1      14.246    0.12825E-03   -0.52170E+00   -0.83626E-17    0.41965E-16
      1      14.139    0.12946E-03   -0.51992E+00   -0.45754E-16    0.15485E-16
      1      14.031    0.13072E-03   -0.51835E+00   -0.50951E-16    0.26789E-16
      1      13.923    0.13202E-03   -0.51699E+00   -0.25058E-17    0.41547E-16
      1      13.815    0.13336E-03   -0.51582E+00    0.10448E-16   -0.93488E-17
      1      13.707    0.13474E-03   -0.51484E+00   -0.54183E-17    0.20294E-18
      1      13.599    0.13616E-03   -0.51404E+00    0.60831E-17   -0.28249E-16
      1      13.492    0.13762E-03   -0.51339E+00   -0.15999E-17    0.53659E-17
      1      13.384    0.13911E-03   -0.51289E+00    0.38054E-16   -0.32591E-17
      1      13.276    0.14063E-03   -0.51251E+00    0.26410E-16    0.29134E-16
      1      13.168    0.14217E-03   -0.51223E+00   -0.63778E-18    0.39132E-16
      1      13.060    0.14374E-03   -0.51202E+00   -0.10799E-17    0.88735E-17
      1      12.952    0.14533E-03   -0.51186E+00    0.10410E-16    0.89870E-17
      1      12.845    0.14694E-03   -0.51173E+00   -0.23231E-16    0.19729E-16
      1      12.737    0.14857E-03   -0.51162E+00    0.86701E-18    0.53878E-16
      1      12.629    0.15023E-03   -0.51152E+00    0.11755E-16   -0.17618E-16
      1      12.521    0.15192E-03   -0.51143E+00    0.82849E-17    0.24625E-16
      1      12.413    0.15365E-03   -0.51134E+00    0.37376E-17    0.24469E-16
      1      12.305    0.15541E-03   -0.51125E+00   -0.12395E-16    0.18880E-16
      1      12.198    0.15723E-03   -0.51119E+00   -0.45849E-16    0.76386E-17
      1      12.090    0.15910E-03   -0.51116E+00   -0.22531E-16    0.23639E-16
      1      11.982    0.16104E-03   -0.51118E+00    0.24222E-17    0.12801E-16
      1      11.874    0.16306E-03   -0.51128E+00   -0.20434E-16    0.16133E-16
      1      11.766    0.16516E-03   -0.51148E+00    0.20226E-16    0.45237E-18
      1      11.658    0.16735E-03   -0.51178E+00   -0.34929E-17   -0.78545E-17
      1      11.551    0.16964E-03   -0.51221E+00   -0.94200E-17    0.39842E-16
      1      11.443    0.17203E-03   -0.51277E+00   -0.12703E-16    0.10903E-16
      1      11.335    0.17453E-03   -0.51347E+00   -0.18582E-16    0.14450E-16
      1      11.227    0.17713E-03   -0.51429E+00   -0.29715E-16    0.30162E-16
      1      11.119    0.17984E-03   -0.51523E+00    0.79001E-17    0.38504E-16
      1      11.011    0.18265E-03   -0.51629E+00    0.90738E-17    0.35346E-16
      1      10.904    0.18557E-03   -0.51745E+00   -0.45295E-17    0.22326E-16
      1      10.796    0.18860E-03   -0.51870E+00    0.15546E-16    0.75435E-17
      1      10.688    0.19174E-03   -0.52003E+00    0.11179E-16    0.14239E-16
      1      10.580    0.19498E-03   -0.52144E+00   -0.35401E-16    0.19714E-16
      1      10.472    0.19834E-03   -0.52291E+00    0.64558E-17    0.10640E-16
      1      10.364    0.20179E-03   -0.52443E+00    0.10654E-16    0.37755E-16
      1      10.257    0.20536E-03   -0.52600E+00   -0.14734E-16   -0.30131E-17
      1      10.149    0.20903E-03   -0.52759E+00    0.15345E-16    0.46153E-16
      1      10.041    0.21281E-03   -0.52920E+00   -0.94013E-17    0.30424E-16
      1       9.933    0.21670E-03   -0.53082E+00   -0.17501E-16   -0.36985E-17
      1       9.825    0.22070E-03   -0.53245E+00    0.41102E-17   -0.85020E-17
      1       9.717    0.22481E-03   -0.53407E+00    0.99065E-17    0.11813E-16
      1       9.610    0.22904E-03   -0.53570E+00    0.22234E-16    0.34884E-16
      1       9.502    0.23339E-03   -0.53733E+00    0.24690E-16    0.15792E-16
      1       9.394    0.23787E-03   -0.53896E+00   -0.67778E-17    0.12763E-16
      1       9.286    0.24249E-03   -0.54060E+00    0.96603E-17    0.29580E-16
      1       9.178    0.24725E-03   -0.54225E+00   -0.13311E-16   -0.64378E-18
      1       9.070    0.25216E-03   -0.54392E+00   -0.22006E-16    0.28658E-16
      1       8.963    0.25723E-03   -0.54561E+00   -0.22519E-16   -0.17649E-17
      1       8.855    0.26247E-03   -0.54733E+00   -0.51712E-17    0.14202E-16
      1       8.747    0.26788E-03   -0.54908E+00    0.71827E-17    0.12465E-16
      1       8.639    0.27348E-03   -0.55087E+00    0.35318E-16    0.19778E-16
      1       8.531    0.27926E-03   -0.55270E+00    0.24099E-16    0.16307E-16
      1       8.423    0.28523E-03   -0.55458E+00    0.85467E-17    0.11115E-17
      1       8.315    0.29141E-03   -0.55651E+00    0.20644E-16    0.21820E-16
      1       8.208    0.29778E-03   -0.55850E+00    0.77900E-18    0.16616E-16
      1       8.100    0.30438E-03   -0.56054E+00    0.59609E-17    0.15904E-16
      1       7.992    0.31119E-03   -0.56265E+00    0.24390E-16    0.17174E-17
      1       7.884    0.31822E-03   -0.56482E+00    0.56701E-16    0.20043E-16
      1       7.776    0.32549E-03   -0.56707E+00    0.22816E-16   -0.11236E-16
      1       7.668    0.33299E-03   -0.56938E+00   -0.15019E-16   -0.55714E-17
      1       7.561    0.34074E-03   -0.57176E+00   -0.32553E-16   -0.18302E-16
      1       7.453    0.34875E-03   -0.57422E+00    0.43388E-16    0.14326E-17
      1       7.345    0.35702E-03   -0.57676E+00    0.65752E-16    0.39283E-17
      1       7.237    0.36556E-03   -0.57938E+00    0.11943E-16   -0.16290E-16
      1       7.129    0.37438E-03   -0.58208E+00    0.20968E-16    0.83807E-17
      1       7.021    0.38350E-03   -0.58487E+00    0.43206E-16    0.23906E-16
      1       6.914    0.39293E-03   -0.58775E+00   -0.53267E-16   -0.84989E-17
      1       6.806    0.40269E-03   -0.59073E+00    0.20176E-16   -0.59585E-17
      1       6.698    0.41278E-03   -0.59380E+00   -0.10568E-16   -0.11949E-16
      1       6.590    0.42322E-03   -0.59698E+00    0.26111E-16    0.55700E-17
      1       6.482    0.43403E-03   -0.60025E+00   -0.65274E-16    0.12777E-16
      1       6.374    0.44525E-03   -0.60364E+00   -0.38713E-16   -0.10060E-17
      1       6.267    0.45687E-03   -0.60715E+00   -0.12553E-15   -0.42235E-17
      1       6.159    0.46894E-03   -0.61077E+00   -0.25484E-16    0.21502E-16
      1       6.051    0.48147E-03   -0.61451E+00    0.29345E-16    0.99873E-17
      1       5.943    0.49447E-03   -0.61837E+00   -0.80561E-16    0.90587E-17
      1       5.835    0.50796E-03   -0.62232E+00   -0.31933E-16    0.25558E-16
      1       5.727    0.52191E-03   -0.62637E+00    0.79064E-16   -0.19613E-17
      1       5.620    0.53629E-03   -0.63048E+00   -0.18896E-17    0.11546E-16
      1       5.512    0.55102E-03   -0.63459E+00   -0.84649E-16    0.28475E-17
      1       5.404    0.56595E-03   -0.63863E+00    0.62136E-16    0.19819E-17
      1       5.296    0.58084E-03   -0.64249E+00   -0.27184E-16   -0.84293E-17
      1       5.188    0.59538E-03   -0.64604E+00   -0.47303E-17   -0.66908E-18
      1       5.080    0.60910E-03   -0.64909E+00   -0.25505E-15   -0.14841E-16
      1       4.973    0.62147E-03   -0.65144E+00    0.55751E-16   -0.18381E-16
      1       4.865    0.63182E-03   -0.65286E+00    0.68483E-17    0.20214E-17
      1       4.757    0.63948E-03   -0.65310E+00   -0.91147E-16   -0.62648E-17
      1       4.649    0.64382E-03   -0.65195E+00    0.31312E-16   -0.12511E-16
      1       4.541    0.64435E-03   -0.64918E+00   -0.18965E-15    0.10025E-16
      1       4.433    0.64095E-03   -0.64471E+00   -0.24448E-16   -0.11418E-16
      1       4.326    0.63386E-03   -0.63857E+00    0.95680E-16   -0.21810E-16
      1       4.218    0.62359E-03   -0.63086E+00    0.10098E-15   -0.30819E-16
      1       4.110    0.61079E-03   -0.62174E+00    0.19420E-15    0.20082E-17
      1       4.002    0.59615E-03   -0.61140E+00   -0.13794E-17    0.62242E-18
      1       3.894    0.58032E-03   -0.60002E+00    0.12270E-15   -0.44962E-17
      1       3.786    0.56385E-03   -0.58780E+00   -0.60939E-18   -0.19984E-16
      1       3.679    0.54715E-03   -0.57489E+00   -0.13717E-15    0.11581E-16
      1       3.571    0.53053E-03   -0.56142E+00    0.78024E-16    0.97546E-18
      1       3.463    0.51420E-03   -0.54748E+00   -0.84382E-16   -0.31420E-16
      1       3.355    0.49826E-03   -0.53314E+00    0.94446E-16   -0.28880E-17
      1       3.247    0.48278E-03   -0.51842E+00   -0.22044E-16   -0.19725E-16
      1       3.139    0.46780E-03   -0.50335E+00    0.11930E-16   -0.22910E-17
      1       3.032    0.45332E-03   -0.48793E+00   -0.17557E-16   -0.14815E-16
      1       2.924    0.43938E-03   -0.47220E+00    0.37259E-16   -0.23157E-16
      1       2.816    0.42598E-03   -0.45618E+00    0.64266E-16   -0.24784E-16
      1       2.708    0.41315E-03   -0.43991E+00   -0.20899E-16    0.11176E-16
      1       2.600    0.40088E-03   -0.42342E+00    0.35287E-16   -0.16814E-17
      1       2.492    0.38916E-03   -0.40674E+00    0.83429E-16   -0.31894E-16
      1       2.385    0.37800E-03   -0.38992E+00    0.75107E-16   -0.20283E-16
      1       2.277    0.36738E-03   -0.37298E+00    0.60270E-16   -0.49528E-17
      1       2.169    0.35727E-03   -0.35600E+00    0.34551E-16    0.29584E-17
      1       2.061    0.34768E-03   -0.33902E+00   -0.33877E-17   -0.22128E-16
      1       1.953    0.33856E-03   -0.32212E+00    0.17187E-16   -0.12405E-17
      1       1.845    0.32991E-03   -0.30536E+00    0.12886E-16   -0.39994E-17
      1       1.738    0.32161E-03   -0.28872E+00    0.66326E-16   -0.67995E-17
      1       1.630    0.31357E-03   -0.27210E+00    0.59077E-17   -0.17272E-16
      1       1.522    0.30563E-03   -0.25538E+00    0.45720E-16   -0.48724E-17
      1       1.414    0.29768E-03   -0.23840E+00    0.49842E-16   -0.64214E-17
      1       1.306    0.28954E-03   -0.22101E+00    0.57429E-16   -0.13791E-16
      1       1.198    0.28108E-03   -0.20306E+00    0.62162E-16    0.20179E-16
      1       1.091    0.27214E-03   -0.18447E+00    0.10467E-15    0.65737E-17
      1       0.983    0.26257E-03   -0.16522E+00    0.40234E-16   -0.29126E-16
      1       0.875    0.25225E-03   -0.14550E+00    0.55211E-16   -0.13327E-16
      1       0.767    0.24109E-03   -0.12601E+00    0.50441E-16    0.21716E-17
      1       0.659    0.22888E-03   -0.10734E+00    0.39038E-16   -0.32746E-17
      1       0.551    0.21512E-03   -0.89841E-01    0.99801E-16   -0.99125E-17
      1       0.444    0.19907E-03   -0.73855E-01    0.19468E-16   -0.48202E-16
      1       0.336    0.17954E-03   -0.60104E-01    0.72585E-16    0.30904E-17
      1       0.228    0.15402E-03   -0.48140E-01    0.91832E-16   -0.12184E-16
      1       0.120    0.11595E-03   -0.29659E-01    0.71187E-16    0.50367E-17
