   3N SYSTEM INCLUSIVE  PHOTODESINTEGRATION
        DETECTED PARTICLE: 1- PROTON
        NOT DETECTED PARTICLES:2- PROTON  3-NEUTRON

      OMEGA 0.30000E+02
     MTTWE1,MTTWE2,MTTWE3=    1    1   -1
     TH1LAB,PHI1LAB=    60.000     0.000
   Unit of cross sections ... fm**2/(MeV*sr**2)
      I       E1      CROSS           AX           AY           AZ
      1      15.607    0.28158E-05   -0.93845E+00   -0.31098E-19   -0.51031E-18
      1      15.593    0.80463E-03   -0.93757E+00   -0.54915E-17   -0.50481E-17
      1      15.587    0.89852E-03   -0.93733E+00   -0.76666E-18   -0.45268E-18
      1      15.580    0.95309E-03   -0.93711E+00   -0.31273E-18   -0.22294E-17
      1      15.573    0.98488E-03   -0.93690E+00    0.35093E-18    0.28879E-18
      1      15.567    0.10025E-02   -0.93670E+00   -0.61198E-19    0.17279E-17
      1      15.560    0.10110E-02   -0.93652E+00   -0.22573E-17   -0.88896E-18
      1      15.553    0.10135E-02   -0.93634E+00   -0.54412E-17   -0.39206E-17
      1      15.547    0.10119E-02   -0.93617E+00    0.11749E-17   -0.51513E-18
      1      15.540    0.10076E-02   -0.93601E+00    0.69715E-18   -0.15004E-17
      1      15.533    0.10015E-02   -0.93586E+00   -0.97828E-18   -0.38665E-18
      1      15.527    0.99440E-03   -0.93572E+00   -0.13461E-17    0.17557E-17
      1      15.520    0.98661E-03   -0.93559E+00    0.14126E-18   -0.18478E-18
      1      15.513    0.97851E-03   -0.93547E+00   -0.54090E-18   -0.17927E-17
      1      15.507    0.97028E-03   -0.93535E+00   -0.78468E-18   -0.12293E-17
      1      15.500    0.96202E-03   -0.93524E+00    0.47180E-18   -0.24136E-19
      1      15.493    0.95381E-03   -0.93514E+00    0.11938E-18    0.19445E-18
      1      15.487    0.94568E-03   -0.93505E+00    0.11880E-17    0.58770E-19
      1      15.402    0.85483E-03   -0.93398E+00    0.37251E-17   -0.18607E-16
      1      15.318    0.78546E-03   -0.93296E+00    0.30509E-17    0.28749E-18
      1      15.233    0.73326E-03   -0.93196E+00   -0.34959E-17    0.64756E-17
      1      15.149    0.69295E-03   -0.93098E+00    0.63627E-18   -0.37425E-18
      1      15.064    0.66060E-03   -0.92995E+00   -0.59601E-17   -0.96533E-17
      1      14.980    0.63374E-03   -0.92882E+00    0.45926E-18   -0.85191E-18
      1      14.895    0.61079E-03   -0.92758E+00    0.57705E-17   -0.10911E-17
      1      14.811    0.59070E-03   -0.92619E+00   -0.13536E-18    0.58664E-17
      1      14.727    0.57277E-03   -0.92464E+00    0.94760E-18    0.35618E-17
      1      14.642    0.55650E-03   -0.92292E+00    0.48183E-17    0.63930E-17
      1      14.558    0.54161E-03   -0.92102E+00    0.54800E-17    0.35282E-18
      1      14.473    0.52790E-03   -0.91895E+00   -0.61373E-18   -0.98014E-17
      1      14.389    0.51525E-03   -0.91673E+00    0.48629E-17    0.57362E-17
      1      14.304    0.50355E-03   -0.91435E+00   -0.27038E-17   -0.54023E-17
      1      14.220    0.49271E-03   -0.91182E+00    0.44649E-17   -0.83791E-18
      1      14.136    0.48267E-03   -0.90914E+00    0.10170E-17   -0.55232E-17
      1      14.051    0.47336E-03   -0.90632E+00    0.14774E-16    0.12040E-18
      1      13.967    0.46474E-03   -0.90336E+00    0.17297E-17   -0.60325E-17
      1      13.882    0.45675E-03   -0.90026E+00    0.28455E-17    0.17422E-17
      1      13.798    0.44936E-03   -0.89702E+00    0.13093E-17   -0.17450E-16
      1      13.713    0.44255E-03   -0.89366E+00    0.19733E-17   -0.10224E-16
      1      13.629    0.43627E-03   -0.89016E+00    0.75863E-18    0.18968E-17
      1      13.545    0.43050E-03   -0.88654E+00    0.78546E-17   -0.11934E-16
      1      13.460    0.42522E-03   -0.88280E+00    0.14887E-17   -0.18781E-16
      1      13.376    0.42038E-03   -0.87893E+00    0.34686E-17   -0.25155E-16
      1      13.291    0.41596E-03   -0.87495E+00    0.60964E-18   -0.13301E-16
      1      13.207    0.41192E-03   -0.87085E+00   -0.36902E-17   -0.15780E-16
      1      13.122    0.40824E-03   -0.86664E+00    0.15319E-17   -0.21022E-17
      1      13.038    0.40491E-03   -0.86233E+00    0.87231E-19   -0.20677E-17
      1      12.954    0.40191E-03   -0.85791E+00   -0.54935E-18   -0.21433E-16
      1      12.869    0.39921E-03   -0.85340E+00    0.17470E-16    0.45606E-17
      1      12.785    0.39681E-03   -0.84881E+00    0.92339E-17    0.27690E-16
      1      12.700    0.39469E-03   -0.84412E+00    0.12263E-16   -0.10066E-16
      1      12.616    0.39284E-03   -0.83936E+00    0.22540E-16   -0.20836E-16
      1      12.531    0.39125E-03   -0.83452E+00    0.17542E-16    0.14024E-16
      1      12.447    0.38990E-03   -0.82961E+00   -0.68361E-17   -0.19052E-16
      1      12.363    0.38879E-03   -0.82464E+00   -0.23273E-16   -0.61798E-18
      1      12.278    0.38791E-03   -0.81960E+00    0.44280E-17   -0.10336E-16
      1      12.194    0.38725E-03   -0.81451E+00    0.20766E-17    0.42658E-17
      1      12.109    0.38681E-03   -0.80936E+00    0.24614E-16   -0.12734E-16
      1      12.025    0.38658E-03   -0.80417E+00    0.73105E-17   -0.27620E-16
      1      11.940    0.38655E-03   -0.79894E+00   -0.11263E-16    0.92225E-18
      1      11.856    0.38673E-03   -0.79368E+00    0.20653E-16    0.14484E-16
      1      11.772    0.38711E-03   -0.78840E+00    0.21095E-16   -0.10044E-16
      1      11.687    0.38770E-03   -0.78310E+00   -0.10241E-16    0.12959E-18
      1      11.603    0.38848E-03   -0.77779E+00    0.38412E-17    0.17149E-16
      1      11.518    0.38946E-03   -0.77249E+00    0.43083E-16   -0.53112E-16
      1      11.434    0.39064E-03   -0.76719E+00    0.42453E-17   -0.44192E-17
      1      11.349    0.39203E-03   -0.76190E+00    0.40114E-16   -0.75465E-17
      1      11.265    0.39360E-03   -0.75663E+00    0.26642E-17    0.51557E-17
      1      11.181    0.39538E-03   -0.75139E+00    0.86255E-17   -0.11130E-16
      1      11.096    0.39735E-03   -0.74619E+00    0.35949E-17   -0.13559E-16
      1      11.012    0.39952E-03   -0.74101E+00    0.15494E-17   -0.23560E-17
      1      10.927    0.40188E-03   -0.73588E+00   -0.95488E-17   -0.21409E-16
      1      10.843    0.40443E-03   -0.73080E+00    0.26724E-16    0.45474E-17
      1      10.758    0.40716E-03   -0.72577E+00   -0.11887E-16   -0.19120E-16
      1      10.674    0.41009E-03   -0.72079E+00   -0.12678E-16   -0.20128E-16
      1      10.589    0.41320E-03   -0.71587E+00    0.76484E-17   -0.11635E-18
      1      10.505    0.41649E-03   -0.71101E+00    0.21544E-16    0.76239E-17
      1      10.421    0.41997E-03   -0.70621E+00   -0.19860E-17   -0.11947E-16
      1      10.336    0.42363E-03   -0.70148E+00   -0.17205E-16    0.12476E-18
      1      10.252    0.42748E-03   -0.69681E+00   -0.13591E-16    0.60865E-17
      1      10.167    0.43151E-03   -0.69221E+00    0.79322E-17    0.15686E-16
      1      10.083    0.43574E-03   -0.68769E+00    0.20113E-17    0.66472E-17
      1       9.998    0.44015E-03   -0.68325E+00    0.11936E-16    0.29914E-16
      1       9.914    0.44477E-03   -0.67890E+00   -0.20254E-17   -0.90640E-17
      1       9.830    0.44959E-03   -0.67463E+00    0.21588E-16    0.72314E-17
      1       9.745    0.45462E-03   -0.67046E+00    0.53963E-17    0.17563E-16
      1       9.661    0.45986E-03   -0.66639E+00   -0.37836E-17    0.18077E-16
      1       9.576    0.46533E-03   -0.66243E+00   -0.23329E-16   -0.39126E-17
      1       9.492    0.47102E-03   -0.65858E+00   -0.34428E-17    0.43963E-17
      1       9.407    0.47695E-03   -0.65485E+00    0.27090E-16   -0.86993E-17
      1       9.323    0.48312E-03   -0.65124E+00    0.35777E-16    0.11518E-16
      1       9.239    0.48952E-03   -0.64776E+00    0.21830E-16    0.13856E-16
      1       9.154    0.49618E-03   -0.64441E+00    0.62380E-17    0.20839E-16
      1       9.070    0.50309E-03   -0.64119E+00    0.11657E-16    0.22642E-17
      1       8.985    0.51026E-03   -0.63810E+00   -0.18433E-16    0.15552E-16
      1       8.901    0.51771E-03   -0.63516E+00    0.37023E-16    0.22071E-17
      1       8.816    0.52543E-03   -0.63236E+00   -0.15958E-16   -0.97964E-17
      1       8.732    0.53345E-03   -0.62971E+00    0.32599E-16    0.64275E-17
      1       8.648    0.54177E-03   -0.62721E+00   -0.11470E-16    0.75795E-18
      1       8.563    0.55039E-03   -0.62486E+00    0.12086E-16    0.32262E-16
      1       8.479    0.55933E-03   -0.62267E+00    0.25337E-16    0.24601E-16
      1       8.394    0.56859E-03   -0.62063E+00   -0.12029E-16    0.15949E-16
      1       8.310    0.57819E-03   -0.61875E+00   -0.11547E-16    0.89542E-17
      1       8.225    0.58812E-03   -0.61702E+00   -0.28884E-16    0.14737E-16
      1       8.141    0.59841E-03   -0.61545E+00    0.86539E-17   -0.12362E-16
      1       8.057    0.60906E-03   -0.61403E+00   -0.70192E-18    0.56613E-17
      1       7.972    0.62009E-03   -0.61277E+00    0.46619E-17    0.12719E-16
      1       7.888    0.63150E-03   -0.61167E+00    0.11646E-16    0.89819E-17
      1       7.803    0.64331E-03   -0.61073E+00    0.22813E-16    0.10456E-16
      1       7.719    0.65554E-03   -0.60994E+00    0.22913E-16    0.21063E-17
      1       7.634    0.66820E-03   -0.60931E+00    0.53468E-16    0.15182E-16
      1       7.550    0.68131E-03   -0.60885E+00   -0.33961E-16    0.62390E-17
      1       7.466    0.69488E-03   -0.60854E+00    0.45515E-16    0.21237E-17
      1       7.381    0.70894E-03   -0.60840E+00    0.56606E-16   -0.10953E-16
      1       7.297    0.72350E-03   -0.60842E+00    0.23427E-16    0.62744E-17
      1       7.212    0.73857E-03   -0.60860E+00   -0.14502E-16    0.15803E-16
      1       7.128    0.75417E-03   -0.60893E+00   -0.23820E-16    0.41696E-18
      1       7.043    0.77030E-03   -0.60942E+00    0.37840E-16   -0.27021E-17
      1       6.959    0.78697E-03   -0.61005E+00   -0.34284E-16    0.11063E-16
      1       6.875    0.80419E-03   -0.61082E+00    0.53092E-16    0.58834E-17
      1       6.790    0.82197E-03   -0.61173E+00   -0.46059E-16   -0.92153E-17
      1       6.706    0.84033E-03   -0.61278E+00    0.34677E-16   -0.14620E-16
      1       6.621    0.85929E-03   -0.61396E+00    0.25000E-16    0.45035E-17
      1       6.537    0.87886E-03   -0.61527E+00    0.17962E-16   -0.35538E-17
      1       6.452    0.89906E-03   -0.61671E+00    0.13877E-16    0.12920E-16
      1       6.368    0.91991E-03   -0.61829E+00    0.40110E-16    0.93374E-17
      1       6.283    0.94144E-03   -0.61999E+00   -0.83465E-17    0.53987E-17
      1       6.199    0.96367E-03   -0.62183E+00   -0.21084E-16   -0.20440E-16
      1       6.115    0.98663E-03   -0.62379E+00    0.10844E-16    0.46672E-17
      1       6.030    0.10104E-02   -0.62589E+00    0.16224E-16   -0.10232E-16
      1       5.946    0.10349E-02   -0.62812E+00   -0.53394E-16   -0.18370E-16
      1       5.861    0.10602E-02   -0.63048E+00    0.44495E-16   -0.61864E-17
      1       5.777    0.10864E-02   -0.63298E+00   -0.92777E-16    0.12907E-16
      1       5.692    0.11134E-02   -0.63561E+00    0.14900E-17    0.59976E-17
      1       5.608    0.11414E-02   -0.63836E+00    0.46664E-16   -0.29958E-17
      1       5.524    0.11703E-02   -0.64125E+00    0.34455E-16    0.17280E-18
      1       5.439    0.12002E-02   -0.64427E+00    0.51751E-16    0.21395E-17
      1       5.355    0.12312E-02   -0.64742E+00    0.43677E-17    0.11909E-16
      1       5.270    0.12632E-02   -0.65072E+00   -0.17043E-16   -0.57299E-17
      1       5.186    0.12963E-02   -0.65413E+00    0.27592E-16   -0.56343E-17
      1       5.101    0.13305E-02   -0.65766E+00   -0.73500E-17   -0.11861E-16
      1       5.017    0.13656E-02   -0.66128E+00   -0.24866E-16   -0.12690E-16
      1       4.933    0.14016E-02   -0.66494E+00   -0.22238E-16   -0.15677E-17
      1       4.848    0.14381E-02   -0.66859E+00   -0.97020E-16   -0.92864E-17
      1       4.764    0.14747E-02   -0.67214E+00    0.60620E-16   -0.96399E-17
      1       4.679    0.15109E-02   -0.67549E+00   -0.48691E-17   -0.30912E-17
      1       4.595    0.15459E-02   -0.67852E+00    0.13715E-15   -0.16880E-16
      1       4.510    0.15787E-02   -0.68109E+00    0.33200E-17   -0.10695E-17
      1       4.426    0.16083E-02   -0.68305E+00   -0.17053E-15    0.55944E-17
      1       4.342    0.16335E-02   -0.68423E+00   -0.31573E-15    0.16744E-17
      1       4.257    0.16531E-02   -0.68449E+00   -0.28376E-15    0.92712E-17
      1       4.173    0.16661E-02   -0.68366E+00    0.82482E-16    0.98453E-17
      1       4.088    0.16715E-02   -0.68161E+00    0.31985E-16   -0.41521E-17
      1       4.004    0.16688E-02   -0.67825E+00    0.15945E-15    0.12536E-16
      1       3.919    0.16583E-02   -0.67358E+00    0.28538E-16    0.13414E-16
      1       3.835    0.16406E-02   -0.66764E+00   -0.16944E-15   -0.99762E-17
      1       3.751    0.16166E-02   -0.66051E+00   -0.83262E-16    0.43827E-17
      1       3.666    0.15874E-02   -0.65229E+00    0.50839E-16    0.80830E-17
      1       3.582    0.15541E-02   -0.64309E+00   -0.14170E-15    0.16891E-17
      1       3.497    0.15178E-02   -0.63304E+00    0.47933E-17   -0.17036E-16
      1       3.413    0.14795E-02   -0.62227E+00    0.17962E-15   -0.57023E-17
      1       3.328    0.14401E-02   -0.61090E+00    0.84109E-16   -0.13069E-17
      1       3.244    0.14002E-02   -0.59904E+00   -0.99173E-17   -0.93140E-17
      1       3.160    0.13602E-02   -0.58675E+00    0.68662E-16   -0.93721E-18
      1       3.075    0.13205E-02   -0.57409E+00   -0.40861E-16   -0.86659E-17
      1       2.991    0.12812E-02   -0.56110E+00    0.16991E-17   -0.49271E-17
      1       2.906    0.12424E-02   -0.54780E+00   -0.51715E-16   -0.83809E-19
      1       2.822    0.12043E-02   -0.53420E+00    0.57123E-16   -0.50891E-17
      1       2.737    0.11669E-02   -0.52033E+00    0.42617E-16   -0.17845E-16
      1       2.653    0.11303E-02   -0.50622E+00   -0.75069E-16    0.10922E-16
      1       2.569    0.10945E-02   -0.49190E+00    0.10848E-16    0.27224E-16
      1       2.484    0.10596E-02   -0.47738E+00    0.10791E-15    0.42927E-17
      1       2.400    0.10255E-02   -0.46270E+00    0.12286E-15   -0.50975E-17
      1       2.315    0.99223E-03   -0.44787E+00    0.53414E-16   -0.37477E-17
      1       2.231    0.95982E-03   -0.43292E+00    0.10729E-16   -0.12199E-16
      1       2.146    0.92822E-03   -0.41787E+00    0.61650E-16    0.78574E-17
      1       2.062    0.89740E-03   -0.40274E+00    0.49158E-16   -0.96520E-17
      1       1.977    0.86731E-03   -0.38755E+00    0.17345E-16   -0.62501E-17
      1       1.893    0.83792E-03   -0.37234E+00    0.15189E-16   -0.73327E-17
      1       1.809    0.80913E-03   -0.35708E+00    0.79953E-16    0.14864E-16
      1       1.724    0.78084E-03   -0.34176E+00    0.67505E-16    0.36579E-17
      1       1.640    0.75293E-03   -0.32635E+00    0.40468E-16   -0.71517E-17
      1       1.555    0.72531E-03   -0.31080E+00    0.17874E-16   -0.52691E-17
      1       1.471    0.69787E-03   -0.29509E+00   -0.15857E-16    0.11929E-16
      1       1.386    0.67052E-03   -0.27917E+00    0.81632E-16   -0.20797E-16
      1       1.302    0.64317E-03   -0.26300E+00    0.38112E-16    0.31710E-16
      1       1.218    0.61573E-03   -0.24657E+00    0.11961E-16    0.20334E-16
      1       1.133    0.58813E-03   -0.22985E+00    0.70751E-16    0.21976E-17
      1       1.049    0.56033E-03   -0.21291E+00    0.27410E-16    0.73475E-17
      1       0.964    0.53232E-03   -0.19588E+00    0.83709E-16   -0.66672E-17
      1       0.880    0.50405E-03   -0.17888E+00    0.51364E-16    0.38671E-17
      1       0.795    0.47536E-03   -0.16198E+00    0.31942E-16   -0.85983E-17
      1       0.711    0.44607E-03   -0.14525E+00    0.68529E-16   -0.15528E-16
      1       0.627    0.41592E-03   -0.12877E+00    0.55523E-16   -0.15338E-16
      1       0.542    0.38464E-03   -0.11276E+00    0.34564E-16   -0.23647E-16
      1       0.458    0.35180E-03   -0.97505E-01    0.54636E-16   -0.13727E-16
      1       0.373    0.31635E-03   -0.82205E-01    0.31705E-16   -0.90460E-17
      1       0.289    0.27670E-03   -0.65234E-01    0.31307E-16    0.17731E-16
      1       0.204    0.23091E-03   -0.45672E-01    0.48447E-16   -0.36224E-16
      1       0.120    0.17543E-03   -0.25351E-01    0.69969E-16   -0.52749E-17
