   3N SYSTEM INCLUSIVE  PHOTODESINTEGRATION
        DETECTED PARTICLE: 1- PROTON
        NOT DETECTED PARTICLES:2- PROTON  3-NEUTRON

      OMEGA 0.10000E+03
     MTTWE1,MTTWE2,MTTWE3=    1    1   -1
     TH1LAB,PHI1LAB=   120.000     0.000
   Unit of cross sections ... fm**2/(MeV*sr**2)
      I       E1      CROSS           AX           AY           AZ
      1      54.090    0.34314E-07   -0.29964E-01   -0.21232E-17   -0.77077E-17
      1      54.076    0.98428E-05   -0.25576E-01   -0.48216E-17   -0.15671E-17
      1      54.070    0.11055E-04   -0.25996E-01   -0.35553E-17    0.23891E-17
      1      54.063    0.11814E-04   -0.26700E-01    0.32856E-17    0.43409E-17
      1      54.056    0.12313E-04   -0.27554E-01   -0.89158E-17   -0.98020E-17
      1      54.050    0.12647E-04   -0.28487E-01    0.63545E-17    0.40908E-17
      1      54.043    0.12874E-04   -0.29460E-01   -0.51797E-17    0.68150E-17
      1      54.036    0.13026E-04   -0.30457E-01   -0.10141E-16   -0.32822E-16
      1      54.030    0.13126E-04   -0.31475E-01    0.25596E-17    0.23444E-16
      1      54.023    0.13190E-04   -0.32511E-01   -0.29146E-18   -0.57250E-17
      1      54.016    0.13226E-04   -0.33565E-01   -0.46562E-17   -0.12270E-17
      1      54.010    0.13243E-04   -0.34633E-01    0.18626E-17   -0.90382E-18
      1      54.003    0.13245E-04   -0.35714E-01    0.55979E-17    0.56373E-17
      1      53.996    0.13238E-04   -0.36808E-01    0.23138E-17    0.15917E-17
      1      53.990    0.13222E-04   -0.37913E-01   -0.28454E-17   -0.59137E-17
      1      53.983    0.13202E-04   -0.39027E-01   -0.11276E-16    0.58658E-17
      1      53.976    0.13178E-04   -0.40150E-01   -0.10926E-16   -0.14288E-18
      1      53.970    0.13151E-04   -0.41281E-01   -0.70311E-17   -0.47109E-17
      1      53.674    0.12332E-04   -0.83583E-01   -0.12113E-16   -0.40478E-17
      1      53.378    0.12006E-04   -0.10357E+00   -0.29592E-18    0.19353E-16
      1      53.082    0.11863E-04   -0.11573E+00   -0.13161E-16    0.33064E-16
      1      52.786    0.11782E-04   -0.12395E+00   -0.33242E-17   -0.14715E-16
      1      52.490    0.11718E-04   -0.12958E+00   -0.12074E-16    0.89353E-18
      1      52.194    0.11663E-04   -0.13331E+00   -0.12716E-16   -0.41330E-17
      1      51.898    0.11621E-04   -0.13557E+00   -0.72946E-17    0.41835E-17
      1      51.603    0.11600E-04   -0.13675E+00   -0.11621E-16   -0.13141E-17
      1      51.307    0.11610E-04   -0.13720E+00   -0.12313E-16    0.69469E-17
      1      51.011    0.11659E-04   -0.13725E+00   -0.25984E-16    0.18371E-16
      1      50.715    0.11746E-04   -0.13711E+00   -0.16520E-16    0.40255E-17
      1      50.419    0.11867E-04   -0.13695E+00   -0.16871E-16   -0.32556E-17
      1      50.123    0.12018E-04   -0.13692E+00   -0.58926E-17    0.81618E-17
      1      49.827    0.12199E-04   -0.13718E+00   -0.52191E-17    0.18357E-16
      1      49.531    0.12407E-04   -0.13778E+00   -0.59571E-17   -0.84745E-17
      1      49.236    0.12640E-04   -0.13869E+00   -0.33730E-17    0.34631E-17
      1      48.940    0.12894E-04   -0.13976E+00   -0.23437E-16    0.10284E-16
      1      48.644    0.13163E-04   -0.14082E+00   -0.17420E-17    0.47372E-19
      1      48.348    0.13445E-04   -0.14167E+00   -0.20281E-16   -0.10910E-16
      1      48.052    0.13736E-04   -0.14215E+00    0.11419E-17    0.11295E-16
      1      47.756    0.14031E-04   -0.14212E+00   -0.21524E-16    0.14599E-16
      1      47.460    0.14329E-04   -0.14149E+00   -0.47708E-17    0.28038E-17
      1      47.164    0.14629E-04   -0.14020E+00   -0.44906E-17    0.15181E-16
      1      46.869    0.14929E-04   -0.13826E+00   -0.19647E-16    0.16166E-16
      1      46.573    0.15232E-04   -0.13577E+00   -0.19607E-16    0.14941E-16
      1      46.277    0.15540E-04   -0.13285E+00   -0.18145E-16    0.15506E-16
      1      45.981    0.15856E-04   -0.12966E+00    0.94708E-17   -0.15738E-17
      1      45.685    0.16181E-04   -0.12632E+00   -0.95782E-17    0.24551E-16
      1      45.389    0.16518E-04   -0.12294E+00   -0.28707E-16    0.10739E-16
      1      45.093    0.16866E-04   -0.11963E+00   -0.13728E-16    0.56641E-17
      1      44.797    0.17227E-04   -0.11650E+00   -0.17416E-16    0.22208E-16
      1      44.502    0.17601E-04   -0.11365E+00   -0.19052E-16    0.11320E-16
      1      44.206    0.17986E-04   -0.11115E+00   -0.15585E-16    0.23740E-16
      1      43.910    0.18383E-04   -0.10908E+00   -0.19948E-16    0.22638E-16
      1      43.614    0.18789E-04   -0.10745E+00   -0.11627E-16    0.52149E-17
      1      43.318    0.19203E-04   -0.10628E+00   -0.64760E-17    0.16533E-16
      1      43.022    0.19621E-04   -0.10551E+00   -0.18067E-16    0.14440E-16
      1      42.726    0.20041E-04   -0.10508E+00   -0.15868E-16    0.11918E-16
      1      42.430    0.20458E-04   -0.10492E+00   -0.74472E-17    0.89301E-17
      1      42.134    0.20869E-04   -0.10493E+00    0.14710E-16    0.17457E-16
      1      41.839    0.21270E-04   -0.10503E+00   -0.33297E-16    0.19743E-16
      1      41.543    0.21658E-04   -0.10516E+00    0.10553E-16    0.90989E-17
      1      41.247    0.22030E-04   -0.10526E+00   -0.24295E-16    0.14040E-16
      1      40.951    0.22384E-04   -0.10532E+00   -0.22932E-16    0.27619E-16
      1      40.655    0.22718E-04   -0.10531E+00   -0.35549E-16    0.26023E-16
      1      40.359    0.23031E-04   -0.10527E+00   -0.49276E-16    0.20193E-16
      1      40.063    0.23323E-04   -0.10520E+00    0.10630E-16    0.20669E-16
      1      39.767    0.23594E-04   -0.10517E+00    0.12780E-17    0.73433E-17
      1      39.472    0.23844E-04   -0.10523E+00   -0.49331E-16    0.23902E-16
      1      39.176    0.24074E-04   -0.10543E+00   -0.75695E-16    0.25311E-16
      1      38.880    0.24284E-04   -0.10580E+00    0.39764E-16   -0.34195E-17
      1      38.584    0.24474E-04   -0.10635E+00   -0.53271E-16    0.37918E-16
      1      38.288    0.24644E-04   -0.10709E+00   -0.40220E-16    0.24396E-16
      1      37.992    0.24792E-04   -0.10803E+00   -0.34487E-16    0.18820E-16
      1      37.696    0.24920E-04   -0.10921E+00   -0.38366E-16    0.16925E-16
      1      37.400    0.25027E-04   -0.11065E+00    0.13541E-16    0.23388E-16
      1      37.105    0.25114E-04   -0.11235E+00   -0.48501E-16    0.20239E-16
      1      36.809    0.25180E-04   -0.11430E+00   -0.59496E-16    0.28143E-16
      1      36.513    0.25224E-04   -0.11649E+00   -0.16599E-16    0.32470E-16
      1      36.217    0.25244E-04   -0.11887E+00   -0.37391E-16    0.19014E-16
      1      35.921    0.25240E-04   -0.12138E+00   -0.18338E-16    0.74542E-17
      1      35.625    0.25211E-04   -0.12398E+00   -0.29540E-16    0.15329E-16
      1      35.329    0.25155E-04   -0.12660E+00   -0.31872E-17    0.18164E-16
      1      35.033    0.25073E-04   -0.12917E+00    0.16553E-16    0.27457E-16
      1      34.738    0.24964E-04   -0.13165E+00   -0.13075E-16   -0.73708E-17
      1      34.442    0.24830E-04   -0.13398E+00   -0.33077E-16    0.13852E-16
      1      34.146    0.24672E-04   -0.13614E+00   -0.29519E-16    0.25591E-16
      1      33.850    0.24492E-04   -0.13811E+00   -0.45850E-16    0.25388E-16
      1      33.554    0.24293E-04   -0.13988E+00   -0.22286E-16    0.92497E-17
      1      33.258    0.24078E-04   -0.14147E+00   -0.44207E-16    0.23385E-16
      1      32.962    0.23851E-04   -0.14294E+00   -0.28211E-16    0.24584E-16
      1      32.666    0.23617E-04   -0.14436E+00   -0.28777E-16    0.21098E-16
      1      32.371    0.23379E-04   -0.14583E+00   -0.42257E-16    0.22263E-16
      1      32.075    0.23143E-04   -0.14745E+00   -0.41109E-16    0.13943E-16
      1      31.779    0.22912E-04   -0.14934E+00   -0.53954E-16    0.14684E-16
      1      31.483    0.22691E-04   -0.15162E+00   -0.86539E-17    0.82713E-17
      1      31.187    0.22483E-04   -0.15437E+00   -0.28063E-16    0.26673E-16
      1      30.891    0.22290E-04   -0.15769E+00   -0.57741E-18    0.99759E-17
      1      30.595    0.22113E-04   -0.16160E+00   -0.24628E-16    0.11844E-16
      1      30.299    0.21953E-04   -0.16613E+00   -0.35491E-16    0.29507E-16
      1      30.004    0.21809E-04   -0.17123E+00   -0.17027E-16    0.16654E-16
      1      29.708    0.21679E-04   -0.17685E+00   -0.16952E-16    0.10860E-16
      1      29.412    0.21563E-04   -0.18296E+00   -0.28210E-16    0.54870E-17
      1      29.116    0.21460E-04   -0.18950E+00   -0.34718E-16    0.20109E-16
      1      28.820    0.21369E-04   -0.19641E+00   -0.35347E-16    0.13910E-16
      1      28.524    0.21289E-04   -0.20364E+00   -0.44775E-16    0.11440E-16
      1      28.228    0.21220E-04   -0.21113E+00   -0.32875E-16    0.36071E-16
      1      27.932    0.21160E-04   -0.21881E+00    0.11009E-16    0.19832E-16
      1      27.637    0.21108E-04   -0.22662E+00   -0.33010E-16    0.37120E-16
      1      27.341    0.21065E-04   -0.23450E+00   -0.43161E-16    0.12751E-16
      1      27.045    0.21028E-04   -0.24238E+00   -0.37763E-16    0.53031E-17
      1      26.749    0.20999E-04   -0.25022E+00    0.24328E-17    0.15886E-16
      1      26.453    0.20976E-04   -0.25796E+00   -0.16620E-16    0.19679E-16
      1      26.157    0.20959E-04   -0.26555E+00   -0.64061E-17    0.78919E-18
      1      25.861    0.20949E-04   -0.27296E+00   -0.77025E-17    0.73747E-17
      1      25.565    0.20947E-04   -0.28018E+00   -0.44410E-17    0.10791E-16
      1      25.270    0.20953E-04   -0.28718E+00    0.11737E-17    0.11812E-17
      1      24.974    0.20967E-04   -0.29396E+00   -0.23095E-16    0.16275E-16
      1      24.678    0.20993E-04   -0.30052E+00   -0.29270E-16   -0.43178E-17
      1      24.382    0.21029E-04   -0.30686E+00   -0.52893E-17   -0.20479E-16
      1      24.086    0.21078E-04   -0.31299E+00   -0.15090E-16    0.21915E-16
      1      23.790    0.21141E-04   -0.31892E+00   -0.28715E-17    0.27084E-17
      1      23.494    0.21218E-04   -0.32465E+00   -0.22872E-17    0.18384E-16
      1      23.198    0.21311E-04   -0.33020E+00   -0.83492E-17    0.25217E-16
      1      22.903    0.21421E-04   -0.33559E+00   -0.29831E-16   -0.46001E-17
      1      22.607    0.21549E-04   -0.34084E+00    0.52086E-17    0.10336E-16
      1      22.311    0.21695E-04   -0.34596E+00    0.82180E-18    0.28117E-16
      1      22.015    0.21861E-04   -0.35098E+00    0.31340E-16    0.10665E-16
      1      21.719    0.22048E-04   -0.35591E+00    0.17308E-17    0.88011E-17
      1      21.423    0.22256E-04   -0.36076E+00   -0.19787E-17   -0.73407E-17
      1      21.127    0.22485E-04   -0.36555E+00    0.60852E-17    0.29771E-16
      1      20.831    0.22737E-04   -0.37029E+00   -0.59493E-16    0.17888E-16
      1      20.535    0.23010E-04   -0.37497E+00   -0.25756E-17    0.13443E-16
      1      20.240    0.23306E-04   -0.37961E+00    0.41446E-16    0.16711E-16
      1      19.944    0.23625E-04   -0.38419E+00   -0.41640E-17   -0.10322E-16
      1      19.648    0.23967E-04   -0.38873E+00    0.45740E-17    0.23642E-16
      1      19.352    0.24332E-04   -0.39323E+00    0.80982E-17    0.22957E-17
      1      19.056    0.24721E-04   -0.39769E+00   -0.25727E-17    0.22932E-16
      1      18.760    0.25134E-04   -0.40212E+00    0.62195E-16   -0.90328E-19
      1      18.464    0.25573E-04   -0.40653E+00   -0.47018E-16    0.28657E-17
      1      18.168    0.26038E-04   -0.41091E+00   -0.33173E-17    0.54349E-18
      1      17.873    0.26531E-04   -0.41529E+00   -0.94383E-18    0.95684E-17
      1      17.577    0.27053E-04   -0.41967E+00    0.13066E-16    0.27538E-16
      1      17.281    0.27605E-04   -0.42406E+00   -0.14036E-16    0.60706E-17
      1      16.985    0.28190E-04   -0.42848E+00   -0.21797E-16    0.14452E-16
      1      16.689    0.28811E-04   -0.43296E+00   -0.15020E-17    0.23522E-16
      1      16.393    0.29471E-04   -0.43751E+00   -0.24453E-16    0.88291E-17
      1      16.097    0.30172E-04   -0.44216E+00   -0.31890E-16   -0.10748E-16
      1      15.801    0.30918E-04   -0.44692E+00   -0.23840E-16   -0.20991E-17
      1      15.506    0.31714E-04   -0.45181E+00    0.13802E-16   -0.41464E-17
      1      15.210    0.32564E-04   -0.45686E+00    0.32415E-16    0.18749E-17
      1      14.914    0.33471E-04   -0.46206E+00   -0.28810E-16   -0.22443E-17
      1      14.618    0.34442E-04   -0.46744E+00    0.23345E-16   -0.63855E-17
      1      14.322    0.35479E-04   -0.47299E+00    0.17803E-16   -0.25597E-17
      1      14.026    0.36585E-04   -0.47870E+00    0.33453E-17   -0.82004E-17
      1      13.730    0.37759E-04   -0.48453E+00    0.78074E-18    0.58471E-17
      1      13.434    0.38991E-04   -0.49037E+00    0.81860E-18    0.46966E-17
      1      13.139    0.40255E-04   -0.49606E+00    0.11224E-15    0.32929E-17
      1      12.843    0.41506E-04   -0.50131E+00    0.18063E-15    0.45975E-17
      1      12.547    0.42665E-04   -0.50563E+00   -0.11620E-15   -0.10750E-16
      1      12.251    0.43618E-04   -0.50836E+00   -0.26692E-16   -0.20396E-16
      1      11.955    0.44236E-04   -0.50872E+00    0.51517E-16   -0.12573E-17
      1      11.659    0.44411E-04   -0.50596E+00   -0.10645E-16   -0.20221E-16
      1      11.363    0.44148E-04   -0.50008E+00   -0.46528E-17   -0.12279E-16
      1      11.067    0.43561E-04   -0.49174E+00    0.64995E-18   -0.64935E-17
      1      10.772    0.42789E-04   -0.48168E+00    0.15738E-15    0.14041E-18
      1      10.476    0.41953E-04   -0.47056E+00    0.26565E-16   -0.19861E-16
      1      10.180    0.41136E-04   -0.45878E+00    0.21539E-16   -0.65759E-17
      1       9.884    0.40390E-04   -0.44660E+00   -0.40248E-16    0.66342E-17
      1       9.588    0.39742E-04   -0.43415E+00   -0.32147E-17    0.78158E-17
      1       9.292    0.39206E-04   -0.42147E+00    0.22935E-16   -0.18082E-16
      1       8.996    0.38789E-04   -0.40858E+00   -0.96557E-17    0.72993E-17
      1       8.700    0.38491E-04   -0.39545E+00   -0.33132E-16   -0.19179E-16
      1       8.405    0.38315E-04   -0.38206E+00    0.26233E-16   -0.21206E-17
      1       8.109    0.38262E-04   -0.36840E+00    0.36018E-16    0.44919E-18
      1       7.813    0.38334E-04   -0.35446E+00    0.36215E-16   -0.16842E-16
      1       7.517    0.38535E-04   -0.34027E+00    0.22548E-16   -0.15562E-16
      1       7.221    0.38869E-04   -0.32585E+00    0.15687E-16   -0.10684E-16
      1       6.925    0.39341E-04   -0.31125E+00    0.55886E-16   -0.77030E-17
      1       6.629    0.39956E-04   -0.29654E+00    0.39980E-16   -0.93209E-18
      1       6.333    0.40719E-04   -0.28178E+00    0.29229E-16   -0.10153E-16
      1       6.038    0.41637E-04   -0.26707E+00    0.39492E-16    0.75703E-17
      1       5.742    0.42718E-04   -0.25253E+00    0.21939E-16   -0.15408E-16
      1       5.446    0.43967E-04   -0.23830E+00    0.64679E-16   -0.39961E-17
      1       5.150    0.45394E-04   -0.22456E+00    0.25382E-16    0.64130E-17
      1       4.854    0.47006E-04   -0.21150E+00    0.21613E-16   -0.49403E-17
      1       4.558    0.48811E-04   -0.19932E+00    0.21170E-16    0.83482E-17
      1       4.262    0.50800E-04   -0.18803E+00    0.28592E-16   -0.33961E-18
      1       3.966    0.52942E-04   -0.17739E+00    0.58419E-16    0.16589E-16
      1       3.671    0.55190E-04   -0.16710E+00    0.49379E-16   -0.32656E-18
      1       3.375    0.57482E-04   -0.15675E+00    0.48774E-16   -0.20780E-17
      1       3.079    0.59736E-04   -0.14598E+00    0.26149E-16   -0.35770E-17
      1       2.783    0.61854E-04   -0.13444E+00    0.53674E-16   -0.24277E-17
      1       2.487    0.63720E-04   -0.12191E+00    0.43381E-16    0.88130E-18
      1       2.191    0.65196E-04   -0.10828E+00    0.36447E-16   -0.75670E-17
      1       1.895    0.66144E-04   -0.93889E-01    0.55233E-16    0.15155E-17
      1       1.599    0.66456E-04   -0.79975E-01    0.56956E-16   -0.60208E-17
      1       1.304    0.65908E-04   -0.67547E-01    0.12196E-16   -0.64312E-17
      1       1.008    0.64039E-04   -0.57211E-01    0.55231E-16   -0.48325E-17
      1       0.712    0.59940E-04   -0.49171E-01    0.33029E-16   -0.75677E-17
      1       0.416    0.51484E-04   -0.41770E-01    0.34556E-16   -0.41196E-17
      1       0.120    0.30828E-04   -0.18485E-01    0.50759E-16   -0.44452E-17
