   3N SYSTEM INCLUSIVE  PHOTODESINTEGRATION
        DETECTED PARTICLE: 1- PROTON
        NOT DETECTED PARTICLES:2- PROTON  3-NEUTRON

      OMEGA 0.10000E+03
     MTTWE1,MTTWE2,MTTWE3=    1    1   -1
     TH1LAB,PHI1LAB=   180.000     0.000
   Unit of cross sections ... fm**2/(MeV*sr**2)
      I       E1      CROSS           AX           AY           AZ
      1      48.980    0.21361E-07    0.77027E-18   -0.12604E-20   -0.72593E-17
      1      48.967    0.60610E-05    0.61616E-18   -0.59925E-21   -0.39291E-17
      1      48.960    0.67853E-05    0.63710E-18    0.29170E-21    0.25495E-16
      1      48.954    0.72326E-05    0.99455E-18   -0.22177E-21    0.20694E-16
      1      48.947    0.75228E-05    0.11319E-17    0.24692E-19    0.44371E-17
      1      48.940    0.77156E-05    0.14585E-17    0.17578E-20    0.40986E-16
      1      48.934    0.78449E-05    0.18254E-17    0.81432E-21    0.85687E-16
      1      48.927    0.79313E-05    0.20245E-17    0.38793E-20   -0.36629E-16
      1      48.920    0.79877E-05    0.21738E-17   -0.33769E-19    0.18327E-16
      1      48.914    0.80231E-05    0.30491E-17    0.10785E-19    0.39773E-16
      1      48.907    0.80435E-05    0.33630E-17    0.15417E-19   -0.10243E-16
      1      48.900    0.80530E-05    0.39592E-17    0.61626E-20    0.12168E-16
      1      48.894    0.80547E-05    0.41183E-17   -0.21530E-20    0.33321E-17
      1      48.887    0.80508E-05    0.42877E-17    0.13555E-19   -0.67153E-16
      1      48.880    0.80429E-05    0.46769E-17   -0.15544E-20   -0.14437E-16
      1      48.874    0.80322E-05    0.62485E-17    0.27564E-19    0.34548E-16
      1      48.867    0.80195E-05    0.63172E-17    0.79081E-20   -0.33996E-16
      1      48.860    0.80055E-05    0.70178E-17    0.32611E-19   -0.14974E-16
      1      48.592    0.76192E-05    0.29411E-16    0.25636E-19   -0.14897E-17
      1      48.325    0.74792E-05    0.57235E-16   -0.28065E-19    0.57835E-16
      1      48.057    0.74345E-05    0.75322E-16   -0.22335E-18   -0.30559E-16
      1      47.789    0.74240E-05    0.96676E-16    0.22688E-18    0.45367E-16
      1      47.521    0.74255E-05    0.11166E-15    0.16117E-18    0.26487E-16
      1      47.253    0.74346E-05    0.12878E-15    0.24976E-18   -0.12081E-17
      1      46.986    0.74532E-05    0.14574E-15    0.59125E-18    0.46029E-16
      1      46.718    0.74855E-05    0.15653E-15    0.94829E-18   -0.29616E-17
      1      46.450    0.75362E-05    0.17547E-15    0.27682E-19    0.33868E-16
      1      46.182    0.76096E-05    0.18611E-15    0.11561E-17    0.17748E-16
      1      45.914    0.77062E-05    0.19967E-15   -0.10074E-17   -0.31844E-17
      1      45.647    0.78232E-05    0.21597E-15    0.57985E-18    0.59786E-16
      1      45.379    0.79579E-05    0.23206E-15    0.62609E-18    0.44619E-17
      1      45.111    0.81088E-05    0.25955E-15    0.78679E-18    0.33685E-17
      1      44.843    0.82744E-05    0.26199E-15   -0.73116E-18   -0.15282E-16
      1      44.575    0.84536E-05    0.29029E-15   -0.40979E-18    0.37162E-16
      1      44.308    0.86455E-05    0.30335E-15   -0.70599E-18   -0.11395E-17
      1      44.040    0.88491E-05    0.32141E-15    0.39939E-18    0.10757E-16
      1      43.772    0.90638E-05    0.34619E-15   -0.62516E-18   -0.90336E-17
      1      43.504    0.92890E-05    0.36404E-15    0.15846E-18    0.29753E-16
      1      43.236    0.95243E-05    0.38260E-15    0.29707E-19   -0.87670E-17
      1      42.969    0.97694E-05    0.40748E-15   -0.35585E-20   -0.53451E-17
      1      42.701    0.10024E-04    0.43247E-15    0.19332E-17    0.84057E-17
      1      42.433    0.10290E-04    0.46746E-15   -0.50262E-17   -0.17775E-16
      1      42.165    0.10565E-04    0.49279E-15    0.19506E-17   -0.37039E-17
      1      41.897    0.10852E-04    0.50652E-15    0.11297E-18   -0.25579E-16
      1      41.630    0.11151E-04    0.53416E-15    0.17946E-17    0.41063E-17
      1      41.362    0.11464E-04    0.55770E-15   -0.20458E-17   -0.20128E-17
      1      41.094    0.11790E-04    0.59350E-15   -0.56018E-18    0.55421E-17
      1      40.826    0.12130E-04    0.65045E-15   -0.66924E-17    0.55827E-18
      1      40.558    0.12484E-04    0.66033E-15    0.16397E-17   -0.83129E-18
      1      40.291    0.12852E-04    0.69397E-15   -0.57168E-18   -0.13603E-16
      1      40.023    0.13233E-04    0.72381E-15    0.59272E-17   -0.45566E-17
      1      39.755    0.13626E-04    0.74487E-15    0.30210E-18   -0.24321E-17
      1      39.487    0.14028E-04    0.82886E-15    0.17501E-17   -0.71224E-18
      1      39.219    0.14440E-04    0.84500E-15    0.13219E-17   -0.85362E-17
      1      38.952    0.14857E-04    0.89739E-15   -0.51198E-17   -0.10468E-16
      1      38.684    0.15279E-04    0.92830E-15   -0.91982E-18   -0.80224E-17
      1      38.416    0.15704E-04    0.93009E-15    0.13370E-17    0.79968E-17
      1      38.148    0.16129E-04    0.97699E-15    0.38138E-17   -0.28180E-16
      1      37.880    0.16552E-04    0.10781E-14    0.72553E-17    0.13012E-16
      1      37.613    0.16972E-04    0.10758E-14    0.66599E-17   -0.12507E-16
      1      37.345    0.17386E-04    0.11114E-14    0.81750E-18    0.12092E-17
      1      37.077    0.17793E-04    0.10926E-14   -0.50309E-17    0.29827E-17
      1      36.809    0.18191E-04    0.11330E-14    0.21974E-17   -0.51450E-17
      1      36.541    0.18580E-04    0.11745E-14    0.37503E-17   -0.10423E-16
      1      36.273    0.18957E-04    0.11605E-14    0.88528E-17   -0.49374E-17
      1      36.006    0.19321E-04    0.11900E-14   -0.53849E-17   -0.70173E-17
      1      35.738    0.19672E-04    0.11409E-14    0.22389E-16   -0.26782E-17
      1      35.470    0.20008E-04    0.12193E-14    0.47148E-18   -0.72257E-17
      1      35.202    0.20329E-04    0.12770E-14    0.34105E-17   -0.61199E-18
      1      34.934    0.20634E-04    0.12736E-14   -0.13597E-18   -0.29505E-17
      1      34.667    0.20923E-04    0.12811E-14    0.10906E-16   -0.46987E-17
      1      34.399    0.21193E-04    0.13469E-14    0.11128E-17   -0.11471E-16
      1      34.131    0.21445E-04    0.13739E-14    0.93932E-17   -0.37935E-17
      1      33.863    0.21678E-04    0.13658E-14    0.49325E-17   -0.78533E-17
      1      33.595    0.21889E-04    0.14222E-14    0.49277E-17   -0.29935E-17
      1      33.328    0.22080E-04    0.13855E-14    0.44173E-17   -0.43342E-17
      1      33.060    0.22248E-04    0.14470E-14    0.43384E-17   -0.19395E-16
      1      32.792    0.22394E-04    0.14519E-14    0.34343E-17   -0.11268E-16
      1      32.524    0.22515E-04    0.14866E-14    0.38504E-17   -0.19806E-16
      1      32.256    0.22612E-04    0.14724E-14    0.87131E-17   -0.14518E-16
      1      31.989    0.22684E-04    0.15628E-14    0.12600E-16   -0.13072E-16
      1      31.721    0.22731E-04    0.14609E-14    0.30318E-17   -0.16456E-16
      1      31.453    0.22753E-04    0.15018E-14    0.75098E-17   -0.20908E-16
      1      31.185    0.22751E-04    0.15194E-14    0.28296E-17   -0.86557E-17
      1      30.917    0.22725E-04    0.14969E-14    0.46068E-17   -0.17262E-16
      1      30.650    0.22676E-04    0.15341E-14    0.36364E-17   -0.25644E-17
      1      30.382    0.22606E-04    0.15572E-14    0.69149E-17   -0.97007E-17
      1      30.114    0.22517E-04    0.15714E-14    0.84870E-17   -0.10548E-16
      1      29.846    0.22410E-04    0.15446E-14    0.62544E-17   -0.19212E-16
      1      29.578    0.22288E-04    0.15116E-14    0.89598E-17   -0.13117E-16
      1      29.311    0.22154E-04    0.15270E-14    0.39992E-17   -0.20289E-16
      1      29.043    0.22008E-04    0.16044E-14    0.11677E-17   -0.13806E-16
      1      28.775    0.21853E-04    0.15103E-14    0.12550E-16   -0.24736E-16
      1      28.507    0.21690E-04    0.15850E-14    0.84537E-17   -0.17977E-16
      1      28.239    0.21522E-04    0.15843E-14    0.31550E-17   -0.54783E-17
      1      27.972    0.21349E-04    0.15510E-14    0.99983E-17   -0.16515E-16
      1      27.704    0.21174E-04    0.16212E-14    0.36831E-17   -0.22134E-16
      1      27.436    0.20996E-04    0.16021E-14    0.84142E-17   -0.17232E-16
      1      27.168    0.20818E-04    0.15978E-14    0.10869E-16   -0.75995E-17
      1      26.900    0.20638E-04    0.16292E-14    0.92109E-17   -0.24939E-16
      1      26.633    0.20457E-04    0.16201E-14    0.49505E-17   -0.14127E-16
      1      26.365    0.20276E-04    0.16766E-14    0.13854E-16   -0.15478E-16
      1      26.097    0.20094E-04    0.16658E-14    0.11596E-16   -0.20985E-16
      1      25.829    0.19911E-04    0.16600E-14    0.81048E-17   -0.15005E-16
      1      25.561    0.19729E-04    0.16810E-14    0.10924E-16   -0.23925E-16
      1      25.294    0.19546E-04    0.17217E-14   -0.97467E-18   -0.66907E-17
      1      25.026    0.19364E-04    0.17002E-14    0.17880E-16   -0.25787E-16
      1      24.758    0.19182E-04    0.17142E-14    0.95432E-17   -0.20176E-16
      1      24.490    0.19001E-04    0.17818E-14    0.70253E-17   -0.29094E-16
      1      24.222    0.18823E-04    0.16871E-14    0.52209E-17   -0.26636E-16
      1      23.955    0.18646E-04    0.17448E-14    0.47367E-17   -0.18937E-16
      1      23.687    0.18472E-04    0.17373E-14    0.44212E-17   -0.25573E-16
      1      23.419    0.18302E-04    0.17695E-14    0.12174E-16   -0.18284E-16
      1      23.151    0.18137E-04    0.17844E-14    0.10616E-16   -0.23344E-16
      1      22.883    0.17977E-04    0.17782E-14    0.86598E-17   -0.25616E-16
      1      22.616    0.17823E-04    0.17703E-14    0.11147E-16   -0.34612E-16
      1      22.348    0.17677E-04    0.18248E-14    0.55321E-17   -0.35185E-16
      1      22.080    0.17539E-04    0.17709E-14    0.17060E-16   -0.35261E-16
      1      21.812    0.17411E-04    0.18252E-14    0.22934E-16   -0.23262E-16
      1      21.544    0.17293E-04    0.18246E-14    0.15010E-16   -0.35308E-16
      1      21.276    0.17186E-04    0.18168E-14    0.86352E-17   -0.38078E-16
      1      21.009    0.17092E-04    0.18161E-14    0.11729E-16   -0.35586E-16
      1      20.741    0.17010E-04    0.18363E-14    0.13458E-16   -0.38839E-16
      1      20.473    0.16942E-04    0.18496E-14    0.16798E-16   -0.26555E-16
      1      20.205    0.16888E-04    0.18729E-14    0.15788E-16   -0.24851E-16
      1      19.937    0.16848E-04    0.17977E-14    0.25379E-16   -0.40774E-16
      1      19.670    0.16824E-04    0.18318E-14    0.97216E-17   -0.34264E-16
      1      19.402    0.16814E-04    0.18444E-14    0.18902E-16   -0.30536E-16
      1      19.134    0.16821E-04    0.17887E-14    0.20093E-16   -0.34385E-16
      1      18.866    0.16843E-04    0.18152E-14    0.25147E-16   -0.37575E-16
      1      18.598    0.16880E-04    0.18326E-14    0.13374E-16   -0.35563E-16
      1      18.331    0.16934E-04    0.18156E-14    0.13751E-16   -0.38997E-16
      1      18.063    0.17002E-04    0.18076E-14    0.16565E-16   -0.38182E-16
      1      17.795    0.17087E-04    0.18429E-14    0.16994E-16   -0.37268E-16
      1      17.527    0.17187E-04    0.18153E-14    0.94435E-17   -0.41156E-16
      1      17.259    0.17302E-04    0.18264E-14    0.15128E-16   -0.39149E-16
      1      16.992    0.17433E-04    0.18821E-14    0.14237E-16   -0.41661E-16
      1      16.724    0.17579E-04    0.17902E-14    0.16271E-16   -0.34072E-16
      1      16.456    0.17740E-04    0.18240E-14    0.23905E-16   -0.25349E-16
      1      16.188    0.17917E-04    0.18601E-14    0.13561E-16   -0.42200E-16
      1      15.920    0.18109E-04    0.18457E-14    0.12583E-16   -0.41558E-16
      1      15.653    0.18317E-04    0.18442E-14    0.19322E-16   -0.41698E-16
      1      15.385    0.18541E-04    0.17875E-14    0.12290E-16   -0.43410E-16
      1      15.117    0.18782E-04    0.17181E-14    0.20545E-16   -0.49148E-16
      1      14.849    0.19039E-04    0.17559E-14    0.17661E-16   -0.43519E-16
      1      14.581    0.19315E-04    0.17631E-14    0.22017E-16   -0.31383E-16
      1      14.314    0.19608E-04    0.17564E-14    0.15182E-16   -0.37282E-16
      1      14.046    0.19920E-04    0.16969E-14    0.28773E-16   -0.34865E-16
      1      13.778    0.20252E-04    0.16453E-14    0.39939E-16   -0.43901E-16
      1      13.510    0.20604E-04    0.16270E-14    0.10570E-16   -0.34951E-16
      1      13.242    0.20978E-04    0.16999E-14    0.23439E-16   -0.49042E-16
      1      12.975    0.21374E-04    0.15586E-14    0.20767E-16   -0.53118E-16
      1      12.707    0.21795E-04    0.15807E-14    0.28059E-16   -0.39781E-16
      1      12.439    0.22241E-04    0.15363E-14    0.91539E-17   -0.48543E-16
      1      12.171    0.22715E-04    0.15498E-14    0.24080E-16   -0.48740E-16
      1      11.903    0.23219E-04    0.15071E-14    0.17235E-16   -0.31948E-16
      1      11.636    0.23753E-04    0.14389E-14    0.20642E-16   -0.45097E-16
      1      11.368    0.24318E-04    0.14447E-14    0.25780E-16   -0.35459E-16
      1      11.100    0.24912E-04    0.13967E-14    0.20056E-16   -0.49223E-16
      1      10.832    0.25524E-04    0.14209E-14    0.27967E-16   -0.42875E-16
      1      10.564    0.26139E-04    0.12951E-14    0.15695E-16   -0.42885E-16
      1      10.297    0.26725E-04    0.12611E-14    0.31878E-16   -0.43218E-16
      1      10.029    0.27239E-04    0.12692E-14    0.18829E-16   -0.42288E-16
      1       9.761    0.27631E-04    0.12669E-14    0.27574E-16   -0.36076E-16
      1       9.493    0.27869E-04    0.12133E-14    0.24127E-16   -0.56548E-16
      1       9.225    0.27966E-04    0.12032E-14    0.33202E-16   -0.43043E-16
      1       8.958    0.27972E-04    0.12046E-14    0.32699E-16   -0.54143E-16
      1       8.690    0.27942E-04    0.12022E-14    0.21880E-16   -0.61950E-16
      1       8.422    0.27923E-04    0.12219E-14    0.43204E-16   -0.43457E-16
      1       8.154    0.27948E-04    0.11505E-14    0.60109E-16   -0.51807E-16
      1       7.886    0.28036E-04    0.11597E-14    0.32403E-16   -0.52404E-16
      1       7.619    0.28200E-04    0.11790E-14    0.35314E-16   -0.54742E-16
      1       7.351    0.28449E-04    0.11313E-14    0.48774E-16   -0.57544E-16
      1       7.083    0.28789E-04    0.11329E-14    0.51373E-16   -0.50579E-16
      1       6.815    0.29224E-04    0.11304E-14    0.58593E-16   -0.60625E-16
      1       6.547    0.29759E-04    0.11073E-14    0.62933E-16   -0.58900E-16
      1       6.279    0.30401E-04    0.10687E-14    0.88723E-16   -0.56733E-16
      1       6.012    0.31154E-04    0.11778E-14    0.64628E-16   -0.57679E-16
      1       5.744    0.32022E-04    0.12258E-14    0.74793E-16   -0.60983E-16
      1       5.476    0.33011E-04    0.12176E-14    0.80541E-16   -0.61791E-16
      1       5.208    0.34125E-04    0.11998E-14    0.98858E-16   -0.53560E-16
      1       4.940    0.35368E-04    0.12343E-14    0.83872E-16   -0.49553E-16
      1       4.673    0.36743E-04    0.13336E-14    0.87884E-16   -0.48816E-16
      1       4.405    0.38250E-04    0.13328E-14    0.12665E-15   -0.48113E-16
      1       4.137    0.39890E-04    0.13419E-14    0.77425E-16   -0.43984E-16
      1       3.869    0.41657E-04    0.14034E-14    0.58221E-16   -0.46516E-16
      1       3.601    0.43544E-04    0.13848E-14    0.88218E-16   -0.47044E-16
      1       3.334    0.45537E-04    0.14906E-14    0.90677E-16   -0.45825E-16
      1       3.066    0.47609E-04    0.15465E-14    0.65804E-16   -0.42188E-16
      1       2.798    0.49722E-04    0.15733E-14    0.68052E-16   -0.41777E-16
      1       2.530    0.51817E-04    0.15806E-14    0.58375E-16   -0.37872E-16
      1       2.262    0.53815E-04    0.16522E-14    0.60476E-16   -0.43437E-16
      1       1.995    0.55605E-04    0.17015E-14    0.53582E-16   -0.40852E-16
      1       1.727    0.57033E-04    0.17757E-14    0.90328E-16   -0.35952E-16
      1       1.459    0.57882E-04    0.18175E-14    0.89068E-16   -0.29136E-16
      1       1.191    0.57852E-04    0.18265E-14    0.67905E-16   -0.28232E-16
      1       0.923    0.56529E-04    0.19194E-14    0.44696E-16   -0.25097E-16
      1       0.656    0.53162E-04    0.19504E-14    0.89877E-16   -0.23380E-16
      1       0.388    0.46107E-04    0.18848E-14    0.10007E-15   -0.15919E-16
      1       0.120    0.29579E-04    0.19396E-14    0.72964E-16   -0.28905E-16
