   3N SYSTEM INCLUSIVE  PHOTODESINTEGRATION
        DETECTED PARTICLE: 1- PROTON
        NOT DETECTED PARTICLES:2- PROTON  3-NEUTRON

      OMEGA 0.10000E+03
     MTTWE1,MTTWE2,MTTWE3=    1    1   -1
     TH1LAB,PHI1LAB=     0.000     0.000
   Unit of cross sections ... fm**2/(MeV*sr**2)
      I       E1      CROSS           AX           AY           AZ
      1      72.879    0.77343E-07    0.78765E-18   -0.10770E-20    0.39390E-17
      1      72.866    0.22892E-04    0.64312E-18    0.30207E-21    0.11176E-17
      1      72.859    0.25977E-04    0.71583E-18    0.17481E-21   -0.31104E-17
      1      72.852    0.28000E-04    0.84690E-18   -0.41994E-21    0.15484E-17
      1      72.846    0.29395E-04    0.98994E-18    0.18883E-20    0.12170E-15
      1      72.839    0.30384E-04    0.11744E-17    0.16653E-20    0.38916E-16
      1      72.832    0.31097E-04    0.13651E-17    0.40280E-20    0.87469E-17
      1      72.826    0.31615E-04    0.16076E-17    0.25096E-20    0.30436E-16
      1      72.819    0.31992E-04    0.18491E-17    0.67924E-20    0.20450E-17
      1      72.812    0.32265E-04    0.21474E-17    0.85972E-20    0.33150E-16
      1      72.806    0.32459E-04    0.24836E-17    0.92483E-20   -0.16933E-17
      1      72.799    0.32595E-04    0.27311E-17    0.49639E-20    0.35581E-16
      1      72.792    0.32685E-04    0.30130E-17    0.50168E-20    0.35929E-16
      1      72.786    0.32741E-04    0.34066E-17    0.18091E-20    0.66727E-17
      1      72.779    0.32771E-04    0.38365E-17   -0.13571E-20   -0.52756E-17
      1      72.772    0.32780E-04    0.41531E-17    0.17682E-19   -0.23356E-17
      1      72.766    0.32773E-04    0.45101E-17   -0.11529E-19   -0.78480E-18
      1      72.759    0.32754E-04    0.48619E-17   -0.93659E-20    0.26394E-16
      1      72.360    0.30994E-04    0.31105E-16    0.41051E-18    0.43929E-16
      1      71.961    0.30331E-04    0.61083E-16    0.71970E-19   -0.13737E-17
      1      71.562    0.30029E-04    0.88639E-16    0.32785E-19    0.45658E-16
      1      71.163    0.29810E-04    0.11687E-15    0.22354E-18    0.51120E-18
      1      70.764    0.29629E-04    0.14426E-15    0.16110E-18   -0.17685E-17
      1      70.364    0.29516E-04    0.17217E-15    0.35972E-18   -0.49013E-18
      1      69.965    0.29510E-04    0.20012E-15    0.52980E-18    0.87561E-19
      1      69.566    0.29650E-04    0.23504E-15   -0.58941E-18    0.17986E-16
      1      69.167    0.29951E-04    0.26412E-15   -0.32493E-19    0.29309E-17
      1      68.768    0.30384E-04    0.30239E-15    0.43132E-18   -0.75768E-17
      1      68.369    0.30918E-04    0.33777E-15    0.18658E-17    0.19357E-16
      1      67.970    0.31527E-04    0.36746E-15   -0.71555E-18    0.52559E-17
      1      67.571    0.32190E-04    0.40108E-15   -0.19220E-18    0.10558E-16
      1      67.172    0.32888E-04    0.45028E-15    0.13090E-17    0.46069E-17
      1      66.772    0.33605E-04    0.48993E-15    0.40831E-18    0.22084E-16
      1      66.373    0.34328E-04    0.52067E-15    0.23702E-17    0.86065E-17
      1      65.974    0.35045E-04    0.55670E-15   -0.14247E-17    0.15814E-16
      1      65.575    0.35747E-04    0.60332E-15   -0.21919E-17    0.12416E-16
      1      65.176    0.36426E-04    0.63437E-15    0.23188E-18   -0.54320E-18
      1      64.777    0.37074E-04    0.67496E-15    0.15101E-18    0.46098E-17
      1      64.378    0.37685E-04    0.70179E-15    0.18858E-17   -0.13449E-16
      1      63.979    0.38258E-04    0.76362E-15    0.21736E-17   -0.22809E-17
      1      63.579    0.38791E-04    0.79122E-15    0.18168E-17    0.14300E-17
      1      63.180    0.39280E-04    0.83074E-15    0.23281E-17    0.22573E-17
      1      62.781    0.39724E-04    0.86870E-15    0.30545E-17   -0.81883E-17
      1      62.382    0.40118E-04    0.90159E-15    0.21497E-17   -0.94725E-17
      1      61.983    0.40458E-04    0.97749E-15    0.46596E-18   -0.16746E-16
      1      61.584    0.40740E-04    0.10003E-14   -0.10505E-17   -0.80071E-17
      1      61.185    0.40961E-04    0.10252E-14    0.19095E-17    0.57402E-17
      1      60.786    0.41117E-04    0.10680E-14    0.10428E-17    0.45218E-17
      1      60.387    0.41209E-04    0.11218E-14   -0.69865E-18   -0.18033E-16
      1      59.987    0.41234E-04    0.11462E-14   -0.13355E-17   -0.13262E-16
      1      59.588    0.41194E-04    0.11933E-14    0.24457E-18   -0.15305E-16
      1      59.189    0.41091E-04    0.12195E-14    0.17897E-17    0.16302E-18
      1      58.790    0.40925E-04    0.12294E-14    0.37454E-17   -0.13579E-16
      1      58.391    0.40701E-04    0.13050E-14    0.34229E-17   -0.14678E-16
      1      57.992    0.40420E-04    0.12800E-14    0.94470E-17   -0.33513E-17
      1      57.593    0.40085E-04    0.13087E-14    0.21109E-16   -0.23719E-16
      1      57.194    0.39698E-04    0.13292E-14   -0.14768E-17   -0.77183E-17
      1      56.795    0.39262E-04    0.13788E-14   -0.16893E-17   -0.16092E-16
      1      56.395    0.38779E-04    0.14199E-14    0.53776E-17   -0.14070E-16
      1      55.996    0.38251E-04    0.14063E-14    0.62666E-18   -0.11182E-16
      1      55.597    0.37680E-04    0.13962E-14    0.10073E-16   -0.10074E-16
      1      55.198    0.37069E-04    0.14403E-14   -0.12943E-17   -0.82782E-17
      1      54.799    0.36419E-04    0.14766E-14    0.54479E-18   -0.13252E-16
      1      54.400    0.35734E-04    0.14868E-14    0.17501E-17   -0.40064E-17
      1      54.001    0.35017E-04    0.15210E-14    0.48724E-18   -0.16018E-16
      1      53.602    0.34273E-04    0.15481E-14    0.37960E-17   -0.11262E-16
      1      53.202    0.33507E-04    0.15349E-14    0.81314E-17   -0.19576E-16
      1      52.803    0.32723E-04    0.15708E-14   -0.84198E-18   -0.14504E-16
      1      52.404    0.31927E-04    0.15815E-14   -0.33198E-17   -0.19616E-16
      1      52.005    0.31122E-04    0.15643E-14    0.14408E-17   -0.14001E-16
      1      51.606    0.30313E-04    0.15973E-14   -0.16205E-17   -0.24304E-16
      1      51.207    0.29506E-04    0.16173E-14   -0.12250E-17   -0.13247E-16
      1      50.808    0.28704E-04    0.16461E-14    0.60538E-17   -0.21120E-16
      1      50.409    0.27910E-04    0.16275E-14    0.60189E-18   -0.18386E-16
      1      50.010    0.27130E-04    0.16855E-14    0.33860E-17   -0.93823E-17
      1      49.610    0.26366E-04    0.16807E-14    0.52832E-17   -0.11681E-16
      1      49.211    0.25622E-04    0.17030E-14    0.25655E-17   -0.25484E-16
      1      48.812    0.24900E-04    0.16979E-14    0.15619E-17   -0.25715E-16
      1      48.413    0.24204E-04    0.17420E-14    0.80162E-18   -0.19878E-16
      1      48.014    0.23534E-04    0.17485E-14   -0.53797E-17   -0.85511E-17
      1      47.615    0.22891E-04    0.17486E-14    0.46985E-17   -0.10707E-16
      1      47.216    0.22276E-04    0.17573E-14   -0.15040E-17   -0.17396E-16
      1      46.817    0.21689E-04    0.17971E-14    0.66335E-18   -0.17548E-16
      1      46.417    0.21129E-04    0.18747E-14    0.12685E-17   -0.20320E-16
      1      46.018    0.20596E-04    0.18292E-14    0.35799E-17   -0.16127E-16
      1      45.619    0.20089E-04    0.19038E-14    0.62462E-17   -0.84868E-17
      1      45.220    0.19607E-04    0.19309E-14    0.75833E-17   -0.21659E-16
      1      44.821    0.19149E-04    0.19869E-14    0.11741E-17   -0.19929E-16
      1      44.422    0.18713E-04    0.19797E-14    0.13254E-17   -0.17864E-16
      1      44.023    0.18299E-04    0.20142E-14    0.69333E-18   -0.17851E-16
      1      43.624    0.17904E-04    0.21163E-14    0.16293E-17   -0.19842E-16
      1      43.225    0.17529E-04    0.20839E-14    0.62864E-17   -0.20648E-16
      1      42.825    0.17171E-04    0.21535E-14   -0.43092E-17   -0.18286E-16
      1      42.426    0.16831E-04    0.21198E-14   -0.85796E-17   -0.27956E-16
      1      42.027    0.16507E-04    0.21091E-14   -0.51973E-18   -0.20220E-16
      1      41.628    0.16200E-04    0.21550E-14    0.13377E-17   -0.85900E-17
      1      41.229    0.15908E-04    0.22286E-14   -0.15764E-17   -0.14238E-16
      1      40.830    0.15631E-04    0.22322E-14   -0.54852E-18   -0.17012E-16
      1      40.431    0.15369E-04    0.23293E-14   -0.50448E-17   -0.18147E-16
      1      40.032    0.15121E-04    0.23335E-14    0.72187E-17   -0.20548E-16
      1      39.633    0.14887E-04    0.23354E-14   -0.34170E-17   -0.27801E-16
      1      39.233    0.14666E-04    0.23801E-14   -0.30512E-17   -0.23223E-16
      1      38.834    0.14459E-04    0.24394E-14    0.82541E-17   -0.18294E-16
      1      38.435    0.14265E-04    0.24654E-14    0.46550E-17   -0.25052E-16
      1      38.036    0.14083E-04    0.24524E-14    0.19761E-17   -0.26482E-16
      1      37.637    0.13913E-04    0.24961E-14   -0.10481E-16   -0.25245E-16
      1      37.238    0.13755E-04    0.25124E-14    0.98686E-17   -0.12015E-16
      1      36.839    0.13609E-04    0.25729E-14   -0.14832E-17   -0.36158E-16
      1      36.440    0.13473E-04    0.25210E-14    0.72390E-17   -0.28267E-16
      1      36.040    0.13348E-04    0.26544E-14   -0.71783E-17   -0.29171E-16
      1      35.641    0.13233E-04    0.26656E-14   -0.70843E-17   -0.23664E-16
      1      35.242    0.13128E-04    0.26515E-14   -0.78022E-17   -0.26994E-16
      1      34.843    0.13033E-04    0.27006E-14    0.93381E-18   -0.17735E-16
      1      34.444    0.12947E-04    0.26894E-14   -0.12521E-16   -0.25851E-16
      1      34.045    0.12870E-04    0.27351E-14    0.25887E-17   -0.29442E-16
      1      33.646    0.12801E-04    0.28190E-14   -0.33070E-17   -0.24306E-16
      1      33.247    0.12741E-04    0.28062E-14    0.36494E-17   -0.33477E-16
      1      32.848    0.12690E-04    0.28339E-14   -0.70842E-17   -0.24303E-16
      1      32.448    0.12646E-04    0.28632E-14   -0.58895E-17   -0.33164E-16
      1      32.049    0.12610E-04    0.28815E-14    0.47005E-17   -0.30700E-16
      1      31.650    0.12581E-04    0.29428E-14   -0.48200E-17   -0.38877E-16
      1      31.251    0.12561E-04    0.28470E-14   -0.14397E-16   -0.38003E-16
      1      30.852    0.12548E-04    0.29406E-14   -0.40741E-17   -0.30573E-16
      1      30.453    0.12542E-04    0.29857E-14   -0.41300E-17   -0.29253E-16
      1      30.054    0.12544E-04    0.29940E-14    0.14632E-17   -0.46341E-16
      1      29.655    0.12553E-04    0.30041E-14   -0.41254E-17   -0.33377E-16
      1      29.255    0.12569E-04    0.30075E-14    0.33915E-18   -0.40173E-16
      1      28.856    0.12594E-04    0.31149E-14    0.48181E-17   -0.32778E-16
      1      28.457    0.12625E-04    0.30841E-14   -0.84530E-17   -0.42295E-16
      1      28.058    0.12664E-04    0.31015E-14   -0.12171E-16   -0.28477E-16
      1      27.659    0.12710E-04    0.30517E-14   -0.11895E-17   -0.43210E-16
      1      27.260    0.12764E-04    0.30773E-14    0.61914E-17   -0.21635E-16
      1      26.861    0.12825E-04    0.30693E-14   -0.82788E-17   -0.55756E-16
      1      26.462    0.12894E-04    0.30376E-14   -0.14505E-16   -0.46529E-16
      1      26.063    0.12970E-04    0.30289E-14   -0.83458E-17   -0.46894E-16
      1      25.663    0.13053E-04    0.30540E-14   -0.44767E-17   -0.46593E-16
      1      25.264    0.13145E-04    0.30139E-14   -0.29759E-18   -0.36546E-16
      1      24.865    0.13244E-04    0.30874E-14   -0.52823E-17   -0.42756E-16
      1      24.466    0.13352E-04    0.31118E-14    0.17726E-16   -0.56533E-16
      1      24.067    0.13468E-04    0.29989E-14    0.13123E-16   -0.44404E-16
      1      23.668    0.13590E-04    0.29760E-14   -0.71706E-17   -0.57450E-16
      1      23.269    0.13715E-04    0.29508E-14    0.84845E-17   -0.51390E-16
      1      22.870    0.13838E-04    0.29805E-14    0.14795E-16   -0.50511E-16
      1      22.471    0.13949E-04    0.29914E-14   -0.50016E-17   -0.46288E-16
      1      22.071    0.14035E-04    0.29016E-14    0.38281E-17   -0.60535E-16
      1      21.672    0.14082E-04    0.29366E-14   -0.31743E-17   -0.54892E-16
      1      21.273    0.14083E-04    0.29537E-14   -0.22294E-16   -0.47825E-16
      1      20.874    0.14043E-04    0.28898E-14    0.10166E-17   -0.61646E-16
      1      20.475    0.13976E-04    0.28838E-14    0.10968E-16   -0.59597E-16
      1      20.076    0.13897E-04    0.28772E-14   -0.13275E-16   -0.67032E-16
      1      19.677    0.13816E-04    0.29590E-14   -0.19659E-17   -0.71659E-16
      1      19.278    0.13743E-04    0.28843E-14    0.95586E-17   -0.75986E-16
      1      18.878    0.13682E-04    0.28399E-14    0.28832E-17   -0.68841E-16
      1      18.479    0.13638E-04    0.28197E-14   -0.10706E-17   -0.82494E-16
      1      18.080    0.13612E-04    0.28069E-14    0.28252E-16   -0.76473E-16
      1      17.681    0.13607E-04    0.27353E-14    0.20288E-16   -0.72293E-16
      1      17.282    0.13625E-04    0.26686E-14    0.13129E-16   -0.72232E-16
      1      16.883    0.13670E-04    0.26272E-14    0.21311E-17   -0.84367E-16
      1      16.484    0.13743E-04    0.26149E-14   -0.39576E-17   -0.78774E-16
      1      16.085    0.13848E-04    0.25126E-14    0.45135E-16   -0.82176E-16
      1      15.686    0.13989E-04    0.23389E-14    0.22622E-16   -0.92201E-16
      1      15.286    0.14170E-04    0.23520E-14    0.28414E-16   -0.93895E-16
      1      14.887    0.14394E-04    0.23307E-14    0.39521E-16   -0.84447E-16
      1      14.488    0.14665E-04    0.21761E-14    0.25657E-16   -0.82042E-16
      1      14.089    0.14988E-04    0.20918E-14    0.41646E-16   -0.96007E-16
      1      13.690    0.15368E-04    0.19141E-14    0.67045E-16   -0.91650E-16
      1      13.291    0.15809E-04    0.19180E-14    0.40683E-16   -0.89523E-16
      1      12.892    0.16318E-04    0.17795E-14    0.52108E-16   -0.94133E-16
      1      12.493    0.16899E-04    0.17193E-14    0.54647E-16   -0.84528E-16
      1      12.093    0.17558E-04    0.15994E-14    0.62181E-16   -0.10222E-15
      1      11.694    0.18303E-04    0.15785E-14    0.22859E-16   -0.80763E-16
      1      11.295    0.19139E-04    0.15812E-14    0.41344E-16   -0.88186E-16
      1      10.896    0.20076E-04    0.15494E-14    0.73127E-16   -0.80144E-16
      1      10.497    0.21125E-04    0.14955E-14    0.91602E-16   -0.77737E-16
      1      10.098    0.22298E-04    0.13739E-14    0.51975E-16   -0.86421E-16
      1       9.699    0.23606E-04    0.13895E-14    0.10278E-15   -0.65597E-16
      1       9.300    0.25065E-04    0.13921E-14    0.10190E-15   -0.77095E-16
      1       8.901    0.26688E-04    0.13596E-14    0.11161E-15   -0.59448E-16
      1       8.501    0.28490E-04    0.13530E-14    0.79185E-16   -0.86456E-16
      1       8.102    0.30487E-04    0.13720E-14    0.10182E-15   -0.63175E-16
      1       7.703    0.32694E-04    0.13825E-14    0.86887E-16   -0.63150E-16
      1       7.304    0.35125E-04    0.13423E-14    0.10003E-15   -0.52515E-16
      1       6.905    0.37781E-04    0.14548E-14    0.94871E-16   -0.65243E-16
      1       6.506    0.40650E-04    0.14575E-14    0.70037E-16   -0.67508E-16
      1       6.107    0.43713E-04    0.15035E-14    0.12893E-15   -0.49691E-16
      1       5.708    0.46941E-04    0.14419E-14    0.13793E-15   -0.54000E-16
      1       5.309    0.50296E-04    0.15614E-14    0.13888E-15   -0.50296E-16
      1       4.909    0.53732E-04    0.17482E-14    0.60828E-16   -0.39953E-16
      1       4.510    0.57193E-04    0.15926E-14    0.11260E-15   -0.50792E-16
      1       4.111    0.60620E-04    0.17631E-14    0.15104E-15   -0.43728E-16
      1       3.712    0.64032E-04    0.19677E-14    0.12036E-15   -0.34851E-16
      1       3.313    0.67451E-04    0.19493E-14    0.12491E-15   -0.31652E-16
      1       2.914    0.70806E-04    0.19102E-14    0.18502E-15   -0.30856E-16
      1       2.515    0.73920E-04    0.19708E-14    0.12330E-15   -0.32076E-16
      1       2.116    0.76443E-04    0.18679E-14    0.97757E-16   -0.20341E-16
      1       1.716    0.77716E-04    0.19672E-14    0.11322E-15   -0.37185E-16
      1       1.317    0.76484E-04    0.19255E-14    0.14408E-15   -0.25062E-16
      1       0.918    0.70905E-04    0.18591E-14    0.60089E-16   -0.30044E-16
      1       0.519    0.58056E-04    0.20635E-14    0.11756E-15   -0.20515E-16
      1       0.120    0.30097E-04    0.20489E-14    0.63511E-16   -0.23972E-16
