   3N SYSTEM INCLUSIVE  PHOTODESINTEGRATION
        DETECTED PARTICLE: 1- PROTON
        NOT DETECTED PARTICLES:2- PROTON  3-NEUTRON

      OMEGA 0.30000E+02
     MTTWE1,MTTWE2,MTTWE3=    1    1   -1
     TH1LAB,PHI1LAB=   180.000     0.000
   Unit of cross sections ... fm**2/(MeV*sr**2)
      I       E1      CROSS           AX           AY           AZ
      1      13.029    0.87089E-07    0.78306E-18    0.62179E-22   -0.22619E-17
      1      13.016    0.25408E-04    0.10896E-17    0.13259E-18   -0.95062E-17
      1      13.009    0.28613E-04    0.31683E-17   -0.35982E-21   -0.43742E-18
      1      13.002    0.30627E-04    0.43934E-17    0.40880E-18    0.59272E-17
      1      12.996    0.31952E-04    0.48932E-17    0.47895E-20   -0.29587E-17
      1      12.989    0.32848E-04    0.58044E-17    0.22076E-18   -0.19790E-17
      1      12.982    0.33464E-04    0.71351E-17    0.94270E-19    0.51723E-16
      1      12.976    0.33889E-04    0.95425E-17   -0.15565E-18    0.79499E-17
      1      12.969    0.34184E-04    0.12277E-16    0.96540E-19    0.45525E-16
      1      12.962    0.34388E-04    0.14150E-16    0.15474E-18    0.74983E-19
      1      12.956    0.34528E-04    0.15952E-16    0.44868E-18    0.12033E-16
      1      12.949    0.34624E-04    0.17310E-16    0.13227E-18    0.27150E-17
      1      12.942    0.34689E-04    0.20018E-16   -0.17575E-18    0.12172E-16
      1      12.936    0.34732E-04    0.24173E-16   -0.12916E-19   -0.14209E-16
      1      12.929    0.34757E-04    0.25428E-16    0.17651E-18   -0.58990E-17
      1      12.922    0.34771E-04    0.26783E-16    0.10192E-18   -0.27807E-19
      1      12.916    0.34775E-04    0.31019E-16   -0.65042E-18    0.14412E-17
      1      12.909    0.34771E-04    0.34606E-16    0.10123E-18   -0.46931E-17
      1      12.839    0.34562E-04    0.70681E-16   -0.64651E-19   -0.12172E-17
      1      12.769    0.34354E-04    0.11569E-15    0.17143E-17   -0.95860E-17
      1      12.698    0.34284E-04    0.16955E-15   -0.87916E-18   -0.71482E-17
      1      12.628    0.34344E-04    0.23489E-15   -0.16421E-17    0.42294E-17
      1      12.558    0.34505E-04    0.31046E-15    0.11824E-17   -0.24054E-17
      1      12.487    0.34746E-04    0.37349E-15    0.28689E-17    0.96045E-18
      1      12.417    0.35056E-04    0.45146E-15    0.97713E-18    0.16640E-16
      1      12.347    0.35427E-04    0.53563E-15   -0.17572E-17   -0.95549E-17
      1      12.277    0.35854E-04    0.62219E-15    0.16060E-17   -0.24954E-16
      1      12.206    0.36336E-04    0.72205E-15   -0.58340E-17   -0.80496E-17
      1      12.136    0.36869E-04    0.80770E-15   -0.37520E-17   -0.96022E-19
      1      12.066    0.37452E-04    0.89861E-15   -0.51182E-17   -0.31235E-17
      1      11.996    0.38080E-04    0.10307E-14   -0.50638E-17   -0.44004E-17
      1      11.925    0.38753E-04    0.10941E-14   -0.15318E-16   -0.39183E-17
      1      11.855    0.39467E-04    0.12131E-14   -0.12329E-16   -0.13390E-16
      1      11.785    0.40223E-04    0.13516E-14   -0.22266E-16   -0.19447E-16
      1      11.715    0.41019E-04    0.14174E-14   -0.20380E-16   -0.11024E-16
      1      11.644    0.41855E-04    0.14716E-14   -0.17550E-16   -0.17603E-16
      1      11.574    0.42731E-04    0.16495E-14   -0.28933E-16   -0.11920E-16
      1      11.504    0.43647E-04    0.17313E-14   -0.16351E-16   -0.81822E-17
      1      11.433    0.44604E-04    0.18005E-14   -0.17316E-16   -0.30532E-16
      1      11.363    0.45603E-04    0.18752E-14   -0.18934E-16   -0.30528E-16
      1      11.293    0.46644E-04    0.20127E-14   -0.18048E-16   -0.49541E-16
      1      11.223    0.47729E-04    0.21230E-14   -0.26987E-16   -0.37083E-16
      1      11.152    0.48858E-04    0.22220E-14   -0.14747E-16   -0.36036E-16
      1      11.082    0.50032E-04    0.22668E-14   -0.19145E-16   -0.58795E-16
      1      11.012    0.51250E-04    0.24262E-14   -0.14443E-16   -0.45929E-16
      1      10.942    0.52511E-04    0.24073E-14   -0.19849E-16   -0.53564E-16
      1      10.871    0.53815E-04    0.25935E-14   -0.24228E-16   -0.59159E-16
      1      10.801    0.55160E-04    0.26545E-14   -0.21529E-16   -0.67015E-16
      1      10.731    0.56544E-04    0.27522E-14   -0.32499E-16   -0.65530E-16
      1      10.660    0.57965E-04    0.28780E-14   -0.21737E-16   -0.63922E-16
      1      10.590    0.59422E-04    0.29350E-14   -0.11273E-16   -0.70792E-16
      1      10.520    0.60912E-04    0.30494E-14   -0.24468E-16   -0.57096E-16
      1      10.450    0.62435E-04    0.31157E-14   -0.12859E-16   -0.71453E-16
      1      10.379    0.63989E-04    0.31530E-14   -0.36373E-17   -0.79518E-16
      1      10.309    0.65574E-04    0.32886E-14   -0.18556E-16   -0.82794E-16
      1      10.239    0.67189E-04    0.33735E-14   -0.10167E-17   -0.94444E-16
      1      10.169    0.68835E-04    0.34506E-14   -0.16308E-16   -0.81519E-16
      1      10.098    0.70511E-04    0.35567E-14   -0.39057E-16   -0.84256E-16
      1      10.028    0.72218E-04    0.35774E-14   -0.12270E-16   -0.97286E-16
      1       9.958    0.73956E-04    0.36182E-14   -0.33789E-17   -0.97393E-16
      1       9.887    0.75725E-04    0.37615E-14   -0.10917E-16   -0.93366E-16
      1       9.817    0.77525E-04    0.38126E-14   -0.13470E-16   -0.79820E-16
      1       9.747    0.79356E-04    0.38577E-14   -0.10723E-16   -0.12283E-15
      1       9.677    0.81218E-04    0.39478E-14   -0.42775E-17   -0.86798E-16
      1       9.606    0.83110E-04    0.40408E-14    0.79575E-17   -0.11635E-15
      1       9.536    0.85033E-04    0.41009E-14   -0.70064E-17   -0.95164E-16
      1       9.466    0.86986E-04    0.41523E-14   -0.65259E-17   -0.10967E-15
      1       9.396    0.88971E-04    0.41662E-14   -0.79185E-17   -0.12861E-15
      1       9.325    0.90987E-04    0.42602E-14   -0.20442E-16   -0.14045E-15
      1       9.255    0.93034E-04    0.43408E-14   -0.10978E-16   -0.11182E-15
      1       9.185    0.95114E-04    0.44357E-14   -0.76144E-17   -0.11026E-15
      1       9.115    0.97226E-04    0.44696E-14   -0.10274E-16   -0.12856E-15
      1       9.044    0.99371E-04    0.44417E-14   -0.27859E-16   -0.12256E-15
      1       8.974    0.10155E-03    0.45249E-14   -0.14042E-16   -0.13406E-15
      1       8.904    0.10376E-03    0.46029E-14   -0.17372E-16   -0.13358E-15
      1       8.833    0.10600E-03    0.46277E-14   -0.63166E-17   -0.12972E-15
      1       8.763    0.10828E-03    0.47529E-14   -0.18726E-16   -0.15772E-15
      1       8.693    0.11059E-03    0.47124E-14   -0.11341E-16   -0.13888E-15
      1       8.623    0.11293E-03    0.47910E-14   -0.27102E-16   -0.14986E-15
      1       8.552    0.11531E-03    0.47857E-14   -0.20749E-16   -0.13275E-15
      1       8.482    0.11772E-03    0.48634E-14    0.12087E-18   -0.14526E-15
      1       8.412    0.12017E-03    0.48331E-14    0.10196E-16   -0.13615E-15
      1       8.342    0.12266E-03    0.48800E-14   -0.43617E-17   -0.16791E-15
      1       8.271    0.12519E-03    0.49738E-14   -0.12059E-16   -0.13926E-15
      1       8.201    0.12777E-03    0.51501E-14    0.84588E-18   -0.17909E-15
      1       8.131    0.13039E-03    0.51650E-14    0.13563E-16   -0.19278E-15
      1       8.060    0.13306E-03    0.52008E-14    0.21204E-16   -0.18127E-15
      1       7.990    0.13578E-03    0.51012E-14   -0.15723E-16   -0.18447E-15
      1       7.920    0.13855E-03    0.52832E-14    0.22304E-16   -0.17466E-15
      1       7.850    0.14139E-03    0.52342E-14    0.15103E-16   -0.15566E-15
      1       7.779    0.14427E-03    0.52585E-14    0.24853E-16   -0.19921E-15
      1       7.709    0.14722E-03    0.52898E-14    0.17449E-16   -0.17989E-15
      1       7.639    0.15022E-03    0.54002E-14    0.78744E-17   -0.17458E-15
      1       7.569    0.15328E-03    0.55267E-14    0.35150E-17   -0.19108E-15
      1       7.498    0.15640E-03    0.55071E-14   -0.15669E-17   -0.18373E-15
      1       7.428    0.15957E-03    0.54888E-14   -0.81332E-17   -0.17485E-15
      1       7.358    0.16281E-03    0.53792E-14    0.12588E-16   -0.18242E-15
      1       7.288    0.16610E-03    0.55367E-14    0.96961E-18   -0.17365E-15
      1       7.217    0.16945E-03    0.55483E-14    0.10693E-16   -0.18497E-15
      1       7.147    0.17286E-03    0.55204E-14    0.11011E-16   -0.16238E-15
      1       7.077    0.17633E-03    0.56816E-14    0.39663E-17   -0.17222E-15
      1       7.006    0.17987E-03    0.55795E-14    0.89881E-17   -0.17403E-15
      1       6.936    0.18346E-03    0.57085E-14    0.84699E-17   -0.18186E-15
      1       6.866    0.18711E-03    0.55901E-14    0.27516E-16   -0.18060E-15
      1       6.796    0.19083E-03    0.56799E-14    0.14120E-16   -0.18349E-15
      1       6.725    0.19461E-03    0.57700E-14    0.14747E-16   -0.20757E-15
      1       6.655    0.19846E-03    0.58211E-14    0.18516E-16   -0.16908E-15
      1       6.585    0.20237E-03    0.57783E-14    0.18343E-16   -0.16522E-15
      1       6.515    0.20635E-03    0.57075E-14    0.50735E-18   -0.17594E-15
      1       6.444    0.21039E-03    0.57993E-14    0.21713E-16   -0.17611E-15
      1       6.374    0.21451E-03    0.58302E-14   -0.35461E-17   -0.14633E-15
      1       6.304    0.21870E-03    0.57960E-14    0.10519E-16   -0.16444E-15
      1       6.233    0.22296E-03    0.59365E-14    0.18836E-16   -0.17277E-15
      1       6.163    0.22730E-03    0.58239E-14    0.57119E-17   -0.17376E-15
      1       6.093    0.23171E-03    0.60429E-14    0.17037E-16   -0.17564E-15
      1       6.023    0.23620E-03    0.59422E-14    0.25864E-16   -0.17083E-15
      1       5.952    0.24078E-03    0.59152E-14    0.22865E-16   -0.17124E-15
      1       5.882    0.24543E-03    0.59478E-14    0.76837E-17   -0.18170E-15
      1       5.812    0.25017E-03    0.60854E-14    0.80342E-18   -0.14110E-15
      1       5.742    0.25500E-03    0.59250E-14    0.13200E-16   -0.17263E-15
      1       5.671    0.25991E-03    0.59167E-14    0.19444E-16   -0.16616E-15
      1       5.601    0.26491E-03    0.59531E-14    0.78530E-17   -0.16352E-15
      1       5.531    0.27000E-03    0.60902E-14    0.20259E-16   -0.16773E-15
      1       5.461    0.27517E-03    0.60772E-14    0.14945E-16   -0.16670E-15
      1       5.390    0.28043E-03    0.61063E-14    0.28154E-16   -0.15223E-15
      1       5.320    0.28577E-03    0.60738E-14    0.16219E-16   -0.16411E-15
      1       5.250    0.29120E-03    0.60683E-14    0.15142E-16   -0.13792E-15
      1       5.179    0.29671E-03    0.60567E-14    0.30181E-16   -0.14738E-15
      1       5.109    0.30231E-03    0.60889E-14    0.22510E-16   -0.14772E-15
      1       5.039    0.30799E-03    0.61180E-14    0.18251E-16   -0.16558E-15
      1       4.969    0.31374E-03    0.62016E-14    0.18789E-17   -0.14347E-15
      1       4.898    0.31958E-03    0.60132E-14    0.19907E-16   -0.14316E-15
      1       4.828    0.32549E-03    0.61677E-14    0.18654E-16   -0.15182E-15
      1       4.758    0.33147E-03    0.61239E-14    0.52154E-17   -0.14321E-15
      1       4.688    0.33753E-03    0.61601E-14    0.33126E-16   -0.14451E-15
      1       4.617    0.34366E-03    0.61644E-14    0.22154E-16   -0.14477E-15
      1       4.547    0.34986E-03    0.61129E-14    0.20217E-16   -0.15078E-15
      1       4.477    0.35612E-03    0.62975E-14    0.31711E-16   -0.13437E-15
      1       4.406    0.36244E-03    0.61982E-14    0.68060E-17   -0.13101E-15
      1       4.336    0.36882E-03    0.60327E-14    0.62652E-17   -0.15334E-15
      1       4.266    0.37526E-03    0.61893E-14   -0.14591E-16   -0.12649E-15
      1       4.196    0.38175E-03    0.60779E-14    0.41531E-16   -0.12554E-15
      1       4.125    0.38828E-03    0.61439E-14    0.24279E-16   -0.14048E-15
      1       4.055    0.39486E-03    0.61978E-14    0.43368E-16   -0.13457E-15
      1       3.985    0.40147E-03    0.62726E-14    0.20168E-16   -0.13249E-15
      1       3.915    0.40811E-03    0.61884E-14    0.16363E-16   -0.13418E-15
      1       3.844    0.41478E-03    0.62155E-14    0.10503E-16   -0.13040E-15
      1       3.774    0.42145E-03    0.62073E-14   -0.27974E-17   -0.12344E-15
      1       3.704    0.42813E-03    0.62017E-14    0.29120E-16   -0.12129E-15
      1       3.633    0.43480E-03    0.61473E-14    0.33362E-16   -0.12552E-15
      1       3.563    0.44143E-03    0.60684E-14    0.49531E-16   -0.13001E-15
      1       3.493    0.44801E-03    0.61690E-14    0.35747E-16   -0.13092E-15
      1       3.423    0.45451E-03    0.60348E-14    0.30874E-16   -0.13054E-15
      1       3.352    0.46090E-03    0.62427E-14    0.33603E-16   -0.13213E-15
      1       3.282    0.46713E-03    0.62826E-14    0.67722E-17   -0.15076E-15
      1       3.212    0.47316E-03    0.62404E-14    0.38858E-16   -0.13367E-15
      1       3.142    0.47895E-03    0.59964E-14    0.80733E-16   -0.13613E-15
      1       3.071    0.48442E-03    0.61918E-14    0.30963E-16   -0.12821E-15
      1       3.001    0.48954E-03    0.62217E-14    0.37027E-16   -0.14508E-15
      1       2.931    0.49424E-03    0.60611E-14    0.17070E-16   -0.13623E-15
      1       2.861    0.49848E-03    0.61526E-14    0.35300E-16   -0.12986E-15
      1       2.790    0.50220E-03    0.62863E-14    0.41287E-16   -0.13186E-15
      1       2.720    0.50540E-03    0.62236E-14    0.68532E-16   -0.14408E-15
      1       2.650    0.50807E-03    0.60282E-14    0.54106E-16   -0.12926E-15
      1       2.579    0.51020E-03    0.62424E-14    0.62693E-16   -0.12839E-15
      1       2.509    0.51183E-03    0.61605E-14    0.74576E-16   -0.13881E-15
      1       2.439    0.51297E-03    0.62169E-14    0.38724E-16   -0.14283E-15
      1       2.369    0.51364E-03    0.63816E-14    0.58004E-16   -0.13757E-15
      1       2.298    0.51388E-03    0.63315E-14    0.86627E-16   -0.13834E-15
      1       2.228    0.51370E-03    0.60872E-14    0.56438E-16   -0.15077E-15
      1       2.158    0.51312E-03    0.61178E-14    0.46105E-16   -0.14716E-15
      1       2.088    0.51216E-03    0.61497E-14    0.68000E-16   -0.15188E-15
      1       2.017    0.51083E-03    0.62122E-14    0.61684E-16   -0.15108E-15
      1       1.947    0.50913E-03    0.62206E-14    0.41054E-16   -0.14792E-15
      1       1.877    0.50708E-03    0.62156E-14    0.49640E-16   -0.13201E-15
      1       1.806    0.50468E-03    0.63662E-14    0.87222E-16   -0.14685E-15
      1       1.736    0.50193E-03    0.62146E-14    0.41787E-16   -0.15960E-15
      1       1.666    0.49884E-03    0.62568E-14    0.91772E-16   -0.14379E-15
      1       1.596    0.49540E-03    0.62282E-14    0.44315E-16   -0.13918E-15
      1       1.525    0.49160E-03    0.62941E-14    0.11098E-15   -0.15721E-15
      1       1.455    0.48744E-03    0.63780E-14    0.26189E-16   -0.14600E-15
      1       1.385    0.48290E-03    0.62958E-14    0.12354E-16   -0.14746E-15
      1       1.315    0.47796E-03    0.62644E-14    0.47015E-16   -0.16381E-15
      1       1.244    0.47259E-03    0.61862E-14    0.44250E-16   -0.15795E-15
      1       1.174    0.46675E-03    0.62621E-14    0.81426E-16   -0.17208E-15
      1       1.104    0.46040E-03    0.62683E-14    0.84246E-16   -0.14655E-15
      1       1.034    0.45346E-03    0.62050E-14    0.94287E-16   -0.17072E-15
      1       0.963    0.44587E-03    0.61550E-14    0.77039E-16   -0.16424E-15
      1       0.893    0.43753E-03    0.62620E-14    0.10140E-15   -0.15286E-15
      1       0.823    0.42831E-03    0.60700E-14    0.10379E-15   -0.15696E-15
      1       0.752    0.41807E-03    0.61977E-14    0.51555E-16   -0.17948E-15
      1       0.682    0.40661E-03    0.61330E-14    0.89031E-16   -0.14982E-15
      1       0.612    0.39369E-03    0.63047E-14    0.79396E-16   -0.16216E-15
      1       0.542    0.37899E-03    0.60132E-14    0.60676E-16   -0.16032E-15
      1       0.471    0.36210E-03    0.61706E-14    0.59291E-16   -0.16675E-15
      1       0.401    0.34243E-03    0.61031E-14    0.12475E-15   -0.18434E-15
      1       0.331    0.31915E-03    0.60780E-14    0.94970E-16   -0.16550E-15
      1       0.261    0.29101E-03    0.60632E-14    0.10315E-15   -0.16715E-15
      1       0.190    0.25587E-03    0.61211E-14    0.97090E-16   -0.15851E-15
      1       0.120    0.20945E-03    0.60491E-14    0.11408E-15   -0.19300E-15
