   3N SYSTEM INCLUSIVE  PHOTODESINTEGRATION
        DETECTED PARTICLE: 1- PROTON
        NOT DETECTED PARTICLES:2- PROTON  3-NEUTRON

      OMEGA 0.30000E+02
     MTTWE1,MTTWE2,MTTWE3=    1    1   -1
     TH1LAB,PHI1LAB=   120.000     0.000
   Unit of cross sections ... fm**2/(MeV*sr**2)
      I       E1      CROSS           AX           AY           AZ
      1      13.837    0.13414E-05   -0.92252E+00   -0.34053E-18   -0.16625E-17
      1      13.823    0.37800E-03   -0.91877E+00    0.68713E-18   -0.70694E-18
      1      13.817    0.42011E-03   -0.91748E+00   -0.14987E-18    0.73447E-18
      1      13.810    0.44381E-03   -0.91625E+00    0.74399E-18   -0.25939E-17
      1      13.803    0.45704E-03   -0.91505E+00    0.99541E-18   -0.14119E-17
      1      13.797    0.46387E-03   -0.91389E+00    0.22344E-17   -0.20580E-17
      1      13.790    0.46666E-03   -0.91276E+00   -0.13387E-17   -0.21812E-17
      1      13.783    0.46683E-03   -0.91166E+00    0.15824E-18    0.33273E-17
      1      13.777    0.46532E-03   -0.91061E+00   -0.13617E-17   -0.32702E-17
      1      13.770    0.46272E-03   -0.90959E+00   -0.35466E-19   -0.51872E-18
      1      13.763    0.45946E-03   -0.90860E+00    0.11317E-17    0.26738E-18
      1      13.757    0.45581E-03   -0.90766E+00   -0.73560E-17   -0.36533E-17
      1      13.750    0.45197E-03   -0.90675E+00    0.65640E-18   -0.80617E-18
      1      13.743    0.44807E-03   -0.90588E+00   -0.24571E-19   -0.77928E-18
      1      13.737    0.44417E-03   -0.90504E+00    0.11181E-16    0.24478E-17
      1      13.730    0.44029E-03   -0.90424E+00   -0.18628E-17    0.36883E-17
      1      13.723    0.43647E-03   -0.90345E+00    0.40438E-17    0.36041E-17
      1      13.717    0.43272E-03   -0.90270E+00   -0.19479E-17   -0.47175E-17
      1      13.642    0.39582E-03   -0.89519E+00    0.38036E-17    0.34253E-17
      1      13.567    0.36760E-03   -0.88874E+00   -0.42203E-18   -0.39519E-17
      1      13.492    0.34652E-03   -0.88309E+00    0.20543E-17    0.87584E-18
      1      13.418    0.33049E-03   -0.87807E+00   -0.23955E-17    0.33296E-17
      1      13.343    0.31788E-03   -0.87347E+00   -0.25618E-17   -0.14841E-16
      1      13.268    0.30763E-03   -0.86912E+00    0.22117E-17    0.71721E-17
      1      13.194    0.29905E-03   -0.86489E+00    0.15104E-17   -0.40675E-17
      1      13.119    0.29168E-03   -0.86069E+00    0.31101E-17    0.12601E-16
      1      13.044    0.28522E-03   -0.85644E+00    0.50133E-17    0.58014E-17
      1      12.970    0.27947E-03   -0.85209E+00    0.12181E-17    0.63000E-17
      1      12.895    0.27428E-03   -0.84760E+00    0.48582E-17    0.99011E-17
      1      12.820    0.26960E-03   -0.84298E+00    0.43863E-17   -0.53721E-17
      1      12.745    0.26537E-03   -0.83826E+00   -0.34072E-17   -0.10051E-16
      1      12.671    0.26157E-03   -0.83343E+00    0.13651E-17   -0.15350E-17
      1      12.596    0.25815E-03   -0.82852E+00   -0.13005E-16   -0.78862E-17
      1      12.521    0.25509E-03   -0.82353E+00    0.13720E-16    0.16556E-17
      1      12.447    0.25236E-03   -0.81846E+00    0.11824E-16    0.19882E-16
      1      12.372    0.24992E-03   -0.81331E+00   -0.28127E-17    0.72190E-17
      1      12.297    0.24775E-03   -0.80808E+00    0.11246E-16   -0.46531E-17
      1      12.222    0.24583E-03   -0.80277E+00    0.12358E-16    0.85264E-17
      1      12.148    0.24414E-03   -0.79737E+00   -0.10614E-16   -0.20587E-16
      1      12.073    0.24267E-03   -0.79188E+00    0.19116E-16    0.20193E-16
      1      11.998    0.24139E-03   -0.78630E+00    0.95187E-17    0.39351E-17
      1      11.924    0.24031E-03   -0.78064E+00   -0.23836E-17    0.14354E-16
      1      11.849    0.23943E-03   -0.77491E+00   -0.58349E-17    0.16515E-17
      1      11.774    0.23874E-03   -0.76911E+00    0.63894E-17    0.26270E-16
      1      11.700    0.23824E-03   -0.76327E+00    0.14898E-16    0.23336E-16
      1      11.625    0.23794E-03   -0.75741E+00   -0.69229E-17    0.18029E-16
      1      11.550    0.23782E-03   -0.75154E+00   -0.11406E-16    0.35002E-18
      1      11.475    0.23788E-03   -0.74569E+00    0.15470E-16   -0.78749E-18
      1      11.401    0.23813E-03   -0.73987E+00    0.50267E-17    0.40175E-17
      1      11.326    0.23856E-03   -0.73410E+00   -0.16547E-16    0.31693E-17
      1      11.251    0.23915E-03   -0.72840E+00   -0.42271E-17    0.77251E-18
      1      11.177    0.23991E-03   -0.72278E+00    0.17372E-17    0.38835E-16
      1      11.102    0.24082E-03   -0.71724E+00    0.82971E-17    0.45355E-17
      1      11.027    0.24189E-03   -0.71178E+00    0.41984E-17    0.93659E-18
      1      10.952    0.24308E-03   -0.70641E+00    0.10063E-16   -0.30901E-16
      1      10.878    0.24440E-03   -0.70111E+00   -0.25731E-16   -0.22433E-16
      1      10.803    0.24585E-03   -0.69588E+00   -0.92693E-18    0.45298E-16
      1      10.728    0.24740E-03   -0.69073E+00   -0.76323E-18   -0.48995E-17
      1      10.654    0.24906E-03   -0.68564E+00   -0.78124E-17    0.32471E-16
      1      10.579    0.25081E-03   -0.68063E+00   -0.11285E-16   -0.32260E-17
      1      10.504    0.25267E-03   -0.67569E+00    0.66177E-18   -0.67189E-17
      1      10.430    0.25463E-03   -0.67082E+00    0.24051E-16   -0.38980E-16
      1      10.355    0.25670E-03   -0.66604E+00    0.30168E-17    0.27619E-16
      1      10.280    0.25887E-03   -0.66136E+00    0.73927E-17    0.21205E-16
      1      10.205    0.26115E-03   -0.65679E+00    0.15271E-16   -0.27375E-16
      1      10.131    0.26355E-03   -0.65233E+00   -0.16942E-16    0.32412E-16
      1      10.056    0.26607E-03   -0.64800E+00   -0.13229E-16   -0.11329E-16
      1       9.981    0.26871E-03   -0.64380E+00   -0.23259E-16    0.15183E-16
      1       9.907    0.27148E-03   -0.63973E+00    0.42446E-16   -0.43003E-16
      1       9.832    0.27438E-03   -0.63580E+00    0.26726E-16   -0.41171E-16
      1       9.757    0.27741E-03   -0.63200E+00   -0.16464E-16    0.43699E-16
      1       9.682    0.28056E-03   -0.62835E+00   -0.19659E-16   -0.74528E-17
      1       9.608    0.28385E-03   -0.62482E+00   -0.98155E-17    0.38010E-16
      1       9.533    0.28725E-03   -0.62143E+00   -0.79079E-17    0.18394E-17
      1       9.458    0.29078E-03   -0.61817E+00    0.62500E-17    0.46419E-16
      1       9.384    0.29442E-03   -0.61503E+00    0.88147E-17    0.20875E-16
      1       9.309    0.29818E-03   -0.61200E+00    0.31257E-16   -0.29601E-17
      1       9.234    0.30205E-03   -0.60908E+00    0.34558E-16    0.10731E-17
      1       9.159    0.30603E-03   -0.60625E+00    0.14027E-16   -0.18073E-16
      1       9.085    0.31011E-03   -0.60351E+00   -0.19531E-16    0.12221E-16
      1       9.010    0.31429E-03   -0.60085E+00   -0.57296E-17    0.25599E-16
      1       8.935    0.31858E-03   -0.59826E+00   -0.21109E-16   -0.35338E-17
      1       8.861    0.32298E-03   -0.59573E+00    0.33485E-16   -0.14813E-16
      1       8.786    0.32749E-03   -0.59326E+00   -0.26289E-16    0.37146E-16
      1       8.711    0.33211E-03   -0.59085E+00   -0.17164E-16    0.20217E-16
      1       8.637    0.33686E-03   -0.58850E+00   -0.17023E-16   -0.62704E-16
      1       8.562    0.34173E-03   -0.58621E+00    0.33301E-17    0.51982E-16
      1       8.487    0.34675E-03   -0.58400E+00    0.18991E-16    0.48587E-17
      1       8.412    0.35192E-03   -0.58186E+00    0.13496E-16    0.19525E-16
      1       8.338    0.35725E-03   -0.57981E+00   -0.58588E-17    0.25857E-16
      1       8.263    0.36275E-03   -0.57786E+00    0.30043E-17   -0.87226E-17
      1       8.188    0.36844E-03   -0.57602E+00    0.26524E-16    0.16490E-16
      1       8.114    0.37432E-03   -0.57429E+00    0.11862E-17    0.21540E-16
      1       8.039    0.38041E-03   -0.57269E+00    0.14830E-16   -0.43491E-16
      1       7.964    0.38670E-03   -0.57121E+00    0.18913E-16    0.51927E-17
      1       7.889    0.39320E-03   -0.56986E+00    0.11440E-16    0.63047E-17
      1       7.815    0.39992E-03   -0.56863E+00    0.46105E-17    0.31084E-16
      1       7.740    0.40685E-03   -0.56752E+00    0.15938E-16    0.13206E-16
      1       7.665    0.41400E-03   -0.56654E+00   -0.19443E-16    0.96452E-19
      1       7.591    0.42137E-03   -0.56567E+00    0.12784E-16   -0.75953E-17
      1       7.516    0.42898E-03   -0.56491E+00   -0.12284E-16    0.83068E-17
      1       7.441    0.43681E-03   -0.56427E+00   -0.62301E-17    0.26591E-16
      1       7.367    0.44488E-03   -0.56373E+00    0.25710E-16    0.17401E-16
      1       7.292    0.45319E-03   -0.56330E+00    0.37524E-16    0.65166E-17
      1       7.217    0.46173E-03   -0.56297E+00    0.10691E-16    0.13442E-16
      1       7.142    0.47052E-03   -0.56272E+00   -0.23553E-16    0.24767E-16
      1       7.068    0.47956E-03   -0.56257E+00    0.18080E-16    0.19094E-16
      1       6.993    0.48885E-03   -0.56250E+00    0.55437E-17    0.17889E-16
      1       6.918    0.49839E-03   -0.56251E+00    0.34509E-16    0.28629E-16
      1       6.844    0.50819E-03   -0.56260E+00   -0.14452E-16    0.17172E-16
      1       6.769    0.51827E-03   -0.56277E+00   -0.50864E-17    0.29654E-16
      1       6.694    0.52862E-03   -0.56301E+00   -0.39058E-16    0.43819E-17
      1       6.619    0.53926E-03   -0.56332E+00    0.26466E-16    0.11796E-16
      1       6.545    0.55021E-03   -0.56371E+00    0.34756E-16    0.25877E-16
      1       6.470    0.56147E-03   -0.56418E+00    0.44744E-18   -0.37174E-17
      1       6.395    0.57306E-03   -0.56474E+00    0.12563E-16    0.17882E-16
      1       6.321    0.58500E-03   -0.56537E+00    0.35892E-16    0.44888E-17
      1       6.246    0.59729E-03   -0.56609E+00    0.27379E-16    0.56643E-17
      1       6.171    0.60996E-03   -0.56690E+00   -0.70411E-16    0.25436E-16
      1       6.097    0.62301E-03   -0.56781E+00    0.30325E-16   -0.16531E-16
      1       6.022    0.63647E-03   -0.56880E+00   -0.40378E-17    0.76052E-17
      1       5.947    0.65035E-03   -0.56989E+00    0.66273E-16    0.19336E-16
      1       5.872    0.66464E-03   -0.57106E+00    0.13128E-16    0.13087E-16
      1       5.798    0.67936E-03   -0.57233E+00    0.39375E-16    0.76372E-17
      1       5.723    0.69452E-03   -0.57369E+00   -0.44192E-16    0.25890E-18
      1       5.648    0.71014E-03   -0.57513E+00   -0.43519E-16   -0.89242E-17
      1       5.574    0.72622E-03   -0.57667E+00    0.13663E-16    0.13486E-16
      1       5.499    0.74277E-03   -0.57829E+00    0.67220E-16    0.76142E-17
      1       5.424    0.75981E-03   -0.58000E+00    0.52483E-16    0.93815E-17
      1       5.349    0.77735E-03   -0.58180E+00   -0.16506E-16   -0.14335E-16
      1       5.275    0.79540E-03   -0.58369E+00    0.31324E-17    0.14796E-16
      1       5.200    0.81397E-03   -0.58567E+00    0.43873E-17    0.86382E-17
      1       5.125    0.83308E-03   -0.58773E+00   -0.46584E-16    0.23984E-16
      1       5.051    0.85276E-03   -0.58989E+00   -0.69005E-18    0.60898E-17
      1       4.976    0.87300E-03   -0.59214E+00   -0.54434E-16   -0.15262E-16
      1       4.901    0.89384E-03   -0.59447E+00   -0.23393E-16   -0.62899E-17
      1       4.827    0.91528E-03   -0.59690E+00   -0.46759E-16    0.11984E-16
      1       4.752    0.93734E-03   -0.59942E+00    0.52533E-16    0.26259E-17
      1       4.677    0.96004E-03   -0.60202E+00   -0.75301E-16   -0.74983E-17
      1       4.602    0.98339E-03   -0.60471E+00    0.10428E-15    0.12561E-16
      1       4.528    0.10074E-02   -0.60749E+00   -0.64348E-16   -0.11262E-16
      1       4.453    0.10321E-02   -0.61035E+00    0.35004E-16    0.90942E-17
      1       4.378    0.10575E-02   -0.61330E+00    0.47049E-16   -0.99226E-17
      1       4.304    0.10836E-02   -0.61634E+00    0.75132E-16   -0.42529E-17
      1       4.229    0.11104E-02   -0.61946E+00    0.10681E-15    0.46761E-17
      1       4.154    0.11379E-02   -0.62264E+00   -0.30055E-16   -0.52195E-17
      1       4.079    0.11660E-02   -0.62588E+00    0.16098E-15    0.62732E-17
      1       4.005    0.11947E-02   -0.62915E+00    0.26737E-16   -0.94366E-18
      1       3.930    0.12237E-02   -0.63239E+00    0.50576E-16   -0.98740E-17
      1       3.855    0.12527E-02   -0.63555E+00   -0.17972E-16    0.93202E-17
      1       3.781    0.12815E-02   -0.63854E+00    0.70474E-17    0.20365E-17
      1       3.706    0.13094E-02   -0.64126E+00   -0.56750E-16   -0.14109E-16
      1       3.631    0.13357E-02   -0.64360E+00   -0.72228E-16   -0.12520E-16
      1       3.557    0.13598E-02   -0.64541E+00    0.75846E-16   -0.35485E-17
      1       3.482    0.13808E-02   -0.64655E+00    0.16404E-15   -0.22433E-16
      1       3.407    0.13976E-02   -0.64685E+00    0.81202E-16    0.14038E-16
      1       3.332    0.14095E-02   -0.64617E+00    0.11954E-15   -0.46466E-17
      1       3.258    0.14155E-02   -0.64435E+00    0.12828E-15   -0.18737E-16
      1       3.183    0.14152E-02   -0.64127E+00   -0.18663E-16    0.38802E-17
      1       3.108    0.14083E-02   -0.63686E+00    0.17815E-16   -0.20207E-16
      1       3.034    0.13951E-02   -0.63113E+00    0.15377E-15   -0.39720E-17
      1       2.959    0.13764E-02   -0.62413E+00   -0.87670E-16   -0.11451E-16
      1       2.884    0.13528E-02   -0.61595E+00   -0.79251E-16   -0.57372E-17
      1       2.809    0.13254E-02   -0.60668E+00    0.12401E-15    0.57907E-17
      1       2.735    0.12950E-02   -0.59644E+00    0.17724E-15    0.38432E-17
      1       2.660    0.12625E-02   -0.58536E+00    0.11835E-15   -0.11196E-16
      1       2.585    0.12286E-02   -0.57357E+00    0.14420E-15   -0.37390E-17
      1       2.511    0.11941E-02   -0.56115E+00    0.14618E-15   -0.32170E-17
      1       2.436    0.11593E-02   -0.54821E+00   -0.83943E-16   -0.94848E-18
      1       2.361    0.11246E-02   -0.53481E+00    0.73541E-17   -0.16395E-16
      1       2.286    0.10902E-02   -0.52100E+00   -0.12276E-15   -0.13540E-17
      1       2.212    0.10563E-02   -0.50680E+00    0.36448E-16   -0.36123E-17
      1       2.137    0.10229E-02   -0.49223E+00   -0.49338E-17    0.31637E-17
      1       2.062    0.99014E-03   -0.47732E+00   -0.55570E-17    0.12704E-16
      1       1.988    0.95809E-03   -0.46209E+00    0.92836E-16   -0.11620E-17
      1       1.913    0.92679E-03   -0.44658E+00    0.59314E-16   -0.13675E-16
      1       1.838    0.89629E-03   -0.43083E+00   -0.29310E-16    0.91715E-17
      1       1.764    0.86661E-03   -0.41485E+00   -0.76535E-17    0.62399E-17
      1       1.689    0.83775E-03   -0.39869E+00    0.85352E-16    0.22114E-16
      1       1.614    0.80969E-03   -0.38237E+00    0.10918E-15   -0.61738E-17
      1       1.539    0.78241E-03   -0.36592E+00    0.13623E-17   -0.77419E-17
      1       1.465    0.75588E-03   -0.34939E+00    0.10979E-17    0.43503E-17
      1       1.390    0.73006E-03   -0.33281E+00    0.52983E-16    0.67120E-17
      1       1.315    0.70490E-03   -0.31623E+00    0.45517E-16    0.15275E-16
      1       1.241    0.68026E-03   -0.29964E+00    0.16757E-16   -0.43197E-17
      1       1.166    0.65599E-03   -0.28297E+00    0.48587E-16   -0.22066E-16
      1       1.091    0.63191E-03   -0.26616E+00    0.26053E-16    0.42341E-17
      1       1.016    0.60783E-03   -0.24912E+00    0.64009E-16   -0.16106E-16
      1       0.942    0.58357E-03   -0.23176E+00    0.28773E-16   -0.75731E-17
      1       0.867    0.55894E-03   -0.21401E+00    0.10803E-16   -0.19705E-16
      1       0.792    0.53374E-03   -0.19579E+00    0.39380E-16   -0.12965E-16
      1       0.718    0.50780E-03   -0.17710E+00    0.84554E-16    0.19533E-16
      1       0.643    0.48093E-03   -0.15801E+00    0.58822E-16    0.65327E-17
      1       0.568    0.45302E-03   -0.13888E+00    0.35131E-16   -0.28111E-17
      1       0.494    0.42378E-03   -0.12008E+00    0.14267E-15   -0.29912E-16
      1       0.419    0.39266E-03   -0.10181E+00    0.85397E-16    0.32345E-17
      1       0.344    0.35878E-03   -0.84217E-01    0.85950E-16   -0.21177E-16
      1       0.269    0.32085E-03   -0.67684E-01    0.25999E-16   -0.10952E-16
      1       0.195    0.27658E-03   -0.52718E-01    0.74226E-16    0.47083E-17
      1       0.120    0.22019E-03   -0.36147E-01    0.79705E-16   -0.12125E-16
