   3N SYSTEM INCLUSIVE  PHOTODESINTEGRATION
        DETECTED PARTICLE: 1- PROTON
        NOT DETECTED PARTICLES:2- PROTON  3-NEUTRON

      OMEGA 0.10000E+03
     MTTWE1,MTTWE2,MTTWE3=    1    1   -1
     TH1LAB,PHI1LAB=   180.000     0.000
   Unit of cross sections ... fm**2/(MeV*sr**2)
      I       E1      CROSS           AX           AY           AZ
      1      48.980    0.20139E-07    0.86535E-18    0.19412E-21   -0.56684E-16
      1      48.967    0.57296E-05    0.69721E-18    0.15768E-20    0.34028E-16
      1      48.960    0.64220E-05    0.74471E-18    0.12547E-21    0.58273E-16
      1      48.954    0.68536E-05    0.11559E-17    0.63426E-21    0.54110E-17
      1      48.947    0.71369E-05    0.13186E-17    0.17301E-19    0.30909E-16
      1      48.940    0.73284E-05    0.17365E-17    0.13073E-20   -0.17861E-16
      1      48.934    0.74597E-05    0.21551E-17   -0.13506E-21   -0.29797E-16
      1      48.927    0.75503E-05    0.23937E-17   -0.50964E-20    0.39818E-16
      1      48.920    0.76124E-05    0.24908E-17   -0.42519E-19    0.18985E-16
      1      48.914    0.76544E-05    0.34870E-17    0.17436E-19   -0.31733E-16
      1      48.907    0.76818E-05    0.38384E-17    0.99153E-20    0.40635E-16
      1      48.900    0.76987E-05    0.45132E-17    0.10153E-19    0.44549E-16
      1      48.894    0.77079E-05    0.47686E-17    0.97531E-20    0.15152E-16
      1      48.887    0.77115E-05    0.48617E-17   -0.17671E-20    0.32408E-16
      1      48.880    0.77110E-05    0.52858E-17    0.59782E-20    0.50945E-16
      1      48.874    0.77075E-05    0.71483E-17    0.12138E-21    0.21148E-16
      1      48.867    0.77019E-05    0.72240E-17   -0.32160E-20    0.85318E-16
      1      48.860    0.76949E-05    0.80944E-17    0.54920E-19   -0.10836E-16
      1      48.592    0.74637E-05    0.31993E-16    0.97687E-19   -0.50433E-17
      1      48.325    0.73953E-05    0.62521E-16    0.18307E-19   -0.16890E-16
      1      48.057    0.73984E-05    0.83414E-16   -0.34629E-18    0.16384E-16
      1      47.789    0.74251E-05    0.10716E-15    0.63382E-18    0.27801E-16
      1      47.521    0.74579E-05    0.12467E-15    0.38343E-18    0.28437E-16
      1      47.253    0.74947E-05    0.14023E-15    0.10704E-17   -0.52597E-16
      1      46.986    0.75388E-05    0.15828E-15    0.69715E-18   -0.30122E-16
      1      46.718    0.75949E-05    0.17842E-15    0.26501E-18    0.17566E-16
      1      46.450    0.76685E-05    0.18752E-15    0.41904E-18   -0.79077E-17
      1      46.182    0.77646E-05    0.20485E-15    0.26954E-18   -0.62749E-17
      1      45.914    0.78838E-05    0.22106E-15   -0.23508E-18   -0.10690E-16
      1      45.647    0.80235E-05    0.23744E-15   -0.25685E-18   -0.82060E-17
      1      45.379    0.81812E-05    0.25747E-15    0.14285E-17    0.10451E-17
      1      45.111    0.83555E-05    0.28295E-15    0.83673E-18   -0.62782E-17
      1      44.843    0.85450E-05    0.29138E-15    0.37246E-19   -0.15784E-16
      1      44.575    0.87488E-05    0.31258E-15   -0.20115E-17    0.28218E-17
      1      44.308    0.89659E-05    0.33985E-15    0.17043E-17    0.41911E-17
      1      44.040    0.91953E-05    0.35258E-15    0.18077E-17   -0.90732E-18
      1      43.772    0.94366E-05    0.37759E-15   -0.12344E-17    0.61758E-17
      1      43.504    0.96890E-05    0.38982E-15    0.10179E-17    0.36781E-17
      1      43.236    0.99523E-05    0.41512E-15   -0.17507E-17    0.27664E-16
      1      42.969    0.10226E-04    0.44517E-15    0.17954E-17   -0.11675E-17
      1      42.701    0.10511E-04    0.47965E-15   -0.11278E-18   -0.78325E-17
      1      42.433    0.10807E-04    0.51622E-15   -0.79115E-17   -0.68657E-18
      1      42.165    0.11114E-04    0.53459E-15    0.14243E-17   -0.11843E-16
      1      41.897    0.11434E-04    0.55537E-15   -0.16354E-18   -0.11990E-17
      1      41.630    0.11768E-04    0.58780E-15   -0.35663E-18   -0.38592E-17
      1      41.362    0.12116E-04    0.60555E-15   -0.35553E-17    0.76249E-18
      1      41.094    0.12479E-04    0.65390E-15   -0.43045E-18   -0.13696E-16
      1      40.826    0.12859E-04    0.70560E-15   -0.47261E-17   -0.80250E-17
      1      40.558    0.13254E-04    0.70661E-15    0.32496E-17   -0.17879E-16
      1      40.291    0.13665E-04    0.74482E-15    0.15325E-17    0.11192E-17
      1      40.023    0.14090E-04    0.80244E-15    0.28086E-17   -0.11537E-16
      1      39.755    0.14528E-04    0.83450E-15    0.30205E-17   -0.95845E-17
      1      39.487    0.14978E-04    0.89970E-15    0.22976E-17   -0.22697E-17
      1      39.219    0.15438E-04    0.89879E-15   -0.14177E-17   -0.45850E-17
      1      38.952    0.15905E-04    0.97018E-15   -0.11900E-17   -0.11347E-16
      1      38.684    0.16377E-04    0.99851E-15    0.15614E-17    0.62715E-17
      1      38.416    0.16852E-04    0.10213E-14    0.10426E-17   -0.14267E-16
      1      38.148    0.17328E-04    0.10685E-14    0.21292E-17   -0.20200E-16
      1      37.880    0.17801E-04    0.11311E-14    0.45514E-17   -0.32204E-17
      1      37.613    0.18271E-04    0.11586E-14    0.19055E-17   -0.82903E-17
      1      37.345    0.18735E-04    0.11842E-14   -0.29006E-17   -0.14342E-16
      1      37.077    0.19190E-04    0.11696E-14   -0.15635E-17   -0.10451E-16
      1      36.809    0.19636E-04    0.12107E-14    0.12757E-17   -0.10903E-16
      1      36.541    0.20070E-04    0.12230E-14    0.19318E-17   -0.64565E-17
      1      36.273    0.20491E-04    0.12314E-14    0.71729E-17   -0.89766E-17
      1      36.006    0.20898E-04    0.12565E-14   -0.85113E-17   -0.36255E-17
      1      35.738    0.21289E-04    0.12543E-14    0.22654E-16   -0.21282E-16
      1      35.470    0.21664E-04    0.13121E-14    0.11885E-17   -0.17623E-16
      1      35.202    0.22021E-04    0.13448E-14    0.33776E-17   -0.12792E-16
      1      34.934    0.22360E-04    0.13338E-14   -0.26229E-17   -0.14561E-16
      1      34.667    0.22679E-04    0.13476E-14    0.54981E-17   -0.13035E-16
      1      34.399    0.22979E-04    0.14004E-14   -0.87819E-18   -0.27987E-17
      1      34.131    0.23257E-04    0.14605E-14    0.64139E-17    0.92753E-17
      1      33.863    0.23512E-04    0.14822E-14    0.73518E-17   -0.14709E-16
      1      33.595    0.23743E-04    0.14694E-14    0.40637E-17    0.10292E-16
      1      33.328    0.23950E-04    0.14709E-14    0.19864E-17   -0.10720E-16
      1      33.060    0.24132E-04    0.15274E-14    0.30404E-17   -0.40545E-17
      1      32.792    0.24287E-04    0.15023E-14   -0.20759E-18   -0.17020E-16
      1      32.524    0.24414E-04    0.15403E-14    0.59133E-17   -0.10341E-16
      1      32.256    0.24513E-04    0.15418E-14    0.38728E-17   -0.16977E-16
      1      31.989    0.24583E-04    0.16272E-14    0.98079E-17   -0.86705E-17
      1      31.721    0.24624E-04    0.15117E-14   -0.92364E-18   -0.94878E-17
      1      31.453    0.24637E-04    0.15954E-14    0.46881E-17   -0.79901E-17
      1      31.185    0.24622E-04    0.15612E-14    0.18188E-17   -0.86458E-17
      1      30.917    0.24579E-04    0.15504E-14    0.49150E-17   -0.29054E-17
      1      30.650    0.24510E-04    0.15637E-14   -0.20130E-17   -0.16799E-16
      1      30.382    0.24417E-04    0.16033E-14    0.89614E-17   -0.10035E-16
      1      30.114    0.24301E-04    0.16011E-14    0.10914E-16   -0.66393E-17
      1      29.846    0.24165E-04    0.15891E-14    0.87036E-17   -0.36969E-17
      1      29.578    0.24012E-04    0.16033E-14    0.55201E-17   -0.63941E-17
      1      29.311    0.23844E-04    0.15498E-14    0.33340E-17   -0.54301E-17
      1      29.043    0.23663E-04    0.16228E-14   -0.22294E-18   -0.15469E-16
      1      28.775    0.23471E-04    0.15960E-14    0.35336E-17   -0.85463E-17
      1      28.507    0.23271E-04    0.16340E-14    0.39416E-17   -0.67973E-17
      1      28.239    0.23064E-04    0.16073E-14    0.78836E-17   -0.86064E-17
      1      27.972    0.22852E-04    0.16040E-14    0.11550E-16   -0.70733E-17
      1      27.704    0.22637E-04    0.16556E-14    0.27060E-18   -0.15838E-16
      1      27.436    0.22419E-04    0.16093E-14    0.55320E-17   -0.11990E-16
      1      27.168    0.22200E-04    0.15943E-14    0.14147E-16   -0.49223E-18
      1      26.900    0.21980E-04    0.16612E-14    0.65607E-17   -0.69762E-17
      1      26.633    0.21758E-04    0.16027E-14    0.74353E-17   -0.37479E-17
      1      26.365    0.21536E-04    0.16750E-14    0.12169E-17   -0.34214E-17
      1      26.097    0.21313E-04    0.16779E-14    0.10598E-16   -0.13197E-16
      1      25.829    0.21089E-04    0.16862E-14    0.39636E-17   -0.11525E-16
      1      25.561    0.20865E-04    0.16963E-14    0.57785E-17   -0.19616E-16
      1      25.294    0.20641E-04    0.16724E-14    0.59031E-17   -0.18537E-16
      1      25.026    0.20417E-04    0.16779E-14    0.12590E-16   -0.18354E-16
      1      24.758    0.20194E-04    0.17115E-14    0.93883E-17   -0.20184E-16
      1      24.490    0.19972E-04    0.17449E-14   -0.75083E-18   -0.51807E-17
      1      24.222    0.19751E-04    0.16850E-14    0.29994E-17   -0.21563E-16
      1      23.955    0.19533E-04    0.16985E-14    0.33122E-17   -0.10899E-16
      1      23.687    0.19318E-04    0.17312E-14    0.61944E-18   -0.15688E-16
      1      23.419    0.19107E-04    0.17567E-14    0.10720E-16   -0.21032E-16
      1      23.151    0.18901E-04    0.17476E-14    0.84868E-17   -0.29095E-16
      1      22.883    0.18700E-04    0.17519E-14    0.61776E-17   -0.25703E-16
      1      22.616    0.18506E-04    0.17239E-14    0.58000E-17   -0.20412E-16
      1      22.348    0.18320E-04    0.17735E-14    0.21866E-18   -0.21746E-16
      1      22.080    0.18142E-04    0.17172E-14    0.12662E-16   -0.32490E-16
      1      21.812    0.17975E-04    0.17384E-14    0.22541E-16   -0.23035E-16
      1      21.544    0.17818E-04    0.17453E-14    0.15968E-16   -0.21455E-16
      1      21.276    0.17674E-04    0.17445E-14    0.13052E-16   -0.30230E-16
      1      21.009    0.17542E-04    0.17614E-14    0.12280E-16   -0.34788E-16
      1      20.741    0.17423E-04    0.17900E-14    0.91603E-17   -0.30785E-16
      1      20.473    0.17319E-04    0.17776E-14    0.86007E-17   -0.21543E-16
      1      20.205    0.17229E-04    0.17465E-14    0.16645E-16   -0.28659E-16
      1      19.937    0.17155E-04    0.17404E-14    0.17864E-16   -0.27664E-16
      1      19.670    0.17096E-04    0.17612E-14    0.46639E-17   -0.27638E-16
      1      19.402    0.17053E-04    0.17382E-14    0.14243E-16   -0.29421E-16
      1      19.134    0.17025E-04    0.17718E-14    0.15191E-16   -0.38714E-16
      1      18.866    0.17014E-04    0.17476E-14    0.94235E-17   -0.31832E-16
      1      18.598    0.17019E-04    0.17438E-14    0.78734E-17   -0.32258E-16
      1      18.331    0.17039E-04    0.17555E-14    0.73928E-17   -0.28408E-16
      1      18.063    0.17075E-04    0.17272E-14    0.76646E-17   -0.29376E-16
      1      17.795    0.17126E-04    0.17374E-14    0.12271E-16   -0.25440E-16
      1      17.527    0.17193E-04    0.17324E-14    0.12889E-16   -0.25566E-16
      1      17.259    0.17275E-04    0.17409E-14    0.94124E-17   -0.32286E-16
      1      16.992    0.17371E-04    0.17774E-14    0.55902E-17   -0.39241E-16
      1      16.724    0.17483E-04    0.17483E-14    0.86163E-17   -0.32784E-16
      1      16.456    0.17609E-04    0.16987E-14    0.18197E-16   -0.31399E-16
      1      16.188    0.17750E-04    0.17126E-14    0.20592E-16   -0.36209E-16
      1      15.920    0.17905E-04    0.17114E-14    0.98175E-17   -0.36720E-16
      1      15.653    0.18076E-04    0.16739E-14    0.11982E-16   -0.34505E-16
      1      15.385    0.18261E-04    0.17035E-14    0.21685E-16   -0.38849E-16
      1      15.117    0.18462E-04    0.16245E-14    0.14938E-16   -0.41984E-16
      1      14.849    0.18679E-04    0.16559E-14    0.16405E-16   -0.31701E-16
      1      14.581    0.18912E-04    0.16003E-14    0.17370E-16   -0.33426E-16
      1      14.314    0.19162E-04    0.16184E-14    0.99906E-17   -0.33538E-16
      1      14.046    0.19428E-04    0.15289E-14    0.17407E-16   -0.32738E-16
      1      13.778    0.19713E-04    0.15509E-14    0.28447E-16   -0.36679E-16
      1      13.510    0.20016E-04    0.15514E-14    0.53521E-17   -0.31965E-16
      1      13.242    0.20339E-04    0.15229E-14    0.21188E-16   -0.47195E-16
      1      12.975    0.20683E-04    0.14819E-14    0.17859E-16   -0.37167E-16
      1      12.707    0.21049E-04    0.14216E-14    0.22269E-16   -0.31347E-16
      1      12.439    0.21439E-04    0.13687E-14    0.15321E-16   -0.48083E-16
      1      12.171    0.21854E-04    0.14198E-14    0.18362E-16   -0.39635E-16
      1      11.903    0.22295E-04    0.13692E-14    0.25178E-16   -0.26888E-16
      1      11.636    0.22765E-04    0.13729E-14    0.18914E-16   -0.39110E-16
      1      11.368    0.23264E-04    0.12898E-14    0.24080E-16   -0.30533E-16
      1      11.100    0.23788E-04    0.12612E-14    0.97599E-17   -0.41155E-16
      1      10.832    0.24332E-04    0.12394E-14    0.27055E-16   -0.39730E-16
      1      10.564    0.24879E-04    0.11914E-14    0.16665E-16   -0.31560E-16
      1      10.297    0.25404E-04    0.11048E-14    0.30823E-16   -0.39596E-16
      1      10.029    0.25870E-04    0.11384E-14    0.17502E-16   -0.37091E-16
      1       9.761    0.26234E-04    0.10592E-14    0.27526E-16   -0.45805E-16
      1       9.493    0.26467E-04    0.10180E-14    0.21397E-16   -0.40885E-16
      1       9.225    0.26583E-04    0.10163E-14    0.28421E-16   -0.50361E-16
      1       8.958    0.26625E-04    0.10158E-14    0.31386E-16   -0.45732E-16
      1       8.690    0.26643E-04    0.97209E-15    0.23724E-16   -0.43707E-16
      1       8.422    0.26679E-04    0.94705E-15    0.36144E-16   -0.52794E-16
      1       8.154    0.26761E-04    0.89076E-15    0.53654E-16   -0.47564E-16
      1       7.886    0.26909E-04    0.89805E-15    0.28262E-16   -0.49961E-16
      1       7.619    0.27135E-04    0.92427E-15    0.29783E-16   -0.54477E-16
      1       7.351    0.27448E-04    0.80011E-15    0.59593E-16   -0.56512E-16
      1       7.083    0.27854E-04    0.89672E-15    0.46935E-16   -0.47735E-16
      1       6.815    0.28359E-04    0.91838E-15    0.56813E-16   -0.56043E-16
      1       6.547    0.28969E-04    0.82143E-15    0.54850E-16   -0.60182E-16
      1       6.279    0.29691E-04    0.80859E-15    0.89855E-16   -0.61415E-16
      1       6.012    0.30529E-04    0.84037E-15    0.57328E-16   -0.59692E-16
      1       5.744    0.31490E-04    0.89633E-15    0.72642E-16   -0.54932E-16
      1       5.476    0.32581E-04    0.89148E-15    0.85178E-16   -0.56687E-16
      1       5.208    0.33806E-04    0.96809E-15    0.92024E-16   -0.45868E-16
      1       4.940    0.35170E-04    0.98344E-15    0.81021E-16   -0.52473E-16
      1       4.673    0.36678E-04    0.96519E-15    0.82914E-16   -0.53703E-16
      1       4.405    0.38331E-04    0.10888E-14    0.12257E-15   -0.51849E-16
      1       4.137    0.40130E-04    0.10333E-14    0.72626E-16   -0.47018E-16
      1       3.869    0.42073E-04    0.10910E-14    0.60353E-16   -0.46305E-16
      1       3.601    0.44150E-04    0.11610E-14    0.81687E-16   -0.39636E-16
      1       3.334    0.46349E-04    0.11832E-14    0.82243E-16   -0.39942E-16
      1       3.066    0.48644E-04    0.13193E-14    0.65309E-16   -0.38174E-16
      1       2.798    0.50991E-04    0.13087E-14    0.68683E-16   -0.31556E-16
      1       2.530    0.53330E-04    0.13405E-14    0.48513E-16   -0.36099E-16
      1       2.262    0.55577E-04    0.14333E-14    0.58132E-16   -0.38273E-16
      1       1.995    0.57613E-04    0.14739E-14    0.43799E-16   -0.39167E-16
      1       1.727    0.59274E-04    0.15480E-14    0.85279E-16   -0.34089E-16
      1       1.459    0.60331E-04    0.16468E-14    0.85739E-16   -0.21485E-16
      1       1.191    0.60466E-04    0.17043E-14    0.65405E-16   -0.30444E-16
      1       0.923    0.59247E-04    0.17843E-14    0.41090E-16   -0.31437E-16
      1       0.656    0.55886E-04    0.17292E-14    0.90513E-16   -0.23302E-16
      1       0.388    0.48642E-04    0.16780E-14    0.94345E-16   -0.23492E-16
      1       0.120    0.31351E-04    0.17209E-14    0.66989E-16   -0.21081E-16
