   3N SYSTEM INCLUSIVE  PHOTODESINTEGRATION
        DETECTED PARTICLE: 1- PROTON
        NOT DETECTED PARTICLES:2- PROTON  3-NEUTRON

      OMEGA 0.10000E+03
     MTTWE1,MTTWE2,MTTWE3=    1    1   -1
     TH1LAB,PHI1LAB=    60.000     0.000
   Unit of cross sections ... fm**2/(MeV*sr**2)
      I       E1      CROSS           AX           AY           AZ
      1      65.995    0.12083E-06   -0.30469E+00   -0.24062E-17   -0.71248E-17
      1      65.982    0.35268E-04   -0.30410E+00    0.38699E-18   -0.26792E-17
      1      65.975    0.39780E-04   -0.30459E+00   -0.13098E-18    0.12399E-17
      1      65.968    0.42638E-04   -0.30512E+00   -0.77895E-17   -0.18732E-17
      1      65.962    0.44526E-04   -0.30563E+00    0.48320E-17    0.60129E-17
      1      65.955    0.45794E-04   -0.30611E+00    0.11551E-17   -0.89547E-18
      1      65.948    0.46646E-04   -0.30655E+00   -0.19115E-17    0.12161E-17
      1      65.942    0.47208E-04   -0.30695E+00   -0.98209E-17   -0.15655E-16
      1      65.935    0.47563E-04   -0.30731E+00   -0.16257E-16   -0.73271E-17
      1      65.928    0.47769E-04   -0.30765E+00    0.97388E-17   -0.21361E-16
      1      65.922    0.47865E-04   -0.30799E+00    0.27941E-17   -0.58431E-17
      1      65.915    0.47880E-04   -0.30832E+00    0.26309E-17   -0.30560E-17
      1      65.908    0.47835E-04   -0.30865E+00   -0.60851E-17   -0.15321E-17
      1      65.902    0.47747E-04   -0.30899E+00   -0.15139E-17   -0.19198E-17
      1      65.895    0.47626E-04   -0.30934E+00   -0.34184E-17   -0.22224E-17
      1      65.888    0.47482E-04   -0.30970E+00    0.33206E-17   -0.96903E-18
      1      65.882    0.47321E-04   -0.31008E+00   -0.21011E-16   -0.16336E-16
      1      65.875    0.47148E-04   -0.31047E+00   -0.34782E-17    0.65402E-18
      1      65.514    0.40944E-04   -0.33944E+00   -0.18044E-17   -0.15179E-17
      1      65.152    0.38469E-04   -0.35365E+00   -0.71463E-17   -0.51750E-18
      1      64.791    0.37104E-04   -0.36066E+00   -0.58549E-17    0.53976E-17
      1      64.430    0.36146E-04   -0.36391E+00    0.14230E-17    0.11929E-16
      1      64.069    0.35382E-04   -0.36475E+00   -0.11930E-17    0.26289E-16
      1      63.707    0.34752E-04   -0.36390E+00   -0.80704E-17    0.70616E-17
      1      63.346    0.34256E-04   -0.36187E+00   -0.43641E-17   -0.14400E-16
      1      62.985    0.33913E-04   -0.35916E+00   -0.10782E-17   -0.28431E-16
      1      62.623    0.33750E-04   -0.35627E+00   -0.69769E-17   -0.36038E-17
      1      62.262    0.33755E-04   -0.35348E+00   -0.20130E-16    0.91229E-17
      1      61.901    0.33902E-04   -0.35095E+00   -0.10683E-16   -0.31322E-19
      1      61.539    0.34169E-04   -0.34882E+00   -0.57158E-17   -0.39613E-17
      1      61.178    0.34542E-04   -0.34719E+00   -0.46508E-17    0.21137E-16
      1      60.817    0.35001E-04   -0.34601E+00   -0.63880E-17   -0.71762E-17
      1      60.456    0.35525E-04   -0.34512E+00    0.74055E-17   -0.30100E-16
      1      60.094    0.36090E-04   -0.34427E+00   -0.15301E-16    0.36610E-17
      1      59.733    0.36673E-04   -0.34317E+00   -0.95774E-17   -0.12386E-16
      1      59.372    0.37251E-04   -0.34156E+00   -0.81519E-17   -0.13914E-16
      1      59.010    0.37804E-04   -0.33919E+00   -0.78552E-17    0.30429E-18
      1      58.649    0.38314E-04   -0.33589E+00   -0.36937E-17   -0.22882E-17
      1      58.288    0.38769E-04   -0.33151E+00   -0.14461E-16   -0.53919E-17
      1      57.927    0.39161E-04   -0.32598E+00   -0.76091E-17    0.48189E-17
      1      57.565    0.39498E-04   -0.31948E+00   -0.17468E-16    0.18456E-16
      1      57.204    0.39793E-04   -0.31229E+00   -0.12154E-16   -0.53195E-17
      1      56.843    0.40059E-04   -0.30469E+00   -0.22800E-16    0.15585E-16
      1      56.481    0.40307E-04   -0.29696E+00   -0.64508E-17   -0.18464E-16
      1      56.120    0.40545E-04   -0.28933E+00   -0.14176E-16    0.12527E-16
      1      55.759    0.40781E-04   -0.28201E+00   -0.16530E-16   -0.55157E-17
      1      55.398    0.41016E-04   -0.27518E+00   -0.22034E-16    0.47059E-17
      1      55.036    0.41253E-04   -0.26895E+00   -0.85590E-17    0.18694E-16
      1      54.675    0.41489E-04   -0.26343E+00   -0.13829E-16   -0.55081E-17
      1      54.314    0.41722E-04   -0.25863E+00   -0.91931E-17   -0.47809E-17
      1      53.952    0.41946E-04   -0.25453E+00   -0.27694E-16    0.14149E-16
      1      53.591    0.42155E-04   -0.25105E+00   -0.19523E-16   -0.19886E-17
      1      53.230    0.42338E-04   -0.24807E+00   -0.44156E-16    0.20569E-16
      1      52.869    0.42488E-04   -0.24547E+00   -0.43195E-16    0.38385E-17
      1      52.507    0.42597E-04   -0.24311E+00   -0.65209E-16    0.48839E-17
      1      52.146    0.42657E-04   -0.24089E+00   -0.41159E-16    0.17369E-17
      1      51.785    0.42663E-04   -0.23870E+00   -0.35382E-16    0.19620E-17
      1      51.423    0.42612E-04   -0.23651E+00   -0.59987E-16    0.57385E-17
      1      51.062    0.42503E-04   -0.23426E+00   -0.79191E-17   -0.62165E-17
      1      50.701    0.42335E-04   -0.23196E+00   -0.74237E-16    0.10482E-16
      1      50.339    0.42111E-04   -0.22964E+00    0.15293E-17   -0.29758E-18
      1      49.978    0.41832E-04   -0.22735E+00   -0.56128E-16    0.45331E-17
      1      49.617    0.41503E-04   -0.22515E+00    0.23915E-16   -0.14783E-16
      1      49.256    0.41127E-04   -0.22309E+00   -0.10055E-16    0.17558E-16
      1      48.894    0.40707E-04   -0.22120E+00   -0.62595E-16    0.28852E-16
      1      48.533    0.40243E-04   -0.21948E+00   -0.85605E-16    0.72161E-17
      1      48.172    0.39738E-04   -0.21793E+00    0.50964E-16   -0.48210E-17
      1      47.810    0.39193E-04   -0.21656E+00   -0.69699E-16    0.18441E-16
      1      47.449    0.38612E-04   -0.21535E+00   -0.18727E-16   -0.86502E-17
      1      47.088    0.37998E-04   -0.21429E+00   -0.24310E-16    0.28420E-17
      1      46.727    0.37353E-04   -0.21334E+00   -0.10768E-15    0.14558E-16
      1      46.365    0.36678E-04   -0.21244E+00   -0.24493E-16    0.15176E-16
      1      46.004    0.35975E-04   -0.21154E+00   -0.31309E-16   -0.57720E-17
      1      45.643    0.35243E-04   -0.21053E+00   -0.53304E-16    0.12807E-16
      1      45.281    0.34486E-04   -0.20934E+00   -0.31670E-16    0.15713E-16
      1      44.920    0.33704E-04   -0.20788E+00   -0.60142E-16    0.96909E-18
      1      44.559    0.32900E-04   -0.20607E+00   -0.37894E-16    0.33969E-16
      1      44.198    0.32079E-04   -0.20387E+00   -0.34211E-16    0.64536E-17
      1      43.836    0.31244E-04   -0.20123E+00   -0.66027E-16    0.14054E-16
      1      43.475    0.30402E-04   -0.19815E+00   -0.32132E-16    0.90175E-17
      1      43.114    0.29558E-04   -0.19465E+00   -0.50579E-16    0.10590E-16
      1      42.752    0.28720E-04   -0.19080E+00   -0.53839E-16   -0.90725E-17
      1      42.391    0.27895E-04   -0.18668E+00   -0.85955E-17    0.79695E-17
      1      42.030    0.27090E-04   -0.18244E+00   -0.26543E-16    0.11400E-16
      1      41.668    0.26312E-04   -0.17825E+00   -0.47196E-16    0.27441E-16
      1      41.307    0.25568E-04   -0.17433E+00   -0.34796E-16    0.32269E-18
      1      40.946    0.24865E-04   -0.17090E+00   -0.10942E-16    0.12501E-16
      1      40.585    0.24206E-04   -0.16816E+00   -0.15088E-16    0.16152E-16
      1      40.223    0.23595E-04   -0.16630E+00   -0.47149E-16    0.17640E-16
      1      39.862    0.23033E-04   -0.16545E+00   -0.70340E-16    0.28574E-16
      1      39.501    0.22519E-04   -0.16568E+00   -0.39867E-16    0.25001E-16
      1      39.139    0.22050E-04   -0.16695E+00   -0.31164E-16    0.19125E-16
      1      38.778    0.21621E-04   -0.16919E+00   -0.13288E-16    0.19551E-16
      1      38.417    0.21230E-04   -0.17230E+00   -0.24859E-16   -0.69505E-17
      1      38.056    0.20872E-04   -0.17618E+00   -0.19890E-16    0.32488E-17
      1      37.694    0.20545E-04   -0.18075E+00   -0.23844E-16    0.22965E-16
      1      37.333    0.20244E-04   -0.18589E+00   -0.11939E-16    0.17065E-16
      1      36.972    0.19968E-04   -0.19151E+00   -0.27075E-16    0.18703E-16
      1      36.610    0.19714E-04   -0.19749E+00   -0.22873E-16    0.19852E-16
      1      36.249    0.19480E-04   -0.20374E+00   -0.50868E-16    0.19340E-16
      1      35.888    0.19263E-04   -0.21014E+00   -0.30129E-16    0.23791E-16
      1      35.527    0.19062E-04   -0.21661E+00   -0.24197E-16    0.45565E-16
      1      35.165    0.18874E-04   -0.22305E+00   -0.83210E-17   -0.16182E-17
      1      34.804    0.18700E-04   -0.22938E+00    0.37299E-17    0.10681E-16
      1      34.443    0.18537E-04   -0.23555E+00   -0.21287E-16    0.14668E-17
      1      34.081    0.18386E-04   -0.24153E+00   -0.76937E-17   -0.67220E-17
      1      33.720    0.18246E-04   -0.24728E+00    0.37178E-17    0.22708E-16
      1      33.359    0.18118E-04   -0.25282E+00    0.12096E-16    0.17357E-16
      1      32.997    0.18003E-04   -0.25815E+00   -0.24778E-16    0.40637E-16
      1      32.636    0.17900E-04   -0.26327E+00   -0.14547E-16    0.20899E-16
      1      32.275    0.17810E-04   -0.26821E+00   -0.32893E-16    0.57282E-17
      1      31.914    0.17735E-04   -0.27298E+00    0.17392E-16    0.86254E-17
      1      31.552    0.17674E-04   -0.27760E+00   -0.19672E-16    0.12043E-16
      1      31.191    0.17628E-04   -0.28213E+00    0.82543E-17    0.89359E-17
      1      30.830    0.17599E-04   -0.28660E+00    0.36518E-17    0.39065E-16
      1      30.468    0.17587E-04   -0.29106E+00   -0.39448E-16   -0.16267E-17
      1      30.107    0.17594E-04   -0.29555E+00   -0.83119E-17    0.33123E-17
      1      29.746    0.17618E-04   -0.30010E+00   -0.68689E-17    0.14740E-16
      1      29.385    0.17662E-04   -0.30473E+00   -0.43540E-17    0.27450E-17
      1      29.023    0.17725E-04   -0.30948E+00    0.97334E-17   -0.36562E-17
      1      28.662    0.17808E-04   -0.31434E+00    0.18109E-16   -0.16825E-16
      1      28.301    0.17910E-04   -0.31932E+00   -0.10998E-16    0.10115E-16
      1      27.939    0.18031E-04   -0.32440E+00   -0.12248E-16    0.10106E-16
      1      27.578    0.18172E-04   -0.32959E+00   -0.14677E-17    0.18920E-16
      1      27.217    0.18332E-04   -0.33487E+00    0.40288E-16    0.12777E-16
      1      26.856    0.18511E-04   -0.34023E+00   -0.31687E-16    0.16584E-16
      1      26.494    0.18708E-04   -0.34566E+00   -0.77856E-17   -0.26025E-17
      1      26.133    0.18926E-04   -0.35117E+00   -0.19036E-16   -0.17390E-16
      1      25.772    0.19162E-04   -0.35674E+00   -0.35769E-16    0.14679E-16
      1      25.410    0.19419E-04   -0.36237E+00   -0.43894E-16   -0.14079E-16
      1      25.049    0.19695E-04   -0.36807E+00    0.23723E-16   -0.29678E-17
      1      24.688    0.19993E-04   -0.37382E+00   -0.24335E-17   -0.68504E-17
      1      24.327    0.20312E-04   -0.37964E+00   -0.15241E-16    0.14570E-16
      1      23.965    0.20655E-04   -0.38553E+00   -0.34870E-17   -0.10200E-16
      1      23.604    0.21021E-04   -0.39151E+00    0.25798E-16   -0.11285E-16
      1      23.243    0.21413E-04   -0.39761E+00    0.28543E-16   -0.10193E-16
      1      22.881    0.21833E-04   -0.40384E+00    0.41193E-16    0.13031E-16
      1      22.520    0.22282E-04   -0.41021E+00   -0.23223E-16   -0.42045E-17
      1      22.159    0.22763E-04   -0.41676E+00   -0.13652E-16   -0.70679E-17
      1      21.797    0.23279E-04   -0.42351E+00   -0.10068E-15    0.72588E-17
      1      21.436    0.23831E-04   -0.43047E+00   -0.75996E-17   -0.19993E-16
      1      21.075    0.24423E-04   -0.43766E+00    0.40930E-16    0.32996E-17
      1      20.714    0.25056E-04   -0.44510E+00    0.25389E-16   -0.93867E-17
      1      20.352    0.25732E-04   -0.45277E+00   -0.14312E-16   -0.97143E-17
      1      19.991    0.26450E-04   -0.46065E+00   -0.11490E-16    0.36150E-17
      1      19.630    0.27203E-04   -0.46864E+00   -0.95080E-17    0.17813E-17
      1      19.268    0.27978E-04   -0.47659E+00   -0.28396E-16    0.23782E-16
      1      18.907    0.28745E-04   -0.48417E+00   -0.33311E-15   -0.33218E-16
      1      18.546    0.29460E-04   -0.49089E+00   -0.24435E-16    0.11321E-16
      1      18.185    0.30054E-04   -0.49600E+00   -0.32263E-16    0.48963E-17
      1      17.823    0.30451E-04   -0.49868E+00    0.12215E-15   -0.20984E-16
      1      17.462    0.30591E-04   -0.49826E+00    0.71023E-16   -0.73430E-17
      1      17.101    0.30483E-04   -0.49488E+00   -0.19576E-16   -0.77395E-17
      1      16.739    0.30195E-04   -0.48933E+00   -0.45238E-16    0.29116E-17
      1      16.378    0.29804E-04   -0.48246E+00    0.16883E-16   -0.11008E-16
      1      16.017    0.29375E-04   -0.47492E+00   -0.39863E-16   -0.10123E-16
      1      15.656    0.28953E-04   -0.46712E+00   -0.59895E-16   -0.18949E-16
      1      15.294    0.28564E-04   -0.45928E+00    0.69177E-17   -0.17404E-16
      1      14.933    0.28223E-04   -0.45148E+00    0.25280E-16    0.70021E-18
      1      14.572    0.27938E-04   -0.44375E+00    0.29278E-17   -0.11132E-16
      1      14.210    0.27715E-04   -0.43605E+00   -0.23623E-16   -0.17994E-16
      1      13.849    0.27557E-04   -0.42835E+00    0.20612E-16   -0.24204E-16
      1      13.488    0.27465E-04   -0.42060E+00   -0.15839E-16   -0.39149E-17
      1      13.126    0.27443E-04   -0.41274E+00   -0.41113E-16   -0.13354E-16
      1      12.765    0.27494E-04   -0.40474E+00    0.16868E-16    0.49083E-17
      1      12.404    0.27623E-04   -0.39656E+00   -0.17885E-16    0.64837E-17
      1      12.043    0.27833E-04   -0.38818E+00   -0.35125E-16   -0.32548E-16
      1      11.681    0.28129E-04   -0.37956E+00    0.82606E-16   -0.59633E-17
      1      11.320    0.28514E-04   -0.37066E+00    0.47990E-16   -0.16293E-16
      1      10.959    0.28995E-04   -0.36145E+00    0.81154E-16   -0.19621E-16
      1      10.597    0.29577E-04   -0.35192E+00    0.44196E-17    0.39416E-17
      1      10.236    0.30266E-04   -0.34208E+00    0.17420E-16   -0.12877E-16
      1       9.875    0.31072E-04   -0.33198E+00   -0.42651E-17   -0.34501E-17
      1       9.514    0.32006E-04   -0.32173E+00    0.38271E-16   -0.10301E-16
      1       9.152    0.33080E-04   -0.31147E+00    0.91325E-17   -0.36314E-16
      1       8.791    0.34314E-04   -0.30142E+00    0.15045E-16   -0.68219E-17
      1       8.430    0.35725E-04   -0.29184E+00    0.16341E-16    0.68477E-18
      1       8.068    0.37332E-04   -0.28281E+00    0.27261E-16   -0.20410E-16
      1       7.707    0.39140E-04   -0.27419E+00    0.54763E-16   -0.40714E-16
      1       7.346    0.41146E-04   -0.26568E+00    0.38109E-16    0.12099E-17
      1       6.985    0.43335E-04   -0.25688E+00    0.60074E-16   -0.17933E-17
      1       6.623    0.45688E-04   -0.24734E+00    0.53726E-16   -0.19599E-16
      1       6.262    0.48177E-04   -0.23668E+00    0.33921E-16   -0.30784E-17
      1       5.901    0.50775E-04   -0.22460E+00   -0.53672E-17    0.74631E-17
      1       5.539    0.53457E-04   -0.21098E+00    0.30054E-16   -0.13961E-16
      1       5.178    0.56201E-04   -0.19584E+00    0.46902E-16   -0.33112E-17
      1       4.817    0.58995E-04   -0.17949E+00    0.56662E-16   -0.77678E-18
      1       4.455    0.61893E-04   -0.16324E+00    0.48038E-16   -0.37426E-17
      1       4.094    0.64947E-04   -0.14839E+00    0.80610E-16   -0.10479E-17
      1       3.733    0.68172E-04   -0.13583E+00    0.43706E-16   -0.43199E-17
      1       3.372    0.71570E-04   -0.12642E+00    0.73096E-16    0.30742E-17
      1       3.010    0.75163E-04   -0.12141E+00    0.72787E-16   -0.10244E-16
      1       2.649    0.79010E-04   -0.12272E+00    0.39468E-16    0.21920E-17
      1       2.288    0.83191E-04   -0.13272E+00    0.39302E-16   -0.68572E-17
      1       1.926    0.87304E-04   -0.14948E+00    0.64345E-16    0.23708E-17
      1       1.565    0.89364E-04   -0.15896E+00    0.71874E-16   -0.35098E-17
      1       1.204    0.86910E-04   -0.14785E+00    0.46395E-16    0.16483E-17
      1       0.843    0.78295E-04   -0.11191E+00    0.61495E-16    0.54767E-19
      1       0.481    0.62528E-04   -0.60648E-01    0.60522E-16   -0.10206E-16
      1       0.120    0.32959E-04   -0.14502E-01    0.22373E-16   -0.36412E-17
