   3N SYSTEM INCLUSIVE  PHOTODESINTEGRATION
        DETECTED PARTICLE: 1- PROTON
        NOT DETECTED PARTICLES:2- PROTON  3-NEUTRON

      OMEGA 0.40000E+02
     MTTWE1,MTTWE2,MTTWE3=    1    1   -1
     TH1LAB,PHI1LAB=    60.000     0.000
   Unit of cross sections ... fm**2/(MeV*sr**2)
      I       E1      CROSS           AX           AY           AZ
      1      22.703    0.15797E-05   -0.85314E+00    0.24089E-18   -0.79848E-18
      1      22.690    0.45440E-03   -0.85023E+00    0.94756E-19   -0.26800E-18
      1      22.683    0.50900E-03   -0.84938E+00   -0.11960E-17   -0.32728E-18
      1      22.677    0.54176E-03   -0.84860E+00   -0.18357E-18    0.35531E-19
      1      22.670    0.56177E-03   -0.84785E+00   -0.35178E-18   -0.10972E-17
      1      22.663    0.57374E-03   -0.84713E+00   -0.82422E-18    0.10911E-17
      1      22.657    0.58043E-03   -0.84644E+00   -0.91515E-18    0.46169E-19
      1      22.650    0.58356E-03   -0.84578E+00   -0.88712E-18    0.31267E-17
      1      22.643    0.58423E-03   -0.84514E+00   -0.46063E-17   -0.61602E-17
      1      22.637    0.58320E-03   -0.84452E+00    0.50372E-18   -0.82342E-18
      1      22.630    0.58099E-03   -0.84393E+00    0.17188E-17   -0.27978E-18
      1      22.623    0.57799E-03   -0.84337E+00    0.10784E-17    0.15921E-17
      1      22.617    0.57444E-03   -0.84283E+00   -0.19390E-18    0.30958E-17
      1      22.610    0.57056E-03   -0.84231E+00   -0.82353E-18    0.72698E-18
      1      22.603    0.56646E-03   -0.84182E+00    0.27287E-17    0.30815E-17
      1      22.597    0.56227E-03   -0.84135E+00   -0.35092E-17    0.25698E-17
      1      22.590    0.55806E-03   -0.84091E+00    0.23386E-18   -0.56243E-17
      1      22.583    0.55386E-03   -0.84048E+00    0.20842E-17   -0.14838E-17
      1      22.460    0.48897E-03   -0.83467E+00    0.26068E-17   -0.24027E-17
      1      22.336    0.44488E-03   -0.83036E+00   -0.21435E-17   -0.31719E-17
      1      22.213    0.41426E-03   -0.82690E+00   -0.38071E-17   -0.64169E-17
      1      22.090    0.39176E-03   -0.82396E+00    0.40136E-17   -0.26805E-17
      1      21.966    0.37426E-03   -0.82129E+00   -0.18962E-16   -0.21083E-16
      1      21.843    0.36001E-03   -0.81870E+00    0.58754E-17   -0.53105E-16
      1      21.719    0.34800E-03   -0.81608E+00   -0.64159E-17    0.36342E-17
      1      21.596    0.33762E-03   -0.81334E+00   -0.50527E-17   -0.16493E-16
      1      21.473    0.32849E-03   -0.81044E+00   -0.11368E-16   -0.16094E-16
      1      21.349    0.32037E-03   -0.80735E+00   -0.95640E-18   -0.12419E-16
      1      21.226    0.31307E-03   -0.80407E+00   -0.43586E-17   -0.32527E-17
      1      21.102    0.30647E-03   -0.80063E+00   -0.45681E-17    0.66173E-17
      1      20.979    0.30047E-03   -0.79705E+00   -0.17081E-17    0.10679E-16
      1      20.855    0.29498E-03   -0.79334E+00   -0.66965E-17   -0.25699E-16
      1      20.732    0.28992E-03   -0.78951E+00    0.20225E-17    0.24357E-17
      1      20.609    0.28523E-03   -0.78555E+00    0.20233E-17    0.19659E-16
      1      20.485    0.28085E-03   -0.78145E+00    0.35482E-17    0.10618E-16
      1      20.362    0.27671E-03   -0.77720E+00   -0.82870E-17   -0.12140E-16
      1      20.238    0.27277E-03   -0.77278E+00   -0.28486E-17   -0.16915E-16
      1      20.115    0.26899E-03   -0.76817E+00   -0.30854E-17   -0.24811E-16
      1      19.991    0.26533E-03   -0.76336E+00   -0.15139E-17    0.19289E-16
      1      19.868    0.26179E-03   -0.75833E+00   -0.50463E-17    0.21266E-16
      1      19.745    0.25835E-03   -0.75310E+00    0.98832E-17    0.15506E-16
      1      19.621    0.25502E-03   -0.74768E+00    0.98087E-19   -0.45654E-17
      1      19.498    0.25183E-03   -0.74209E+00   -0.53189E-17   -0.11628E-16
      1      19.374    0.24877E-03   -0.73638E+00   -0.11231E-16   -0.19605E-16
      1      19.251    0.24587E-03   -0.73057E+00   -0.22574E-17    0.35949E-16
      1      19.127    0.24312E-03   -0.72472E+00    0.31386E-17   -0.16178E-16
      1      19.004    0.24054E-03   -0.71884E+00   -0.33434E-17   -0.92512E-17
      1      18.881    0.23811E-03   -0.71298E+00   -0.63516E-17    0.23015E-16
      1      18.757    0.23584E-03   -0.70716E+00    0.26921E-17   -0.10638E-16
      1      18.634    0.23371E-03   -0.70141E+00   -0.49907E-17   -0.81128E-17
      1      18.510    0.23172E-03   -0.69574E+00   -0.15504E-16    0.54864E-17
      1      18.387    0.22985E-03   -0.69015E+00   -0.59521E-18    0.75606E-17
      1      18.263    0.22808E-03   -0.68464E+00   -0.16454E-16    0.12035E-16
      1      18.140    0.22641E-03   -0.67920E+00   -0.12627E-16   -0.78964E-18
      1      18.017    0.22480E-03   -0.67382E+00   -0.30886E-16    0.13471E-16
      1      17.893    0.22326E-03   -0.66850E+00    0.40931E-17   -0.35553E-16
      1      17.770    0.22178E-03   -0.66323E+00    0.97491E-17    0.13442E-16
      1      17.646    0.22035E-03   -0.65801E+00   -0.19756E-16    0.23920E-16
      1      17.523    0.21897E-03   -0.65284E+00   -0.34256E-16    0.39950E-16
      1      17.399    0.21763E-03   -0.64775E+00   -0.15351E-16   -0.91934E-17
      1      17.276    0.21636E-03   -0.64274E+00   -0.21297E-16    0.14814E-16
      1      17.153    0.21515E-03   -0.63785E+00    0.45630E-16   -0.28460E-16
      1      17.029    0.21401E-03   -0.63308E+00   -0.42187E-16    0.16714E-16
      1      16.906    0.21294E-03   -0.62848E+00   -0.14653E-16   -0.55941E-18
      1      16.782    0.21197E-03   -0.62404E+00   -0.49682E-16   -0.33573E-17
      1      16.659    0.21108E-03   -0.61979E+00    0.78024E-17   -0.22373E-16
      1      16.536    0.21027E-03   -0.61574E+00   -0.43362E-16    0.12934E-16
      1      16.412    0.20955E-03   -0.61188E+00   -0.19508E-16   -0.88263E-17
      1      16.289    0.20892E-03   -0.60822E+00    0.44187E-17   -0.11151E-16
      1      16.165    0.20837E-03   -0.60476E+00   -0.32652E-16    0.45704E-16
      1      16.042    0.20789E-03   -0.60150E+00   -0.19665E-16    0.16140E-16
      1      15.918    0.20749E-03   -0.59842E+00   -0.19966E-16    0.22297E-16
      1      15.795    0.20716E-03   -0.59550E+00    0.19967E-16   -0.21796E-16
      1      15.672    0.20689E-03   -0.59274E+00   -0.67167E-17   -0.15027E-16
      1      15.548    0.20668E-03   -0.59011E+00    0.86614E-18    0.26671E-16
      1      15.425    0.20652E-03   -0.58760E+00    0.34171E-17    0.25174E-17
      1      15.301    0.20641E-03   -0.58518E+00    0.15119E-16   -0.10106E-16
      1      15.178    0.20635E-03   -0.58284E+00   -0.11430E-16   -0.76650E-17
      1      15.054    0.20634E-03   -0.58056E+00    0.73962E-17    0.22343E-16
      1      14.931    0.20638E-03   -0.57834E+00   -0.10215E-16    0.10553E-16
      1      14.808    0.20648E-03   -0.57617E+00   -0.17500E-16    0.35155E-16
      1      14.684    0.20664E-03   -0.57404E+00   -0.12053E-16    0.26764E-16
      1      14.561    0.20688E-03   -0.57197E+00   -0.62341E-17    0.23481E-16
      1      14.437    0.20721E-03   -0.56998E+00   -0.18336E-16    0.17714E-17
      1      14.314    0.20764E-03   -0.56807E+00   -0.20864E-16    0.96235E-17
      1      14.190    0.20818E-03   -0.56628E+00    0.19518E-16    0.49833E-16
      1      14.067    0.20884E-03   -0.56463E+00   -0.44040E-16    0.15959E-16
      1      13.944    0.20964E-03   -0.56313E+00   -0.43352E-16    0.13344E-16
      1      13.820    0.21059E-03   -0.56182E+00    0.52038E-17    0.20589E-16
      1      13.697    0.21169E-03   -0.56071E+00   -0.20012E-16    0.26710E-16
      1      13.573    0.21295E-03   -0.55980E+00    0.20038E-16    0.15552E-16
      1      13.450    0.21437E-03   -0.55910E+00    0.35491E-17    0.20904E-16
      1      13.326    0.21594E-03   -0.55859E+00    0.13436E-16    0.20130E-16
      1      13.203    0.21767E-03   -0.55826E+00    0.39438E-16    0.53067E-17
      1      13.080    0.21955E-03   -0.55811E+00   -0.54810E-17    0.36600E-16
      1      12.956    0.22158E-03   -0.55813E+00   -0.40711E-16   -0.54357E-18
      1      12.833    0.22377E-03   -0.55830E+00   -0.76701E-17    0.35729E-16
      1      12.709    0.22610E-03   -0.55862E+00    0.20908E-16    0.14335E-16
      1      12.586    0.22857E-03   -0.55906E+00    0.20710E-16    0.71016E-17
      1      12.462    0.23119E-03   -0.55962E+00   -0.13746E-16    0.34661E-16
      1      12.339    0.23395E-03   -0.56029E+00    0.32467E-16    0.25391E-16
      1      12.216    0.23685E-03   -0.56104E+00    0.20348E-16    0.11701E-16
      1      12.092    0.23990E-03   -0.56187E+00    0.24276E-16    0.19228E-16
      1      11.969    0.24308E-03   -0.56277E+00   -0.47826E-17    0.38939E-16
      1      11.845    0.24640E-03   -0.56372E+00    0.11727E-16    0.65865E-17
      1      11.722    0.24987E-03   -0.56473E+00   -0.58492E-17    0.81456E-18
      1      11.599    0.25349E-03   -0.56579E+00   -0.40953E-16    0.56095E-17
      1      11.475    0.25726E-03   -0.56690E+00    0.31989E-16    0.25542E-16
      1      11.352    0.26120E-03   -0.56806E+00   -0.14385E-16    0.12921E-16
      1      11.228    0.26531E-03   -0.56928E+00    0.39835E-16    0.25702E-16
      1      11.105    0.26960E-03   -0.57056E+00    0.37006E-17    0.10766E-16
      1      10.981    0.27407E-03   -0.57190E+00    0.17197E-18    0.43113E-17
      1      10.858    0.27874E-03   -0.57331E+00    0.21637E-16    0.29947E-16
      1      10.735    0.28362E-03   -0.57480E+00   -0.22097E-16   -0.15490E-18
      1      10.611    0.28872E-03   -0.57637E+00   -0.57282E-16    0.17698E-16
      1      10.488    0.29403E-03   -0.57803E+00    0.76499E-17    0.14568E-16
      1      10.364    0.29958E-03   -0.57977E+00   -0.17695E-16    0.11384E-16
      1      10.241    0.30536E-03   -0.58161E+00    0.28767E-16    0.19366E-16
      1      10.117    0.31138E-03   -0.58353E+00    0.19643E-16    0.26398E-16
      1       9.994    0.31765E-03   -0.58555E+00    0.15225E-16    0.96547E-17
      1       9.871    0.32417E-03   -0.58766E+00    0.81114E-17    0.30523E-16
      1       9.747    0.33096E-03   -0.58987E+00    0.22710E-16   -0.11220E-16
      1       9.624    0.33802E-03   -0.59218E+00    0.12012E-16   -0.11938E-16
      1       9.500    0.34535E-03   -0.59458E+00    0.47242E-16    0.20816E-16
      1       9.377    0.35297E-03   -0.59709E+00    0.87170E-17    0.32967E-16
      1       9.253    0.36087E-03   -0.59970E+00   -0.42609E-17    0.25954E-16
      1       9.130    0.36909E-03   -0.60241E+00   -0.37102E-16   -0.35409E-17
      1       9.007    0.37761E-03   -0.60522E+00   -0.64009E-16    0.11121E-16
      1       8.883    0.38646E-03   -0.60814E+00    0.41308E-16    0.11205E-16
      1       8.760    0.39565E-03   -0.61116E+00   -0.44422E-17    0.41352E-17
      1       8.636    0.40519E-03   -0.61430E+00    0.49763E-16    0.99004E-17
      1       8.513    0.41510E-03   -0.61755E+00   -0.50084E-17   -0.16077E-16
      1       8.389    0.42539E-03   -0.62091E+00    0.78994E-16    0.16947E-16
      1       8.266    0.43608E-03   -0.62439E+00    0.74353E-16    0.10721E-16
      1       8.143    0.44720E-03   -0.62798E+00    0.35165E-16    0.59669E-17
      1       8.019    0.45877E-03   -0.63171E+00   -0.11643E-15    0.28772E-16
      1       7.896    0.47081E-03   -0.63556E+00   -0.47246E-16   -0.19669E-18
      1       7.772    0.48336E-03   -0.63955E+00   -0.15287E-16    0.27280E-17
      1       7.649    0.49644E-03   -0.64367E+00    0.33067E-16   -0.29581E-17
      1       7.525    0.51005E-03   -0.64791E+00   -0.13797E-16    0.21602E-17
      1       7.402    0.52422E-03   -0.65227E+00    0.14362E-16   -0.10897E-16
      1       7.279    0.53892E-03   -0.65672E+00    0.14273E-15    0.68193E-17
      1       7.155    0.55412E-03   -0.66124E+00   -0.89524E-16    0.18000E-17
      1       7.032    0.56971E-03   -0.66575E+00    0.19694E-16    0.91716E-17
      1       6.908    0.58556E-03   -0.67020E+00   -0.26515E-16    0.51915E-17
      1       6.785    0.60140E-03   -0.67445E+00   -0.17977E-15    0.10041E-16
      1       6.662    0.61690E-03   -0.67839E+00    0.33127E-16   -0.13604E-16
      1       6.538    0.63159E-03   -0.68184E+00    0.30875E-16   -0.66351E-17
      1       6.415    0.64489E-03   -0.68459E+00   -0.10521E-15    0.27017E-17
      1       6.291    0.65614E-03   -0.68644E+00   -0.27716E-17   -0.28708E-18
      1       6.168    0.66467E-03   -0.68717E+00    0.70702E-16    0.94516E-17
      1       6.044    0.66983E-03   -0.68656E+00   -0.18669E-15    0.10527E-16
      1       5.921    0.67122E-03   -0.68448E+00    0.21856E-15   -0.48829E-18
      1       5.798    0.66876E-03   -0.68086E+00   -0.19983E-16   -0.14005E-16
      1       5.674    0.66270E-03   -0.67576E+00   -0.93197E-16   -0.22592E-17
      1       5.551    0.65356E-03   -0.66930E+00    0.10631E-15   -0.62733E-17
      1       5.427    0.64197E-03   -0.66163E+00    0.76715E-17   -0.11986E-17
      1       5.304    0.62858E-03   -0.65294E+00    0.15250E-16   -0.13840E-16
      1       5.180    0.61401E-03   -0.64340E+00    0.63586E-16    0.10875E-16
      1       5.057    0.59875E-03   -0.63316E+00   -0.73946E-16   -0.11487E-16
      1       4.934    0.58320E-03   -0.62237E+00   -0.13695E-16    0.11946E-17
      1       4.810    0.56764E-03   -0.61113E+00   -0.33701E-16   -0.10723E-16
      1       4.687    0.55226E-03   -0.59951E+00    0.41595E-16    0.17979E-16
      1       4.563    0.53717E-03   -0.58756E+00    0.20470E-16   -0.15017E-16
      1       4.440    0.52244E-03   -0.57529E+00    0.12051E-15    0.97083E-17
      1       4.316    0.50811E-03   -0.56273E+00   -0.12919E-15   -0.23813E-17
      1       4.193    0.49422E-03   -0.54988E+00    0.40457E-16   -0.17883E-16
      1       4.070    0.48079E-03   -0.53677E+00    0.57885E-16    0.52942E-17
      1       3.946    0.46786E-03   -0.52342E+00    0.31200E-16    0.19324E-16
      1       3.823    0.45547E-03   -0.50984E+00    0.64811E-16    0.60429E-17
      1       3.699    0.44361E-03   -0.49607E+00    0.52870E-16   -0.38553E-17
      1       3.576    0.43231E-03   -0.48212E+00    0.23228E-16    0.26766E-17
      1       3.452    0.42158E-03   -0.46802E+00    0.61627E-17   -0.93363E-17
      1       3.329    0.41142E-03   -0.45381E+00    0.11663E-15    0.50649E-17
      1       3.206    0.40183E-03   -0.43953E+00    0.17850E-16   -0.73428E-17
      1       3.082    0.39284E-03   -0.42521E+00    0.96087E-16   -0.16079E-16
      1       2.959    0.38444E-03   -0.41093E+00    0.53825E-16   -0.49183E-17
      1       2.835    0.37664E-03   -0.39675E+00   -0.14936E-16    0.26693E-17
      1       2.712    0.36942E-03   -0.38269E+00    0.97217E-16   -0.29132E-16
      1       2.588    0.36269E-03   -0.36868E+00    0.47643E-16   -0.35254E-18
      1       2.465    0.35633E-03   -0.35460E+00    0.74267E-16   -0.18423E-16
      1       2.342    0.35023E-03   -0.34029E+00    0.66705E-17    0.23939E-16
      1       2.218    0.34426E-03   -0.32556E+00    0.11242E-16   -0.10772E-16
      1       2.095    0.33829E-03   -0.31023E+00    0.65573E-16   -0.24909E-16
      1       1.971    0.33221E-03   -0.29411E+00    0.35552E-16   -0.16417E-16
      1       1.848    0.32591E-03   -0.27705E+00    0.86176E-16   -0.22971E-16
      1       1.725    0.31933E-03   -0.25898E+00    0.29233E-16   -0.20747E-16
      1       1.601    0.31244E-03   -0.23995E+00    0.35394E-16   -0.15624E-16
      1       1.478    0.30537E-03   -0.22053E+00    0.89032E-16    0.12831E-17
      1       1.354    0.29826E-03   -0.20145E+00    0.55578E-16   -0.99254E-17
      1       1.231    0.29108E-03   -0.18319E+00    0.67348E-16   -0.20973E-17
      1       1.107    0.28368E-03   -0.16613E+00    0.45532E-16   -0.87759E-17
      1       0.984    0.27589E-03   -0.15080E+00    0.56800E-16   -0.39445E-16
      1       0.861    0.26758E-03   -0.13825E+00    0.71029E-16    0.16972E-16
      1       0.737    0.25868E-03   -0.13036E+00    0.70831E-16   -0.15142E-17
      1       0.614    0.24779E-03   -0.12553E+00    0.59788E-16   -0.62697E-17
      1       0.490    0.23137E-03   -0.11512E+00    0.84963E-16   -0.19090E-16
      1       0.367    0.20613E-03   -0.90738E-01    0.92729E-16    0.13692E-16
      1       0.243    0.17077E-03   -0.53178E-01    0.66751E-16   -0.16571E-17
      1       0.120    0.12253E-03   -0.19196E-01    0.33924E-16   -0.53013E-17
