   3N SYSTEM INCLUSIVE  PHOTODESINTEGRATION
        DETECTED PARTICLE: 1- PROTON
        NOT DETECTED PARTICLES:2- PROTON  3-NEUTRON

      OMEGA 0.30000E+02
     MTTWE1,MTTWE2,MTTWE3=    1    1   -1
     TH1LAB,PHI1LAB=     0.000     0.000
   Unit of cross sections ... fm**2/(MeV*sr**2)
      I       E1      CROSS           AX           AY           AZ
      1      16.574    0.19622E-06    0.61694E-18   -0.92737E-21   -0.22170E-18
      1      16.560    0.58750E-04    0.13517E-17   -0.19662E-19    0.38481E-17
      1      16.554    0.66468E-04    0.21612E-17   -0.37591E-19    0.80203E-17
      1      16.547    0.71327E-04    0.30593E-17   -0.61397E-19    0.97548E-17
      1      16.540    0.74490E-04    0.41417E-17   -0.66362E-19   -0.20108E-17
      1      16.534    0.76567E-04    0.52285E-17   -0.88387E-19    0.23955E-16
      1      16.527    0.77920E-04    0.65552E-17   -0.93911E-19   -0.36759E-17
      1      16.520    0.78775E-04    0.80093E-17   -0.11925E-18    0.26644E-16
      1      16.514    0.79280E-04    0.93475E-17   -0.70314E-19   -0.44720E-17
      1      16.507    0.79538E-04    0.11204E-16   -0.16046E-18    0.55181E-17
      1      16.500    0.79621E-04    0.12480E-16   -0.93372E-19   -0.20098E-17
      1      16.494    0.79580E-04    0.14686E-16   -0.16358E-18    0.27633E-17
      1      16.487    0.79452E-04    0.16402E-16   -0.27779E-18    0.19155E-16
      1      16.480    0.79265E-04    0.18607E-16   -0.24594E-18   -0.33118E-17
      1      16.474    0.79038E-04    0.20825E-16   -0.12038E-18    0.28150E-17
      1      16.467    0.78783E-04    0.23068E-16   -0.10759E-17    0.21532E-17
      1      16.460    0.78507E-04    0.24937E-16   -0.36058E-18    0.53464E-16
      1      16.454    0.78218E-04    0.27813E-16   -0.24542E-18   -0.37772E-17
      1      16.364    0.74194E-04    0.66840E-16   -0.94799E-18   -0.40600E-17
      1      16.274    0.70938E-04    0.12010E-15   -0.21561E-17    0.14785E-16
      1      16.185    0.68597E-04    0.18192E-15   -0.26498E-18   -0.70871E-17
      1      16.095    0.66948E-04    0.25857E-15   -0.28722E-17   -0.54632E-17
      1      16.005    0.65801E-04    0.33310E-15   -0.39846E-17   -0.15048E-16
      1      15.915    0.65034E-04    0.42831E-15   -0.84426E-17   -0.10995E-16
      1      15.826    0.64567E-04    0.51886E-15   -0.58455E-17   -0.15238E-16
      1      15.736    0.64346E-04    0.61846E-15   -0.99032E-17   -0.14270E-16
      1      15.646    0.64335E-04    0.73891E-15   -0.13160E-16   -0.17937E-16
      1      15.556    0.64506E-04    0.84034E-15   -0.63510E-17   -0.32382E-16
      1      15.467    0.64835E-04    0.96065E-15   -0.16938E-16   -0.26894E-16
      1      15.377    0.65301E-04    0.10650E-14   -0.15638E-16   -0.92432E-17
      1      15.287    0.65887E-04    0.11765E-14   -0.97835E-17   -0.38614E-16
      1      15.197    0.66581E-04    0.13081E-14   -0.25410E-16   -0.28771E-16
      1      15.108    0.67373E-04    0.14093E-14   -0.11761E-16   -0.28201E-16
      1      15.018    0.68255E-04    0.15309E-14   -0.13996E-16   -0.40886E-16
      1      14.928    0.69221E-04    0.16460E-14   -0.20908E-16   -0.46987E-16
      1      14.838    0.70266E-04    0.17405E-14   -0.16062E-16   -0.52480E-16
      1      14.749    0.71387E-04    0.18899E-14   -0.20734E-16   -0.56442E-16
      1      14.659    0.72579E-04    0.19749E-14   -0.22522E-16   -0.40087E-16
      1      14.569    0.73841E-04    0.20928E-14   -0.22981E-16   -0.32163E-16
      1      14.479    0.75170E-04    0.22056E-14   -0.22522E-16   -0.62436E-16
      1      14.390    0.76564E-04    0.23461E-14   -0.20912E-16   -0.61674E-16
      1      14.300    0.78019E-04    0.24173E-14   -0.26335E-16   -0.64577E-16
      1      14.210    0.79532E-04    0.25405E-14   -0.20777E-16   -0.66136E-16
      1      14.120    0.81098E-04    0.26474E-14   -0.33190E-16   -0.58660E-16
      1      14.031    0.82712E-04    0.27201E-14   -0.31380E-16   -0.71625E-16
      1      13.941    0.84369E-04    0.28934E-14   -0.61089E-17   -0.49714E-16
      1      13.851    0.86067E-04    0.28779E-14   -0.22496E-16   -0.90933E-16
      1      13.761    0.87800E-04    0.30324E-14   -0.28892E-16   -0.83346E-16
      1      13.672    0.89565E-04    0.31318E-14   -0.33744E-16   -0.85410E-16
      1      13.582    0.91360E-04    0.31895E-14   -0.18878E-16   -0.76212E-16
      1      13.492    0.93183E-04    0.33183E-14   -0.32981E-16   -0.81260E-16
      1      13.402    0.95035E-04    0.34154E-14   -0.45186E-16   -0.83242E-16
      1      13.313    0.96913E-04    0.35376E-14   -0.27638E-16   -0.83348E-16
      1      13.223    0.98819E-04    0.35686E-14   -0.29528E-16   -0.85872E-16
      1      13.133    0.10075E-03    0.36193E-14   -0.23772E-16   -0.97813E-16
      1      13.043    0.10271E-03    0.37178E-14   -0.27983E-16   -0.95734E-16
      1      12.954    0.10470E-03    0.37931E-14   -0.41241E-16   -0.98720E-16
      1      12.864    0.10671E-03    0.39629E-14   -0.43151E-16   -0.10263E-15
      1      12.774    0.10875E-03    0.39843E-14   -0.46731E-16   -0.10942E-15
      1      12.684    0.11081E-03    0.39857E-14   -0.13175E-16   -0.90398E-16
      1      12.595    0.11290E-03    0.41475E-14   -0.37401E-16   -0.10936E-15
      1      12.505    0.11501E-03    0.42353E-14   -0.26078E-16   -0.10932E-15
      1      12.415    0.11715E-03    0.42131E-14   -0.47490E-16   -0.11826E-15
      1      12.325    0.11931E-03    0.43457E-14   -0.37458E-16   -0.88848E-16
      1      12.236    0.12150E-03    0.43707E-14   -0.28543E-16   -0.10679E-15
      1      12.146    0.12371E-03    0.44245E-14   -0.44510E-16   -0.11452E-15
      1      12.056    0.12595E-03    0.45611E-14   -0.26591E-16   -0.12450E-15
      1      11.966    0.12822E-03    0.45156E-14   -0.46824E-16   -0.10372E-15
      1      11.877    0.13052E-03    0.46841E-14   -0.29890E-16   -0.10405E-15
      1      11.787    0.13285E-03    0.46368E-14   -0.34463E-16   -0.11439E-15
      1      11.697    0.13520E-03    0.47449E-14   -0.45397E-16   -0.11400E-15
      1      11.607    0.13759E-03    0.48253E-14   -0.28441E-16   -0.92360E-16
      1      11.518    0.14001E-03    0.48265E-14   -0.31796E-16   -0.12776E-15
      1      11.428    0.14247E-03    0.48949E-14   -0.42554E-16   -0.11114E-15
      1      11.338    0.14497E-03    0.49469E-14   -0.33107E-16   -0.11921E-15
      1      11.248    0.14750E-03    0.50608E-14   -0.38357E-16   -0.10966E-15
      1      11.159    0.15008E-03    0.50599E-14   -0.19048E-16   -0.10857E-15
      1      11.069    0.15270E-03    0.50709E-14   -0.45422E-16   -0.12484E-15
      1      10.979    0.15538E-03    0.51364E-14   -0.40945E-16   -0.14879E-15
      1      10.889    0.15811E-03    0.52483E-14   -0.32212E-16   -0.12881E-15
      1      10.800    0.16089E-03    0.52907E-14   -0.15010E-16   -0.10018E-15
      1      10.710    0.16374E-03    0.53453E-14   -0.49255E-16   -0.12051E-15
      1      10.620    0.16665E-03    0.53670E-14   -0.27924E-16   -0.11617E-15
      1      10.531    0.16962E-03    0.53834E-14   -0.49459E-16   -0.12936E-15
      1      10.441    0.17265E-03    0.54524E-14   -0.38535E-16   -0.13814E-15
      1      10.351    0.17575E-03    0.54359E-14   -0.32215E-16   -0.11889E-15
      1      10.261    0.17891E-03    0.55359E-14   -0.14935E-16   -0.11211E-15
      1      10.172    0.18214E-03    0.55226E-14   -0.21362E-16   -0.12039E-15
      1      10.082    0.18544E-03    0.56540E-14   -0.27319E-16   -0.12123E-15
      1       9.992    0.18880E-03    0.57062E-14   -0.83322E-17   -0.11072E-15
      1       9.902    0.19222E-03    0.56935E-14   -0.28913E-16   -0.11271E-15
      1       9.813    0.19571E-03    0.57502E-14   -0.12301E-16   -0.11242E-15
      1       9.723    0.19928E-03    0.56741E-14   -0.34270E-16   -0.11060E-15
      1       9.633    0.20291E-03    0.57741E-14   -0.53251E-16   -0.12771E-15
      1       9.543    0.20661E-03    0.57323E-14   -0.30979E-16   -0.12471E-15
      1       9.454    0.21039E-03    0.59089E-14   -0.35902E-16   -0.11459E-15
      1       9.364    0.21424E-03    0.58467E-14   -0.48416E-16   -0.13766E-15
      1       9.274    0.21817E-03    0.58546E-14   -0.39823E-16   -0.12619E-15
      1       9.184    0.22217E-03    0.57714E-14   -0.57604E-16   -0.10917E-15
      1       9.095    0.22626E-03    0.59850E-14   -0.35557E-16   -0.12501E-15
      1       9.005    0.23042E-03    0.60430E-14   -0.28135E-16   -0.10872E-15
      1       8.915    0.23467E-03    0.61243E-14   -0.33446E-16   -0.13439E-15
      1       8.825    0.23900E-03    0.61158E-14   -0.14256E-16   -0.11792E-15
      1       8.736    0.24342E-03    0.60883E-14   -0.20258E-16   -0.12941E-15
      1       8.646    0.24793E-03    0.61826E-14   -0.29144E-16   -0.14224E-15
      1       8.556    0.25252E-03    0.59924E-14   -0.23026E-16   -0.15159E-15
      1       8.466    0.25721E-03    0.61610E-14   -0.50340E-16   -0.14074E-15
      1       8.377    0.26199E-03    0.61201E-14   -0.33944E-16   -0.14617E-15
      1       8.287    0.26687E-03    0.62289E-14   -0.37329E-17   -0.13165E-15
      1       8.197    0.27185E-03    0.61545E-14   -0.21477E-16   -0.13359E-15
      1       8.107    0.27692E-03    0.62406E-14   -0.46047E-16   -0.10963E-15
      1       8.018    0.28209E-03    0.63012E-14    0.21607E-18   -0.13749E-15
      1       7.928    0.28736E-03    0.63774E-14   -0.47988E-16   -0.12332E-15
      1       7.838    0.29273E-03    0.62579E-14   -0.13496E-16   -0.11810E-15
      1       7.748    0.29819E-03    0.62051E-14   -0.13785E-16   -0.11916E-15
      1       7.659    0.30375E-03    0.63486E-14   -0.26960E-17   -0.14142E-15
      1       7.569    0.30941E-03    0.62850E-14   -0.29053E-16   -0.10476E-15
      1       7.479    0.31516E-03    0.62559E-14   -0.20457E-16   -0.13227E-15
      1       7.389    0.32100E-03    0.62829E-14   -0.32989E-16   -0.12463E-15
      1       7.300    0.32694E-03    0.63474E-14   -0.37289E-16   -0.11471E-15
      1       7.210    0.33297E-03    0.63269E-14   -0.23587E-16   -0.11270E-15
      1       7.120    0.33908E-03    0.64742E-14   -0.30533E-16   -0.11444E-15
      1       7.030    0.34528E-03    0.65981E-14   -0.24228E-16   -0.10691E-15
      1       6.941    0.35156E-03    0.63370E-14    0.11975E-16   -0.11367E-15
      1       6.851    0.35793E-03    0.63165E-14   -0.73816E-17   -0.12045E-15
      1       6.761    0.36437E-03    0.64319E-14   -0.13064E-16   -0.10669E-15
      1       6.671    0.37089E-03    0.62959E-14   -0.13710E-16   -0.13287E-15
      1       6.582    0.37749E-03    0.63170E-14   -0.36086E-16   -0.11775E-15
      1       6.492    0.38415E-03    0.64114E-14   -0.27771E-16   -0.10002E-15
      1       6.402    0.39088E-03    0.64644E-14   -0.18516E-16   -0.12885E-15
      1       6.312    0.39767E-03    0.64100E-14   -0.27271E-16   -0.11282E-15
      1       6.223    0.40452E-03    0.64331E-14   -0.67187E-17   -0.10764E-15
      1       6.133    0.41141E-03    0.64787E-14   -0.15801E-16   -0.10473E-15
      1       6.043    0.41836E-03    0.65255E-14   -0.14422E-16   -0.13013E-15
      1       5.953    0.42534E-03    0.63833E-14   -0.13582E-16   -0.10819E-15
      1       5.864    0.43236E-03    0.65402E-14    0.13981E-17   -0.11331E-15
      1       5.774    0.43939E-03    0.64117E-14   -0.34249E-16   -0.12245E-15
      1       5.684    0.44644E-03    0.64106E-14    0.31492E-16   -0.10297E-15
      1       5.594    0.45348E-03    0.64978E-14   -0.19797E-16   -0.11527E-15
      1       5.505    0.46051E-03    0.65299E-14   -0.22090E-17   -0.81101E-16
      1       5.415    0.46749E-03    0.65556E-14    0.37339E-17   -0.11049E-15
      1       5.325    0.47442E-03    0.65793E-14    0.32186E-16   -0.10861E-15
      1       5.236    0.48125E-03    0.64487E-14    0.74931E-17   -0.11271E-15
      1       5.146    0.48797E-03    0.65392E-14   -0.12566E-16   -0.11822E-15
      1       5.056    0.49453E-03    0.64234E-14   -0.94079E-17   -0.12783E-15
      1       4.966    0.50089E-03    0.64352E-14    0.79418E-17   -0.14323E-15
      1       4.877    0.50702E-03    0.65010E-14   -0.11608E-16   -0.11652E-15
      1       4.787    0.51288E-03    0.63601E-14    0.98900E-17   -0.11114E-15
      1       4.697    0.51843E-03    0.65048E-14    0.15082E-16   -0.11477E-15
      1       4.607    0.52363E-03    0.64627E-14    0.34246E-16   -0.10246E-15
      1       4.518    0.52845E-03    0.64792E-14    0.49479E-16   -0.12008E-15
      1       4.428    0.53289E-03    0.65187E-14    0.26349E-16   -0.12656E-15
      1       4.338    0.53693E-03    0.66401E-14   -0.35870E-17   -0.11736E-15
      1       4.248    0.54058E-03    0.64584E-14   -0.10507E-16   -0.12019E-15
      1       4.159    0.54384E-03    0.65420E-14   -0.11222E-16   -0.11374E-15
      1       4.069    0.54673E-03    0.64335E-14    0.51620E-17   -0.12531E-15
      1       3.979    0.54926E-03    0.66224E-14    0.11808E-16   -0.11658E-15
      1       3.889    0.55144E-03    0.63847E-14    0.42206E-17   -0.10755E-15
      1       3.800    0.55329E-03    0.64485E-14    0.41880E-16   -0.14761E-15
      1       3.710    0.55483E-03    0.64454E-14    0.17369E-17   -0.10239E-15
      1       3.620    0.55607E-03    0.63934E-14   -0.34947E-16   -0.11421E-15
      1       3.530    0.55701E-03    0.63474E-14    0.10144E-16   -0.14271E-15
      1       3.441    0.55768E-03    0.65750E-14    0.30493E-16   -0.11735E-15
      1       3.351    0.55808E-03    0.65293E-14    0.16622E-16   -0.13310E-15
      1       3.261    0.55822E-03    0.65281E-14    0.38354E-16   -0.12161E-15
      1       3.171    0.55811E-03    0.65991E-14    0.10784E-16   -0.13227E-15
      1       3.082    0.55778E-03    0.65123E-14    0.35155E-16   -0.12147E-15
      1       2.992    0.55721E-03    0.65650E-14    0.35966E-16   -0.15323E-15
      1       2.902    0.55644E-03    0.65453E-14    0.82825E-16   -0.14622E-15
      1       2.812    0.55546E-03    0.62582E-14    0.47479E-16   -0.13294E-15
      1       2.723    0.55427E-03    0.63820E-14    0.37043E-16   -0.12184E-15
      1       2.633    0.55289E-03    0.64620E-14    0.42515E-16   -0.10933E-15
      1       2.543    0.55132E-03    0.65319E-14   -0.32388E-18   -0.13960E-15
      1       2.453    0.54955E-03    0.65060E-14    0.46347E-16   -0.13240E-15
      1       2.364    0.54759E-03    0.63599E-14    0.53294E-16   -0.14828E-15
      1       2.274    0.54543E-03    0.65606E-14    0.16213E-16   -0.12787E-15
      1       2.184    0.54307E-03    0.63177E-14    0.49770E-16   -0.14730E-15
      1       2.094    0.54048E-03    0.64496E-14    0.43264E-16   -0.14583E-15
      1       2.005    0.53766E-03    0.63088E-14    0.49948E-16   -0.16825E-15
      1       1.915    0.53457E-03    0.64600E-14    0.46995E-16   -0.11915E-15
      1       1.825    0.53120E-03    0.63592E-14    0.57980E-16   -0.13876E-15
      1       1.735    0.52751E-03    0.62689E-14    0.22401E-16   -0.15442E-15
      1       1.646    0.52345E-03    0.61889E-14    0.46166E-16   -0.16933E-15
      1       1.556    0.51898E-03    0.62513E-14    0.54181E-16   -0.13857E-15
      1       1.466    0.51404E-03    0.63075E-14    0.20260E-16   -0.12980E-15
      1       1.376    0.50854E-03    0.62523E-14    0.54551E-16   -0.15281E-15
      1       1.287    0.50240E-03    0.61323E-14    0.66267E-16   -0.14532E-15
      1       1.197    0.49551E-03    0.63018E-14    0.61015E-16   -0.14275E-15
      1       1.107    0.48771E-03    0.62558E-14    0.58439E-16   -0.13558E-15
      1       1.017    0.47886E-03    0.60967E-14    0.59594E-16   -0.17907E-15
      1       0.928    0.46871E-03    0.60861E-14    0.43688E-16   -0.16175E-15
      1       0.838    0.45702E-03    0.60587E-14    0.60172E-16   -0.16520E-15
      1       0.748    0.44344E-03    0.61196E-14    0.80763E-16   -0.17770E-15
      1       0.658    0.42753E-03    0.60580E-14    0.60503E-16   -0.14406E-15
      1       0.569    0.40870E-03    0.60253E-14    0.82680E-16   -0.14167E-15
      1       0.479    0.38614E-03    0.60745E-14    0.94925E-16   -0.14012E-15
      1       0.389    0.35866E-03    0.59821E-14    0.87471E-16   -0.15677E-15
      1       0.299    0.32439E-03    0.59336E-14    0.14614E-15   -0.15687E-15
      1       0.210    0.28007E-03    0.60926E-14    0.37522E-16   -0.14470E-15
      1       0.120    0.21851E-03    0.59630E-14    0.10380E-15   -0.12228E-15
