   3N SYSTEM INCLUSIVE  PHOTODESINTEGRATION
        DETECTED PARTICLE: 1- PROTON
        NOT DETECTED PARTICLES:2- PROTON  3-NEUTRON

      OMEGA 0.30000E+02
     MTTWE1,MTTWE2,MTTWE3=    1    1   -1
     TH1LAB,PHI1LAB=   120.000     0.000
   Unit of cross sections ... fm**2/(MeV*sr**2)
      I       E1      CROSS           AX           AY           AZ
      1      13.837    0.13520E-05   -0.92590E+00   -0.43309E-18   -0.15816E-18
      1      13.823    0.38106E-03   -0.92241E+00   -0.11070E-17    0.78188E-18
      1      13.817    0.42351E-03   -0.92122E+00   -0.89415E-18   -0.12643E-17
      1      13.810    0.44739E-03   -0.92007E+00   -0.13104E-18   -0.17586E-17
      1      13.803    0.46071E-03   -0.91895E+00    0.87953E-19    0.21281E-17
      1      13.797    0.46758E-03   -0.91787E+00   -0.11947E-17   -0.22345E-17
      1      13.790    0.47036E-03   -0.91682E+00   -0.32104E-17   -0.89108E-18
      1      13.783    0.47051E-03   -0.91580E+00   -0.83180E-17   -0.64650E-17
      1      13.777    0.46896E-03   -0.91482E+00    0.24605E-18   -0.66247E-18
      1      13.770    0.46631E-03   -0.91387E+00    0.23517E-18    0.42647E-18
      1      13.763    0.46299E-03   -0.91295E+00   -0.14322E-17   -0.87700E-18
      1      13.757    0.45929E-03   -0.91207E+00    0.60501E-17    0.20943E-17
      1      13.750    0.45540E-03   -0.91123E+00    0.52099E-17   -0.56416E-17
      1      13.743    0.45145E-03   -0.91041E+00   -0.62778E-18   -0.10124E-17
      1      13.737    0.44749E-03   -0.90963E+00    0.84942E-17    0.45613E-17
      1      13.730    0.44357E-03   -0.90888E+00    0.21141E-18    0.89640E-17
      1      13.723    0.43970E-03   -0.90815E+00   -0.10972E-17   -0.99470E-18
      1      13.717    0.43589E-03   -0.90744E+00   -0.90808E-18    0.30453E-17
      1      13.642    0.39853E-03   -0.90042E+00    0.15875E-17   -0.41544E-17
      1      13.567    0.36995E-03   -0.89436E+00    0.61869E-18    0.23325E-17
      1      13.492    0.34855E-03   -0.88905E+00    0.11458E-16   -0.48430E-17
      1      13.418    0.33226E-03   -0.88431E+00    0.81438E-17    0.13141E-16
      1      13.343    0.31942E-03   -0.87995E+00   -0.18492E-17   -0.52660E-17
      1      13.268    0.30895E-03   -0.87582E+00    0.28285E-18    0.15889E-16
      1      13.194    0.30017E-03   -0.87179E+00   -0.19333E-18   -0.31987E-17
      1      13.119    0.29262E-03   -0.86778E+00    0.40045E-17    0.27150E-17
      1      13.044    0.28600E-03   -0.86371E+00    0.76902E-17    0.53611E-17
      1      12.970    0.28009E-03   -0.85954E+00   -0.65719E-19   -0.12941E-17
      1      12.895    0.27475E-03   -0.85523E+00    0.13571E-17    0.23817E-17
      1      12.820    0.26991E-03   -0.85079E+00   -0.13834E-18   -0.73018E-17
      1      12.745    0.26554E-03   -0.84624E+00    0.62230E-17   -0.23311E-16
      1      12.671    0.26159E-03   -0.84158E+00    0.27752E-17   -0.71638E-17
      1      12.596    0.25803E-03   -0.83682E+00    0.83339E-17    0.61324E-17
      1      12.521    0.25484E-03   -0.83198E+00    0.70813E-17   -0.15145E-16
      1      12.447    0.25197E-03   -0.82705E+00    0.37407E-17    0.19295E-16
      1      12.372    0.24941E-03   -0.82204E+00    0.98676E-17   -0.37512E-17
      1      12.297    0.24713E-03   -0.81694E+00    0.40200E-17    0.10175E-16
      1      12.222    0.24511E-03   -0.81175E+00    0.13764E-16   -0.70971E-17
      1      12.148    0.24332E-03   -0.80647E+00   -0.97661E-19    0.10328E-16
      1      12.073    0.24176E-03   -0.80111E+00    0.83110E-17    0.30249E-16
      1      11.998    0.24040E-03   -0.79565E+00    0.79574E-17    0.60338E-17
      1      11.924    0.23926E-03   -0.79010E+00    0.76516E-17    0.11955E-16
      1      11.849    0.23832E-03   -0.78449E+00   -0.49005E-17    0.21311E-16
      1      11.774    0.23757E-03   -0.77881E+00    0.12626E-16    0.25088E-16
      1      11.700    0.23703E-03   -0.77307E+00    0.75656E-17    0.96295E-17
      1      11.625    0.23667E-03   -0.76731E+00   -0.63660E-17    0.11992E-16
      1      11.550    0.23651E-03   -0.76153E+00    0.14397E-17   -0.18484E-16
      1      11.475    0.23653E-03   -0.75576E+00    0.76268E-17    0.57303E-17
      1      11.401    0.23674E-03   -0.75000E+00    0.17405E-16   -0.17512E-16
      1      11.326    0.23712E-03   -0.74428E+00   -0.13353E-16    0.87021E-17
      1      11.251    0.23767E-03   -0.73862E+00    0.52044E-17   -0.10325E-16
      1      11.177    0.23838E-03   -0.73301E+00    0.39014E-17    0.32814E-16
      1      11.102    0.23926E-03   -0.72747E+00   -0.85449E-17    0.82899E-17
      1      11.027    0.24028E-03   -0.72199E+00    0.72938E-17   -0.25812E-16
      1      10.952    0.24143E-03   -0.71658E+00   -0.22885E-17   -0.14959E-16
      1      10.878    0.24272E-03   -0.71124E+00   -0.45758E-17   -0.38318E-16
      1      10.803    0.24413E-03   -0.70596E+00    0.28680E-16    0.17127E-16
      1      10.728    0.24565E-03   -0.70073E+00    0.53187E-17    0.21263E-17
      1      10.654    0.24729E-03   -0.69557E+00   -0.11505E-16    0.42664E-16
      1      10.579    0.24903E-03   -0.69047E+00   -0.10151E-16    0.45334E-16
      1      10.504    0.25088E-03   -0.68543E+00    0.86416E-17   -0.29453E-17
      1      10.430    0.25283E-03   -0.68046E+00    0.29648E-16   -0.47267E-16
      1      10.355    0.25489E-03   -0.67556E+00   -0.72725E-17    0.26300E-17
      1      10.280    0.25705E-03   -0.67076E+00   -0.22721E-16    0.27236E-16
      1      10.205    0.25934E-03   -0.66605E+00    0.11894E-16    0.12768E-16
      1      10.131    0.26174E-03   -0.66145E+00   -0.10972E-16   -0.35734E-17
      1      10.056    0.26427E-03   -0.65696E+00    0.13347E-17    0.25759E-17
      1       9.981    0.26692E-03   -0.65259E+00   -0.95656E-17    0.43721E-17
      1       9.907    0.26971E-03   -0.64835E+00    0.87149E-17   -0.45643E-17
      1       9.832    0.27262E-03   -0.64423E+00   -0.38482E-17    0.20743E-16
      1       9.757    0.27566E-03   -0.64024E+00   -0.94051E-17    0.15855E-16
      1       9.682    0.27883E-03   -0.63637E+00   -0.81518E-18   -0.47352E-17
      1       9.608    0.28213E-03   -0.63263E+00   -0.16951E-16    0.22152E-16
      1       9.533    0.28555E-03   -0.62902E+00   -0.11299E-16    0.41985E-17
      1       9.458    0.28910E-03   -0.62553E+00   -0.46023E-17    0.17297E-16
      1       9.384    0.29278E-03   -0.62215E+00    0.49848E-17   -0.10764E-17
      1       9.309    0.29657E-03   -0.61888E+00    0.32755E-16    0.25612E-17
      1       9.234    0.30047E-03   -0.61572E+00    0.21328E-16    0.14297E-16
      1       9.159    0.30449E-03   -0.61265E+00    0.41158E-16   -0.34150E-16
      1       9.085    0.30861E-03   -0.60967E+00   -0.31437E-16   -0.45906E-18
      1       9.010    0.31284E-03   -0.60676E+00   -0.61958E-17    0.32041E-16
      1       8.935    0.31719E-03   -0.60393E+00   -0.29076E-16    0.65307E-17
      1       8.861    0.32164E-03   -0.60116E+00    0.17149E-16   -0.34144E-16
      1       8.786    0.32621E-03   -0.59846E+00   -0.35858E-17    0.37836E-16
      1       8.711    0.33090E-03   -0.59582E+00    0.13275E-16    0.77473E-17
      1       8.637    0.33571E-03   -0.59324E+00   -0.24218E-16   -0.34093E-16
      1       8.562    0.34066E-03   -0.59074E+00   -0.42245E-17    0.15745E-16
      1       8.487    0.34576E-03   -0.58830E+00    0.28298E-16    0.23371E-18
      1       8.412    0.35100E-03   -0.58595E+00   -0.10339E-16    0.33694E-16
      1       8.338    0.35640E-03   -0.58369E+00   -0.30373E-16    0.26504E-16
      1       8.263    0.36198E-03   -0.58153E+00    0.16763E-16   -0.22261E-16
      1       8.188    0.36774E-03   -0.57947E+00    0.26477E-16   -0.12626E-18
      1       8.114    0.37369E-03   -0.57753E+00   -0.10323E-17    0.14793E-16
      1       8.039    0.37984E-03   -0.57572E+00    0.24001E-16   -0.18444E-16
      1       7.964    0.38620E-03   -0.57403E+00    0.88823E-17   -0.15886E-16
      1       7.889    0.39276E-03   -0.57246E+00    0.19001E-16    0.15215E-16
      1       7.815    0.39953E-03   -0.57102E+00    0.30033E-16    0.31873E-16
      1       7.740    0.40652E-03   -0.56970E+00    0.54671E-19    0.36892E-18
      1       7.665    0.41373E-03   -0.56850E+00   -0.54145E-17    0.14787E-16
      1       7.591    0.42115E-03   -0.56742E+00    0.24558E-17    0.63255E-17
      1       7.516    0.42881E-03   -0.56645E+00   -0.13732E-16   -0.59696E-17
      1       7.441    0.43669E-03   -0.56560E+00   -0.13332E-16    0.32679E-16
      1       7.367    0.44481E-03   -0.56486E+00    0.22427E-16    0.20082E-16
      1       7.292    0.45317E-03   -0.56423E+00    0.13794E-16   -0.10977E-17
      1       7.217    0.46176E-03   -0.56370E+00    0.18319E-16   -0.44916E-17
      1       7.142    0.47060E-03   -0.56326E+00   -0.15790E-16    0.23257E-16
      1       7.068    0.47969E-03   -0.56293E+00    0.36626E-16    0.16597E-16
      1       6.993    0.48903E-03   -0.56268E+00    0.32090E-17    0.70941E-17
      1       6.918    0.49862E-03   -0.56251E+00    0.39680E-16    0.24198E-16
      1       6.844    0.50848E-03   -0.56244E+00   -0.41278E-16    0.17989E-16
      1       6.769    0.51861E-03   -0.56244E+00   -0.25365E-16    0.14343E-16
      1       6.694    0.52902E-03   -0.56252E+00   -0.24616E-16    0.81056E-19
      1       6.619    0.53973E-03   -0.56269E+00    0.61860E-17   -0.30949E-17
      1       6.545    0.55073E-03   -0.56294E+00    0.47986E-16    0.32692E-16
      1       6.470    0.56205E-03   -0.56328E+00    0.20992E-16    0.69647E-17
      1       6.395    0.57371E-03   -0.56370E+00   -0.29949E-17    0.89266E-17
      1       6.321    0.58570E-03   -0.56422E+00    0.73945E-16    0.13835E-17
      1       6.246    0.59805E-03   -0.56482E+00    0.15352E-16    0.13326E-16
      1       6.171    0.61078E-03   -0.56552E+00   -0.66995E-16    0.25547E-16
      1       6.097    0.62389E-03   -0.56632E+00    0.21454E-16   -0.13808E-16
      1       6.022    0.63741E-03   -0.56721E+00    0.10083E-16    0.49120E-17
      1       5.947    0.65134E-03   -0.56820E+00    0.45944E-16    0.20438E-16
      1       5.872    0.66569E-03   -0.56929E+00    0.91054E-17    0.13742E-16
      1       5.798    0.68046E-03   -0.57047E+00    0.36247E-16    0.13568E-16
      1       5.723    0.69568E-03   -0.57174E+00   -0.39728E-16   -0.74013E-18
      1       5.648    0.71134E-03   -0.57310E+00   -0.46228E-16   -0.18861E-16
      1       5.574    0.72746E-03   -0.57456E+00   -0.19166E-18    0.22705E-16
      1       5.499    0.74406E-03   -0.57611E+00    0.59364E-16    0.49668E-17
      1       5.424    0.76113E-03   -0.57775E+00    0.37045E-16    0.23051E-17
      1       5.349    0.77871E-03   -0.57948E+00   -0.34812E-16   -0.81524E-17
      1       5.275    0.79679E-03   -0.58131E+00    0.20814E-16    0.11627E-16
      1       5.200    0.81539E-03   -0.58322E+00    0.29368E-16    0.90277E-18
      1       5.125    0.83453E-03   -0.58523E+00   -0.53371E-16    0.11092E-16
      1       5.051    0.85423E-03   -0.58733E+00   -0.30575E-17   -0.73412E-17
      1       4.976    0.87450E-03   -0.58952E+00   -0.40392E-16   -0.11413E-16
      1       4.901    0.89536E-03   -0.59181E+00   -0.39349E-16   -0.73078E-17
      1       4.827    0.91682E-03   -0.59419E+00   -0.46463E-16    0.13686E-16
      1       4.752    0.93890E-03   -0.59666E+00    0.26128E-16    0.78114E-17
      1       4.677    0.96161E-03   -0.59922E+00   -0.68852E-16   -0.78248E-17
      1       4.602    0.98497E-03   -0.60188E+00    0.81720E-16    0.13765E-16
      1       4.528    0.10090E-02   -0.60462E+00   -0.62925E-16    0.62301E-17
      1       4.453    0.10337E-02   -0.60745E+00    0.89039E-17    0.40664E-17
      1       4.378    0.10591E-02   -0.61037E+00    0.47676E-16   -0.11643E-16
      1       4.304    0.10852E-02   -0.61339E+00    0.58137E-16    0.19173E-17
      1       4.229    0.11120E-02   -0.61648E+00    0.99156E-16   -0.22819E-17
      1       4.154    0.11396E-02   -0.61966E+00   -0.52452E-16   -0.90798E-17
      1       4.079    0.11677E-02   -0.62289E+00    0.15798E-15    0.94195E-17
      1       4.005    0.11964E-02   -0.62614E+00    0.22352E-16   -0.48082E-17
      1       3.930    0.12254E-02   -0.62938E+00    0.61892E-16   -0.11941E-16
      1       3.855    0.12545E-02   -0.63253E+00   -0.20009E-16   -0.42747E-17
      1       3.781    0.12833E-02   -0.63552E+00    0.54738E-17    0.49650E-17
      1       3.706    0.13112E-02   -0.63825E+00   -0.72459E-16   -0.84400E-18
      1       3.631    0.13377E-02   -0.64058E+00   -0.63202E-16   -0.12527E-16
      1       3.557    0.13618E-02   -0.64239E+00    0.58122E-16    0.14872E-17
      1       3.482    0.13828E-02   -0.64351E+00    0.18467E-15   -0.22405E-16
      1       3.407    0.13996E-02   -0.64379E+00    0.93930E-16    0.15195E-16
      1       3.332    0.14115E-02   -0.64309E+00    0.13150E-15   -0.47106E-17
      1       3.258    0.14176E-02   -0.64123E+00    0.12620E-15   -0.10901E-16
      1       3.183    0.14172E-02   -0.63810E+00    0.70781E-17   -0.46958E-17
      1       3.108    0.14103E-02   -0.63363E+00    0.11552E-16   -0.20278E-16
      1       3.034    0.13972E-02   -0.62782E+00    0.13243E-15   -0.59026E-17
      1       2.959    0.13784E-02   -0.62074E+00   -0.88769E-16   -0.54975E-17
      1       2.884    0.13548E-02   -0.61246E+00   -0.83709E-16    0.41093E-17
      1       2.809    0.13273E-02   -0.60309E+00    0.11096E-15    0.10161E-16
      1       2.735    0.12969E-02   -0.59275E+00    0.17120E-15    0.65196E-17
      1       2.660    0.12643E-02   -0.58156E+00    0.10473E-15    0.64501E-17
      1       2.585    0.12305E-02   -0.56965E+00    0.15358E-15   -0.12661E-16
      1       2.511    0.11959E-02   -0.55713E+00    0.14002E-15   -0.29870E-17
      1       2.436    0.11611E-02   -0.54408E+00   -0.81572E-16   -0.13361E-16
      1       2.361    0.11263E-02   -0.53058E+00   -0.16889E-16   -0.13979E-16
      1       2.286    0.10919E-02   -0.51668E+00   -0.11242E-15   -0.22887E-17
      1       2.212    0.10579E-02   -0.50239E+00    0.36614E-18    0.33490E-17
      1       2.137    0.10244E-02   -0.48774E+00   -0.98523E-18    0.98706E-17
      1       2.062    0.99154E-03   -0.47276E+00   -0.13765E-16    0.26999E-16
      1       1.988    0.95938E-03   -0.45748E+00    0.89535E-16    0.25672E-17
      1       1.913    0.92795E-03   -0.44193E+00    0.58703E-16   -0.20934E-16
      1       1.838    0.89730E-03   -0.42613E+00   -0.54590E-16    0.21559E-17
      1       1.764    0.86744E-03   -0.41013E+00    0.27283E-16   -0.55598E-17
      1       1.689    0.83837E-03   -0.39396E+00    0.49554E-16    0.16098E-16
      1       1.614    0.81007E-03   -0.37763E+00    0.93890E-16    0.21097E-17
      1       1.539    0.78253E-03   -0.36120E+00   -0.14657E-16   -0.81045E-17
      1       1.465    0.75570E-03   -0.34468E+00    0.27742E-16    0.18710E-17
      1       1.390    0.72954E-03   -0.32813E+00    0.63469E-16    0.51718E-17
      1       1.315    0.70400E-03   -0.31157E+00    0.39458E-16    0.20862E-16
      1       1.241    0.67895E-03   -0.29501E+00    0.17871E-16   -0.48878E-18
      1       1.166    0.65425E-03   -0.27838E+00    0.30483E-16   -0.16717E-16
      1       1.091    0.62971E-03   -0.26163E+00    0.27716E-16    0.18954E-16
      1       1.016    0.60518E-03   -0.24467E+00    0.40978E-16   -0.16199E-16
      1       0.942    0.58047E-03   -0.22743E+00    0.53381E-16   -0.40526E-17
      1       0.867    0.55539E-03   -0.20984E+00    0.13737E-16   -0.12168E-16
      1       0.792    0.52978E-03   -0.19185E+00    0.33093E-16   -0.11600E-16
      1       0.718    0.50345E-03   -0.17343E+00    0.93984E-16    0.17920E-16
      1       0.643    0.47623E-03   -0.15467E+00    0.50210E-16    0.73053E-17
      1       0.568    0.44799E-03   -0.13590E+00    0.36124E-16   -0.18392E-19
      1       0.494    0.41844E-03   -0.11744E+00    0.13199E-15   -0.24866E-16
      1       0.419    0.38705E-03   -0.99481E-01    0.76320E-16    0.35473E-17
      1       0.344    0.35297E-03   -0.82156E-01    0.65447E-16   -0.22118E-16
      1       0.269    0.31496E-03   -0.65790E-01    0.37833E-16   -0.16083E-17
      1       0.195    0.27082E-03   -0.50846E-01    0.79527E-16    0.47366E-17
      1       0.120    0.21508E-03   -0.34530E-01    0.70661E-16   -0.12994E-16
