   Unit of cross sections ... fm**2/(MeV*sr**2)
      I       SLANGE      CROSS          E1         E2         E3
      1       0.500    0.2930E-06       12.845     0.030     9.407
      2       1.001    0.9109E-06       12.351     0.111     9.820
      3       1.501    0.1436E-05       11.865     0.230    10.187
      4       2.000    0.1784E-05       11.389     0.380    10.513
      5       2.502    0.2095E-05       10.920     0.556    10.806
      6       3.001    0.2397E-05       10.461     0.753    11.068
      7       3.502    0.2576E-05       10.009     0.969    11.304
      8       4.001    0.2596E-05        9.567     1.201    11.515
      9       4.502    0.2527E-05        9.131     1.447    11.704
     10       5.003    0.2441E-05        8.703     1.707    11.872
     11       5.502    0.2350E-05        8.283     1.978    12.021
     12       6.002    0.2245E-05        7.871     2.259    12.152
     13       6.501    0.2110E-05        7.465     2.551    12.265
     14       7.000    0.1944E-05        7.068     2.852    12.362
     15       7.502    0.1758E-05        6.674     3.164    12.444
     16       8.001    0.1571E-05        6.290     3.483    12.509
     17       8.501    0.1398E-05        5.912     3.810    12.560
     18       9.001    0.1260E-05        5.541     4.145    12.596
     19       9.503    0.1170E-05        5.176     4.489    12.617
     20      10.003    0.1141E-05        4.819     4.839    12.624
     21      10.502    0.1174E-05        4.470     5.196    12.616
     22      11.001    0.1266E-05        4.128     5.560    12.594
     23      11.501    0.1406E-05        3.793     5.931    12.558
     24      12.001    0.1580E-05        3.467     6.309    12.506
     25      12.502    0.1768E-05        3.147     6.695    12.440
     26      13.001    0.1953E-05        2.838     7.087    12.358
     27      13.502    0.2118E-05        2.536     7.487    12.260
     28      14.002    0.2251E-05        2.244     7.892    12.145
     29      14.500    0.2355E-05        1.964     8.304    12.014
     30      15.002    0.2446E-05        1.692     8.727    11.863
     31      15.503    0.2531E-05        1.433     9.155    11.694
     32      16.002    0.2598E-05        1.188     9.590    11.504
     33      16.501    0.2571E-05        0.957    10.032    11.292
     34      17.001    0.2383E-05        0.743    10.483    11.056
     35      17.501    0.2079E-05        0.547    10.943    10.792
     36      18.001    0.1768E-05        0.372    11.412    10.498
     37      18.501    0.1415E-05        0.223    11.889    10.170
     38      19.002    0.8796E-06        0.105    12.376     9.801
     39      19.501    0.2673E-06        0.027    12.869     9.385
