   3N SYSTEM INCLUSIVE  PHOTODESINTEGRATION
        DETECTED PARTICLE: 1- PROTON
        NOT DETECTED PARTICLES:2- PROTON  3-NEUTRON

      OMEGA 0.30000E+02
     MTTWE1,MTTWE2,MTTWE3=    1    1   -1
     TH1LAB,PHI1LAB=   180.000     0.000
   Unit of cross sections ... fm**2/(MeV*sr**2)
      I       E1      CROSS           AX           AY           AZ
      1      13.029    0.86194E-07    0.75189E-18    0.15863E-20    0.25288E-16
      1      13.016    0.25144E-04    0.10949E-17    0.13872E-18   -0.39614E-17
      1      13.009    0.28315E-04    0.32186E-17   -0.98113E-21   -0.38595E-16
      1      13.002    0.30305E-04    0.44769E-17    0.39826E-18    0.68629E-17
      1      12.996    0.31615E-04    0.49396E-17    0.15062E-19    0.55554E-18
      1      12.989    0.32499E-04    0.59261E-17    0.24833E-18   -0.51612E-17
      1      12.982    0.33106E-04    0.73031E-17    0.93911E-19   -0.87971E-17
      1      12.976    0.33525E-04    0.96349E-17   -0.14887E-18   -0.45871E-17
      1      12.969    0.33815E-04    0.12331E-16    0.99414E-19    0.72978E-17
      1      12.962    0.34014E-04    0.14480E-16    0.17903E-18   -0.16123E-18
      1      12.956    0.34151E-04    0.16316E-16    0.46859E-18    0.48824E-16
      1      12.949    0.34244E-04    0.17781E-16    0.13152E-18   -0.54091E-17
      1      12.942    0.34307E-04    0.20437E-16   -0.18846E-18    0.14065E-16
      1      12.936    0.34348E-04    0.24196E-16    0.32003E-19    0.28680E-17
      1      12.929    0.34372E-04    0.25546E-16    0.25705E-18    0.24674E-16
      1      12.922    0.34384E-04    0.27729E-16    0.13464E-18   -0.84696E-18
      1      12.916    0.34387E-04    0.30762E-16   -0.62554E-18   -0.11500E-17
      1      12.909    0.34382E-04    0.35187E-16    0.11653E-18   -0.21087E-17
      1      12.839    0.34166E-04    0.72962E-16    0.15422E-18    0.11438E-16
      1      12.769    0.33956E-04    0.11867E-15    0.20333E-17    0.56554E-17
      1      12.698    0.33883E-04    0.17108E-15   -0.47152E-18   -0.14062E-17
      1      12.628    0.33940E-04    0.23725E-15   -0.13132E-17    0.20173E-17
      1      12.558    0.34098E-04    0.31050E-15    0.43722E-18   -0.40931E-17
      1      12.487    0.34336E-04    0.38041E-15    0.12386E-17    0.42300E-16
      1      12.417    0.34642E-04    0.46068E-15   -0.85061E-18    0.59040E-17
      1      12.347    0.35008E-04    0.54485E-15   -0.15146E-17    0.68427E-18
      1      12.277    0.35431E-04    0.63198E-15    0.28625E-19    0.49118E-17
      1      12.206    0.35908E-04    0.73439E-15   -0.69596E-17   -0.96523E-17
      1      12.136    0.36436E-04    0.79587E-15   -0.45378E-17    0.59979E-18
      1      12.066    0.37013E-04    0.93949E-15   -0.78437E-17   -0.70169E-17
      1      11.996    0.37635E-04    0.10430E-14   -0.90396E-17   -0.50349E-17
      1      11.925    0.38302E-04    0.11475E-14   -0.15580E-16    0.11809E-16
      1      11.855    0.39010E-04    0.12400E-14   -0.14978E-16   -0.18786E-16
      1      11.785    0.39760E-04    0.13590E-14   -0.24053E-16   -0.15400E-16
      1      11.715    0.40549E-04    0.14421E-14   -0.23539E-16   -0.11949E-16
      1      11.644    0.41379E-04    0.15027E-14   -0.19632E-16   -0.15504E-16
      1      11.574    0.42249E-04    0.16296E-14   -0.18645E-16   -0.19676E-16
      1      11.504    0.43159E-04    0.17618E-14   -0.18677E-16   -0.18651E-16
      1      11.433    0.44110E-04    0.18449E-14   -0.18724E-16   -0.27043E-16
      1      11.363    0.45103E-04    0.19602E-14   -0.22625E-16   -0.29060E-16
      1      11.293    0.46138E-04    0.20652E-14   -0.18684E-16   -0.40184E-16
      1      11.223    0.47217E-04    0.21535E-14   -0.24053E-16   -0.41910E-16
      1      11.152    0.48340E-04    0.22686E-14   -0.13518E-16   -0.32624E-16
      1      11.082    0.49508E-04    0.23282E-14   -0.14663E-16   -0.55775E-16
      1      11.012    0.50721E-04    0.24812E-14   -0.12901E-16   -0.55824E-16
      1      10.942    0.51977E-04    0.25323E-14   -0.17746E-16   -0.54963E-16
      1      10.871    0.53276E-04    0.26513E-14   -0.31863E-16   -0.54100E-16
      1      10.801    0.54616E-04    0.27101E-14   -0.19059E-16   -0.57416E-16
      1      10.731    0.55995E-04    0.28006E-14   -0.32308E-16   -0.78477E-16
      1      10.660    0.57412E-04    0.29071E-14   -0.17886E-16   -0.68332E-16
      1      10.590    0.58865E-04    0.30011E-14   -0.17457E-16   -0.69858E-16
      1      10.520    0.60353E-04    0.30570E-14   -0.18555E-16   -0.57608E-16
      1      10.450    0.61873E-04    0.32017E-14   -0.43718E-17   -0.69507E-16
      1      10.379    0.63426E-04    0.32354E-14   -0.10726E-16   -0.91038E-16
      1      10.309    0.65010E-04    0.33188E-14   -0.18693E-16   -0.79593E-16
      1      10.239    0.66626E-04    0.34325E-14   -0.11529E-16   -0.88857E-16
      1      10.169    0.68273E-04    0.34392E-14   -0.25828E-16   -0.77632E-16
      1      10.098    0.69952E-04    0.36140E-14   -0.37251E-16   -0.87911E-16
      1      10.028    0.71662E-04    0.35652E-14   -0.18969E-16   -0.78123E-16
      1       9.958    0.73404E-04    0.37132E-14   -0.88006E-17   -0.10011E-15
      1       9.887    0.75178E-04    0.38011E-14   -0.15936E-16   -0.91370E-16
      1       9.817    0.76985E-04    0.38710E-14   -0.16883E-16   -0.90124E-16
      1       9.747    0.78823E-04    0.38835E-14   -0.71353E-17   -0.10495E-15
      1       9.677    0.80693E-04    0.40322E-14   -0.45526E-17   -0.10149E-15
      1       9.606    0.82594E-04    0.40288E-14   -0.14849E-16   -0.10473E-15
      1       9.536    0.84528E-04    0.41082E-14   -0.88456E-17   -0.10781E-15
      1       9.466    0.86493E-04    0.42147E-14   -0.88871E-17   -0.10741E-15
      1       9.396    0.88490E-04    0.41576E-14   -0.51966E-17   -0.11963E-15
      1       9.325    0.90520E-04    0.43573E-14   -0.14361E-16   -0.13310E-15
      1       9.255    0.92583E-04    0.43585E-14   -0.57041E-17   -0.10747E-15
      1       9.185    0.94680E-04    0.43746E-14   -0.13185E-16   -0.12319E-15
      1       9.115    0.96810E-04    0.44619E-14   -0.21515E-16   -0.13374E-15
      1       9.044    0.98974E-04    0.44743E-14   -0.10850E-16   -0.13014E-15
      1       8.974    0.10117E-03    0.44843E-14   -0.25307E-16   -0.13479E-15
      1       8.904    0.10340E-03    0.46605E-14    0.23234E-17   -0.13245E-15
      1       8.833    0.10567E-03    0.46997E-14   -0.44993E-17   -0.12103E-15
      1       8.763    0.10797E-03    0.47124E-14   -0.74342E-17   -0.15242E-15
      1       8.693    0.11031E-03    0.48122E-14   -0.61100E-18   -0.13562E-15
      1       8.623    0.11268E-03    0.48774E-14   -0.25976E-16   -0.15958E-15
      1       8.552    0.11508E-03    0.48315E-14   -0.46077E-17   -0.14739E-15
      1       8.482    0.11753E-03    0.48821E-14    0.79754E-17   -0.15076E-15
      1       8.412    0.12001E-03    0.49512E-14    0.43208E-17   -0.13891E-15
      1       8.342    0.12253E-03    0.49615E-14   -0.51743E-17   -0.15706E-15
      1       8.271    0.12510E-03    0.50140E-14    0.11206E-16   -0.14444E-15
      1       8.201    0.12771E-03    0.50846E-14   -0.21086E-16   -0.17401E-15
      1       8.131    0.13036E-03    0.51570E-14    0.46179E-17   -0.17165E-15
      1       8.060    0.13307E-03    0.51831E-14    0.13687E-16   -0.18357E-15
      1       7.990    0.13583E-03    0.52757E-14   -0.31746E-17   -0.18236E-15
      1       7.920    0.13864E-03    0.52686E-14    0.16488E-16   -0.18491E-15
      1       7.850    0.14151E-03    0.52520E-14    0.50811E-17   -0.16049E-15
      1       7.779    0.14444E-03    0.53578E-14    0.25606E-17   -0.19291E-15
      1       7.709    0.14743E-03    0.53635E-14    0.89335E-17   -0.18218E-15
      1       7.639    0.15047E-03    0.53724E-14    0.14879E-16   -0.17844E-15
      1       7.569    0.15357E-03    0.53843E-14    0.67362E-17   -0.18098E-15
      1       7.498    0.15674E-03    0.54240E-14    0.91318E-17   -0.18256E-15
      1       7.428    0.15996E-03    0.55079E-14    0.10077E-16   -0.18479E-15
      1       7.358    0.16324E-03    0.55521E-14    0.18084E-16   -0.18477E-15
      1       7.288    0.16658E-03    0.56162E-14   -0.65408E-18   -0.17004E-15
      1       7.217    0.16997E-03    0.55080E-14   -0.44712E-17   -0.17828E-15
      1       7.147    0.17343E-03    0.54831E-14    0.85623E-17   -0.16280E-15
      1       7.077    0.17695E-03    0.55689E-14    0.37203E-17   -0.17321E-15
      1       7.006    0.18053E-03    0.56976E-14    0.10917E-16   -0.17445E-15
      1       6.936    0.18418E-03    0.56304E-14    0.33924E-17   -0.17209E-15
      1       6.866    0.18788E-03    0.57715E-14    0.26786E-16   -0.16681E-15
      1       6.796    0.19165E-03    0.58232E-14    0.25911E-16   -0.18651E-15
      1       6.725    0.19548E-03    0.57618E-14    0.24957E-16   -0.19067E-15
      1       6.655    0.19938E-03    0.57838E-14    0.25382E-16   -0.16998E-15
      1       6.585    0.20335E-03    0.58399E-14    0.13145E-16   -0.16413E-15
      1       6.515    0.20738E-03    0.57097E-14    0.50765E-17   -0.17528E-15
      1       6.444    0.21149E-03    0.57301E-14    0.23696E-16   -0.17276E-15
      1       6.374    0.21566E-03    0.58223E-14    0.27058E-17   -0.16883E-15
      1       6.304    0.21990E-03    0.59322E-14    0.43092E-18   -0.15695E-15
      1       6.233    0.22422E-03    0.60272E-14    0.95411E-17   -0.16560E-15
      1       6.163    0.22862E-03    0.58971E-14    0.11735E-16   -0.17744E-15
      1       6.093    0.23309E-03    0.60060E-14    0.86490E-17   -0.15661E-15
      1       6.023    0.23764E-03    0.60038E-14    0.25960E-16   -0.17494E-15
      1       5.952    0.24228E-03    0.60999E-14    0.24612E-16   -0.17028E-15
      1       5.882    0.24699E-03    0.59406E-14   -0.38547E-17   -0.17161E-15
      1       5.812    0.25179E-03    0.58509E-14    0.10021E-16   -0.15023E-15
      1       5.742    0.25668E-03    0.59178E-14    0.56997E-17   -0.17523E-15
      1       5.671    0.26165E-03    0.60279E-14    0.20970E-16   -0.16245E-15
      1       5.601    0.26671E-03    0.60953E-14    0.91719E-17   -0.15947E-15
      1       5.531    0.27186E-03    0.59779E-14    0.11428E-16   -0.17010E-15
      1       5.461    0.27709E-03    0.60192E-14    0.12096E-16   -0.16705E-15
      1       5.390    0.28241E-03    0.61620E-14    0.21032E-16   -0.15351E-15
      1       5.320    0.28782E-03    0.61297E-14    0.13435E-16   -0.16119E-15
      1       5.250    0.29331E-03    0.61133E-14    0.30122E-16   -0.13913E-15
      1       5.179    0.29889E-03    0.60413E-14    0.34996E-16   -0.15053E-15
      1       5.109    0.30455E-03    0.61622E-14    0.15787E-16   -0.15252E-15
      1       5.039    0.31029E-03    0.61543E-14    0.67319E-17   -0.15825E-15
      1       4.969    0.31611E-03    0.61684E-14    0.17286E-16   -0.14017E-15
      1       4.898    0.32201E-03    0.60089E-14    0.12733E-16   -0.13495E-15
      1       4.828    0.32798E-03    0.62717E-14    0.12376E-16   -0.15956E-15
      1       4.758    0.33403E-03    0.61889E-14    0.86854E-17   -0.13816E-15
      1       4.688    0.34015E-03    0.61582E-14    0.31802E-16   -0.14172E-15
      1       4.617    0.34634E-03    0.60998E-14    0.22650E-16   -0.14078E-15
      1       4.547    0.35261E-03    0.61748E-14    0.27822E-16   -0.14764E-15
      1       4.477    0.35893E-03    0.60676E-14    0.35941E-16   -0.13321E-15
      1       4.406    0.36532E-03    0.62669E-14   -0.52684E-18   -0.12611E-15
      1       4.336    0.37177E-03    0.61813E-14    0.17842E-16   -0.14736E-15
      1       4.266    0.37827E-03    0.61201E-14   -0.12204E-16   -0.13069E-15
      1       4.196    0.38482E-03    0.61565E-14    0.40630E-16   -0.12006E-15
      1       4.125    0.39142E-03    0.62099E-14    0.18408E-16   -0.12773E-15
      1       4.055    0.39806E-03    0.64204E-14    0.42692E-16   -0.12692E-15
      1       3.985    0.40473E-03    0.61831E-14    0.17345E-16   -0.12933E-15
      1       3.915    0.41144E-03    0.61330E-14    0.19610E-16   -0.13834E-15
      1       3.844    0.41816E-03    0.61596E-14    0.54308E-17   -0.14013E-15
      1       3.774    0.42490E-03    0.62234E-14    0.10537E-16   -0.12453E-15
      1       3.704    0.43164E-03    0.61541E-14    0.21409E-16   -0.12371E-15
      1       3.633    0.43836E-03    0.62046E-14    0.26196E-16   -0.12749E-15
      1       3.563    0.44505E-03    0.62164E-14    0.36665E-16   -0.11970E-15
      1       3.493    0.45169E-03    0.61951E-14    0.49176E-16   -0.13419E-15
      1       3.423    0.45824E-03    0.60895E-14    0.25748E-16   -0.12659E-15
      1       3.352    0.46468E-03    0.61509E-14    0.32061E-16   -0.13060E-15
      1       3.282    0.47096E-03    0.60920E-14    0.11918E-16   -0.14425E-15
      1       3.212    0.47704E-03    0.62071E-14    0.24322E-16   -0.12888E-15
      1       3.142    0.48287E-03    0.60808E-14    0.73863E-16   -0.13040E-15
      1       3.071    0.48839E-03    0.60602E-14    0.33407E-16   -0.12169E-15
      1       3.001    0.49354E-03    0.62063E-14    0.30082E-16   -0.13369E-15
      1       2.931    0.49828E-03    0.63026E-14    0.13034E-16   -0.13447E-15
      1       2.861    0.50254E-03    0.61952E-14    0.34483E-16   -0.12097E-15
      1       2.790    0.50629E-03    0.61233E-14    0.32459E-16   -0.12456E-15
      1       2.720    0.50950E-03    0.60025E-14    0.60934E-16   -0.13701E-15
      1       2.650    0.51218E-03    0.61935E-14    0.54406E-16   -0.13065E-15
      1       2.579    0.51433E-03    0.60288E-14    0.59104E-16   -0.12967E-15
      1       2.509    0.51595E-03    0.62189E-14    0.75142E-16   -0.14865E-15
      1       2.439    0.51708E-03    0.62850E-14    0.38199E-16   -0.13609E-15
      1       2.369    0.51775E-03    0.61747E-14    0.60823E-16   -0.14331E-15
      1       2.298    0.51796E-03    0.63096E-14    0.87995E-16   -0.13203E-15
      1       2.228    0.51775E-03    0.61323E-14    0.61898E-16   -0.15362E-15
      1       2.158    0.51714E-03    0.62335E-14    0.50947E-16   -0.15025E-15
      1       2.088    0.51613E-03    0.61669E-14    0.49723E-16   -0.14863E-15
      1       2.017    0.51475E-03    0.62132E-14    0.67005E-16   -0.14360E-15
      1       1.947    0.51299E-03    0.61628E-14    0.39817E-16   -0.14384E-15
      1       1.877    0.51087E-03    0.61957E-14    0.52572E-16   -0.13239E-15
      1       1.806    0.50838E-03    0.63366E-14    0.81160E-16   -0.14667E-15
      1       1.736    0.50554E-03    0.63341E-14    0.34847E-16   -0.16222E-15
      1       1.666    0.50235E-03    0.62686E-14    0.82591E-16   -0.14685E-15
      1       1.596    0.49879E-03    0.62942E-14    0.47228E-16   -0.14284E-15
      1       1.525    0.49488E-03    0.61320E-14    0.10081E-15   -0.15656E-15
      1       1.455    0.49058E-03    0.61775E-14    0.11068E-16   -0.14704E-15
      1       1.385    0.48590E-03    0.62055E-14    0.27074E-16   -0.14623E-15
      1       1.315    0.48080E-03    0.63518E-14    0.49440E-16   -0.16005E-15
      1       1.244    0.47526E-03    0.62283E-14    0.39039E-16   -0.14994E-15
      1       1.174    0.46923E-03    0.63594E-14    0.81421E-16   -0.16799E-15
      1       1.104    0.46268E-03    0.61831E-14    0.82664E-16   -0.14881E-15
      1       1.034    0.45554E-03    0.62684E-14    0.85979E-16   -0.16994E-15
      1       0.963    0.44773E-03    0.61606E-14    0.52839E-16   -0.16436E-15
      1       0.893    0.43915E-03    0.62320E-14    0.11134E-15   -0.15005E-15
      1       0.823    0.42970E-03    0.61353E-14    0.92921E-16   -0.15830E-15
      1       0.752    0.41920E-03    0.63700E-14    0.49039E-16   -0.17191E-15
      1       0.682    0.40749E-03    0.62596E-14    0.89369E-16   -0.15668E-15
      1       0.612    0.39431E-03    0.62679E-14    0.78173E-16   -0.15975E-15
      1       0.542    0.37934E-03    0.63424E-14    0.47490E-16   -0.15672E-15
      1       0.471    0.36219E-03    0.60781E-14    0.75382E-16   -0.16828E-15
      1       0.401    0.34226E-03    0.60974E-14    0.11758E-15   -0.17809E-15
      1       0.331    0.31875E-03    0.61896E-14    0.96259E-16   -0.15812E-15
      1       0.261    0.29041E-03    0.61430E-14    0.10221E-15   -0.16127E-15
      1       0.190    0.25512E-03    0.60741E-14    0.87806E-16   -0.16344E-15
      1       0.120    0.20863E-03    0.60525E-14    0.10841E-15   -0.19125E-15
