   3N SYSTEM INCLUSIVE  PHOTODESINTEGRATION
        DETECTED PARTICLE: 1- PROTON
        NOT DETECTED PARTICLES:2- PROTON  3-NEUTRON

      OMEGA 0.10000E+03
     MTTWE1,MTTWE2,MTTWE3=    1    1   -1
     TH1LAB,PHI1LAB=   180.000     0.000
   Unit of cross sections ... fm**2/(MeV*sr**2)
      I       E1      CROSS           AX           AY           AZ
      1      48.980    0.23725E-07    0.43042E-18    0.36521E-20    0.67919E-16
      1      48.967    0.67071E-05    0.51971E-18    0.44954E-21    0.35483E-16
      1      48.960    0.74952E-05    0.63200E-18    0.12325E-20    0.14370E-16
      1      48.954    0.79744E-05    0.85266E-18    0.11787E-20    0.26010E-16
      1      48.947    0.82782E-05    0.10654E-17    0.86005E-20   -0.21870E-17
      1      48.940    0.84734E-05    0.12911E-17   -0.21262E-20    0.77994E-18
      1      48.934    0.85975E-05    0.16174E-17    0.42549E-21   -0.19371E-16
      1      48.927    0.86739E-05    0.18441E-17   -0.70529E-20    0.22942E-16
      1      48.920    0.87173E-05    0.20866E-17   -0.72324E-20   -0.79488E-17
      1      48.914    0.87378E-05    0.24987E-17    0.58175E-21   -0.14586E-16
      1      48.907    0.87420E-05    0.28684E-17    0.95253E-20    0.40581E-16
      1      48.900    0.87347E-05    0.33262E-17    0.31807E-20   -0.15399E-16
      1      48.894    0.87195E-05    0.36017E-17   -0.21645E-20   -0.47340E-16
      1      48.887    0.86986E-05    0.40032E-17   -0.68980E-20    0.18667E-16
      1      48.880    0.86739E-05    0.40427E-17    0.30284E-20   -0.14159E-16
      1      48.874    0.86467E-05    0.49710E-17    0.43851E-20    0.23063E-16
      1      48.867    0.86180E-05    0.54654E-17    0.27015E-20    0.88520E-17
      1      48.860    0.85885E-05    0.59290E-17    0.17738E-19    0.39647E-16
      1      48.592    0.78697E-05    0.25328E-16    0.63243E-19    0.34088E-16
      1      48.325    0.75548E-05    0.47249E-16   -0.19796E-19   -0.52525E-16
      1      48.057    0.73713E-05    0.64290E-16   -0.22249E-18   -0.54266E-16
      1      47.789    0.72366E-05    0.81315E-16    0.19194E-18    0.22880E-17
      1      47.521    0.71210E-05    0.92791E-16   -0.35505E-18   -0.31869E-17
      1      47.253    0.70171E-05    0.11087E-15   -0.48886E-18    0.32526E-17
      1      46.986    0.69252E-05    0.12231E-15    0.34222E-18    0.20472E-16
      1      46.718    0.68481E-05    0.13914E-15    0.59330E-19   -0.30619E-17
      1      46.450    0.67894E-05    0.14996E-15    0.51334E-19   -0.12538E-16
      1      46.182    0.67523E-05    0.16216E-15   -0.78895E-19    0.32998E-18
      1      45.914    0.67366E-05    0.17472E-15    0.20236E-18   -0.49791E-16
      1      45.647    0.67387E-05    0.18900E-15   -0.79706E-18    0.28962E-16
      1      45.379    0.67555E-05    0.20973E-15    0.35414E-18   -0.95716E-17
      1      45.111    0.67849E-05    0.22399E-15   -0.72513E-18   -0.10198E-16
      1      44.843    0.68251E-05    0.23861E-15   -0.57772E-18    0.10030E-18
      1      44.575    0.68744E-05    0.25763E-15    0.61506E-18   -0.95449E-17
      1      44.308    0.69319E-05    0.27886E-15   -0.16200E-18    0.17866E-17
      1      44.040    0.69966E-05    0.29004E-15   -0.11804E-17   -0.38143E-17
      1      43.772    0.70676E-05    0.32114E-15   -0.12941E-17   -0.91490E-17
      1      43.504    0.71445E-05    0.33712E-15   -0.14502E-17   -0.23901E-16
      1      43.236    0.72268E-05    0.36230E-15   -0.85142E-18    0.11252E-16
      1      42.969    0.73141E-05    0.38798E-15   -0.12918E-17   -0.13677E-16
      1      42.701    0.74063E-05    0.41806E-15   -0.15256E-17    0.55236E-17
      1      42.433    0.75032E-05    0.44739E-15   -0.55394E-17    0.17710E-17
      1      42.165    0.76050E-05    0.47304E-15   -0.18599E-17    0.37967E-16
      1      41.897    0.77116E-05    0.49117E-15   -0.56817E-17   -0.39321E-16
      1      41.630    0.78234E-05    0.52806E-15   -0.53676E-17   -0.15540E-16
      1      41.362    0.79403E-05    0.56480E-15   -0.21884E-17    0.41250E-18
      1      41.094    0.80625E-05    0.59424E-15   -0.46037E-17    0.68479E-17
      1      40.826    0.81899E-05    0.62468E-15   -0.56468E-17   -0.58114E-17
      1      40.558    0.83223E-05    0.65186E-15   -0.98582E-18   -0.18131E-16
      1      40.291    0.84594E-05    0.70524E-15   -0.28037E-17   -0.64173E-17
      1      40.023    0.86007E-05    0.73883E-15    0.64726E-18    0.25850E-17
      1      39.755    0.87457E-05    0.78094E-15    0.18054E-18   -0.12193E-16
      1      39.487    0.88938E-05    0.85425E-15   -0.28468E-17   -0.53382E-17
      1      39.219    0.90444E-05    0.88445E-15   -0.71490E-17   -0.17537E-16
      1      38.952    0.91969E-05    0.93759E-15   -0.42884E-17   -0.52980E-17
      1      38.684    0.93507E-05    0.94644E-15   -0.46714E-17   -0.16320E-16
      1      38.416    0.95052E-05    0.97938E-15    0.83683E-18   -0.13434E-16
      1      38.148    0.96599E-05    0.10300E-14   -0.70862E-18   -0.17270E-16
      1      37.880    0.98144E-05    0.11262E-14   -0.12660E-17   -0.16820E-16
      1      37.613    0.99682E-05    0.11097E-14   -0.56983E-18   -0.17800E-16
      1      37.345    0.10121E-04    0.11481E-14   -0.18708E-17   -0.24192E-16
      1      37.077    0.10273E-04    0.11550E-14   -0.60206E-17   -0.28031E-16
      1      36.809    0.10422E-04    0.11994E-14   -0.73956E-17   -0.31151E-16
      1      36.541    0.10570E-04    0.12686E-14   -0.40606E-18   -0.14665E-16
      1      36.273    0.10716E-04    0.12573E-14    0.14825E-17   -0.36289E-16
      1      36.006    0.10859E-04    0.13257E-14   -0.54083E-17   -0.40315E-16
      1      35.738    0.11000E-04    0.13128E-14    0.69010E-17   -0.23933E-16
      1      35.470    0.11138E-04    0.13490E-14   -0.37718E-17   -0.28543E-16
      1      35.202    0.11273E-04    0.14220E-14   -0.79112E-18   -0.34793E-16
      1      34.934    0.11404E-04    0.14827E-14   -0.53746E-17   -0.24864E-16
      1      34.667    0.11533E-04    0.14813E-14    0.36929E-17   -0.41813E-16
      1      34.399    0.11657E-04    0.15428E-14    0.39109E-18   -0.36288E-16
      1      34.131    0.11779E-04    0.15765E-14    0.25230E-17   -0.41261E-16
      1      33.863    0.11896E-04    0.16105E-14    0.28564E-17   -0.27793E-16
      1      33.595    0.12010E-04    0.16292E-14    0.10102E-17   -0.32853E-16
      1      33.328    0.12119E-04    0.17002E-14    0.12896E-17   -0.38385E-16
      1      33.060    0.12224E-04    0.16973E-14   -0.11134E-17   -0.26471E-16
      1      32.792    0.12324E-04    0.17287E-14   -0.13920E-17   -0.49141E-16
      1      32.524    0.12420E-04    0.17603E-14   -0.91327E-18   -0.52803E-16
      1      32.256    0.12510E-04    0.17584E-14    0.42172E-17   -0.46168E-16
      1      31.989    0.12596E-04    0.18592E-14    0.53701E-17   -0.42323E-16
      1      31.721    0.12677E-04    0.18517E-14    0.23109E-17   -0.47793E-16
      1      31.453    0.12753E-04    0.19012E-14    0.62081E-17   -0.46965E-16
      1      31.185    0.12825E-04    0.18979E-14    0.36109E-17   -0.61465E-16
      1      30.917    0.12893E-04    0.19052E-14    0.71570E-17   -0.45681E-16
      1      30.650    0.12956E-04    0.19323E-14    0.31117E-17   -0.49384E-16
      1      30.382    0.13017E-04    0.20537E-14    0.59286E-17   -0.53031E-16
      1      30.114    0.13074E-04    0.20472E-14    0.90556E-17   -0.51098E-16
      1      29.846    0.13130E-04    0.20919E-14    0.90178E-18   -0.56897E-16
      1      29.578    0.13185E-04    0.20475E-14    0.58692E-17   -0.54768E-16
      1      29.311    0.13239E-04    0.21102E-14    0.60994E-18   -0.66339E-16
      1      29.043    0.13293E-04    0.21076E-14    0.12061E-16   -0.84746E-16
      1      28.775    0.13348E-04    0.21876E-14    0.11815E-16   -0.83295E-16
      1      28.507    0.13404E-04    0.22339E-14    0.94485E-17   -0.66682E-16
      1      28.239    0.13462E-04    0.22245E-14    0.46502E-17   -0.91593E-16
      1      27.972    0.13521E-04    0.22696E-14    0.27642E-17   -0.70029E-16
      1      27.704    0.13583E-04    0.23749E-14    0.57806E-17   -0.77454E-16
      1      27.436    0.13648E-04    0.23429E-14    0.75441E-17   -0.84789E-16
      1      27.168    0.13715E-04    0.24160E-14    0.12421E-16   -0.73799E-16
      1      26.900    0.13785E-04    0.24958E-14    0.89321E-17   -0.91911E-16
      1      26.633    0.13858E-04    0.24753E-14    0.13573E-16   -0.92467E-16
      1      26.365    0.13933E-04    0.25209E-14    0.31769E-17   -0.82717E-16
      1      26.097    0.14011E-04    0.25574E-14    0.12193E-16   -0.88850E-16
      1      25.829    0.14092E-04    0.26056E-14    0.26615E-17   -0.87004E-16
      1      25.561    0.14177E-04    0.26339E-14    0.87272E-17   -0.88298E-16
      1      25.294    0.14264E-04    0.26733E-14   -0.52895E-17   -0.85771E-16
      1      25.026    0.14354E-04    0.26898E-14    0.15564E-16   -0.10273E-15
      1      24.758    0.14448E-04    0.27588E-14    0.10450E-16   -0.94254E-16
      1      24.490    0.14546E-04    0.27593E-14   -0.20937E-18   -0.90479E-16
      1      24.222    0.14647E-04    0.28123E-14    0.12694E-16   -0.85421E-16
      1      23.955    0.14753E-04    0.28644E-14    0.31456E-17   -0.10372E-15
      1      23.687    0.14863E-04    0.28724E-14    0.50492E-18   -0.99459E-16
      1      23.419    0.14978E-04    0.29326E-14    0.15434E-16   -0.85275E-16
      1      23.151    0.15099E-04    0.29757E-14    0.13950E-16   -0.90875E-16
      1      22.883    0.15225E-04    0.29812E-14    0.20631E-16   -0.96671E-16
      1      22.616    0.15357E-04    0.30242E-14    0.11336E-16   -0.10781E-15
      1      22.348    0.15496E-04    0.30881E-14    0.73270E-17   -0.11487E-15
      1      22.080    0.15642E-04    0.30648E-14    0.22593E-16   -0.10901E-15
      1      21.812    0.15796E-04    0.31148E-14    0.32754E-16   -0.10111E-15
      1      21.544    0.15957E-04    0.31849E-14    0.18707E-16   -0.10209E-15
      1      21.276    0.16128E-04    0.32118E-14    0.25011E-16   -0.10561E-15
      1      21.009    0.16307E-04    0.32291E-14    0.12705E-16   -0.11488E-15
      1      20.741    0.16495E-04    0.32751E-14    0.15784E-16   -0.10789E-15
      1      20.473    0.16694E-04    0.32835E-14    0.24048E-16   -0.97072E-16
      1      20.205    0.16902E-04    0.32802E-14    0.24404E-16   -0.99246E-16
      1      19.937    0.17121E-04    0.32991E-14    0.32843E-16   -0.10256E-15
      1      19.670    0.17350E-04    0.33365E-14    0.15196E-16   -0.10487E-15
      1      19.402    0.17590E-04    0.33496E-14    0.22419E-16   -0.94488E-16
      1      19.134    0.17841E-04    0.34453E-14    0.27834E-16   -0.10834E-15
      1      18.866    0.18104E-04    0.33878E-14    0.14472E-16   -0.10812E-15
      1      18.598    0.18377E-04    0.34412E-14    0.21998E-16   -0.97278E-16
      1      18.331    0.18662E-04    0.34334E-14    0.12621E-16   -0.99752E-16
      1      18.063    0.18958E-04    0.34309E-14    0.20772E-16   -0.98286E-16
      1      17.795    0.19265E-04    0.34484E-14    0.18488E-16   -0.92062E-16
      1      17.527    0.19583E-04    0.34578E-14    0.27987E-16   -0.87020E-16
      1      17.259    0.19913E-04    0.35627E-14    0.18221E-16   -0.85289E-16
      1      16.992    0.20254E-04    0.34958E-14    0.23785E-16   -0.10219E-15
      1      16.724    0.20607E-04    0.35095E-14    0.20151E-16   -0.83521E-16
      1      16.456    0.20971E-04    0.35483E-14    0.43956E-16   -0.94183E-16
      1      16.188    0.21346E-04    0.35196E-14    0.32374E-16   -0.92466E-16
      1      15.920    0.21733E-04    0.35826E-14    0.15027E-16   -0.10035E-15
      1      15.653    0.22131E-04    0.34685E-14    0.16055E-16   -0.10036E-15
      1      15.385    0.22542E-04    0.35976E-14    0.19416E-16   -0.94089E-16
      1      15.117    0.22965E-04    0.35678E-14    0.26634E-16   -0.93403E-16
      1      14.849    0.23400E-04    0.34318E-14    0.25577E-16   -0.92469E-16
      1      14.581    0.23848E-04    0.35153E-14    0.30739E-16   -0.82284E-16
      1      14.314    0.24309E-04    0.34900E-14    0.18397E-16   -0.87450E-16
      1      14.046    0.24784E-04    0.35756E-14    0.31086E-16   -0.82937E-16
      1      13.778    0.25274E-04    0.34961E-14    0.45248E-16   -0.79039E-16
      1      13.510    0.25779E-04    0.35108E-14    0.99794E-17   -0.93528E-16
      1      13.242    0.26300E-04    0.35072E-14    0.31280E-16   -0.92884E-16
      1      12.975    0.26838E-04    0.34894E-14    0.35803E-16   -0.94444E-16
      1      12.707    0.27393E-04    0.34997E-14    0.58405E-16   -0.85664E-16
      1      12.439    0.27967E-04    0.34708E-14    0.19117E-16   -0.97251E-16
      1      12.171    0.28561E-04    0.34828E-14    0.19177E-16   -0.75353E-16
      1      11.903    0.29177E-04    0.34866E-14    0.29068E-16   -0.78263E-16
      1      11.636    0.29813E-04    0.35192E-14    0.23472E-16   -0.80052E-16
      1      11.368    0.30471E-04    0.33982E-14    0.37655E-16   -0.74269E-16
      1      11.100    0.31144E-04    0.33659E-14    0.30390E-16   -0.82174E-16
      1      10.832    0.31822E-04    0.33893E-14    0.40783E-16   -0.74775E-16
      1      10.564    0.32485E-04    0.32815E-14    0.30619E-16   -0.68552E-16
      1      10.297    0.33097E-04    0.32678E-14    0.37794E-16   -0.75809E-16
      1      10.029    0.33608E-04    0.32610E-14    0.25331E-16   -0.83598E-16
      1       9.761    0.33963E-04    0.32441E-14    0.42710E-16   -0.81203E-16
      1       9.493    0.34122E-04    0.33121E-14    0.33399E-16   -0.97820E-16
      1       9.225    0.34096E-04    0.33130E-14    0.48521E-16   -0.92605E-16
      1       8.958    0.33936E-04    0.33365E-14    0.45266E-16   -0.89140E-16
      1       8.690    0.33698E-04    0.34267E-14    0.38605E-16   -0.94279E-16
      1       8.422    0.33428E-04    0.34363E-14    0.45459E-16   -0.96928E-16
      1       8.154    0.33158E-04    0.33777E-14    0.67862E-16   -0.89174E-16
      1       7.886    0.32906E-04    0.35317E-14    0.39668E-16   -0.96495E-16
      1       7.619    0.32681E-04    0.35332E-14    0.31815E-16   -0.96707E-16
      1       7.351    0.32486E-04    0.35143E-14    0.68913E-16   -0.10936E-15
      1       7.083    0.32323E-04    0.35659E-14    0.45595E-16   -0.86216E-16
      1       6.815    0.32192E-04    0.36613E-14    0.67402E-16   -0.11507E-15
      1       6.547    0.32095E-04    0.36437E-14    0.67372E-16   -0.11183E-15
      1       6.279    0.32032E-04    0.36617E-14    0.84603E-16   -0.11297E-15
      1       6.012    0.32004E-04    0.36570E-14    0.64200E-16   -0.10491E-15
      1       5.744    0.32011E-04    0.37279E-14    0.74663E-16   -0.12276E-15
      1       5.476    0.32053E-04    0.37072E-14    0.99563E-16   -0.10781E-15
      1       5.208    0.32131E-04    0.37413E-14    0.95931E-16   -0.10110E-15
      1       4.940    0.32243E-04    0.37248E-14    0.86617E-16   -0.11134E-15
      1       4.673    0.32389E-04    0.37119E-14    0.89308E-16   -0.10374E-15
      1       4.405    0.32566E-04    0.37495E-14    0.12098E-15   -0.99785E-16
      1       4.137    0.32770E-04    0.37150E-14    0.82480E-16   -0.10841E-15
      1       3.869    0.32996E-04    0.37135E-14    0.64830E-16   -0.10453E-15
      1       3.601    0.33238E-04    0.38005E-14    0.94650E-16   -0.11130E-15
      1       3.334    0.33483E-04    0.37633E-14    0.10726E-15   -0.10918E-15
      1       3.066    0.33718E-04    0.38469E-14    0.85629E-16   -0.10298E-15
      1       2.798    0.33919E-04    0.37968E-14    0.87842E-16   -0.10254E-15
      1       2.530    0.34058E-04    0.37589E-14    0.65179E-16   -0.91222E-16
      1       2.262    0.34095E-04    0.37515E-14    0.54627E-16   -0.10483E-15
      1       1.995    0.33979E-04    0.38081E-14    0.62659E-16   -0.91241E-16
      1       1.727    0.33639E-04    0.38193E-14    0.10985E-15   -0.10082E-15
      1       1.459    0.32980E-04    0.38192E-14    0.11066E-15   -0.92092E-16
      1       1.191    0.31865E-04    0.38228E-14    0.89798E-16   -0.91034E-16
      1       0.923    0.30100E-04    0.39424E-14    0.74280E-16   -0.88046E-16
      1       0.656    0.27335E-04    0.39175E-14    0.11528E-15   -0.84007E-16
      1       0.388    0.22823E-04    0.38353E-14    0.12476E-15   -0.69381E-16
      1       0.120    0.13985E-04    0.38868E-14    0.83009E-16   -0.82117E-16
