   3N SYSTEM INCLUSIVE  PHOTODESINTEGRATION
        DETECTED PARTICLE: 1- PROTON
        NOT DETECTED PARTICLES:2- PROTON  3-NEUTRON

      OMEGA 0.10000E+03
     MTTWE1,MTTWE2,MTTWE3=    1    1   -1
     TH1LAB,PHI1LAB=    10.000     0.000
   Unit of cross sections ... fm**2/(MeV*sr**2)
      I       E1      CROSS           AX           AY           AZ
      1      72.660    0.79789E-07   -0.10896E+00   -0.77524E-18   -0.23179E-17
      1      72.647    0.23630E-04   -0.10833E+00   -0.87944E-18    0.10161E-16
      1      72.640    0.26823E-04   -0.10790E+00   -0.24112E-17    0.37695E-17
      1      72.634    0.28920E-04   -0.10744E+00    0.75852E-17    0.41052E-16
      1      72.627    0.30371E-04   -0.10698E+00   -0.27749E-17    0.21956E-17
      1      72.620    0.31403E-04   -0.10650E+00    0.89829E-18    0.15704E-16
      1      72.614    0.32151E-04   -0.10602E+00   -0.25149E-17    0.14634E-17
      1      72.607    0.32697E-04   -0.10553E+00    0.34984E-17    0.95474E-17
      1      72.600    0.33097E-04   -0.10504E+00   -0.54772E-18    0.40388E-17
      1      72.594    0.33390E-04   -0.10455E+00   -0.14606E-17    0.29917E-17
      1      72.587    0.33602E-04   -0.10407E+00    0.10525E-17    0.15283E-16
      1      72.580    0.33754E-04   -0.10359E+00   -0.63919E-17    0.87538E-17
      1      72.574    0.33858E-04   -0.10312E+00   -0.62069E-17    0.34324E-17
      1      72.567    0.33927E-04   -0.10266E+00   -0.19607E-17    0.23993E-16
      1      72.560    0.33968E-04   -0.10221E+00   -0.19544E-17    0.95158E-18
      1      72.554    0.33988E-04   -0.10177E+00   -0.68410E-17    0.41799E-17
      1      72.547    0.33991E-04   -0.10134E+00   -0.41096E-17    0.27963E-16
      1      72.540    0.33982E-04   -0.10093E+00    0.22121E-17   -0.11017E-16
      1      72.142    0.32548E-04   -0.88157E-01   -0.25439E-17    0.12748E-16
      1      71.744    0.32081E-04   -0.82177E-01    0.85993E-18    0.11601E-16
      1      71.346    0.31940E-04   -0.77929E-01   -0.19074E-17    0.57507E-17
      1      70.949    0.31860E-04   -0.74469E-01   -0.77575E-17    0.10386E-16
      1      70.551    0.31806E-04   -0.71389E-01   -0.53981E-17    0.14191E-16
      1      70.153    0.31813E-04   -0.68484E-01   -0.85034E-18    0.14360E-16
      1      69.755    0.31930E-04   -0.65668E-01   -0.30532E-17    0.96287E-17
      1      69.357    0.32200E-04   -0.62933E-01    0.17464E-18   -0.57044E-17
      1      68.959    0.32642E-04   -0.60311E-01   -0.42569E-17   -0.66962E-17
      1      68.561    0.33227E-04   -0.57839E-01   -0.52075E-17    0.96897E-18
      1      68.163    0.33924E-04   -0.55546E-01   -0.22850E-17    0.77124E-17
      1      67.765    0.34703E-04   -0.53452E-01   -0.59641E-17    0.31275E-17
      1      67.367    0.35541E-04   -0.51556E-01   -0.39547E-17    0.10529E-16
      1      66.969    0.36417E-04   -0.49836E-01   -0.29892E-18    0.15923E-16
      1      66.572    0.37311E-04   -0.48255E-01   -0.25724E-17   -0.27091E-17
      1      66.174    0.38208E-04   -0.46768E-01   -0.25091E-17    0.52523E-17
      1      65.776    0.39094E-04   -0.45333E-01   -0.38794E-17    0.11904E-16
      1      65.378    0.39956E-04   -0.43913E-01   -0.15385E-17    0.84358E-17
      1      64.980    0.40783E-04   -0.42477E-01   -0.58251E-17    0.94158E-17
      1      64.582    0.41567E-04   -0.40999E-01   -0.48093E-17    0.41107E-17
      1      64.184    0.42300E-04   -0.39469E-01   -0.49053E-17    0.23890E-17
      1      63.786    0.42981E-04   -0.37908E-01   -0.12569E-17   -0.26790E-17
      1      63.388    0.43609E-04   -0.36351E-01   -0.38350E-17   -0.24794E-17
      1      62.990    0.44185E-04   -0.34830E-01   -0.75754E-17   -0.18259E-17
      1      62.592    0.44705E-04   -0.33375E-01   -0.83842E-17    0.45417E-18
      1      62.194    0.45165E-04   -0.32005E-01   -0.89202E-17   -0.60256E-18
      1      61.797    0.45562E-04   -0.30732E-01   -0.65169E-17    0.95497E-18
      1      61.399    0.45891E-04   -0.29565E-01   -0.97455E-17    0.21466E-17
      1      61.001    0.46149E-04   -0.28505E-01   -0.24412E-17   -0.71380E-17
      1      60.603    0.46333E-04   -0.27549E-01   -0.69877E-17   -0.38687E-17
      1      60.205    0.46441E-04   -0.26689E-01   -0.13728E-16   -0.14702E-17
      1      59.807    0.46471E-04   -0.25910E-01   -0.54783E-17   -0.98895E-17
      1      59.409    0.46424E-04   -0.25197E-01   -0.73989E-17   -0.59071E-18
      1      59.011    0.46302E-04   -0.24532E-01   -0.31864E-17   -0.43606E-17
      1      58.613    0.46105E-04   -0.23900E-01   -0.68341E-17   -0.63622E-18
      1      58.215    0.45837E-04   -0.23288E-01   -0.84960E-17    0.24802E-17
      1      57.817    0.45500E-04   -0.22686E-01    0.20385E-18   -0.60155E-17
      1      57.419    0.45097E-04   -0.22088E-01   -0.72445E-17   -0.17385E-18
      1      57.022    0.44632E-04   -0.21490E-01   -0.14018E-16   -0.81076E-17
      1      56.624    0.44107E-04   -0.20893E-01   -0.57934E-17   -0.53439E-17
      1      56.226    0.43526E-04   -0.20301E-01    0.49186E-17   -0.67131E-17
      1      55.828    0.42891E-04   -0.19721E-01    0.79113E-17   -0.32466E-17
      1      55.430    0.42206E-04   -0.19159E-01   -0.49028E-17   -0.23058E-17
      1      55.032    0.41473E-04   -0.18623E-01   -0.13203E-17   -0.29483E-17
      1      54.634    0.40695E-04   -0.18115E-01   -0.71850E-17    0.12413E-17
      1      54.236    0.39877E-04   -0.17638E-01   -0.48272E-17    0.56061E-17
      1      53.838    0.39022E-04   -0.17190E-01   -0.14042E-16   -0.18917E-17
      1      53.440    0.38136E-04   -0.16769E-01   -0.18094E-16   -0.56411E-17
      1      53.042    0.37225E-04   -0.16370E-01   -0.10595E-16   -0.23684E-17
      1      52.645    0.36294E-04   -0.15989E-01   -0.20180E-16   -0.13528E-17
      1      52.247    0.35348E-04   -0.15621E-01   -0.59024E-17   -0.26530E-17
      1      51.849    0.34394E-04   -0.15259E-01   -0.30460E-17   -0.67469E-17
      1      51.451    0.33436E-04   -0.14897E-01   -0.85342E-17   -0.30647E-17
      1      51.053    0.32479E-04   -0.14527E-01   -0.41632E-17    0.69945E-18
      1      50.655    0.31529E-04   -0.14139E-01   -0.17081E-16    0.84041E-18
      1      50.257    0.30590E-04   -0.13725E-01   -0.78427E-17   -0.14720E-17
      1      49.859    0.29667E-04   -0.13281E-01   -0.13400E-16   -0.88034E-17
      1      49.461    0.28765E-04   -0.12803E-01   -0.12559E-16   -0.20874E-17
      1      49.063    0.27886E-04   -0.12294E-01   -0.10111E-16    0.46920E-17
      1      48.665    0.27034E-04   -0.11758E-01   -0.23051E-17    0.70166E-17
      1      48.267    0.26212E-04   -0.11201E-01   -0.20088E-16   -0.41172E-17
      1      47.870    0.25423E-04   -0.10630E-01   -0.67181E-17   -0.47859E-17
      1      47.472    0.24667E-04   -0.10057E-01   -0.14309E-16   -0.46293E-17
      1      47.074    0.23946E-04   -0.94986E-02   -0.72427E-17    0.63390E-17
      1      46.676    0.23259E-04   -0.89720E-02   -0.64304E-17    0.72782E-17
      1      46.278    0.22607E-04   -0.84898E-02   -0.14382E-16    0.52311E-17
      1      45.880    0.21988E-04   -0.80657E-02   -0.50465E-17   -0.69949E-17
      1      45.482    0.21401E-04   -0.77084E-02    0.11654E-16   -0.14485E-17
      1      45.084    0.20846E-04   -0.74219E-02   -0.11338E-16   -0.24514E-18
      1      44.686    0.20320E-04   -0.72081E-02   -0.19834E-17    0.26931E-17
      1      44.288    0.19823E-04   -0.70633E-02   -0.14862E-16    0.92109E-18
      1      43.890    0.19351E-04   -0.69817E-02    0.63073E-17    0.80252E-17
      1      43.493    0.18904E-04   -0.69564E-02   -0.15936E-17    0.18767E-17
      1      43.095    0.18480E-04   -0.69802E-02    0.14612E-17    0.87667E-18
      1      42.697    0.18077E-04   -0.70470E-02   -0.56956E-17   -0.97215E-18
      1      42.299    0.17694E-04   -0.71522E-02    0.72390E-17    0.12228E-16
      1      41.901    0.17331E-04   -0.72897E-02    0.76141E-17    0.95717E-17
      1      41.503    0.16987E-04   -0.74512E-02   -0.34044E-17    0.98032E-18
      1      41.105    0.16660E-04   -0.76300E-02    0.57381E-18    0.92532E-17
      1      40.707    0.16350E-04   -0.78203E-02    0.22282E-17    0.65349E-17
      1      40.309    0.16057E-04   -0.80161E-02   -0.23480E-17    0.93389E-18
      1      39.911    0.15779E-04   -0.82128E-02    0.11216E-16    0.16428E-16
      1      39.513    0.15517E-04   -0.84064E-02   -0.58225E-17    0.98266E-17
      1      39.115    0.15270E-04   -0.85941E-02   -0.12630E-17   -0.67983E-17
      1      38.718    0.15038E-04   -0.87741E-02    0.37522E-18    0.15980E-16
      1      38.320    0.14819E-04   -0.89461E-02   -0.49117E-18    0.14412E-16
      1      37.922    0.14614E-04   -0.91107E-02    0.49219E-17    0.94916E-17
      1      37.524    0.14422E-04   -0.92696E-02    0.14655E-16    0.13891E-16
      1      37.126    0.14242E-04   -0.94245E-02    0.12161E-16    0.12076E-16
      1      36.728    0.14075E-04   -0.95765E-02   -0.11958E-17    0.13528E-16
      1      36.330    0.13919E-04   -0.97275E-02    0.20857E-17    0.11536E-16
      1      35.932    0.13774E-04   -0.98815E-02    0.53654E-17    0.60351E-17
      1      35.534    0.13640E-04   -0.10044E-01    0.30114E-17    0.43447E-17
      1      35.136    0.13517E-04   -0.10218E-01    0.12491E-16    0.69810E-17
      1      34.738    0.13403E-04   -0.10410E-01    0.16784E-16   -0.64038E-17
      1      34.341    0.13300E-04   -0.10622E-01    0.15899E-16   -0.26583E-17
      1      33.943    0.13206E-04   -0.10856E-01    0.10773E-16    0.25794E-19
      1      33.545    0.13121E-04   -0.11116E-01    0.17372E-16    0.14153E-16
      1      33.147    0.13045E-04   -0.11400E-01    0.17317E-16    0.18256E-16
      1      32.749    0.12977E-04   -0.11712E-01    0.14537E-16    0.10990E-16
      1      32.351    0.12918E-04   -0.12049E-01    0.11085E-16    0.27792E-17
      1      31.953    0.12867E-04   -0.12412E-01   -0.13402E-17    0.40023E-17
      1      31.555    0.12823E-04   -0.12800E-01    0.19398E-16    0.21174E-16
      1      31.157    0.12788E-04   -0.13213E-01    0.19414E-17    0.11104E-16
      1      30.759    0.12761E-04   -0.13650E-01    0.65157E-17    0.17722E-16
      1      30.361    0.12741E-04   -0.14112E-01    0.21009E-16    0.10975E-16
      1      29.963    0.12729E-04   -0.14598E-01    0.99902E-17    0.12513E-16
      1      29.566    0.12725E-04   -0.15109E-01    0.19621E-16    0.17940E-16
      1      29.168    0.12728E-04   -0.15644E-01    0.76136E-17   -0.27200E-17
      1      28.770    0.12739E-04   -0.16204E-01    0.28572E-17   -0.23446E-17
      1      28.372    0.12759E-04   -0.16789E-01    0.76907E-17   -0.27206E-17
      1      27.974    0.12786E-04   -0.17401E-01    0.72630E-17   -0.23061E-17
      1      27.576    0.12821E-04   -0.18040E-01    0.11398E-16   -0.19584E-17
      1      27.178    0.12864E-04   -0.18708E-01    0.20114E-16    0.37151E-17
      1      26.780    0.12915E-04   -0.19407E-01    0.81640E-17    0.12078E-16
      1      26.382    0.12975E-04   -0.20138E-01    0.15373E-16   -0.30684E-17
      1      25.984    0.13042E-04   -0.20903E-01    0.11959E-16    0.17069E-17
      1      25.586    0.13118E-04   -0.21706E-01    0.19432E-16   -0.11919E-17
      1      25.189    0.13203E-04   -0.22549E-01    0.28849E-16    0.66210E-18
      1      24.791    0.13298E-04   -0.23432E-01    0.81073E-17    0.88405E-17
      1      24.393    0.13401E-04   -0.24357E-01    0.94969E-17    0.72581E-17
      1      23.995    0.13514E-04   -0.25320E-01    0.29549E-16    0.31712E-17
      1      23.597    0.13635E-04   -0.26312E-01    0.16145E-16   -0.65036E-17
      1      23.199    0.13761E-04   -0.27316E-01    0.23724E-16   -0.15771E-17
      1      22.801    0.13885E-04   -0.28295E-01    0.11336E-16    0.80743E-17
      1      22.403    0.13999E-04   -0.29195E-01    0.13003E-16    0.10762E-16
      1      22.005    0.14087E-04   -0.29935E-01    0.21579E-16    0.21639E-16
      1      21.607    0.14134E-04   -0.30432E-01    0.42185E-16   -0.17016E-17
      1      21.209    0.14128E-04   -0.30630E-01   -0.21505E-17   -0.87199E-17
      1      20.811    0.14075E-04   -0.30543E-01    0.11578E-16   -0.79685E-18
      1      20.414    0.13988E-04   -0.30239E-01    0.33845E-16    0.12796E-16
      1      20.016    0.13885E-04   -0.29800E-01    0.12547E-16   -0.30994E-17
      1      19.618    0.13779E-04   -0.29293E-01    0.26343E-16   -0.17029E-17
      1      19.220    0.13681E-04   -0.28764E-01    0.18615E-16   -0.31510E-16
      1      18.822    0.13598E-04   -0.28238E-01    0.21384E-16    0.84975E-17
      1      18.424    0.13533E-04   -0.27727E-01    0.11614E-16    0.23518E-17
      1      18.026    0.13489E-04   -0.27235E-01    0.24860E-16   -0.43982E-17
      1      17.628    0.13470E-04   -0.26762E-01   -0.88871E-18   -0.12272E-16
      1      17.230    0.13477E-04   -0.26303E-01    0.31929E-17    0.12270E-16
      1      16.832    0.13514E-04   -0.25856E-01    0.32243E-16   -0.26341E-17
      1      16.434    0.13584E-04   -0.25416E-01    0.33881E-16   -0.27086E-18
      1      16.037    0.13690E-04   -0.24979E-01    0.32947E-16    0.16460E-17
      1      15.639    0.13837E-04   -0.24539E-01    0.39221E-16   -0.19299E-16
      1      15.241    0.14028E-04   -0.24089E-01    0.46420E-16   -0.27621E-16
      1      14.843    0.14268E-04   -0.23620E-01    0.32835E-16   -0.10847E-16
      1      14.445    0.14561E-04   -0.23125E-01   -0.43074E-17    0.31403E-17
      1      14.047    0.14911E-04   -0.22595E-01    0.31915E-16   -0.22057E-16
      1      13.649    0.15325E-04   -0.22027E-01    0.25444E-16   -0.18200E-16
      1      13.251    0.15806E-04   -0.21422E-01    0.50825E-16    0.12406E-17
      1      12.853    0.16362E-04   -0.20785E-01    0.12001E-16   -0.49250E-17
      1      12.455    0.16997E-04   -0.20129E-01    0.87008E-17   -0.22019E-17
      1      12.057    0.17720E-04   -0.19474E-01    0.16576E-16    0.35247E-17
      1      11.659    0.18537E-04   -0.18845E-01    0.24368E-16   -0.10654E-16
      1      11.262    0.19456E-04   -0.18271E-01    0.20508E-16    0.18691E-16
      1      10.864    0.20488E-04   -0.17771E-01    0.27700E-16    0.24218E-16
      1      10.466    0.21646E-04   -0.17331E-01    0.42632E-16    0.27505E-18
      1      10.068    0.22942E-04   -0.16918E-01    0.37905E-16    0.19022E-17
      1       9.670    0.24393E-04   -0.16484E-01   -0.52038E-18   -0.35263E-17
      1       9.272    0.26012E-04   -0.15977E-01    0.34822E-16    0.56189E-17
      1       8.874    0.27815E-04   -0.15356E-01    0.30948E-16    0.27246E-17
      1       8.476    0.29820E-04   -0.14595E-01    0.92925E-16    0.10313E-16
      1       8.078    0.32046E-04   -0.13689E-01    0.82356E-16   -0.90450E-17
      1       7.680    0.34509E-04   -0.12659E-01    0.29378E-16    0.13729E-16
      1       7.282    0.37230E-04   -0.11547E-01    0.76384E-16   -0.97339E-17
      1       6.885    0.40216E-04   -0.10460E-01    0.38781E-16   -0.88982E-17
      1       6.487    0.43456E-04   -0.94973E-02    0.76799E-16   -0.53305E-17
      1       6.089    0.46931E-04   -0.86890E-02    0.69873E-16    0.44484E-17
      1       5.691    0.50608E-04   -0.80537E-02    0.67312E-16   -0.34892E-17
      1       5.293    0.54450E-04   -0.76568E-02    0.52063E-16   -0.43820E-17
      1       4.895    0.58414E-04   -0.76642E-02    0.67945E-16    0.62507E-17
      1       4.497    0.62462E-04   -0.83813E-02    0.25757E-16   -0.24027E-17
      1       4.099    0.66557E-04   -0.10252E-01    0.51518E-16    0.68281E-18
      1       3.701    0.70721E-04   -0.13068E-01    0.45809E-16   -0.34044E-17
      1       3.303    0.74922E-04   -0.15419E-01    0.34068E-16    0.31226E-19
      1       2.905    0.78979E-04   -0.15750E-01    0.53435E-16   -0.64855E-17
      1       2.507    0.82619E-04   -0.13319E-01    0.55818E-16    0.65338E-17
      1       2.110    0.85468E-04   -0.87491E-02    0.74898E-16   -0.17317E-17
      1       1.712    0.86932E-04   -0.40066E-02    0.39340E-16   -0.13412E-17
      1       1.314    0.85776E-04   -0.15500E-02    0.41459E-16   -0.41715E-17
      1       0.916    0.79834E-04   -0.15428E-02    0.29777E-16    0.42277E-17
      1       0.518    0.65573E-04   -0.13249E-02    0.22971E-16   -0.22239E-18
      1       0.120    0.34052E-04   -0.23295E-03    0.41960E-16   -0.38944E-17
