   3N SYSTEM INCLUSIVE  PHOTODESINTEGRATION
        DETECTED PARTICLE: 1- PROTON
        NOT DETECTED PARTICLES:2- PROTON  3-NEUTRON

      OMEGA 0.10000E+03
     MTTWE1,MTTWE2,MTTWE3=    1    1   -1
     TH1LAB,PHI1LAB=    10.000     0.000
   Unit of cross sections ... fm**2/(MeV*sr**2)
      I       E1      CROSS           AX           AY           AZ
      1      72.660    0.95196E-07   -0.12329E+00   -0.82874E-18   -0.50569E-17
      1      72.647    0.28108E-04   -0.12336E+00   -0.21782E-17    0.97628E-18
      1      72.640    0.31842E-04   -0.12324E+00    0.85880E-18    0.86627E-17
      1      72.634    0.34262E-04   -0.12309E+00   -0.35077E-18    0.10233E-17
      1      72.627    0.35907E-04   -0.12292E+00   -0.12408E-17    0.55741E-17
      1      72.620    0.37051E-04   -0.12274E+00   -0.22389E-17    0.23095E-16
      1      72.614    0.37856E-04   -0.12254E+00    0.22211E-17   -0.12476E-16
      1      72.607    0.38421E-04   -0.12233E+00   -0.20067E-17   -0.84721E-17
      1      72.600    0.38814E-04   -0.12212E+00   -0.74687E-17    0.38440E-16
      1      72.594    0.39080E-04   -0.12189E+00   -0.52323E-18   -0.69504E-17
      1      72.587    0.39251E-04   -0.12167E+00    0.67413E-18   -0.89880E-18
      1      72.580    0.39352E-04   -0.12144E+00   -0.28414E-17    0.63377E-17
      1      72.574    0.39399E-04   -0.12122E+00   -0.24289E-17    0.22065E-16
      1      72.567    0.39406E-04   -0.12100E+00    0.13074E-17    0.14119E-16
      1      72.560    0.39381E-04   -0.12078E+00   -0.72450E-18   -0.10581E-18
      1      72.554    0.39333E-04   -0.12056E+00    0.33929E-19    0.75611E-17
      1      72.547    0.39268E-04   -0.12034E+00   -0.25030E-17    0.28547E-16
      1      72.540    0.39189E-04   -0.12013E+00   -0.67529E-17    0.94378E-18
      1      72.142    0.35206E-04   -0.11323E+00    0.17427E-17    0.66846E-17
      1      71.744    0.33625E-04   -0.10898E+00   -0.52786E-17   -0.39783E-17
      1      71.346    0.32777E-04   -0.10534E+00   -0.59765E-17    0.12170E-16
      1      70.949    0.32171E-04   -0.10194E+00   -0.39916E-17    0.16414E-16
      1      70.551    0.31688E-04   -0.98585E-01   -0.11021E-17    0.17994E-17
      1      70.153    0.31320E-04   -0.95185E-01   -0.16442E-17    0.19641E-17
      1      69.755    0.31092E-04   -0.91716E-01   -0.26468E-17   -0.13752E-16
      1      69.357    0.31030E-04   -0.88214E-01   -0.13506E-17   -0.37929E-17
      1      68.959    0.31145E-04   -0.84744E-01   -0.20055E-17    0.19950E-16
      1      68.561    0.31406E-04   -0.81366E-01   -0.22038E-17    0.27652E-17
      1      68.163    0.31780E-04   -0.78128E-01   -0.47745E-17    0.20063E-18
      1      67.765    0.32240E-04   -0.75068E-01   -0.53047E-17   -0.55702E-17
      1      67.367    0.32765E-04   -0.72201E-01   -0.50938E-17    0.99560E-17
      1      66.969    0.33333E-04   -0.69519E-01   -0.98415E-18    0.68229E-17
      1      66.572    0.33928E-04   -0.66995E-01   -0.56032E-17   -0.42591E-17
      1      66.174    0.34536E-04   -0.64597E-01   -0.28161E-17   -0.65440E-18
      1      65.776    0.35144E-04   -0.62288E-01   -0.41758E-17    0.81902E-17
      1      65.378    0.35742E-04   -0.60035E-01   -0.51344E-17   -0.32714E-17
      1      64.980    0.36320E-04   -0.57808E-01   -0.40723E-17    0.11015E-16
      1      64.582    0.36869E-04   -0.55583E-01   -0.48936E-17    0.38334E-17
      1      64.184    0.37384E-04   -0.53349E-01   -0.31484E-17    0.22162E-17
      1      63.786    0.37863E-04   -0.51123E-01   -0.42906E-17    0.19418E-17
      1      63.388    0.38306E-04   -0.48936E-01   -0.34023E-17   -0.58091E-17
      1      62.990    0.38712E-04   -0.46818E-01   -0.88404E-17   -0.25611E-17
      1      62.592    0.39078E-04   -0.44794E-01   -0.10829E-16    0.10402E-16
      1      62.194    0.39403E-04   -0.42882E-01   -0.90637E-17    0.58910E-17
      1      61.797    0.39681E-04   -0.41094E-01    0.50176E-18   -0.29335E-18
      1      61.399    0.39911E-04   -0.39437E-01   -0.96612E-17    0.31702E-18
      1      61.001    0.40089E-04   -0.37910E-01   -0.20708E-17    0.12562E-18
      1      60.603    0.40212E-04   -0.36510E-01   -0.73578E-17    0.41154E-17
      1      60.205    0.40278E-04   -0.35227E-01   -0.13507E-16   -0.13568E-17
      1      59.807    0.40286E-04   -0.34046E-01   -0.85990E-17    0.12704E-17
      1      59.409    0.40236E-04   -0.32949E-01   -0.93954E-17   -0.13311E-16
      1      59.011    0.40128E-04   -0.31920E-01   -0.18762E-17    0.15547E-17
      1      58.613    0.39964E-04   -0.30942E-01   -0.36488E-17   -0.21764E-17
      1      58.215    0.39744E-04   -0.30001E-01   -0.12300E-16   -0.21344E-17
      1      57.817    0.39472E-04   -0.29087E-01   -0.20606E-18   -0.40962E-17
      1      57.419    0.39149E-04   -0.28194E-01   -0.44661E-17    0.20695E-17
      1      57.022    0.38776E-04   -0.27317E-01   -0.70787E-17    0.60019E-17
      1      56.624    0.38357E-04   -0.26456E-01   -0.36179E-17   -0.38230E-17
      1      56.226    0.37894E-04   -0.25615E-01    0.12367E-16    0.13464E-17
      1      55.828    0.37388E-04   -0.24798E-01    0.64950E-17   -0.46093E-21
      1      55.430    0.36841E-04   -0.24014E-01   -0.18366E-17   -0.51245E-17
      1      55.032    0.36257E-04   -0.23266E-01   -0.38008E-17    0.40601E-17
      1      54.634    0.35636E-04   -0.22558E-01   -0.11080E-16   -0.27907E-17
      1      54.236    0.34983E-04   -0.21891E-01   -0.66787E-17   -0.99997E-17
      1      53.838    0.34300E-04   -0.21264E-01   -0.89322E-17   -0.65515E-17
      1      53.440    0.33591E-04   -0.20673E-01   -0.15990E-16    0.45011E-17
      1      53.042    0.32861E-04   -0.20113E-01   -0.15779E-16   -0.53933E-17
      1      52.645    0.32113E-04   -0.19580E-01   -0.15189E-16    0.43288E-17
      1      52.247    0.31354E-04   -0.19067E-01   -0.72155E-17   -0.16715E-17
      1      51.849    0.30585E-04   -0.18569E-01   -0.10993E-16   -0.30257E-17
      1      51.451    0.29812E-04   -0.18079E-01   -0.27233E-17    0.79297E-19
      1      51.053    0.29039E-04   -0.17588E-01   -0.11987E-16    0.39949E-18
      1      50.655    0.28269E-04   -0.17089E-01   -0.11594E-16   -0.49322E-17
      1      50.257    0.27507E-04   -0.16572E-01   -0.13830E-18    0.98512E-17
      1      49.859    0.26755E-04   -0.16035E-01   -0.87959E-17   -0.60388E-17
      1      49.461    0.26018E-04   -0.15473E-01   -0.11030E-16    0.30786E-17
      1      49.063    0.25298E-04   -0.14890E-01   -0.11149E-16    0.91921E-17
      1      48.665    0.24599E-04   -0.14290E-01   -0.39522E-17    0.22260E-18
      1      48.267    0.23922E-04   -0.13677E-01   -0.12921E-16   -0.19272E-17
      1      47.870    0.23270E-04   -0.13057E-01   -0.35491E-17    0.28561E-17
      1      47.472    0.22643E-04   -0.12443E-01   -0.13819E-16   -0.40849E-18
      1      47.074    0.22044E-04   -0.11849E-01   -0.71298E-17   -0.16272E-17
      1      46.676    0.21471E-04   -0.11290E-01   -0.11443E-16    0.10475E-16
      1      46.278    0.20926E-04   -0.10779E-01   -0.21529E-16    0.31184E-17
      1      45.880    0.20407E-04   -0.10327E-01   -0.49575E-17   -0.14997E-18
      1      45.482    0.19914E-04   -0.99419E-02    0.10021E-16    0.58095E-17
      1      45.084    0.19446E-04   -0.96280E-02   -0.71804E-18    0.70940E-17
      1      44.686    0.19002E-04   -0.93866E-02   -0.10710E-17    0.11774E-16
      1      44.288    0.18581E-04   -0.92141E-02   -0.38606E-17    0.42586E-17
      1      43.890    0.18182E-04   -0.91051E-02    0.23299E-17    0.59077E-17
      1      43.493    0.17802E-04   -0.90531E-02   -0.60654E-18    0.10551E-16
      1      43.095    0.17442E-04   -0.90514E-02   -0.17864E-17    0.65101E-17
      1      42.697    0.17099E-04   -0.90942E-02   -0.13034E-16   -0.47665E-17
      1      42.299    0.16774E-04   -0.91772E-02    0.17169E-16    0.15489E-16
      1      41.901    0.16466E-04   -0.92944E-02   -0.15957E-17    0.18172E-16
      1      41.503    0.16173E-04   -0.94384E-02   -0.23700E-17    0.17661E-17
      1      41.105    0.15896E-04   -0.96030E-02    0.13626E-17    0.50825E-17
      1      40.707    0.15633E-04   -0.97827E-02   -0.12334E-16    0.10575E-16
      1      40.309    0.15385E-04   -0.99723E-02    0.22720E-17    0.80520E-17
      1      39.911    0.15151E-04   -0.10167E-01    0.92024E-17    0.10994E-16
      1      39.513    0.14930E-04   -0.10365E-01    0.35247E-17    0.17835E-17
      1      39.115    0.14723E-04   -0.10562E-01   -0.77630E-18    0.18374E-17
      1      38.718    0.14529E-04   -0.10758E-01   -0.40624E-18    0.16416E-16
      1      38.320    0.14347E-04   -0.10952E-01    0.57677E-17    0.13897E-16
      1      37.922    0.14178E-04   -0.11146E-01    0.10937E-16   -0.26628E-18
      1      37.524    0.14021E-04   -0.11340E-01    0.61243E-17    0.14307E-16
      1      37.126    0.13875E-04   -0.11538E-01    0.10647E-16    0.66075E-17
      1      36.728    0.13741E-04   -0.11739E-01   -0.16290E-17   -0.61755E-17
      1      36.330    0.13618E-04   -0.11946E-01   -0.46921E-17    0.10059E-16
      1      35.932    0.13505E-04   -0.12163E-01    0.16768E-16    0.99624E-17
      1      35.534    0.13403E-04   -0.12394E-01    0.79141E-17   -0.85401E-18
      1      35.136    0.13311E-04   -0.12643E-01    0.10327E-16    0.71644E-17
      1      34.738    0.13229E-04   -0.12913E-01    0.28236E-16    0.21613E-17
      1      34.341    0.13157E-04   -0.13207E-01    0.20982E-16   -0.70924E-17
      1      33.943    0.13094E-04   -0.13527E-01   -0.65810E-18    0.51708E-17
      1      33.545    0.13040E-04   -0.13875E-01    0.78278E-17    0.16214E-16
      1      33.147    0.12995E-04   -0.14252E-01    0.11548E-16    0.26911E-16
      1      32.749    0.12959E-04   -0.14658E-01    0.53857E-17    0.60954E-17
      1      32.351    0.12931E-04   -0.15092E-01    0.13369E-16   -0.21324E-17
      1      31.953    0.12912E-04   -0.15555E-01   -0.51749E-17   -0.36282E-17
      1      31.555    0.12901E-04   -0.16044E-01    0.15257E-16    0.15741E-16
      1      31.157    0.12898E-04   -0.16561E-01   -0.41501E-17    0.11145E-16
      1      30.759    0.12902E-04   -0.17105E-01    0.13149E-16   -0.13086E-17
      1      30.361    0.12915E-04   -0.17675E-01    0.34441E-16    0.70889E-17
      1      29.963    0.12936E-04   -0.18273E-01    0.24410E-16    0.15450E-16
      1      29.566    0.12964E-04   -0.18897E-01    0.15068E-16    0.11940E-16
      1      29.168    0.13000E-04   -0.19549E-01    0.80571E-17   -0.49456E-17
      1      28.770    0.13045E-04   -0.20229E-01    0.71584E-17    0.52902E-17
      1      28.372    0.13097E-04   -0.20938E-01    0.10019E-16    0.16748E-17
      1      27.974    0.13157E-04   -0.21679E-01    0.24252E-16   -0.53640E-17
      1      27.576    0.13225E-04   -0.22452E-01    0.23913E-17   -0.47199E-17
      1      27.178    0.13301E-04   -0.23262E-01    0.33786E-16    0.83280E-18
      1      26.780    0.13386E-04   -0.24109E-01    0.13878E-16    0.42223E-17
      1      26.382    0.13478E-04   -0.24998E-01    0.20905E-16   -0.72160E-17
      1      25.984    0.13579E-04   -0.25932E-01    0.17949E-16    0.11917E-16
      1      25.586    0.13689E-04   -0.26914E-01    0.12781E-17    0.11859E-16
      1      25.189    0.13807E-04   -0.27947E-01    0.28524E-16   -0.25291E-17
      1      24.791    0.13934E-04   -0.29034E-01   -0.66118E-18    0.30576E-17
      1      24.393    0.14071E-04   -0.30174E-01    0.11223E-16    0.22054E-17
      1      23.995    0.14216E-04   -0.31364E-01    0.41229E-16   -0.95254E-17
      1      23.597    0.14369E-04   -0.32591E-01    0.13471E-16   -0.12071E-16
      1      23.199    0.14526E-04   -0.33828E-01    0.45198E-16   -0.73715E-17
      1      22.801    0.14681E-04   -0.35028E-01    0.18952E-16    0.33994E-17
      1      22.403    0.14823E-04   -0.36113E-01    0.59026E-18    0.67549E-17
      1      22.005    0.14938E-04   -0.36975E-01    0.10903E-16    0.23456E-16
      1      21.607    0.15008E-04   -0.37498E-01    0.43711E-16    0.23203E-17
      1      21.209    0.15022E-04   -0.37608E-01   -0.18009E-16   -0.78209E-17
      1      20.811    0.14986E-04   -0.37323E-01    0.24777E-16    0.28660E-17
      1      20.414    0.14912E-04   -0.36735E-01    0.38219E-16    0.26547E-16
      1      20.016    0.14819E-04   -0.35958E-01    0.21924E-16    0.10113E-17
      1      19.618    0.14721E-04   -0.35083E-01    0.20350E-16   -0.23217E-17
      1      19.220    0.14629E-04   -0.34175E-01    0.14146E-16   -0.25557E-16
      1      18.822    0.14549E-04   -0.33271E-01    0.11158E-16    0.44484E-17
      1      18.424    0.14486E-04   -0.32388E-01    0.15620E-16   -0.33721E-17
      1      18.026    0.14441E-04   -0.31534E-01    0.17556E-16   -0.90677E-17
      1      17.628    0.14418E-04   -0.30710E-01    0.83152E-18   -0.90534E-17
      1      17.230    0.14419E-04   -0.29913E-01    0.20715E-16    0.16759E-16
      1      16.832    0.14446E-04   -0.29140E-01    0.34168E-16   -0.15082E-16
      1      16.434    0.14502E-04   -0.28386E-01    0.33000E-16    0.20472E-17
      1      16.037    0.14591E-04   -0.27647E-01    0.32709E-16    0.85716E-18
      1      15.639    0.14715E-04   -0.26919E-01    0.57120E-16   -0.11471E-16
      1      15.241    0.14878E-04   -0.26197E-01    0.37677E-16   -0.19816E-16
      1      14.843    0.15084E-04   -0.25474E-01    0.23848E-16   -0.32761E-16
      1      14.445    0.15337E-04   -0.24744E-01   -0.15534E-16    0.68987E-17
      1      14.047    0.15641E-04   -0.24002E-01    0.30505E-16   -0.11693E-16
      1      13.649    0.16000E-04   -0.23243E-01    0.46468E-16   -0.10489E-16
      1      13.251    0.16419E-04   -0.22469E-01    0.48327E-16   -0.51699E-17
      1      12.853    0.16904E-04   -0.21683E-01    0.21163E-16   -0.29122E-18
      1      12.455    0.17459E-04   -0.20893E-01    0.21929E-16   -0.22441E-16
      1      12.057    0.18091E-04   -0.20113E-01    0.66504E-17    0.21409E-17
      1      11.659    0.18806E-04   -0.19363E-01    0.23968E-16   -0.81922E-17
      1      11.262    0.19610E-04   -0.18665E-01    0.33972E-16    0.20561E-16
      1      10.864    0.20512E-04   -0.18032E-01    0.37145E-16    0.38039E-16
      1      10.466    0.21524E-04   -0.17455E-01    0.46214E-16    0.16839E-16
      1      10.068    0.22654E-04   -0.16907E-01    0.34532E-16    0.10379E-16
      1       9.670    0.23914E-04   -0.16351E-01   -0.53030E-17   -0.20951E-17
      1       9.272    0.25316E-04   -0.15746E-01    0.41494E-16    0.63344E-17
      1       8.874    0.26872E-04   -0.15058E-01    0.26928E-16   -0.63411E-17
      1       8.476    0.28594E-04   -0.14264E-01    0.90752E-16    0.16337E-16
      1       8.078    0.30495E-04   -0.13360E-01    0.84603E-16   -0.19358E-16
      1       7.680    0.32590E-04   -0.12361E-01    0.30830E-16    0.20662E-16
      1       7.282    0.34889E-04   -0.11300E-01    0.78205E-16   -0.10439E-16
      1       6.885    0.37400E-04   -0.10265E-01    0.29023E-16   -0.70839E-17
      1       6.487    0.40112E-04   -0.93342E-02    0.79654E-16    0.20653E-17
      1       6.089    0.43008E-04   -0.85341E-02    0.64219E-16    0.11385E-19
      1       5.691    0.46060E-04   -0.78769E-02    0.60271E-16   -0.53274E-17
      1       5.293    0.49236E-04   -0.74148E-02    0.46975E-16   -0.38777E-17
      1       4.895    0.52499E-04   -0.72853E-02    0.70653E-16   -0.19139E-19
      1       4.497    0.55812E-04   -0.77486E-02    0.19730E-16   -0.41577E-17
      1       4.099    0.59141E-04   -0.91905E-02    0.45998E-16    0.46527E-17
      1       3.701    0.62484E-04   -0.11459E-01    0.42565E-16   -0.96921E-17
      1       3.303    0.65794E-04   -0.13375E-01    0.29772E-16    0.22466E-17
      1       2.905    0.68909E-04   -0.13601E-01    0.54674E-16   -0.40375E-18
      1       2.507    0.71595E-04   -0.11475E-01    0.53583E-16   -0.13220E-17
      1       2.110    0.73546E-04   -0.75215E-02    0.70901E-16    0.22651E-17
      1       1.712    0.74282E-04   -0.34670E-02    0.36815E-16    0.36406E-17
      1       1.314    0.72823E-04   -0.14708E-02    0.45278E-16   -0.18711E-17
      1       0.916    0.67436E-04   -0.16280E-02    0.32833E-16   -0.27552E-17
      1       0.518    0.55232E-04   -0.13923E-02    0.23354E-16   -0.37954E-17
      1       0.120    0.28616E-04   -0.19581E-03    0.37986E-16   -0.77533E-17
