   3N SYSTEM INCLUSIVE  PHOTODESINTEGRATION
        DETECTED PARTICLE: 1- PROTON
        NOT DETECTED PARTICLES:2- PROTON  3-NEUTRON

      OMEGA 0.30000E+02
     MTTWE1,MTTWE2,MTTWE3=    1    1   -1
     TH1LAB,PHI1LAB=   170.000     0.000
   Unit of cross sections ... fm**2/(MeV*sr**2)
      I       E1      CROSS           AX           AY           AZ
      1      13.053    0.11948E-06   -0.28552E+00    0.60821E-19   -0.25307E-16
      1      13.040    0.34381E-04   -0.27501E+00   -0.22233E-17   -0.98900E-17
      1      13.033    0.38529E-04   -0.27126E+00    0.14959E-17    0.35965E-16
      1      13.026    0.41045E-04   -0.26767E+00   -0.23292E-20    0.21953E-17
      1      13.020    0.42626E-04   -0.26422E+00   -0.14998E-17   -0.14577E-17
      1      13.013    0.43631E-04   -0.26090E+00    0.63415E-19   -0.42705E-17
      1      13.006    0.44264E-04   -0.25773E+00    0.24100E-17   -0.40228E-18
      1      13.000    0.44649E-04   -0.25470E+00    0.44080E-19    0.15092E-17
      1      12.993    0.44869E-04   -0.25181E+00    0.10102E-17   -0.94998E-16
      1      12.986    0.44975E-04   -0.24907E+00   -0.76297E-18    0.10763E-18
      1      12.980    0.45007E-04   -0.24647E+00   -0.24961E-18    0.11441E-17
      1      12.973    0.44989E-04   -0.24401E+00    0.85532E-18   -0.14106E-18
      1      12.966    0.44938E-04   -0.24168E+00    0.17417E-17    0.25619E-17
      1      12.960    0.44867E-04   -0.23948E+00   -0.80640E-18    0.28541E-17
      1      12.953    0.44780E-04   -0.23740E+00   -0.26105E-17   -0.66484E-17
      1      12.946    0.44684E-04   -0.23541E+00    0.26123E-17    0.33481E-17
      1      12.940    0.44581E-04   -0.23350E+00   -0.24494E-18   -0.30281E-17
      1      12.933    0.44474E-04   -0.23168E+00    0.12437E-17    0.11737E-16
      1      12.863    0.43327E-04   -0.21561E+00   -0.40549E-17   -0.22659E-17
      1      12.792    0.42416E-04   -0.20316E+00    0.27757E-17    0.37280E-17
      1      12.722    0.41822E-04   -0.19317E+00    0.53224E-17   -0.85925E-17
      1      12.651    0.41485E-04   -0.18491E+00    0.11778E-17   -0.69638E-17
      1      12.581    0.41333E-04   -0.17785E+00   -0.12495E-18    0.60671E-17
      1      12.511    0.41320E-04   -0.17162E+00    0.11668E-17   -0.11932E-16
      1      12.440    0.41415E-04   -0.16596E+00    0.97494E-18   -0.64743E-17
      1      12.370    0.41601E-04   -0.16070E+00    0.72890E-17    0.11830E-16
      1      12.299    0.41864E-04   -0.15573E+00    0.56196E-18    0.43211E-17
      1      12.229    0.42197E-04   -0.15096E+00    0.81144E-17   -0.10492E-16
      1      12.159    0.42594E-04   -0.14635E+00    0.39897E-17    0.66093E-17
      1      12.088    0.43050E-04   -0.14189E+00    0.18457E-16    0.30456E-17
      1      12.018    0.43563E-04   -0.13758E+00   -0.17252E-17    0.66330E-17
      1      11.947    0.44130E-04   -0.13345E+00    0.80193E-17    0.47734E-18
      1      11.877    0.44748E-04   -0.12947E+00   -0.71951E-18   -0.15329E-16
      1      11.806    0.45414E-04   -0.12566E+00   -0.10554E-17    0.44758E-17
      1      11.736    0.46129E-04   -0.12199E+00    0.31331E-17    0.51131E-17
      1      11.666    0.46891E-04   -0.11848E+00    0.11360E-16   -0.19020E-16
      1      11.595    0.47700E-04   -0.11510E+00    0.11044E-16   -0.68141E-17
      1      11.525    0.48554E-04   -0.11184E+00    0.90344E-17    0.79344E-17
      1      11.454    0.49454E-04   -0.10870E+00   -0.44059E-18    0.34908E-17
      1      11.384    0.50401E-04   -0.10567E+00    0.67227E-17    0.12513E-16
      1      11.314    0.51395E-04   -0.10274E+00    0.63514E-17    0.48145E-18
      1      11.243    0.52436E-04   -0.99914E-01    0.19336E-16    0.12307E-16
      1      11.173    0.53526E-04   -0.97183E-01    0.20970E-16    0.87803E-17
      1      11.102    0.54665E-04   -0.94551E-01    0.35212E-17   -0.70297E-17
      1      11.032    0.55852E-04   -0.92020E-01    0.73797E-17    0.11355E-18
      1      10.962    0.57087E-04   -0.89591E-01    0.18540E-16   -0.14848E-16
      1      10.891    0.58369E-04   -0.87266E-01    0.18719E-17   -0.20545E-16
      1      10.821    0.59696E-04   -0.85047E-01    0.55727E-17   -0.19746E-16
      1      10.750    0.61066E-04   -0.82934E-01   -0.60024E-17   -0.10559E-16
      1      10.680    0.62478E-04   -0.80926E-01    0.11123E-16   -0.23792E-17
      1      10.610    0.63930E-04   -0.79021E-01   -0.61572E-17   -0.12490E-16
      1      10.539    0.65421E-04   -0.77216E-01    0.52580E-17   -0.10704E-16
      1      10.469    0.66948E-04   -0.75508E-01    0.30409E-16   -0.20039E-16
      1      10.398    0.68511E-04   -0.73890E-01    0.16562E-16    0.52433E-18
      1      10.328    0.70109E-04   -0.72357E-01    0.90599E-17   -0.11971E-16
      1      10.258    0.71742E-04   -0.70901E-01    0.11875E-16   -0.13305E-16
      1      10.187    0.73409E-04   -0.69515E-01    0.21417E-16    0.37633E-22
      1      10.117    0.75110E-04   -0.68195E-01    0.14287E-16   -0.42125E-17
      1      10.046    0.76845E-04   -0.66934E-01    0.28659E-16    0.18917E-16
      1       9.976    0.78614E-04   -0.65727E-01    0.13048E-16    0.91170E-17
      1       9.906    0.80417E-04   -0.64572E-01    0.25503E-16    0.43690E-17
      1       9.835    0.82254E-04   -0.63467E-01   -0.13133E-16   -0.18990E-16
      1       9.765    0.84125E-04   -0.62408E-01   -0.13117E-16   -0.15439E-16
      1       9.694    0.86031E-04   -0.61396E-01    0.96902E-17    0.22872E-16
      1       9.624    0.87970E-04   -0.60431E-01    0.12246E-16    0.75813E-17
      1       9.554    0.89944E-04   -0.59512E-01    0.64974E-17   -0.12691E-16
      1       9.483    0.91952E-04   -0.58639E-01    0.13995E-16   -0.32549E-16
      1       9.413    0.93996E-04   -0.57812E-01    0.20087E-16   -0.31715E-16
      1       9.342    0.96074E-04   -0.57030E-01    0.23296E-16   -0.16718E-16
      1       9.272    0.98189E-04   -0.56292E-01    0.19871E-16   -0.19356E-17
      1       9.202    0.10034E-03   -0.55596E-01    0.15143E-16   -0.10130E-16
      1       9.131    0.10253E-03   -0.54941E-01    0.12606E-16   -0.24747E-16
      1       9.061    0.10475E-03   -0.54323E-01    0.92762E-17   -0.29582E-16
      1       8.990    0.10701E-03   -0.53742E-01    0.11108E-16   -0.66793E-17
      1       8.920    0.10931E-03   -0.53194E-01    0.13259E-16    0.88020E-17
      1       8.850    0.11165E-03   -0.52679E-01    0.16136E-16   -0.18660E-16
      1       8.779    0.11402E-03   -0.52191E-01    0.15413E-16    0.12147E-17
      1       8.709    0.11643E-03   -0.51730E-01    0.70017E-17   -0.21902E-16
      1       8.638    0.11888E-03   -0.51292E-01    0.29010E-16   -0.15031E-16
      1       8.568    0.12136E-03   -0.50875E-01    0.23441E-16   -0.13121E-16
      1       8.498    0.12389E-03   -0.50476E-01    0.13161E-16   -0.35307E-16
      1       8.427    0.12646E-03   -0.50095E-01    0.16339E-17    0.10073E-17
      1       8.357    0.12907E-03   -0.49729E-01    0.96275E-17    0.10352E-17
      1       8.286    0.13172E-03   -0.49377E-01    0.81439E-17   -0.82198E-17
      1       8.216    0.13443E-03   -0.49037E-01    0.14754E-17    0.10052E-17
      1       8.146    0.13718E-03   -0.48707E-01    0.28721E-16    0.17623E-17
      1       8.075    0.13998E-03   -0.48389E-01    0.33642E-16    0.56391E-17
      1       8.005    0.14284E-03   -0.48081E-01    0.28259E-16    0.13522E-16
      1       7.934    0.14576E-03   -0.47785E-01    0.21507E-16    0.45533E-17
      1       7.864    0.14873E-03   -0.47502E-01    0.23137E-16   -0.24550E-16
      1       7.794    0.15177E-03   -0.47231E-01    0.94855E-18    0.23136E-17
      1       7.723    0.15486E-03   -0.46975E-01    0.10731E-16    0.11740E-17
      1       7.653    0.15802E-03   -0.46734E-01    0.21053E-16   -0.73271E-17
      1       7.582    0.16124E-03   -0.46510E-01    0.25728E-16    0.25949E-16
      1       7.512    0.16453E-03   -0.46305E-01    0.23771E-17    0.24506E-16
      1       7.442    0.16788E-03   -0.46120E-01    0.21907E-16   -0.39413E-17
      1       7.371    0.17129E-03   -0.45955E-01    0.19065E-16   -0.43900E-17
      1       7.301    0.17477E-03   -0.45809E-01    0.18641E-16   -0.12593E-16
      1       7.230    0.17832E-03   -0.45681E-01    0.19993E-16   -0.24781E-16
      1       7.160    0.18193E-03   -0.45572E-01    0.21719E-16   -0.20696E-16
      1       7.090    0.18560E-03   -0.45482E-01    0.34555E-16    0.34115E-16
      1       7.019    0.18935E-03   -0.45409E-01    0.25780E-16    0.12220E-16
      1       6.949    0.19316E-03   -0.45352E-01    0.63895E-17    0.13729E-16
      1       6.878    0.19704E-03   -0.45311E-01    0.20514E-16    0.22061E-16
      1       6.808    0.20099E-03   -0.45285E-01    0.72031E-17    0.61245E-17
      1       6.738    0.20500E-03   -0.45273E-01    0.34398E-16    0.15417E-16
      1       6.667    0.20909E-03   -0.45275E-01    0.10269E-16   -0.13607E-16
      1       6.597    0.21326E-03   -0.45291E-01    0.27178E-17    0.25609E-16
      1       6.526    0.21749E-03   -0.45319E-01    0.21856E-16    0.16339E-16
      1       6.456    0.22181E-03   -0.45359E-01    0.57363E-16   -0.16732E-16
      1       6.386    0.22620E-03   -0.45410E-01    0.28750E-16   -0.50952E-16
      1       6.315    0.23067E-03   -0.45473E-01    0.34196E-16   -0.67183E-17
      1       6.245    0.23522E-03   -0.45547E-01    0.13623E-16   -0.78885E-18
      1       6.174    0.23985E-03   -0.45632E-01    0.34169E-16    0.87423E-17
      1       6.104    0.24457E-03   -0.45729E-01    0.39312E-16    0.15132E-16
      1       6.034    0.24938E-03   -0.45837E-01    0.13784E-16   -0.53323E-17
      1       5.963    0.25428E-03   -0.45957E-01    0.32835E-16   -0.71410E-18
      1       5.893    0.25927E-03   -0.46089E-01    0.44003E-16    0.14472E-16
      1       5.822    0.26435E-03   -0.46233E-01    0.52095E-16   -0.10529E-16
      1       5.752    0.26952E-03   -0.46390E-01    0.18043E-16   -0.22578E-16
      1       5.682    0.27480E-03   -0.46562E-01    0.11595E-16   -0.12637E-16
      1       5.611    0.28017E-03   -0.46748E-01    0.26530E-16    0.49890E-17
      1       5.541    0.28564E-03   -0.46950E-01    0.48753E-16    0.11141E-18
      1       5.470    0.29121E-03   -0.47167E-01    0.44873E-16   -0.33979E-17
      1       5.400    0.29687E-03   -0.47400E-01    0.22219E-16   -0.29510E-17
      1       5.330    0.30264E-03   -0.47649E-01    0.34161E-16   -0.23197E-16
      1       5.259    0.30850E-03   -0.47914E-01    0.38980E-16   -0.12401E-16
      1       5.189    0.31446E-03   -0.48196E-01    0.41301E-16    0.20658E-17
      1       5.118    0.32052E-03   -0.48494E-01    0.45740E-16    0.69080E-17
      1       5.048    0.32667E-03   -0.48810E-01    0.32028E-16    0.12454E-16
      1       4.978    0.33291E-03   -0.49143E-01    0.43190E-16   -0.23822E-16
      1       4.907    0.33925E-03   -0.49494E-01    0.35076E-16   -0.12829E-16
      1       4.837    0.34568E-03   -0.49863E-01    0.19527E-16   -0.17823E-16
      1       4.766    0.35220E-03   -0.50251E-01    0.34028E-16   -0.32215E-16
      1       4.696    0.35881E-03   -0.50659E-01    0.43905E-17    0.16999E-16
      1       4.626    0.36551E-03   -0.51086E-01    0.50260E-16   -0.15304E-16
      1       4.555    0.37230E-03   -0.51535E-01    0.34231E-16    0.11757E-16
      1       4.485    0.37916E-03   -0.52006E-01    0.39644E-16    0.19997E-16
      1       4.414    0.38611E-03   -0.52498E-01    0.28357E-16    0.51813E-17
      1       4.344    0.39314E-03   -0.53014E-01    0.54068E-16   -0.97482E-17
      1       4.274    0.40024E-03   -0.53553E-01    0.52263E-16   -0.14721E-16
      1       4.203    0.40742E-03   -0.54117E-01    0.18796E-16   -0.20629E-16
      1       4.133    0.41466E-03   -0.54705E-01    0.53770E-16    0.36803E-17
      1       4.062    0.42197E-03   -0.55318E-01    0.39911E-16   -0.10365E-16
      1       3.992    0.42933E-03   -0.55958E-01    0.20999E-16   -0.44019E-17
      1       3.922    0.43675E-03   -0.56625E-01    0.49581E-16   -0.79085E-17
      1       3.851    0.44422E-03   -0.57321E-01    0.14163E-16   -0.11500E-16
      1       3.781    0.45172E-03   -0.58045E-01    0.46593E-16   -0.27743E-17
      1       3.710    0.45925E-03   -0.58794E-01    0.51853E-16    0.24331E-16
      1       3.640    0.46678E-03   -0.59563E-01    0.34870E-16   -0.10325E-16
      1       3.570    0.47429E-03   -0.60345E-01    0.11981E-16   -0.11464E-16
      1       3.499    0.48176E-03   -0.61125E-01    0.23125E-16   -0.15194E-16
      1       3.429    0.48913E-03   -0.61885E-01    0.38634E-16    0.91334E-17
      1       3.358    0.49637E-03   -0.62601E-01    0.34290E-17   -0.10645E-16
      1       3.288    0.50341E-03   -0.63239E-01    0.41296E-16    0.18203E-17
      1       3.218    0.51018E-03   -0.63761E-01    0.31468E-16   -0.10351E-16
      1       3.147    0.51659E-03   -0.64123E-01    0.45227E-16   -0.12227E-16
      1       3.077    0.52256E-03   -0.64279E-01   -0.88388E-17    0.36863E-17
      1       3.006    0.52799E-03   -0.64183E-01    0.45971E-16   -0.17679E-16
      1       2.936    0.53280E-03   -0.63792E-01    0.27089E-16   -0.52724E-17
      1       2.866    0.53692E-03   -0.63075E-01    0.58356E-16    0.10474E-16
      1       2.795    0.54028E-03   -0.62017E-01    0.19714E-16    0.49912E-17
      1       2.725    0.54287E-03   -0.60630E-01    0.29161E-16    0.13534E-16
      1       2.654    0.54472E-03   -0.58951E-01    0.26361E-16   -0.25533E-16
      1       2.584    0.54585E-03   -0.57026E-01    0.11504E-16   -0.87540E-17
      1       2.514    0.54632E-03   -0.54907E-01    0.24438E-16    0.23677E-16
      1       2.443    0.54619E-03   -0.52649E-01    0.40617E-16    0.11419E-16
      1       2.373    0.54551E-03   -0.50304E-01    0.71433E-16   -0.22501E-17
      1       2.302    0.54435E-03   -0.47919E-01    0.37635E-16    0.14360E-16
      1       2.232    0.54276E-03   -0.45530E-01    0.64161E-16    0.34046E-16
      1       2.162    0.54076E-03   -0.43167E-01    0.52958E-16    0.12041E-16
      1       2.091    0.53839E-03   -0.40848E-01    0.26818E-16    0.37569E-17
      1       2.021    0.53567E-03   -0.38586E-01    0.62389E-16   -0.14761E-16
      1       1.950    0.53262E-03   -0.36388E-01    0.39177E-16    0.18695E-16
      1       1.880    0.52924E-03   -0.34256E-01    0.55116E-16   -0.23932E-16
      1       1.810    0.52554E-03   -0.32193E-01    0.37258E-16   -0.11576E-16
      1       1.739    0.52153E-03   -0.30200E-01    0.38592E-16    0.12623E-16
      1       1.669    0.51721E-03   -0.28281E-01    0.37476E-16    0.45059E-16
      1       1.598    0.51258E-03   -0.26434E-01    0.49264E-16    0.14391E-16
      1       1.528    0.50763E-03   -0.24661E-01    0.63743E-16    0.24189E-16
      1       1.458    0.50236E-03   -0.22961E-01    0.28800E-16   -0.22966E-16
      1       1.387    0.49674E-03   -0.21334E-01    0.39725E-16   -0.44301E-17
      1       1.317    0.49075E-03   -0.19777E-01    0.45186E-16   -0.20741E-16
      1       1.246    0.48437E-03   -0.18291E-01    0.62519E-16   -0.68667E-17
      1       1.176    0.47755E-03   -0.16874E-01    0.80279E-16   -0.68885E-17
      1       1.106    0.47025E-03   -0.15524E-01    0.64059E-16   -0.36583E-16
      1       1.035    0.46240E-03   -0.14237E-01    0.74216E-16   -0.47038E-17
      1       0.965    0.45391E-03   -0.13006E-01    0.56949E-16    0.35946E-17
      1       0.894    0.44470E-03   -0.11821E-01    0.60044E-16    0.67781E-17
      1       0.824    0.43463E-03   -0.10676E-01    0.84441E-16    0.15642E-16
      1       0.754    0.42355E-03   -0.95646E-02    0.26365E-16   -0.17962E-16
      1       0.683    0.41127E-03   -0.84813E-02    0.15277E-16    0.15073E-16
      1       0.613    0.39755E-03   -0.74234E-02    0.49178E-16   -0.12653E-16
      1       0.542    0.38207E-03   -0.63916E-02    0.34274E-16   -0.18858E-16
      1       0.472    0.36443E-03   -0.53960E-02    0.69660E-16    0.30124E-16
      1       0.402    0.34405E-03   -0.44552E-02    0.73269E-16   -0.14469E-16
      1       0.331    0.32013E-03   -0.35784E-02    0.60706E-16    0.23507E-17
      1       0.261    0.29141E-03   -0.27676E-02    0.75623E-16    0.15076E-16
      1       0.190    0.25577E-03   -0.20302E-02    0.48217E-16   -0.26335E-16
      1       0.120    0.20896E-03   -0.13725E-02    0.43242E-16    0.19998E-16
