   3N SYSTEM INCLUSIVE  PHOTODESINTEGRATION
        DETECTED PARTICLE: 1- PROTON
        NOT DETECTED PARTICLES:2- PROTON  3-NEUTRON

      OMEGA 0.30000E+02
     MTTWE1,MTTWE2,MTTWE3=    1    1   -1
     TH1LAB,PHI1LAB=   130.000     0.000
   Unit of cross sections ... fm**2/(MeV*sr**2)
      I       E1      CROSS           AX           AY           AZ
      1      13.601    0.95216E-06   -0.90432E+00    0.23604E-18    0.17733E-17
      1      13.588    0.26773E-03   -0.89943E+00   -0.49814E-19    0.27040E-17
      1      13.581    0.29737E-03   -0.89770E+00   -0.11463E-17    0.25979E-17
      1      13.574    0.31400E-03   -0.89603E+00   -0.39931E-19   -0.32875E-17
      1      13.568    0.32323E-03   -0.89441E+00   -0.22014E-18   -0.94140E-18
      1      13.561    0.32797E-03   -0.89283E+00   -0.25475E-17    0.49857E-18
      1      13.554    0.32987E-03   -0.89129E+00   -0.62955E-17   -0.38496E-17
      1      13.548    0.32994E-03   -0.88980E+00   -0.12927E-17   -0.38578E-17
      1      13.541    0.32884E-03   -0.88835E+00   -0.92927E-18   -0.19460E-17
      1      13.534    0.32699E-03   -0.88695E+00    0.44928E-18    0.67609E-18
      1      13.528    0.32469E-03   -0.88560E+00   -0.23239E-18   -0.43836E-17
      1      13.521    0.32212E-03   -0.88430E+00   -0.40552E-19    0.25725E-17
      1      13.514    0.31944E-03   -0.88305E+00   -0.43550E-19   -0.31499E-18
      1      13.508    0.31672E-03   -0.88186E+00   -0.83639E-17    0.36488E-17
      1      13.501    0.31400E-03   -0.88070E+00   -0.47587E-17    0.10598E-17
      1      13.494    0.31131E-03   -0.87959E+00   -0.49524E-17   -0.97744E-18
      1      13.488    0.30865E-03   -0.87850E+00   -0.33567E-17   -0.20750E-17
      1      13.481    0.30605E-03   -0.87745E+00   -0.50973E-18   -0.46084E-17
      1      13.407    0.28093E-03   -0.86720E+00   -0.25663E-17   -0.19746E-17
      1      13.334    0.26178E-03   -0.85841E+00    0.13608E-16    0.39033E-17
      1      13.261    0.24752E-03   -0.85073E+00   -0.55988E-17   -0.53647E-18
      1      13.187    0.23675E-03   -0.84392E+00   -0.50816E-18    0.10701E-16
      1      13.114    0.22835E-03   -0.83771E+00    0.71130E-17    0.23481E-16
      1      13.040    0.22157E-03   -0.83188E+00    0.61732E-17    0.13117E-16
      1      12.967    0.21595E-03   -0.82626E+00    0.26419E-17   -0.11759E-16
      1      12.894    0.21118E-03   -0.82072E+00    0.61762E-17    0.58287E-17
      1      12.820    0.20704E-03   -0.81518E+00   -0.11434E-17   -0.73554E-17
      1      12.747    0.20339E-03   -0.80956E+00    0.93073E-17   -0.18151E-16
      1      12.673    0.20014E-03   -0.80382E+00   -0.69709E-17    0.92046E-17
      1      12.600    0.19725E-03   -0.79796E+00    0.52764E-17    0.46074E-17
      1      12.527    0.19468E-03   -0.79201E+00    0.72470E-18   -0.45162E-17
      1      12.453    0.19241E-03   -0.78598E+00   -0.92028E-17   -0.24203E-16
      1      12.380    0.19042E-03   -0.77988E+00   -0.11747E-17    0.12119E-16
      1      12.306    0.18868E-03   -0.77372E+00    0.50163E-17    0.40264E-17
      1      12.233    0.18719E-03   -0.76751E+00   -0.10500E-16   -0.67233E-18
      1      12.160    0.18591E-03   -0.76124E+00   -0.10275E-16   -0.42999E-17
      1      12.086    0.18483E-03   -0.75492E+00   -0.20617E-17    0.22006E-16
      1      12.013    0.18394E-03   -0.74854E+00    0.26327E-17   -0.48687E-17
      1      11.939    0.18321E-03   -0.74210E+00   -0.12482E-16   -0.26699E-16
      1      11.866    0.18265E-03   -0.73559E+00   -0.54177E-17    0.91587E-18
      1      11.792    0.18223E-03   -0.72902E+00   -0.29623E-17   -0.16372E-16
      1      11.719    0.18197E-03   -0.72238E+00    0.17702E-16   -0.24100E-16
      1      11.646    0.18185E-03   -0.71570E+00   -0.93680E-18    0.17433E-16
      1      11.572    0.18188E-03   -0.70898E+00    0.16902E-16   -0.20367E-17
      1      11.499    0.18206E-03   -0.70226E+00   -0.16660E-17   -0.17542E-16
      1      11.425    0.18239E-03   -0.69554E+00   -0.32219E-17    0.81997E-17
      1      11.352    0.18285E-03   -0.68885E+00    0.34299E-17    0.36481E-16
      1      11.279    0.18346E-03   -0.68222E+00    0.71141E-17   -0.66214E-17
      1      11.205    0.18421E-03   -0.67567E+00    0.18930E-16    0.19109E-16
      1      11.132    0.18510E-03   -0.66921E+00    0.14437E-16   -0.22892E-16
      1      11.058    0.18612E-03   -0.66286E+00   -0.93302E-17    0.32232E-16
      1      10.985    0.18727E-03   -0.65664E+00    0.41919E-17   -0.13755E-16
      1      10.912    0.18854E-03   -0.65055E+00    0.14052E-16    0.35102E-16
      1      10.838    0.18992E-03   -0.64458E+00   -0.14341E-17   -0.22193E-16
      1      10.765    0.19141E-03   -0.63875E+00    0.11959E-16   -0.21903E-17
      1      10.691    0.19300E-03   -0.63303E+00   -0.49661E-17    0.31027E-16
      1      10.618    0.19469E-03   -0.62742E+00   -0.53359E-17   -0.12010E-16
      1      10.544    0.19646E-03   -0.62193E+00    0.35582E-16    0.13997E-16
      1      10.471    0.19832E-03   -0.61653E+00   -0.83220E-17    0.14912E-16
      1      10.398    0.20026E-03   -0.61124E+00   -0.76917E-17    0.63418E-17
      1      10.324    0.20228E-03   -0.60605E+00    0.28708E-16   -0.37425E-17
      1      10.251    0.20438E-03   -0.60097E+00    0.12294E-16   -0.89684E-17
      1      10.177    0.20656E-03   -0.59600E+00   -0.16391E-16    0.28626E-16
      1      10.104    0.20882E-03   -0.59114E+00    0.19626E-16   -0.26300E-17
      1      10.031    0.21117E-03   -0.58642E+00    0.25764E-16   -0.12955E-16
      1       9.957    0.21362E-03   -0.58184E+00    0.16026E-16    0.41104E-16
      1       9.884    0.21616E-03   -0.57741E+00   -0.22371E-16    0.33306E-16
      1       9.810    0.21879E-03   -0.57314E+00   -0.17576E-17    0.39270E-16
      1       9.737    0.22153E-03   -0.56901E+00   -0.22154E-16    0.65946E-18
      1       9.664    0.22437E-03   -0.56505E+00    0.13071E-16    0.66338E-16
      1       9.590    0.22731E-03   -0.56124E+00    0.31384E-16   -0.35224E-17
      1       9.517    0.23035E-03   -0.55759E+00    0.61452E-16   -0.43251E-17
      1       9.443    0.23350E-03   -0.55409E+00   -0.25359E-17    0.23069E-17
      1       9.370    0.23674E-03   -0.55073E+00    0.18527E-16    0.20459E-16
      1       9.296    0.24008E-03   -0.54752E+00    0.15301E-16    0.31947E-16
      1       9.223    0.24352E-03   -0.54444E+00    0.80148E-17    0.13574E-16
      1       9.150    0.24705E-03   -0.54148E+00    0.10080E-16    0.26489E-16
      1       9.076    0.25068E-03   -0.53864E+00    0.19107E-16    0.13644E-16
      1       9.003    0.25439E-03   -0.53590E+00    0.13372E-16    0.17946E-16
      1       8.929    0.25819E-03   -0.53326E+00   -0.85746E-17   -0.24343E-17
      1       8.856    0.26208E-03   -0.53071E+00   -0.17934E-16   -0.25483E-17
      1       8.783    0.26606E-03   -0.52823E+00   -0.20449E-16    0.25960E-16
      1       8.709    0.27012E-03   -0.52582E+00   -0.31333E-17    0.55218E-16
      1       8.636    0.27427E-03   -0.52347E+00   -0.66307E-17   -0.26265E-16
      1       8.562    0.27852E-03   -0.52119E+00    0.82020E-17    0.24873E-16
      1       8.489    0.28287E-03   -0.51896E+00    0.23375E-16    0.35521E-16
      1       8.416    0.28732E-03   -0.51680E+00    0.50751E-17    0.46578E-17
      1       8.342    0.29189E-03   -0.51471E+00    0.20902E-16    0.10745E-16
      1       8.269    0.29657E-03   -0.51269E+00    0.18884E-16   -0.39906E-17
      1       8.195    0.30139E-03   -0.51076E+00   -0.16976E-16    0.18953E-16
      1       8.122    0.30635E-03   -0.50892E+00    0.16179E-16    0.12368E-16
      1       8.048    0.31146E-03   -0.50718E+00   -0.14099E-17    0.16273E-18
      1       7.975    0.31672E-03   -0.50555E+00   -0.21554E-16    0.18065E-17
      1       7.902    0.32214E-03   -0.50404E+00    0.54062E-17    0.34384E-16
      1       7.828    0.32773E-03   -0.50265E+00    0.37869E-17    0.22098E-16
      1       7.755    0.33349E-03   -0.50138E+00    0.20058E-16    0.14524E-16
      1       7.681    0.33943E-03   -0.50024E+00   -0.15001E-16    0.17941E-16
      1       7.608    0.34553E-03   -0.49922E+00   -0.31480E-16    0.14491E-17
      1       7.535    0.35182E-03   -0.49831E+00    0.22954E-16    0.10862E-16
      1       7.461    0.35829E-03   -0.49752E+00    0.11164E-16   -0.84211E-17
      1       7.388    0.36494E-03   -0.49684E+00   -0.12037E-16    0.16411E-16
      1       7.314    0.37178E-03   -0.49628E+00    0.79509E-17    0.26541E-16
      1       7.241    0.37881E-03   -0.49582E+00    0.57646E-16    0.92959E-17
      1       7.168    0.38603E-03   -0.49546E+00    0.74314E-17    0.23731E-16
      1       7.094    0.39345E-03   -0.49519E+00    0.20863E-16    0.61436E-17
      1       7.021    0.40106E-03   -0.49502E+00    0.22496E-16    0.28049E-16
      1       6.947    0.40888E-03   -0.49494E+00    0.10185E-16    0.33411E-17
      1       6.874    0.41689E-03   -0.49494E+00    0.14315E-16    0.72041E-17
      1       6.800    0.42511E-03   -0.49502E+00   -0.24068E-16    0.10109E-16
      1       6.727    0.43355E-03   -0.49517E+00   -0.12498E-16   -0.88791E-18
      1       6.654    0.44220E-03   -0.49539E+00   -0.77899E-17    0.26310E-16
      1       6.580    0.45107E-03   -0.49568E+00    0.17043E-17   -0.91554E-17
      1       6.507    0.46018E-03   -0.49605E+00    0.25554E-16    0.37303E-16
      1       6.433    0.46953E-03   -0.49648E+00    0.24729E-16   -0.13203E-16
      1       6.360    0.47912E-03   -0.49699E+00    0.22578E-16    0.24190E-16
      1       6.287    0.48898E-03   -0.49758E+00   -0.53487E-17   -0.63339E-18
      1       6.213    0.49911E-03   -0.49824E+00    0.57916E-17    0.76651E-17
      1       6.140    0.50952E-03   -0.49899E+00    0.26695E-16   -0.18834E-17
      1       6.066    0.52023E-03   -0.49982E+00   -0.32518E-16    0.25641E-16
      1       5.993    0.53124E-03   -0.50073E+00   -0.61615E-16    0.20296E-18
      1       5.920    0.54258E-03   -0.50174E+00    0.44331E-16   -0.11017E-16
      1       5.846    0.55424E-03   -0.50283E+00    0.68453E-16    0.30237E-16
      1       5.773    0.56623E-03   -0.50402E+00   -0.12154E-16    0.10685E-16
      1       5.699    0.57857E-03   -0.50529E+00    0.82616E-16   -0.67006E-17
      1       5.626    0.59125E-03   -0.50665E+00   -0.15577E-16   -0.17112E-16
      1       5.552    0.60429E-03   -0.50810E+00    0.21823E-16    0.62674E-17
      1       5.479    0.61770E-03   -0.50964E+00    0.15490E-16    0.33099E-17
      1       5.406    0.63148E-03   -0.51126E+00   -0.12637E-16    0.84852E-17
      1       5.332    0.64563E-03   -0.51298E+00    0.18139E-16    0.12752E-16
      1       5.259    0.66018E-03   -0.51479E+00   -0.47028E-16   -0.18507E-16
      1       5.185    0.67513E-03   -0.51668E+00   -0.11262E-16   -0.55358E-17
      1       5.112    0.69048E-03   -0.51866E+00    0.25037E-16    0.13001E-16
      1       5.039    0.70625E-03   -0.52074E+00   -0.39969E-16   -0.92790E-18
      1       4.965    0.72246E-03   -0.52290E+00   -0.52998E-16    0.18075E-16
      1       4.892    0.73910E-03   -0.52516E+00   -0.47820E-16   -0.97372E-17
      1       4.818    0.75620E-03   -0.52751E+00    0.31786E-16   -0.96326E-17
      1       4.745    0.77376E-03   -0.52996E+00    0.24632E-16    0.20970E-17
      1       4.672    0.79180E-03   -0.53250E+00    0.28676E-16    0.16903E-16
      1       4.598    0.81033E-03   -0.53513E+00   -0.20750E-16    0.66731E-17
      1       4.525    0.82935E-03   -0.53785E+00    0.17712E-16    0.29668E-17
      1       4.451    0.84887E-03   -0.54067E+00    0.53678E-16    0.15526E-16
      1       4.378    0.86891E-03   -0.54357E+00   -0.22157E-16    0.11712E-16
      1       4.304    0.88947E-03   -0.54657E+00    0.87348E-16    0.44559E-17
      1       4.231    0.91058E-03   -0.54966E+00    0.85701E-16    0.10600E-16
      1       4.158    0.93223E-03   -0.55285E+00   -0.99057E-16    0.26699E-17
      1       4.084    0.95442E-03   -0.55612E+00    0.30118E-16   -0.34879E-17
      1       4.011    0.97713E-03   -0.55947E+00   -0.38537E-16    0.73384E-17
      1       3.937    0.10003E-02   -0.56286E+00   -0.51784E-17   -0.33295E-18
      1       3.864    0.10238E-02   -0.56628E+00   -0.83794E-16    0.14293E-17
      1       3.791    0.10475E-02   -0.56967E+00    0.11859E-15   -0.69129E-17
      1       3.717    0.10712E-02   -0.57294E+00    0.16215E-15   -0.96323E-17
      1       3.644    0.10945E-02   -0.57603E+00   -0.12207E-16   -0.55437E-17
      1       3.570    0.11169E-02   -0.57879E+00   -0.21526E-16    0.11345E-16
      1       3.497    0.11380E-02   -0.58111E+00   -0.59801E-16   -0.14982E-16
      1       3.424    0.11571E-02   -0.58283E+00    0.13587E-15   -0.17461E-16
      1       3.350    0.11735E-02   -0.58379E+00    0.49316E-16    0.15844E-17
      1       3.277    0.11864E-02   -0.58380E+00    0.46127E-16    0.20471E-16
      1       3.203    0.11953E-02   -0.58272E+00    0.46252E-16    0.15526E-17
      1       3.130    0.11994E-02   -0.58039E+00   -0.22048E-15    0.17747E-16
      1       3.056    0.11984E-02   -0.57666E+00    0.44884E-16    0.17086E-17
      1       2.983    0.11921E-02   -0.57151E+00    0.22534E-16    0.69242E-17
      1       2.910    0.11811E-02   -0.56497E+00    0.10013E-15    0.54852E-17
      1       2.836    0.11658E-02   -0.55713E+00    0.54773E-16   -0.15218E-16
      1       2.763    0.11468E-02   -0.54808E+00    0.13120E-15   -0.30000E-17
      1       2.689    0.11249E-02   -0.53795E+00    0.12186E-15   -0.64980E-17
      1       2.616    0.11008E-02   -0.52689E+00   -0.37942E-16   -0.25825E-17
      1       2.543    0.10752E-02   -0.51505E+00    0.12610E-16    0.19531E-17
      1       2.469    0.10486E-02   -0.50255E+00    0.56717E-16   -0.29452E-17
      1       2.396    0.10215E-02   -0.48953E+00   -0.25240E-16    0.12967E-16
      1       2.322    0.99428E-03   -0.47608E+00    0.10197E-15    0.76033E-17
      1       2.249    0.96711E-03   -0.46226E+00    0.33927E-16   -0.20551E-16
      1       2.176    0.94016E-03   -0.44813E+00   -0.20789E-16   -0.16361E-16
      1       2.102    0.91352E-03   -0.43371E+00    0.27863E-16    0.63473E-17
      1       2.029    0.88727E-03   -0.41905E+00    0.70350E-16   -0.17366E-16
      1       1.955    0.86148E-03   -0.40416E+00    0.48770E-16    0.17846E-16
      1       1.882    0.83618E-03   -0.38910E+00    0.32381E-16    0.25047E-17
      1       1.808    0.81143E-03   -0.37388E+00    0.97181E-16    0.12073E-17
      1       1.735    0.78724E-03   -0.35856E+00    0.27133E-17    0.73303E-17
      1       1.662    0.76361E-03   -0.34316E+00   -0.23814E-16   -0.59220E-17
      1       1.588    0.74055E-03   -0.32772E+00    0.62075E-16   -0.13841E-16
      1       1.515    0.71803E-03   -0.31226E+00    0.54737E-16   -0.13926E-16
      1       1.441    0.69602E-03   -0.29684E+00    0.26298E-16    0.17614E-16
      1       1.368    0.67449E-03   -0.28147E+00    0.83108E-17   -0.13956E-16
      1       1.295    0.65340E-03   -0.26620E+00    0.52050E-16    0.49073E-16
      1       1.221    0.63266E-03   -0.25107E+00    0.27325E-16    0.35457E-17
      1       1.148    0.61217E-03   -0.23603E+00    0.43260E-16   -0.56000E-17
      1       1.074    0.59175E-03   -0.22103E+00    0.23342E-16    0.11512E-16
      1       1.001    0.57125E-03   -0.20600E+00    0.86320E-16    0.82223E-17
      1       0.928    0.55051E-03   -0.19088E+00    0.61718E-16    0.25190E-16
      1       0.854    0.52932E-03   -0.17558E+00    0.48078E-16    0.21056E-16
      1       0.781    0.50750E-03   -0.16006E+00    0.54338E-16   -0.41520E-16
      1       0.707    0.48485E-03   -0.14428E+00    0.29093E-16    0.17533E-16
      1       0.634    0.46114E-03   -0.12827E+00    0.71215E-16   -0.17783E-16
      1       0.560    0.43616E-03   -0.11223E+00    0.80124E-16   -0.60191E-17
      1       0.487    0.40964E-03   -0.96491E-01    0.31714E-16    0.79499E-17
      1       0.414    0.38105E-03   -0.81285E-01    0.67008E-16   -0.49648E-18
      1       0.340    0.34954E-03   -0.66730E-01    0.40236E-16   -0.82821E-17
      1       0.267    0.31380E-03   -0.53009E-01    0.52555E-16   -0.87091E-19
      1       0.193    0.27162E-03   -0.40586E-01    0.80674E-16    0.14546E-17
      1       0.120    0.21789E-03   -0.28047E-01    0.62643E-16    0.33685E-17
