   3N SYSTEM INCLUSIVE  PHOTODESINTEGRATION
        DETECTED PARTICLE: 1- PROTON
        NOT DETECTED PARTICLES:2- PROTON  3-NEUTRON

      OMEGA 0.10000E+03
     MTTWE1,MTTWE2,MTTWE3=    1    1   -1
     TH1LAB,PHI1LAB=   130.000     0.000
   Unit of cross sections ... fm**2/(MeV*sr**2)
      I       E1      CROSS           AX           AY           AZ
      1      52.577    0.28444E-07    0.12043E-01   -0.17905E-17    0.35590E-17
      1      52.563    0.81619E-05    0.16050E-01    0.12130E-16    0.30906E-17
      1      52.557    0.91701E-05    0.15675E-01   -0.14996E-17    0.47842E-17
      1      52.550    0.98041E-05    0.15031E-01   -0.16818E-17   -0.63181E-17
      1      52.543    0.10223E-04    0.14243E-01   -0.40816E-18   -0.14771E-17
      1      52.537    0.10508E-04    0.13373E-01   -0.61054E-17   -0.15705E-17
      1      52.530    0.10704E-04    0.12460E-01   -0.12959E-16   -0.33569E-17
      1      52.523    0.10839E-04    0.11519E-01   -0.66671E-17   -0.51416E-17
      1      52.517    0.10931E-04    0.10556E-01   -0.34098E-17    0.56373E-17
      1      52.510    0.10993E-04    0.95758E-02    0.72185E-17   -0.28019E-17
      1      52.503    0.11032E-04    0.85822E-02   -0.11087E-16    0.11820E-16
      1      52.497    0.11056E-04    0.75778E-02   -0.52240E-17   -0.64541E-17
      1      52.490    0.11067E-04    0.65649E-02   -0.31477E-17    0.16102E-17
      1      52.483    0.11070E-04    0.55453E-02   -0.17141E-17   -0.17867E-17
      1      52.477    0.11067E-04    0.45206E-02   -0.12990E-17   -0.11617E-17
      1      52.470    0.11058E-04    0.34923E-02   -0.18813E-16    0.22953E-18
      1      52.463    0.11047E-04    0.24615E-02   -0.11152E-16    0.10790E-17
      1      52.457    0.11033E-04    0.14293E-02   -0.47578E-17   -0.22465E-16
      1      52.169    0.10548E-04   -0.33959E-01    0.30685E-17    0.50827E-17
      1      51.881    0.10363E-04   -0.50461E-01   -0.96010E-17    0.44088E-17
      1      51.594    0.10303E-04   -0.60586E-01   -0.12154E-16    0.15170E-16
      1      51.306    0.10283E-04   -0.67515E-01   -0.13521E-16    0.62192E-17
      1      51.019    0.10272E-04   -0.72329E-01   -0.16425E-16    0.11884E-16
      1      50.731    0.10266E-04   -0.75579E-01   -0.14881E-16    0.88068E-17
      1      50.444    0.10268E-04   -0.77619E-01   -0.16176E-16    0.22100E-16
      1      50.156    0.10286E-04   -0.78746E-01   -0.14895E-16    0.38410E-17
      1      49.868    0.10330E-04   -0.79236E-01   -0.10260E-16   -0.19666E-16
      1      49.581    0.10408E-04   -0.79342E-01   -0.26793E-16   -0.70115E-17
      1      49.293    0.10518E-04   -0.79240E-01   -0.19344E-16    0.34773E-17
      1      49.006    0.10657E-04   -0.79073E-01   -0.19643E-16   -0.21355E-16
      1      48.718    0.10824E-04   -0.78978E-01   -0.19449E-16    0.64816E-17
      1      48.431    0.11015E-04   -0.79080E-01   -0.15145E-16   -0.23968E-16
      1      48.143    0.11231E-04   -0.79454E-01   -0.20530E-16   -0.10142E-16
      1      47.856    0.11468E-04   -0.80085E-01   -0.18531E-16   -0.72110E-17
      1      47.568    0.11724E-04   -0.80886E-01   -0.15188E-16    0.75643E-17
      1      47.280    0.11997E-04   -0.81726E-01   -0.10046E-16   -0.71614E-17
      1      46.993    0.12282E-04   -0.82455E-01   -0.24684E-16   -0.10870E-16
      1      46.705    0.12579E-04   -0.82941E-01   -0.93550E-17   -0.55537E-17
      1      46.418    0.12883E-04   -0.83073E-01   -0.16604E-16   -0.83954E-18
      1      46.130    0.13193E-04   -0.82779E-01   -0.10348E-16   -0.18561E-17
      1      45.843    0.13509E-04   -0.82019E-01   -0.13236E-16   -0.17781E-16
      1      45.555    0.13831E-04   -0.80790E-01   -0.21539E-16    0.86583E-18
      1      45.267    0.14159E-04   -0.79147E-01   -0.68375E-17    0.11651E-16
      1      44.980    0.14495E-04   -0.77184E-01   -0.11851E-16   -0.15253E-17
      1      44.692    0.14842E-04   -0.74995E-01   -0.61109E-17   -0.15838E-16
      1      44.405    0.15201E-04   -0.72660E-01   -0.15470E-16    0.33516E-17
      1      44.117    0.15573E-04   -0.70251E-01   -0.23010E-16    0.36040E-17
      1      43.830    0.15958E-04   -0.67842E-01   -0.25557E-16    0.21359E-16
      1      43.542    0.16357E-04   -0.65503E-01   -0.10162E-16    0.32981E-17
      1      43.255    0.16769E-04   -0.63304E-01   -0.64685E-17   -0.48395E-17
      1      42.967    0.17194E-04   -0.61313E-01   -0.10264E-17    0.15584E-16
      1      42.679    0.17630E-04   -0.59589E-01   -0.14494E-16    0.25319E-16
      1      42.392    0.18076E-04   -0.58172E-01   -0.10428E-16    0.18076E-16
      1      42.104    0.18530E-04   -0.57082E-01   -0.19103E-16    0.72877E-17
      1      41.817    0.18990E-04   -0.56305E-01   -0.11699E-16    0.12676E-16
      1      41.529    0.19453E-04   -0.55805E-01    0.72423E-18    0.12868E-16
      1      41.242    0.19914E-04   -0.55526E-01   -0.18586E-16    0.21940E-16
      1      40.954    0.20372E-04   -0.55405E-01   -0.64041E-17   -0.71675E-17
      1      40.666    0.20822E-04   -0.55379E-01   -0.18656E-17    0.62098E-17
      1      40.379    0.21261E-04   -0.55395E-01    0.32968E-16    0.76845E-17
      1      40.091    0.21687E-04   -0.55408E-01    0.18862E-16    0.37804E-17
      1      39.804    0.22097E-04   -0.55392E-01    0.98033E-16    0.91904E-17
      1      39.516    0.22488E-04   -0.55333E-01   -0.13844E-16    0.17114E-16
      1      39.229    0.22861E-04   -0.55236E-01    0.15618E-16    0.10851E-16
      1      38.941    0.23212E-04   -0.55117E-01   -0.45751E-16    0.22741E-16
      1      38.653    0.23543E-04   -0.55005E-01   -0.38682E-16    0.23024E-16
      1      38.366    0.23853E-04   -0.54939E-01    0.26329E-16   -0.23372E-17
      1      38.078    0.24142E-04   -0.54968E-01    0.18679E-16    0.99513E-17
      1      37.791    0.24411E-04   -0.55127E-01   -0.11613E-16    0.16445E-16
      1      37.503    0.24658E-04   -0.55435E-01    0.13448E-16    0.24315E-16
      1      37.216    0.24884E-04   -0.55907E-01    0.49406E-16   -0.47194E-17
      1      36.928    0.25087E-04   -0.56549E-01    0.37839E-18    0.12800E-16
      1      36.641    0.25268E-04   -0.57383E-01   -0.28207E-16    0.22388E-16
      1      36.353    0.25426E-04   -0.58433E-01   -0.37056E-16    0.12321E-16
      1      36.065    0.25561E-04   -0.59717E-01   -0.50443E-16    0.20099E-16
      1      35.778    0.25673E-04   -0.61239E-01    0.34750E-16    0.15086E-16
      1      35.490    0.25761E-04   -0.62993E-01    0.60234E-17    0.20092E-16
      1      35.203    0.25825E-04   -0.64957E-01   -0.25294E-16    0.21254E-16
      1      34.915    0.25862E-04   -0.67097E-01    0.37790E-17    0.12959E-16
      1      34.628    0.25872E-04   -0.69365E-01   -0.16780E-16    0.21451E-16
      1      34.340    0.25854E-04   -0.71705E-01   -0.93631E-17    0.20136E-16
      1      34.052    0.25808E-04   -0.74062E-01   -0.29655E-16    0.10693E-16
      1      33.765    0.25734E-04   -0.76384E-01   -0.40362E-16    0.26599E-16
      1      33.477    0.25632E-04   -0.78624E-01    0.20038E-16    0.14217E-16
      1      33.190    0.25503E-04   -0.80750E-01   -0.11073E-16    0.21001E-16
      1      32.902    0.25348E-04   -0.82734E-01   -0.99224E-17    0.15967E-16
      1      32.615    0.25171E-04   -0.84566E-01   -0.32500E-16    0.23027E-16
      1      32.327    0.24974E-04   -0.86250E-01   -0.30204E-16    0.29982E-16
      1      32.040    0.24760E-04   -0.87804E-01   -0.29109E-16    0.14989E-16
      1      31.752    0.24534E-04   -0.89259E-01   -0.88452E-17    0.18820E-16
      1      31.464    0.24298E-04   -0.90671E-01   -0.69096E-17    0.32762E-17
      1      31.177    0.24057E-04   -0.92117E-01   -0.19912E-16    0.29327E-16
      1      30.889    0.23815E-04   -0.93686E-01   -0.13629E-16    0.16457E-16
      1      30.602    0.23577E-04   -0.95474E-01   -0.22174E-16    0.14441E-16
      1      30.314    0.23345E-04   -0.97573E-01   -0.38964E-16    0.16406E-16
      1      30.027    0.23122E-04   -0.10006E+00   -0.19442E-16    0.19952E-16
      1      29.739    0.22910E-04   -0.10301E+00   -0.84383E-17    0.19029E-16
      1      29.451    0.22711E-04   -0.10645E+00   -0.81791E-17    0.24035E-16
      1      29.164    0.22524E-04   -0.11039E+00   -0.16353E-16    0.19516E-16
      1      28.876    0.22349E-04   -0.11480E+00   -0.33953E-16    0.23382E-16
      1      28.589    0.22185E-04   -0.11966E+00   -0.32827E-16    0.20903E-16
      1      28.301    0.22031E-04   -0.12492E+00   -0.14182E-16    0.23621E-16
      1      28.014    0.21888E-04   -0.13055E+00   -0.29498E-16    0.17225E-16
      1      27.726    0.21753E-04   -0.13651E+00   -0.10502E-16    0.28791E-16
      1      27.439    0.21627E-04   -0.14276E+00   -0.10279E-16    0.98810E-17
      1      27.151    0.21509E-04   -0.14926E+00   -0.17537E-16    0.25133E-16
      1      26.863    0.21398E-04   -0.15594E+00   -0.35778E-16    0.21787E-16
      1      26.576    0.21295E-04   -0.16277E+00   -0.23500E-16    0.26422E-16
      1      26.288    0.21197E-04   -0.16968E+00   -0.39772E-16    0.14700E-16
      1      26.001    0.21106E-04   -0.17664E+00   -0.13781E-16    0.27515E-16
      1      25.713    0.21021E-04   -0.18358E+00   -0.15140E-16    0.37215E-16
      1      25.426    0.20942E-04   -0.19047E+00   -0.17057E-16    0.58228E-17
      1      25.138    0.20869E-04   -0.19726E+00   -0.13734E-16    0.17038E-16
      1      24.850    0.20803E-04   -0.20392E+00   -0.25089E-16    0.20587E-16
      1      24.563    0.20744E-04   -0.21043E+00   -0.28209E-16    0.25277E-16
      1      24.275    0.20693E-04   -0.21679E+00    0.13719E-16    0.14253E-16
      1      23.988    0.20651E-04   -0.22297E+00    0.96528E-18    0.25133E-16
      1      23.700    0.20620E-04   -0.22898E+00   -0.15690E-16    0.79471E-17
      1      23.413    0.20600E-04   -0.23481E+00    0.15473E-16    0.22139E-16
      1      23.125    0.20592E-04   -0.24047E+00    0.32722E-17    0.16593E-16
      1      22.838    0.20598E-04   -0.24595E+00    0.17123E-17    0.12264E-17
      1      22.550    0.20619E-04   -0.25129E+00   -0.17879E-16    0.72110E-17
      1      22.262    0.20655E-04   -0.25647E+00    0.23508E-17    0.68210E-17
      1      21.975    0.20707E-04   -0.26152E+00   -0.18658E-17    0.10282E-16
      1      21.687    0.20776E-04   -0.26645E+00   -0.63818E-17   -0.84993E-17
      1      21.400    0.20864E-04   -0.27128E+00    0.16865E-16    0.48158E-17
      1      21.112    0.20970E-04   -0.27603E+00   -0.15105E-16    0.54293E-17
      1      20.825    0.21095E-04   -0.28070E+00   -0.95085E-17    0.27848E-16
      1      20.537    0.21240E-04   -0.28532E+00   -0.45880E-16    0.70917E-17
      1      20.249    0.21405E-04   -0.28990E+00   -0.10910E-16    0.31404E-16
      1      19.962    0.21590E-04   -0.29444E+00   -0.83324E-17    0.27138E-16
      1      19.674    0.21796E-04   -0.29895E+00    0.51417E-17    0.10673E-16
      1      19.387    0.22022E-04   -0.30343E+00    0.14805E-17    0.14166E-16
      1      19.099    0.22269E-04   -0.30789E+00   -0.30030E-16    0.97378E-17
      1      18.812    0.22537E-04   -0.31231E+00    0.17767E-16    0.14576E-16
      1      18.524    0.22825E-04   -0.31671E+00    0.15513E-16    0.82251E-17
      1      18.236    0.23135E-04   -0.32109E+00    0.81375E-17   -0.12101E-17
      1      17.949    0.23466E-04   -0.32546E+00   -0.13697E-16    0.49727E-17
      1      17.661    0.23819E-04   -0.32983E+00   -0.16855E-16    0.10623E-16
      1      17.374    0.24196E-04   -0.33419E+00   -0.25424E-16   -0.27684E-17
      1      17.086    0.24596E-04   -0.33856E+00    0.14415E-16   -0.20157E-17
      1      16.799    0.25022E-04   -0.34294E+00    0.46567E-17    0.61616E-17
      1      16.511    0.25473E-04   -0.34735E+00    0.11544E-16    0.91533E-17
      1      16.224    0.25953E-04   -0.35180E+00    0.49219E-16    0.46766E-17
      1      15.936    0.26463E-04   -0.35631E+00   -0.28663E-16    0.17515E-16
      1      15.648    0.27006E-04   -0.36091E+00    0.30581E-16    0.74080E-17
      1      15.361    0.27584E-04   -0.36561E+00    0.12627E-16   -0.22970E-17
      1      15.073    0.28200E-04   -0.37042E+00    0.22945E-16    0.31978E-17
      1      14.786    0.28857E-04   -0.37538E+00   -0.18975E-16   -0.37342E-17
      1      14.498    0.29559E-04   -0.38048E+00    0.67033E-18   -0.42484E-17
      1      14.211    0.30310E-04   -0.38575E+00   -0.41326E-17    0.19807E-16
      1      13.923    0.31114E-04   -0.39119E+00   -0.56178E-16   -0.69195E-17
      1      13.635    0.31974E-04   -0.39681E+00    0.54333E-18   -0.12570E-16
      1      13.348    0.32893E-04   -0.40257E+00    0.88279E-16    0.60772E-17
      1      13.060    0.33870E-04   -0.40844E+00   -0.73109E-16    0.15904E-16
      1      12.773    0.34899E-04   -0.41433E+00   -0.13304E-15   -0.26400E-17
      1      12.485    0.35960E-04   -0.42006E+00    0.16417E-15    0.10274E-16
      1      12.198    0.37017E-04   -0.42533E+00    0.44551E-16    0.21185E-19
      1      11.910    0.38007E-04   -0.42970E+00   -0.12452E-15   -0.52216E-18
      1      11.623    0.38841E-04   -0.43253E+00   -0.28185E-17    0.44297E-17
      1      11.335    0.39414E-04   -0.43312E+00    0.10505E-15   -0.23310E-18
      1      11.047    0.39648E-04   -0.43088E+00   -0.17203E-16    0.74706E-17
      1      10.760    0.39530E-04   -0.42569E+00    0.23897E-16   -0.45674E-18
      1      10.472    0.39135E-04   -0.41800E+00    0.22282E-15   -0.18341E-16
      1      10.185    0.38575E-04   -0.40849E+00    0.49636E-16   -0.32985E-17
      1       9.897    0.37955E-04   -0.39783E+00    0.93088E-16   -0.64143E-17
      1       9.610    0.37355E-04   -0.38649E+00   -0.62277E-17    0.12519E-17
      1       9.322    0.36822E-04   -0.37476E+00    0.38028E-16   -0.11403E-17
      1       9.034    0.36384E-04   -0.36280E+00   -0.26949E-16   -0.60733E-17
      1       8.747    0.36056E-04   -0.35068E+00    0.75326E-16   -0.41440E-17
      1       8.459    0.35843E-04   -0.33842E+00   -0.36705E-16   -0.60528E-17
      1       8.172    0.35749E-04   -0.32602E+00    0.53265E-17   -0.11008E-16
      1       7.884    0.35777E-04   -0.31346E+00    0.44954E-16    0.18477E-17
      1       7.597    0.35929E-04   -0.30073E+00    0.28144E-16   -0.53551E-17
      1       7.309    0.36209E-04   -0.28785E+00    0.98461E-16   -0.18420E-17
      1       7.022    0.36622E-04   -0.27483E+00    0.19486E-17   -0.14345E-16
      1       6.734    0.37173E-04   -0.26172E+00    0.64841E-16   -0.10391E-17
      1       6.446    0.37867E-04   -0.24857E+00    0.27094E-16   -0.75832E-17
      1       6.159    0.38712E-04   -0.23545E+00   -0.57999E-17   -0.12461E-17
      1       5.871    0.39714E-04   -0.22244E+00    0.42977E-16   -0.35496E-17
      1       5.584    0.40881E-04   -0.20963E+00    0.17405E-16    0.10355E-16
      1       5.296    0.42219E-04   -0.19715E+00    0.62317E-16    0.13556E-17
      1       5.009    0.43736E-04   -0.18511E+00    0.45739E-16   -0.82934E-17
      1       4.721    0.45439E-04   -0.17369E+00    0.87232E-17   -0.24358E-17
      1       4.433    0.47335E-04   -0.16303E+00    0.35303E-16   -0.46427E-17
      1       4.146    0.49427E-04   -0.15330E+00    0.60437E-16   -0.27503E-17
      1       3.858    0.51700E-04   -0.14443E+00    0.35731E-16    0.45710E-18
      1       3.571    0.54113E-04   -0.13616E+00    0.58388E-16   -0.68465E-17
      1       3.283    0.56611E-04   -0.12814E+00    0.49228E-16   -0.73886E-18
      1       2.996    0.59114E-04   -0.11999E+00    0.19115E-16   -0.45417E-17
      1       2.708    0.61524E-04   -0.11135E+00    0.25682E-16    0.72285E-17
      1       2.421    0.63718E-04   -0.10191E+00    0.54682E-16   -0.69848E-17
      1       2.133    0.65546E-04   -0.91492E-01    0.51489E-16   -0.31104E-17
      1       1.845    0.66823E-04   -0.80042E-01    0.38783E-16   -0.41740E-17
      1       1.558    0.67377E-04   -0.68202E-01    0.42551E-16   -0.19476E-17
      1       1.270    0.66999E-04   -0.57113E-01    0.53564E-16   -0.46941E-17
      1       0.983    0.65250E-04   -0.47509E-01    0.65349E-16    0.12086E-17
      1       0.695    0.61235E-04   -0.39689E-01    0.29568E-16   -0.48003E-17
      1       0.408    0.52895E-04   -0.32954E-01    0.53662E-16   -0.72960E-17
      1       0.120    0.32472E-04   -0.15974E-01    0.30879E-16   -0.18649E-17
