   3N SYSTEM INCLUSIVE  PHOTODESINTEGRATION
        DETECTED PARTICLE: 1- PROTON
        NOT DETECTED PARTICLES:2- PROTON  3-NEUTRON

      OMEGA 0.10000E+03
     MTTWE1,MTTWE2,MTTWE3=    1    1   -1
     TH1LAB,PHI1LAB=    90.000     0.000
   Unit of cross sections ... fm**2/(MeV*sr**2)
      I       E1      CROSS           AX           AY           AZ
      1      59.746    0.10334E-06   -0.63311E+00   -0.22468E-17   -0.16467E-16
      1      59.733    0.29257E-04   -0.62542E+00   -0.36734E-17   -0.64187E-17
      1      59.726    0.32738E-04   -0.62306E+00    0.69764E-18   -0.57495E-17
      1      59.720    0.34856E-04   -0.62089E+00    0.11915E-16    0.58740E-17
      1      59.713    0.36188E-04   -0.61885E+00   -0.11813E-17    0.29556E-17
      1      59.706    0.37028E-04   -0.61690E+00    0.78774E-18   -0.28519E-17
      1      59.700    0.37543E-04   -0.61502E+00   -0.74282E-19   -0.74814E-17
      1      59.693    0.37837E-04   -0.61320E+00    0.63901E-18    0.99006E-17
      1      59.686    0.37977E-04   -0.61145E+00   -0.12918E-17    0.12773E-17
      1      59.680    0.38008E-04   -0.60975E+00    0.54999E-17   -0.51308E-17
      1      59.673    0.37962E-04   -0.60812E+00    0.16851E-17    0.38156E-18
      1      59.666    0.37863E-04   -0.60654E+00    0.49549E-17   -0.44098E-17
      1      59.660    0.37725E-04   -0.60501E+00    0.66321E-17   -0.28837E-17
      1      59.653    0.37560E-04   -0.60354E+00   -0.78964E-17    0.25342E-17
      1      59.646    0.37378E-04   -0.60213E+00   -0.75100E-17    0.71808E-17
      1      59.640    0.37185E-04   -0.60077E+00    0.46555E-18   -0.65363E-17
      1      59.633    0.36985E-04   -0.59946E+00   -0.52082E-17    0.10485E-16
      1      59.626    0.36782E-04   -0.59821E+00    0.97999E-17   -0.11941E-17
      1      59.300    0.31300E-04   -0.56912E+00   -0.15109E-17    0.32661E-17
      1      58.973    0.29021E-04   -0.55566E+00    0.46803E-18   -0.20524E-16
      1      58.646    0.27687E-04   -0.54776E+00   -0.79825E-17   -0.39789E-18
      1      58.319    0.26721E-04   -0.54297E+00   -0.19634E-16    0.80101E-17
      1      57.992    0.25924E-04   -0.53996E+00   -0.44161E-17   -0.65576E-17
      1      57.665    0.25230E-04   -0.53793E+00   -0.36604E-17   -0.81735E-17
      1      57.338    0.24622E-04   -0.53638E+00    0.47159E-17    0.15688E-16
      1      57.011    0.24100E-04   -0.53500E+00    0.22825E-17    0.17370E-17
      1      56.684    0.23674E-04   -0.53360E+00   -0.63553E-17   -0.12042E-16
      1      56.357    0.23341E-04   -0.53211E+00    0.63260E-17    0.44734E-17
      1      56.030    0.23086E-04   -0.53052E+00    0.31788E-17   -0.88199E-17
      1      55.703    0.22893E-04   -0.52889E+00   -0.71653E-19   -0.24893E-16
      1      55.376    0.22753E-04   -0.52726E+00    0.65409E-17   -0.14820E-17
      1      55.049    0.22657E-04   -0.52566E+00    0.10785E-16   -0.70652E-18
      1      54.722    0.22598E-04   -0.52410E+00    0.49969E-17    0.11037E-16
      1      54.395    0.22568E-04   -0.52254E+00    0.42678E-17   -0.10353E-16
      1      54.068    0.22560E-04   -0.52092E+00   -0.31272E-17   -0.36801E-17
      1      53.741    0.22567E-04   -0.51916E+00    0.12649E-16   -0.10670E-16
      1      53.414    0.22582E-04   -0.51718E+00    0.21766E-17   -0.25387E-16
      1      53.087    0.22600E-04   -0.51491E+00    0.76485E-17   -0.12967E-16
      1      52.760    0.22618E-04   -0.51228E+00    0.74367E-17   -0.19328E-16
      1      52.433    0.22631E-04   -0.50925E+00   -0.17373E-17    0.12428E-17
      1      52.106    0.22639E-04   -0.50578E+00   -0.11025E-16    0.63765E-17
      1      51.779    0.22642E-04   -0.50192E+00   -0.65103E-17    0.19511E-16
      1      51.453    0.22643E-04   -0.49775E+00   -0.11285E-17    0.82599E-17
      1      51.126    0.22647E-04   -0.49335E+00    0.81295E-17   -0.23056E-16
      1      50.799    0.22654E-04   -0.48883E+00   -0.13775E-16   -0.28762E-16
      1      50.472    0.22668E-04   -0.48426E+00   -0.22333E-17   -0.38646E-16
      1      50.145    0.22690E-04   -0.47972E+00   -0.20213E-16    0.34019E-17
      1      49.818    0.22722E-04   -0.47530E+00   -0.19519E-16    0.22974E-17
      1      49.491    0.22763E-04   -0.47105E+00    0.16794E-17   -0.15759E-16
      1      49.164    0.22815E-04   -0.46704E+00   -0.45546E-17   -0.81995E-17
      1      48.837    0.22876E-04   -0.46329E+00   -0.14852E-16   -0.18508E-16
      1      48.510    0.22945E-04   -0.45984E+00   -0.62781E-17   -0.35463E-16
      1      48.183    0.23022E-04   -0.45666E+00   -0.13369E-16   -0.25508E-16
      1      47.856    0.23103E-04   -0.45375E+00   -0.38037E-16   -0.36375E-17
      1      47.529    0.23187E-04   -0.45106E+00   -0.10055E-16   -0.87847E-17
      1      47.202    0.23272E-04   -0.44856E+00    0.82090E-17   -0.89250E-17
      1      46.875    0.23354E-04   -0.44619E+00   -0.35712E-16    0.10556E-17
      1      46.548    0.23432E-04   -0.44393E+00   -0.22677E-16    0.75423E-17
      1      46.221    0.23504E-04   -0.44175E+00   -0.18040E-16   -0.35819E-16
      1      45.894    0.23571E-04   -0.43964E+00    0.40571E-16   -0.38662E-16
      1      45.567    0.23631E-04   -0.43760E+00    0.23158E-16   -0.35267E-18
      1      45.240    0.23684E-04   -0.43565E+00    0.15185E-16   -0.36997E-16
      1      44.913    0.23731E-04   -0.43379E+00   -0.22974E-16    0.15918E-16
      1      44.586    0.23774E-04   -0.43207E+00    0.48107E-16   -0.29946E-16
      1      44.259    0.23812E-04   -0.43052E+00    0.85282E-17   -0.46390E-17
      1      43.932    0.23847E-04   -0.42917E+00    0.75962E-17   -0.31294E-16
      1      43.605    0.23880E-04   -0.42803E+00    0.14074E-15   -0.11070E-15
      1      43.279    0.23911E-04   -0.42711E+00   -0.23108E-16    0.93201E-18
      1      42.952    0.23940E-04   -0.42640E+00   -0.44456E-16    0.21591E-16
      1      42.625    0.23967E-04   -0.42592E+00   -0.35526E-16    0.18158E-16
      1      42.298    0.23992E-04   -0.42566E+00   -0.42833E-16    0.55737E-17
      1      41.971    0.24017E-04   -0.42562E+00   -0.47488E-17   -0.16458E-16
      1      41.644    0.24040E-04   -0.42580E+00    0.39390E-16   -0.51575E-16
      1      41.317    0.24062E-04   -0.42616E+00   -0.34657E-16    0.48751E-17
      1      40.990    0.24082E-04   -0.42670E+00   -0.62224E-16    0.27538E-16
      1      40.663    0.24100E-04   -0.42737E+00   -0.13354E-16   -0.23599E-17
      1      40.336    0.24116E-04   -0.42816E+00   -0.15916E-16   -0.23336E-16
      1      40.009    0.24128E-04   -0.42901E+00   -0.42073E-16    0.13492E-17
      1      39.682    0.24136E-04   -0.42991E+00   -0.13421E-18    0.10290E-16
      1      39.355    0.24140E-04   -0.43081E+00   -0.14502E-18    0.67293E-17
      1      39.028    0.24142E-04   -0.43169E+00   -0.26873E-16    0.84425E-17
      1      38.701    0.24140E-04   -0.43253E+00   -0.31031E-16   -0.15029E-16
      1      38.374    0.24137E-04   -0.43334E+00   -0.24959E-16    0.12725E-16
      1      38.047    0.24134E-04   -0.43410E+00   -0.29330E-16    0.32129E-16
      1      37.720    0.24132E-04   -0.43485E+00   -0.43468E-16    0.18987E-16
      1      37.393    0.24133E-04   -0.43560E+00   -0.20815E-16    0.12151E-16
      1      37.066    0.24140E-04   -0.43639E+00   -0.11472E-16    0.83563E-17
      1      36.739    0.24155E-04   -0.43725E+00    0.77173E-18    0.11984E-16
      1      36.412    0.24181E-04   -0.43824E+00   -0.44210E-16    0.24375E-16
      1      36.085    0.24221E-04   -0.43940E+00   -0.77546E-17    0.57801E-16
      1      35.758    0.24275E-04   -0.44077E+00   -0.57714E-17    0.72323E-17
      1      35.432    0.24348E-04   -0.44237E+00   -0.11947E-16    0.31917E-17
      1      35.105    0.24439E-04   -0.44424E+00   -0.25595E-16   -0.21192E-16
      1      34.778    0.24549E-04   -0.44636E+00   -0.33083E-16    0.33809E-16
      1      34.451    0.24678E-04   -0.44874E+00   -0.21962E-16    0.59512E-16
      1      34.124    0.24826E-04   -0.45135E+00   -0.68042E-16    0.53023E-16
      1      33.797    0.24992E-04   -0.45417E+00   -0.66653E-17    0.77283E-18
      1      33.470    0.25177E-04   -0.45716E+00   -0.20930E-16    0.50872E-17
      1      33.143    0.25378E-04   -0.46031E+00   -0.33120E-16    0.26917E-16
      1      32.816    0.25597E-04   -0.46359E+00    0.43375E-17    0.90242E-17
      1      32.489    0.25832E-04   -0.46698E+00    0.20477E-17    0.42115E-17
      1      32.162    0.26083E-04   -0.47044E+00    0.12870E-16    0.90181E-17
      1      31.835    0.26350E-04   -0.47395E+00   -0.47859E-16    0.26618E-16
      1      31.508    0.26633E-04   -0.47748E+00    0.53143E-17    0.66188E-17
      1      31.181    0.26930E-04   -0.48101E+00   -0.10316E-16   -0.15857E-16
      1      30.854    0.27243E-04   -0.48453E+00   -0.47818E-17    0.13239E-17
      1      30.527    0.27570E-04   -0.48800E+00   -0.45015E-16   -0.92151E-17
      1      30.200    0.27912E-04   -0.49141E+00    0.51289E-17    0.20822E-16
      1      29.873    0.28269E-04   -0.49476E+00   -0.72215E-17    0.26311E-16
      1      29.546    0.28641E-04   -0.49803E+00    0.51373E-16   -0.15640E-18
      1      29.219    0.29029E-04   -0.50123E+00    0.73696E-17    0.13546E-16
      1      28.892    0.29434E-04   -0.50435E+00   -0.16762E-16    0.41342E-17
      1      28.565    0.29857E-04   -0.50740E+00    0.31467E-16    0.67987E-17
      1      28.238    0.30299E-04   -0.51040E+00    0.60193E-17    0.11786E-16
      1      27.911    0.30760E-04   -0.51333E+00    0.22895E-16   -0.43402E-17
      1      27.585    0.31243E-04   -0.51623E+00    0.42458E-16   -0.16647E-16
      1      27.258    0.31747E-04   -0.51908E+00    0.19801E-16    0.17017E-16
      1      26.931    0.32274E-04   -0.52191E+00    0.29293E-16    0.11350E-16
      1      26.604    0.32826E-04   -0.52471E+00   -0.33525E-18   -0.21336E-16
      1      26.277    0.33402E-04   -0.52751E+00   -0.43934E-16   -0.11365E-16
      1      25.950    0.34005E-04   -0.53030E+00    0.78160E-18    0.40320E-16
      1      25.623    0.34635E-04   -0.53311E+00    0.82598E-16   -0.92672E-17
      1      25.296    0.35293E-04   -0.53593E+00    0.71487E-17    0.24790E-16
      1      24.969    0.35980E-04   -0.53878E+00   -0.38930E-16    0.61464E-17
      1      24.642    0.36697E-04   -0.54167E+00    0.28458E-16    0.14131E-16
      1      24.315    0.37445E-04   -0.54461E+00   -0.46554E-17    0.16301E-18
      1      23.988    0.38226E-04   -0.54759E+00    0.30543E-16    0.27099E-16
      1      23.661    0.39040E-04   -0.55063E+00    0.33913E-16    0.14868E-16
      1      23.334    0.39889E-04   -0.55373E+00   -0.73211E-16    0.22230E-16
      1      23.007    0.40773E-04   -0.55690E+00    0.61231E-16    0.54198E-17
      1      22.680    0.41695E-04   -0.56015E+00    0.23635E-16    0.12949E-16
      1      22.353    0.42656E-04   -0.56348E+00   -0.36565E-16    0.15978E-16
      1      22.026    0.43658E-04   -0.56690E+00   -0.11464E-16   -0.63750E-17
      1      21.699    0.44705E-04   -0.57042E+00    0.21853E-16    0.54345E-17
      1      21.372    0.45798E-04   -0.57405E+00   -0.27141E-16    0.99702E-17
      1      21.045    0.46941E-04   -0.57781E+00   -0.15022E-17    0.13877E-16
      1      20.718    0.48137E-04   -0.58170E+00   -0.19343E-16    0.13189E-16
      1      20.391    0.49391E-04   -0.58573E+00    0.15581E-16    0.28473E-17
      1      20.064    0.50709E-04   -0.58993E+00   -0.14885E-19   -0.98281E-17
      1      19.738    0.52097E-04   -0.59431E+00    0.33985E-16    0.17185E-16
      1      19.411    0.53560E-04   -0.59888E+00    0.39935E-16   -0.53250E-17
      1      19.084    0.55108E-04   -0.60367E+00   -0.84700E-16    0.51321E-18
      1      18.757    0.56748E-04   -0.60868E+00    0.61762E-16    0.11640E-16
      1      18.430    0.58488E-04   -0.61393E+00    0.17728E-16   -0.48285E-17
      1      18.103    0.60338E-04   -0.61944E+00    0.12912E-15   -0.75549E-17
      1      17.776    0.62308E-04   -0.62521E+00    0.42358E-16   -0.17507E-17
      1      17.449    0.64408E-04   -0.63124E+00    0.80941E-16    0.89857E-17
      1      17.122    0.66647E-04   -0.63755E+00   -0.13935E-16   -0.15668E-16
      1      16.795    0.69029E-04   -0.64410E+00    0.65493E-16   -0.11861E-16
      1      16.468    0.71543E-04   -0.65081E+00   -0.76368E-16   -0.18333E-17
      1      16.141    0.74152E-04   -0.65752E+00    0.10738E-15    0.14953E-16
      1      15.814    0.76776E-04   -0.66395E+00    0.16590E-15   -0.60808E-17
      1      15.487    0.79274E-04   -0.66965E+00   -0.23371E-15   -0.14903E-16
      1      15.160    0.81429E-04   -0.67401E+00   -0.92961E-16    0.12916E-16
      1      14.833    0.82971E-04   -0.67631E+00   -0.20315E-15    0.15199E-17
      1      14.506    0.83648E-04   -0.67588E+00   -0.16119E-15    0.39351E-17
      1      14.179    0.83325E-04   -0.67232E+00   -0.23003E-15   -0.12935E-17
      1      13.852    0.82064E-04   -0.66571E+00    0.73966E-16    0.27226E-17
      1      13.525    0.80093E-04   -0.65652E+00   -0.36669E-15    0.94693E-17
      1      13.198    0.77696E-04   -0.64545E+00    0.10140E-15    0.98425E-17
      1      12.871    0.75119E-04   -0.63313E+00   -0.73447E-16   -0.12810E-16
      1      12.544    0.72532E-04   -0.62006E+00    0.29139E-15   -0.65721E-18
      1      12.217    0.70034E-04   -0.60657E+00   -0.19386E-15    0.11110E-16
      1      11.891    0.67671E-04   -0.59284E+00   -0.15890E-15   -0.49074E-19
      1      11.564    0.65457E-04   -0.57895E+00   -0.16679E-15    0.19993E-16
      1      11.237    0.63391E-04   -0.56492E+00    0.12544E-15   -0.18549E-16
      1      10.910    0.61468E-04   -0.55074E+00   -0.69512E-16   -0.81944E-17
      1      10.583    0.59679E-04   -0.53642E+00   -0.79765E-16    0.15018E-17
      1      10.256    0.58016E-04   -0.52192E+00    0.31944E-16   -0.20715E-16
      1       9.929    0.56474E-04   -0.50725E+00    0.92231E-16    0.27626E-16
      1       9.602    0.55047E-04   -0.49239E+00    0.30217E-16   -0.13581E-16
      1       9.275    0.53731E-04   -0.47735E+00    0.81300E-16    0.89223E-17
      1       8.948    0.52521E-04   -0.46213E+00   -0.42132E-17   -0.49622E-17
      1       8.621    0.51415E-04   -0.44673E+00    0.17493E-16   -0.17959E-16
      1       8.294    0.50409E-04   -0.43117E+00    0.27388E-16    0.14247E-16
      1       7.967    0.49502E-04   -0.41546E+00    0.84503E-16    0.90169E-17
      1       7.640    0.48691E-04   -0.39963E+00    0.45778E-16    0.11989E-17
      1       7.313    0.47976E-04   -0.38372E+00    0.45563E-16   -0.24224E-16
      1       6.986    0.47355E-04   -0.36780E+00   -0.36674E-16    0.70678E-18
      1       6.659    0.46828E-04   -0.35192E+00    0.11582E-16    0.16697E-17
      1       6.332    0.46396E-04   -0.33619E+00   -0.86984E-17    0.56224E-17
      1       6.005    0.46054E-04   -0.32066E+00    0.80811E-16   -0.75665E-17
      1       5.678    0.45790E-04   -0.30528E+00    0.30673E-16   -0.18455E-16
      1       5.351    0.45587E-04   -0.28994E+00    0.41918E-16    0.75069E-17
      1       5.024    0.45423E-04   -0.27447E+00    0.61940E-16    0.25695E-17
      1       4.697    0.45276E-04   -0.25869E+00    0.38689E-16    0.11568E-16
      1       4.370    0.45117E-04   -0.24240E+00    0.56373E-16   -0.66139E-17
      1       4.044    0.44920E-04   -0.22543E+00    0.41614E-17   -0.15199E-16
      1       3.717    0.44655E-04   -0.20766E+00    0.21431E-16    0.17754E-16
      1       3.390    0.44294E-04   -0.18903E+00    0.39647E-16   -0.13418E-16
      1       3.063    0.43810E-04   -0.16972E+00    0.20323E-16    0.40518E-17
      1       2.736    0.43202E-04   -0.15043E+00    0.48764E-16   -0.48125E-17
      1       2.409    0.42446E-04   -0.13186E+00    0.65833E-16   -0.47860E-17
      1       2.082    0.41487E-04   -0.11452E+00    0.88436E-16   -0.20757E-16
      1       1.755    0.40228E-04   -0.98815E-01    0.95658E-16   -0.50283E-17
      1       1.428    0.38522E-04   -0.85275E-01    0.86355E-16   -0.29721E-17
      1       1.101    0.36127E-04   -0.74560E-01    0.53060E-16    0.70795E-17
      1       0.774    0.32466E-04   -0.64415E-01    0.66649E-16   -0.13145E-17
      1       0.447    0.26240E-04   -0.45423E-01    0.76754E-16   -0.73805E-17
      1       0.120    0.14254E-04   -0.12868E-01    0.75980E-16   -0.52838E-17
