   3N SYSTEM INCLUSIVE  PHOTODESINTEGRATION
        DETECTED PARTICLE: 1- PROTON
        NOT DETECTED PARTICLES:2- PROTON  3-NEUTRON

      OMEGA 0.10000E+03
     MTTWE1,MTTWE2,MTTWE3=    1    1   -1
     TH1LAB,PHI1LAB=    50.000     0.000
   Unit of cross sections ... fm**2/(MeV*sr**2)
      I       E1      CROSS           AX           AY           AZ
      1      67.894    0.14036E-06   -0.34781E+00   -0.27908E-18   -0.14405E-17
      1      67.881    0.41060E-04   -0.34775E+00    0.15960E-17   -0.19389E-16
      1      67.874    0.46342E-04   -0.34813E+00   -0.10069E-17    0.26178E-17
      1      67.868    0.49694E-04   -0.34851E+00    0.14561E-16    0.11000E-16
      1      67.861    0.51915E-04   -0.34885E+00   -0.16623E-17   -0.48221E-18
      1      67.854    0.53410E-04   -0.34915E+00   -0.22031E-17    0.37579E-17
      1      67.848    0.54417E-04   -0.34940E+00   -0.16013E-17   -0.17223E-17
      1      67.841    0.55083E-04   -0.34961E+00    0.42724E-18    0.20712E-17
      1      67.834    0.55505E-04   -0.34978E+00   -0.96860E-17   -0.29950E-17
      1      67.828    0.55751E-04   -0.34993E+00   -0.50770E-17    0.41428E-17
      1      67.821    0.55867E-04   -0.35007E+00   -0.78026E-18    0.23086E-17
      1      67.814    0.55887E-04   -0.35020E+00   -0.15733E-17    0.59604E-18
      1      67.808    0.55836E-04   -0.35033E+00   -0.12094E-16   -0.15210E-17
      1      67.801    0.55732E-04   -0.35047E+00    0.29815E-17   -0.36593E-17
      1      67.794    0.55590E-04   -0.35061E+00   -0.57232E-18   -0.29099E-17
      1      67.788    0.55419E-04   -0.35076E+00    0.48057E-17    0.77894E-18
      1      67.781    0.55228E-04   -0.35093E+00    0.32185E-17    0.78989E-17
      1      67.774    0.55023E-04   -0.35111E+00   -0.12099E-18   -0.17631E-16
      1      67.402    0.47341E-04   -0.37040E+00   -0.53416E-17   -0.12176E-17
      1      67.031    0.44290E-04   -0.37942E+00   -0.16705E-16   -0.23537E-17
      1      66.659    0.42595E-04   -0.38299E+00   -0.19562E-16   -0.20934E-16
      1      66.287    0.41401E-04   -0.38364E+00   -0.15562E-16   -0.57394E-17
      1      65.916    0.40450E-04   -0.38239E+00    0.83132E-17   -0.12636E-16
      1      65.544    0.39672E-04   -0.37975E+00    0.56180E-17    0.94396E-17
      1      65.172    0.39064E-04   -0.37613E+00   -0.79457E-17   -0.11445E-16
      1      64.800    0.38647E-04   -0.37195E+00   -0.15403E-17    0.41644E-17
      1      64.429    0.38446E-04   -0.36764E+00   -0.28383E-17   -0.45204E-17
      1      64.057    0.38437E-04   -0.36343E+00   -0.20167E-16    0.28348E-17
      1      63.685    0.38589E-04   -0.35947E+00   -0.95078E-17    0.97959E-17
      1      63.313    0.38876E-04   -0.35592E+00    0.34025E-18   -0.16021E-17
      1      62.942    0.39277E-04   -0.35284E+00   -0.11753E-16   -0.18692E-17
      1      62.570    0.39767E-04   -0.35018E+00   -0.10188E-16    0.11215E-16
      1      62.198    0.40321E-04   -0.34780E+00   -0.10324E-16    0.14063E-16
      1      61.827    0.40912E-04   -0.34545E+00   -0.10669E-16    0.20921E-16
      1      61.455    0.41516E-04   -0.34290E+00    0.42901E-17    0.69080E-17
      1      61.083    0.42106E-04   -0.33992E+00   -0.38326E-17   -0.51709E-17
      1      60.711    0.42663E-04   -0.33628E+00   -0.63400E-17   -0.34728E-17
      1      60.340    0.43167E-04   -0.33183E+00   -0.21516E-16    0.17274E-16
      1      59.968    0.43606E-04   -0.32645E+00   -0.18252E-16    0.19921E-16
      1      59.596    0.43975E-04   -0.32011E+00   -0.18927E-16    0.17630E-16
      1      59.224    0.44284E-04   -0.31303E+00   -0.19771E-16    0.19907E-16
      1      58.853    0.44548E-04   -0.30546E+00   -0.19633E-16    0.12211E-16
      1      58.481    0.44779E-04   -0.29767E+00   -0.15037E-16    0.93586E-17
      1      58.109    0.44987E-04   -0.28988E+00   -0.11176E-16    0.18003E-17
      1      57.738    0.45179E-04   -0.28232E+00   -0.97953E-17    0.55586E-18
      1      57.366    0.45360E-04   -0.27514E+00   -0.29651E-16    0.87930E-17
      1      56.994    0.45531E-04   -0.26848E+00   -0.35563E-16    0.30326E-16
      1      56.622    0.45691E-04   -0.26244E+00   -0.22789E-16    0.23886E-17
      1      56.251    0.45838E-04   -0.25704E+00   -0.12835E-16    0.14354E-16
      1      55.879    0.45968E-04   -0.25229E+00   -0.23918E-16    0.53758E-18
      1      55.507    0.46074E-04   -0.24813E+00    0.55497E-17    0.75351E-18
      1      55.135    0.46147E-04   -0.24447E+00   -0.30252E-16    0.94583E-17
      1      54.764    0.46181E-04   -0.24120E+00   -0.66849E-17    0.20072E-16
      1      54.392    0.46168E-04   -0.23819E+00   -0.54552E-17    0.60089E-17
      1      54.020    0.46100E-04   -0.23535E+00   -0.35358E-16    0.19386E-16
      1      53.649    0.45974E-04   -0.23258E+00   -0.55179E-16    0.11412E-16
      1      53.277    0.45786E-04   -0.22981E+00   -0.30228E-16    0.11515E-16
      1      52.905    0.45535E-04   -0.22700E+00   -0.25339E-17    0.55490E-17
      1      52.533    0.45221E-04   -0.22414E+00   -0.24715E-16    0.14580E-16
      1      52.162    0.44846E-04   -0.22125E+00    0.78094E-16   -0.16142E-16
      1      51.790    0.44413E-04   -0.21835E+00   -0.70104E-16    0.27067E-16
      1      51.418    0.43926E-04   -0.21551E+00    0.22952E-16   -0.18398E-17
      1      51.046    0.43391E-04   -0.21279E+00   -0.13432E-16    0.90630E-17
      1      50.675    0.42810E-04   -0.21021E+00   -0.58215E-16    0.23497E-16
      1      50.303    0.42185E-04   -0.20780E+00   -0.72073E-16    0.22008E-16
      1      49.931    0.41518E-04   -0.20554E+00   -0.47635E-16    0.18799E-16
      1      49.560    0.40814E-04   -0.20344E+00   -0.67223E-16    0.36437E-17
      1      49.188    0.40075E-04   -0.20150E+00    0.78662E-16    0.15373E-16
      1      48.816    0.39306E-04   -0.19968E+00   -0.46940E-16    0.11134E-16
      1      48.444    0.38509E-04   -0.19796E+00    0.18063E-16    0.53191E-17
      1      48.073    0.37687E-04   -0.19629E+00   -0.52285E-16    0.25402E-16
      1      47.701    0.36841E-04   -0.19462E+00   -0.41496E-16    0.15899E-16
      1      47.329    0.35974E-04   -0.19287E+00   -0.26517E-16    0.18436E-16
      1      46.958    0.35088E-04   -0.19096E+00   -0.19388E-16    0.21936E-16
      1      46.586    0.34185E-04   -0.18881E+00   -0.32703E-16    0.25673E-16
      1      46.214    0.33269E-04   -0.18636E+00   -0.29777E-16    0.25835E-16
      1      45.842    0.32344E-04   -0.18355E+00   -0.16463E-16   -0.32332E-18
      1      45.471    0.31414E-04   -0.18035E+00   -0.17629E-16    0.18922E-16
      1      45.099    0.30487E-04   -0.17675E+00   -0.19259E-16    0.17868E-16
      1      44.727    0.29566E-04   -0.17278E+00   -0.27590E-16    0.17938E-16
      1      44.355    0.28660E-04   -0.16847E+00   -0.42137E-16    0.21467E-16
      1      43.984    0.27773E-04   -0.16392E+00   -0.48863E-16    0.72808E-17
      1      43.612    0.26914E-04   -0.15925E+00   -0.45850E-16    0.15860E-16
      1      43.240    0.26087E-04   -0.15462E+00   -0.12928E-16    0.39952E-17
      1      42.869    0.25298E-04   -0.15020E+00   -0.35587E-16    0.18406E-16
      1      42.497    0.24552E-04   -0.14620E+00   -0.26015E-16    0.19190E-16
      1      42.125    0.23853E-04   -0.14281E+00   -0.26284E-16    0.23224E-16
      1      41.753    0.23203E-04   -0.14019E+00   -0.40128E-16    0.10220E-16
      1      41.382    0.22602E-04   -0.13847E+00   -0.16792E-16    0.34727E-16
      1      41.010    0.22049E-04   -0.13770E+00   -0.30844E-16    0.92209E-17
      1      40.638    0.21540E-04   -0.13788E+00   -0.60286E-17    0.26716E-16
      1      40.266    0.21073E-04   -0.13892E+00   -0.18234E-16    0.19549E-16
      1      39.895    0.20642E-04   -0.14075E+00   -0.64016E-17    0.10854E-16
      1      39.523    0.20245E-04   -0.14328E+00   -0.17064E-18    0.13084E-16
      1      39.151    0.19877E-04   -0.14643E+00   -0.20686E-16    0.12802E-16
      1      38.780    0.19538E-04   -0.15011E+00   -0.87314E-17    0.31555E-16
      1      38.408    0.19223E-04   -0.15423E+00   -0.57337E-17    0.21768E-16
      1      38.036    0.18930E-04   -0.15870E+00   -0.21537E-16    0.26962E-16
      1      37.664    0.18658E-04   -0.16342E+00    0.71756E-18    0.18861E-16
      1      37.293    0.18404E-04   -0.16830E+00    0.36731E-18    0.78707E-17
      1      36.921    0.18167E-04   -0.17327E+00    0.22358E-16    0.59450E-17
      1      36.549    0.17944E-04   -0.17824E+00    0.22449E-17    0.36311E-18
      1      36.177    0.17735E-04   -0.18314E+00   -0.11354E-16    0.11862E-16
      1      35.806    0.17540E-04   -0.18792E+00   -0.27423E-16    0.17502E-16
      1      35.434    0.17356E-04   -0.19255E+00   -0.10074E-16    0.10750E-16
      1      35.062    0.17186E-04   -0.19702E+00    0.12370E-17    0.10294E-16
      1      34.691    0.17028E-04   -0.20132E+00    0.42082E-17    0.85102E-17
      1      34.319    0.16883E-04   -0.20546E+00    0.27774E-16    0.26882E-16
      1      33.947    0.16751E-04   -0.20945E+00    0.92820E-19    0.13423E-16
      1      33.575    0.16632E-04   -0.21331E+00   -0.28720E-16    0.21176E-16
      1      33.204    0.16527E-04   -0.21705E+00   -0.31287E-16    0.20879E-17
      1      32.832    0.16436E-04   -0.22070E+00   -0.23116E-16    0.88412E-17
      1      32.460    0.16360E-04   -0.22431E+00    0.14310E-16    0.13098E-16
      1      32.088    0.16299E-04   -0.22791E+00   -0.27327E-16   -0.14321E-16
      1      31.717    0.16254E-04   -0.23156E+00   -0.93646E-17   -0.10622E-16
      1      31.345    0.16226E-04   -0.23528E+00   -0.42634E-17    0.32865E-17
      1      30.973    0.16215E-04   -0.23913E+00    0.19077E-17   -0.13994E-16
      1      30.602    0.16221E-04   -0.24311E+00    0.34275E-16   -0.19926E-16
      1      30.230    0.16244E-04   -0.24724E+00    0.16966E-16    0.70306E-17
      1      29.858    0.16285E-04   -0.25154E+00   -0.11257E-17   -0.11243E-16
      1      29.486    0.16343E-04   -0.25601E+00    0.20437E-16    0.46001E-17
      1      29.115    0.16417E-04   -0.26062E+00    0.11711E-16   -0.11473E-16
      1      28.743    0.16509E-04   -0.26538E+00    0.13359E-16    0.18801E-16
      1      28.371    0.16617E-04   -0.27027E+00    0.17077E-16    0.11175E-17
      1      27.999    0.16741E-04   -0.27529E+00   -0.81147E-19    0.77659E-17
      1      27.628    0.16882E-04   -0.28043E+00    0.80843E-17    0.10586E-16
      1      27.256    0.17040E-04   -0.28567E+00    0.42495E-16    0.24216E-16
      1      26.884    0.17215E-04   -0.29102E+00   -0.29366E-16    0.11385E-16
      1      26.513    0.17406E-04   -0.29647E+00    0.37917E-16   -0.81898E-17
      1      26.141    0.17615E-04   -0.30202E+00    0.14609E-16   -0.83072E-19
      1      25.769    0.17842E-04   -0.30767E+00    0.14482E-16   -0.82413E-17
      1      25.397    0.18087E-04   -0.31342E+00    0.12816E-16    0.18950E-17
      1      25.026    0.18351E-04   -0.31928E+00   -0.20124E-16    0.30744E-17
      1      24.654    0.18636E-04   -0.32526E+00    0.28162E-16    0.10844E-16
      1      24.282    0.18942E-04   -0.33139E+00    0.33461E-16    0.11811E-16
      1      23.910    0.19271E-04   -0.33767E+00   -0.75610E-17   -0.32596E-16
      1      23.539    0.19624E-04   -0.34413E+00    0.64372E-16    0.65880E-19
      1      23.167    0.20003E-04   -0.35078E+00    0.53217E-16   -0.44620E-17
      1      22.795    0.20410E-04   -0.35766E+00   -0.41835E-16   -0.15072E-17
      1      22.424    0.20846E-04   -0.36477E+00   -0.51105E-16   -0.18455E-16
      1      22.052    0.21314E-04   -0.37213E+00   -0.26802E-16   -0.10129E-16
      1      21.680    0.21814E-04   -0.37974E+00    0.21470E-16   -0.11890E-16
      1      21.308    0.22348E-04   -0.38758E+00   -0.40715E-16   -0.94151E-17
      1      20.937    0.22912E-04   -0.39561E+00   -0.26202E-16   -0.23599E-16
      1      20.565    0.23499E-04   -0.40369E+00    0.36962E-16   -0.17966E-16
      1      20.193    0.24094E-04   -0.41161E+00   -0.15594E-15   -0.64411E-17
      1      19.821    0.24668E-04   -0.41897E+00   -0.19460E-15    0.98186E-17
      1      19.450    0.25181E-04   -0.42520E+00   -0.37287E-15    0.15398E-17
      1      19.078    0.25575E-04   -0.42953E+00    0.50980E-17   -0.20615E-17
      1      18.706    0.25799E-04   -0.43124E+00   -0.84260E-16   -0.18406E-16
      1      18.335    0.25829E-04   -0.43001E+00   -0.14651E-15   -0.14982E-16
      1      17.963    0.25692E-04   -0.42626E+00   -0.81135E-16   -0.15519E-16
      1      17.591    0.25444E-04   -0.42078E+00   -0.10384E-15   -0.99086E-17
      1      17.219    0.25140E-04   -0.41432E+00    0.50005E-16    0.11004E-16
      1      16.848    0.24823E-04   -0.40742E+00    0.10368E-16    0.50009E-17
      1      16.476    0.24523E-04   -0.40038E+00    0.12200E-15    0.52345E-17
      1      16.104    0.24256E-04   -0.39337E+00   -0.41873E-16   -0.22519E-16
      1      15.733    0.24031E-04   -0.38645E+00    0.21461E-17   -0.23699E-16
      1      15.361    0.23854E-04   -0.37961E+00   -0.16253E-16    0.18606E-16
      1      14.989    0.23728E-04   -0.37284E+00    0.33298E-16    0.78911E-17
      1      14.617    0.23656E-04   -0.36609E+00    0.18664E-16   -0.58111E-17
      1      14.246    0.23640E-04   -0.35932E+00   -0.86616E-17   -0.14109E-16
      1      13.874    0.23685E-04   -0.35248E+00   -0.65442E-16   -0.15015E-17
      1      13.502    0.23794E-04   -0.34555E+00   -0.28139E-17   -0.15316E-16
      1      13.130    0.23970E-04   -0.33850E+00    0.12563E-17   -0.40117E-18
      1      12.759    0.24219E-04   -0.33130E+00    0.12853E-16   -0.75393E-17
      1      12.387    0.24543E-04   -0.32390E+00    0.86687E-16   -0.18269E-16
      1      12.015    0.24948E-04   -0.31627E+00    0.26475E-17   -0.26656E-16
      1      11.644    0.25438E-04   -0.30837E+00    0.34811E-16   -0.28386E-16
      1      11.272    0.26019E-04   -0.30020E+00    0.33980E-16   -0.19306E-16
      1      10.900    0.26697E-04   -0.29177E+00    0.52727E-16   -0.13411E-16
      1      10.528    0.27483E-04   -0.28315E+00   -0.88312E-17    0.49901E-17
      1      10.157    0.28386E-04   -0.27445E+00    0.21237E-16   -0.31204E-17
      1       9.785    0.29420E-04   -0.26583E+00    0.15684E-16    0.80591E-17
      1       9.413    0.30601E-04   -0.25750E+00    0.19885E-16   -0.94956E-17
      1       9.041    0.31948E-04   -0.24969E+00    0.13990E-16   -0.22082E-16
      1       8.670    0.33474E-04   -0.24238E+00    0.21369E-16   -0.11712E-16
      1       8.298    0.35186E-04   -0.23538E+00    0.34540E-17    0.10635E-16
      1       7.926    0.37083E-04   -0.22836E+00    0.26094E-16   -0.69136E-17
      1       7.555    0.39156E-04   -0.22090E+00    0.36164E-16    0.12356E-17
      1       7.183    0.41392E-04   -0.21261E+00    0.51864E-16   -0.14128E-16
      1       6.811    0.43776E-04   -0.20315E+00    0.59860E-16    0.21772E-17
      1       6.439    0.46293E-04   -0.19231E+00    0.40214E-16    0.57430E-17
      1       6.068    0.48930E-04   -0.18006E+00    0.65916E-16   -0.11087E-16
      1       5.696    0.51680E-04   -0.16650E+00    0.47487E-16   -0.15629E-16
      1       5.324    0.54555E-04   -0.15221E+00    0.48386E-16   -0.98074E-17
      1       4.952    0.57606E-04   -0.13848E+00    0.54253E-16   -0.14106E-16
      1       4.581    0.60864E-04   -0.12628E+00    0.18693E-16   -0.57406E-17
      1       4.209    0.64333E-04   -0.11622E+00    0.67164E-16   -0.21220E-17
      1       3.837    0.68020E-04   -0.10906E+00    0.64950E-16   -0.71392E-17
      1       3.466    0.71971E-04   -0.10610E+00    0.55032E-16   -0.10377E-16
      1       3.094    0.76299E-04   -0.10949E+00    0.57599E-16    0.25352E-17
      1       2.722    0.81181E-04   -0.12194E+00    0.68063E-16    0.14900E-17
      1       2.350    0.86349E-04   -0.14117E+00    0.39850E-16    0.41914E-17
      1       1.979    0.90216E-04   -0.15420E+00    0.41530E-16   -0.12336E-17
      1       1.607    0.90752E-04   -0.14910E+00    0.64506E-16    0.62507E-17
      1       1.235    0.86562E-04   -0.12151E+00    0.39915E-16   -0.42871E-17
      1       0.863    0.77287E-04   -0.77986E-01    0.50114E-16   -0.79309E-17
      1       0.492    0.62152E-04   -0.36011E-01    0.52360E-16   -0.51288E-17
      1       0.120    0.32930E-04   -0.93781E-02    0.58610E-16    0.82761E-18
