   3N SYSTEM INCLUSIVE  PHOTODESINTEGRATION
        DETECTED PARTICLE: 1- PROTON
        NOT DETECTED PARTICLES:2- PROTON  3-NEUTRON

      OMEGA 0.10000E+03
     MTTWE1,MTTWE2,MTTWE3=    1    1   -1
     TH1LAB,PHI1LAB=    50.000     0.000
   Unit of cross sections ... fm**2/(MeV*sr**2)
      I       E1      CROSS           AX           AY           AZ
      1      67.894    0.15900E-06   -0.46268E+00    0.41228E-18    0.29373E-17
      1      67.881    0.46562E-04   -0.46352E+00   -0.87787E-18    0.34969E-17
      1      67.874    0.52570E-04   -0.46416E+00   -0.16123E-18    0.21251E-17
      1      67.868    0.56391E-04   -0.46476E+00   -0.61319E-17   -0.60424E-17
      1      67.861    0.58927E-04   -0.46533E+00    0.29908E-17    0.10135E-16
      1      67.854    0.60641E-04   -0.46584E+00    0.47369E-17    0.43969E-19
      1      67.848    0.61799E-04   -0.46631E+00    0.72620E-17   -0.43082E-17
      1      67.841    0.62569E-04   -0.46672E+00    0.32751E-17   -0.15732E-16
      1      67.834    0.63061E-04   -0.46710E+00    0.52693E-17    0.47750E-17
      1      67.828    0.63352E-04   -0.46745E+00    0.27503E-18    0.24376E-17
      1      67.821    0.63495E-04   -0.46778E+00    0.38990E-16   -0.39215E-16
      1      67.814    0.63529E-04   -0.46810E+00    0.11048E-17   -0.92732E-17
      1      67.808    0.63481E-04   -0.46841E+00    0.20095E-17    0.53130E-17
      1      67.801    0.63373E-04   -0.46872E+00    0.11669E-17    0.17562E-17
      1      67.794    0.63219E-04   -0.46903E+00    0.69264E-18   -0.39517E-17
      1      67.788    0.63034E-04   -0.46934E+00    0.71464E-17   -0.60451E-17
      1      67.781    0.62824E-04   -0.46965E+00   -0.22709E-17    0.10617E-16
      1      67.774    0.62598E-04   -0.46997E+00   -0.15002E-17   -0.17282E-17
      1      67.402    0.53912E-04   -0.49133E+00    0.32337E-17    0.52686E-17
      1      67.031    0.50245E-04   -0.50064E+00    0.19829E-17   -0.21276E-16
      1      66.659    0.48070E-04   -0.50422E+00   -0.15732E-16    0.77067E-18
      1      66.287    0.46438E-04   -0.50464E+00   -0.94598E-17   -0.77379E-17
      1      65.916    0.45063E-04   -0.50292E+00   -0.37982E-17   -0.82056E-17
      1      65.544    0.43870E-04   -0.49963E+00   -0.67483E-17    0.35451E-17
      1      65.172    0.42858E-04   -0.49517E+00   -0.92343E-17    0.10641E-16
      1      64.800    0.42049E-04   -0.48993E+00   -0.71662E-17    0.50599E-17
      1      64.429    0.41469E-04   -0.48427E+00   -0.76358E-17    0.12690E-16
      1      64.057    0.41091E-04   -0.47842E+00   -0.18664E-17    0.15262E-16
      1      63.685    0.40878E-04   -0.47254E+00   -0.50496E-17   -0.36782E-17
      1      63.313    0.40803E-04   -0.46675E+00   -0.66389E-17    0.31502E-17
      1      62.942    0.40842E-04   -0.46116E+00   -0.68715E-17   -0.43656E-18
      1      62.570    0.40972E-04   -0.45579E+00    0.46248E-17    0.12084E-16
      1      62.198    0.41168E-04   -0.45055E+00    0.16597E-17    0.16565E-16
      1      61.827    0.41406E-04   -0.44533E+00   -0.12346E-16    0.16084E-16
      1      61.455    0.41663E-04   -0.43996E+00    0.22076E-18   -0.10691E-16
      1      61.083    0.41917E-04   -0.43428E+00   -0.79365E-18   -0.12254E-16
      1      60.711    0.42150E-04   -0.42815E+00   -0.39554E-17   -0.20744E-17
      1      60.340    0.42347E-04   -0.42143E+00   -0.19101E-16    0.18510E-17
      1      59.968    0.42495E-04   -0.41402E+00   -0.17226E-16    0.42011E-17
      1      59.596    0.42590E-04   -0.40590E+00   -0.15235E-16    0.31188E-16
      1      59.224    0.42642E-04   -0.39720E+00   -0.80987E-17    0.80355E-17
      1      58.853    0.42663E-04   -0.38812E+00   -0.22313E-16    0.72951E-17
      1      58.481    0.42662E-04   -0.37887E+00   -0.11582E-16    0.10502E-16
      1      58.109    0.42649E-04   -0.36964E+00   -0.15367E-16    0.12881E-16
      1      57.738    0.42629E-04   -0.36059E+00   -0.92462E-17   -0.76589E-17
      1      57.366    0.42606E-04   -0.35188E+00   -0.25327E-16    0.11955E-16
      1      56.994    0.42582E-04   -0.34363E+00   -0.28588E-16    0.27058E-16
      1      56.622    0.42556E-04   -0.33592E+00   -0.21468E-16    0.47024E-17
      1      56.251    0.42526E-04   -0.32879E+00   -0.46176E-17    0.34166E-17
      1      55.879    0.42487E-04   -0.32225E+00   -0.27908E-16   -0.27050E-16
      1      55.507    0.42434E-04   -0.31627E+00    0.48472E-17   -0.49923E-17
      1      55.135    0.42362E-04   -0.31077E+00   -0.27065E-16    0.11806E-16
      1      54.764    0.42262E-04   -0.30566E+00   -0.85884E-17    0.25828E-16
      1      54.392    0.42129E-04   -0.30085E+00    0.95686E-17    0.15450E-17
      1      54.020    0.41957E-04   -0.29625E+00   -0.39752E-16    0.22563E-16
      1      53.649    0.41743E-04   -0.29178E+00   -0.54120E-16    0.18791E-16
      1      53.277    0.41484E-04   -0.28738E+00   -0.32145E-16    0.17001E-16
      1      52.905    0.41178E-04   -0.28302E+00   -0.10568E-16   -0.38298E-18
      1      52.533    0.40827E-04   -0.27870E+00   -0.26686E-16    0.11805E-16
      1      52.162    0.40431E-04   -0.27440E+00    0.72439E-16   -0.26981E-16
      1      51.790    0.39994E-04   -0.27018E+00   -0.73227E-16    0.31163E-16
      1      51.418    0.39518E-04   -0.26608E+00    0.25548E-16   -0.14016E-16
      1      51.046    0.39008E-04   -0.26214E+00   -0.10171E-16    0.16828E-16
      1      50.675    0.38466E-04   -0.25841E+00   -0.49229E-16    0.18923E-16
      1      50.303    0.37894E-04   -0.25488E+00   -0.59057E-16    0.37634E-16
      1      49.931    0.37294E-04   -0.25157E+00   -0.30920E-16    0.24121E-16
      1      49.560    0.36667E-04   -0.24846E+00   -0.47446E-16   -0.59019E-17
      1      49.188    0.36017E-04   -0.24556E+00    0.60490E-16    0.11081E-16
      1      48.816    0.35346E-04   -0.24284E+00   -0.39847E-16    0.27209E-16
      1      48.444    0.34657E-04   -0.24027E+00    0.17069E-16    0.18832E-16
      1      48.073    0.33951E-04   -0.23782E+00   -0.63168E-16    0.23959E-16
      1      47.701    0.33229E-04   -0.23542E+00   -0.35034E-16    0.19841E-16
      1      47.329    0.32492E-04   -0.23302E+00   -0.31007E-16    0.14820E-16
      1      46.958    0.31742E-04   -0.23055E+00   -0.33735E-16    0.20344E-16
      1      46.586    0.30981E-04   -0.22794E+00   -0.30985E-16    0.82226E-17
      1      46.214    0.30210E-04   -0.22512E+00   -0.27242E-16    0.18291E-16
      1      45.842    0.29434E-04   -0.22206E+00   -0.16379E-16    0.11417E-16
      1      45.471    0.28656E-04   -0.21872E+00   -0.22035E-16    0.25348E-16
      1      45.099    0.27880E-04   -0.21509E+00   -0.35887E-16    0.91329E-18
      1      44.727    0.27111E-04   -0.21120E+00   -0.36533E-16    0.17010E-16
      1      44.355    0.26354E-04   -0.20709E+00   -0.40612E-16    0.24352E-16
      1      43.984    0.25614E-04   -0.20283E+00   -0.36114E-16    0.19233E-16
      1      43.612    0.24897E-04   -0.19852E+00   -0.38790E-16    0.30928E-16
      1      43.240    0.24206E-04   -0.19430E+00   -0.21951E-16   -0.33541E-17
      1      42.869    0.23548E-04   -0.19032E+00   -0.31926E-16    0.19077E-16
      1      42.497    0.22926E-04   -0.18676E+00   -0.29031E-16    0.94474E-17
      1      42.125    0.22343E-04   -0.18378E+00   -0.33459E-16    0.20770E-16
      1      41.753    0.21800E-04   -0.18150E+00   -0.29699E-16    0.17703E-16
      1      41.382    0.21299E-04   -0.18005E+00   -0.19476E-16    0.56492E-16
      1      41.010    0.20839E-04   -0.17946E+00   -0.24206E-16    0.89501E-17
      1      40.638    0.20417E-04   -0.17972E+00   -0.78932E-17    0.35298E-16
      1      40.266    0.20029E-04   -0.18077E+00   -0.34815E-16    0.15601E-16
      1      39.895    0.19674E-04   -0.18254E+00   -0.10484E-16    0.36777E-16
      1      39.523    0.19348E-04   -0.18495E+00   -0.72029E-17    0.28180E-16
      1      39.151    0.19049E-04   -0.18794E+00   -0.11057E-16    0.83160E-17
      1      38.780    0.18773E-04   -0.19141E+00   -0.22722E-16    0.31621E-16
      1      38.408    0.18520E-04   -0.19530E+00   -0.17260E-16    0.10082E-16
      1      38.036    0.18288E-04   -0.19952E+00   -0.29196E-17    0.18475E-16
      1      37.664    0.18073E-04   -0.20399E+00    0.37881E-17    0.14908E-16
      1      37.293    0.17875E-04   -0.20863E+00    0.26323E-17    0.82178E-17
      1      36.921    0.17693E-04   -0.21337E+00    0.20360E-16    0.72814E-17
      1      36.549    0.17525E-04   -0.21815E+00   -0.47985E-17    0.10837E-16
      1      36.177    0.17370E-04   -0.22291E+00   -0.13830E-18    0.31265E-17
      1      35.806    0.17228E-04   -0.22759E+00   -0.21346E-16    0.24946E-16
      1      35.434    0.17098E-04   -0.23219E+00   -0.17407E-16    0.13682E-16
      1      35.062    0.16981E-04   -0.23667E+00    0.19420E-16    0.87274E-17
      1      34.691    0.16876E-04   -0.24106E+00   -0.15106E-18    0.23776E-16
      1      34.319    0.16784E-04   -0.24534E+00    0.87393E-18    0.28932E-16
      1      33.947    0.16706E-04   -0.24953E+00    0.20063E-16    0.31330E-16
      1      33.575    0.16641E-04   -0.25363E+00   -0.19682E-16    0.24348E-16
      1      33.204    0.16590E-04   -0.25768E+00   -0.28477E-16   -0.63862E-17
      1      32.832    0.16554E-04   -0.26169E+00   -0.20016E-16    0.11634E-18
      1      32.460    0.16533E-04   -0.26569E+00    0.62903E-17    0.20288E-16
      1      32.088    0.16528E-04   -0.26971E+00   -0.24741E-16   -0.94550E-17
      1      31.717    0.16539E-04   -0.27380E+00    0.93462E-17   -0.13855E-16
      1      31.345    0.16567E-04   -0.27797E+00   -0.52295E-19    0.12953E-16
      1      30.973    0.16613E-04   -0.28226E+00   -0.15751E-16   -0.11570E-16
      1      30.602    0.16676E-04   -0.28667E+00    0.36321E-16   -0.82831E-17
      1      30.230    0.16757E-04   -0.29123E+00    0.62493E-16    0.19625E-16
      1      29.858    0.16855E-04   -0.29593E+00   -0.86317E-18    0.91500E-17
      1      29.486    0.16972E-04   -0.30077E+00    0.22849E-16    0.97577E-17
      1      29.115    0.17106E-04   -0.30574E+00    0.18862E-16   -0.45928E-17
      1      28.743    0.17258E-04   -0.31084E+00    0.21547E-18    0.11581E-16
      1      28.371    0.17428E-04   -0.31605E+00    0.15451E-16   -0.37863E-17
      1      27.999    0.17615E-04   -0.32137E+00   -0.56372E-17    0.96813E-19
      1      27.628    0.17820E-04   -0.32680E+00    0.20314E-16   -0.74715E-17
      1      27.256    0.18043E-04   -0.33232E+00    0.28216E-16    0.20671E-16
      1      26.884    0.18284E-04   -0.33793E+00   -0.40412E-16   -0.39422E-17
      1      26.513    0.18544E-04   -0.34364E+00    0.29618E-16    0.10756E-16
      1      26.141    0.18823E-04   -0.34944E+00    0.19672E-17    0.19332E-16
      1      25.769    0.19122E-04   -0.35534E+00    0.26320E-16    0.89701E-17
      1      25.397    0.19441E-04   -0.36134E+00    0.26521E-16    0.30081E-17
      1      25.026    0.19781E-04   -0.36745E+00   -0.24506E-16   -0.16852E-16
      1      24.654    0.20145E-04   -0.37371E+00    0.24486E-16    0.19102E-17
      1      24.282    0.20533E-04   -0.38011E+00    0.29837E-16    0.55197E-17
      1      23.910    0.20947E-04   -0.38668E+00   -0.96459E-17   -0.23994E-16
      1      23.539    0.21389E-04   -0.39345E+00    0.97512E-16    0.14559E-16
      1      23.167    0.21861E-04   -0.40043E+00    0.47703E-16   -0.17949E-16
      1      22.795    0.22364E-04   -0.40765E+00   -0.19948E-16    0.13093E-17
      1      22.424    0.22903E-04   -0.41512E+00   -0.30047E-16   -0.32278E-16
      1      22.052    0.23478E-04   -0.42284E+00   -0.25476E-16    0.15401E-16
      1      21.680    0.24091E-04   -0.43083E+00    0.13656E-16   -0.79156E-17
      1      21.308    0.24742E-04   -0.43905E+00   -0.33556E-16   -0.32961E-17
      1      20.937    0.25429E-04   -0.44743E+00   -0.30660E-16   -0.14623E-16
      1      20.565    0.26143E-04   -0.45583E+00    0.34183E-16   -0.21909E-16
      1      20.193    0.26864E-04   -0.46399E+00   -0.19898E-15   -0.13993E-16
      1      19.821    0.27558E-04   -0.47148E+00   -0.23470E-15   -0.36287E-17
      1      19.450    0.28172E-04   -0.47766E+00   -0.44069E-15    0.32545E-17
      1      19.078    0.28636E-04   -0.48170E+00    0.67739E-17    0.41718E-17
      1      18.706    0.28884E-04   -0.48282E+00   -0.11061E-15   -0.15617E-16
      1      18.335    0.28887E-04   -0.48067E+00   -0.17993E-15   -0.10481E-18
      1      17.963    0.28678E-04   -0.47568E+00   -0.93726E-16   -0.14899E-16
      1      17.591    0.28325E-04   -0.46869E+00   -0.11698E-15    0.15222E-16
      1      17.219    0.27899E-04   -0.46049E+00    0.62435E-16   -0.34780E-17
      1      16.848    0.27453E-04   -0.45169E+00   -0.32073E-18    0.10792E-16
      1      16.476    0.27020E-04   -0.44265E+00    0.11479E-15    0.43457E-17
      1      16.104    0.26620E-04   -0.43359E+00   -0.24794E-16   -0.20563E-16
      1      15.733    0.26263E-04   -0.42458E+00   -0.10562E-16   -0.19864E-16
      1      15.361    0.25954E-04   -0.41564E+00   -0.13913E-17    0.13695E-16
      1      14.989    0.25697E-04   -0.40678E+00    0.36263E-16    0.14844E-16
      1      14.617    0.25492E-04   -0.39796E+00    0.14255E-16   -0.65286E-17
      1      14.246    0.25343E-04   -0.38915E+00    0.26098E-18   -0.73379E-17
      1      13.874    0.25250E-04   -0.38032E+00   -0.55168E-16    0.12129E-16
      1      13.502    0.25217E-04   -0.37144E+00    0.18769E-16   -0.13297E-16
      1      13.130    0.25247E-04   -0.36248E+00    0.68134E-18   -0.16361E-17
      1      12.759    0.25343E-04   -0.35344E+00    0.19346E-16    0.14633E-17
      1      12.387    0.25508E-04   -0.34427E+00    0.86303E-16   -0.18900E-16
      1      12.015    0.25746E-04   -0.33495E+00    0.70787E-17   -0.16462E-16
      1      11.644    0.26061E-04   -0.32547E+00    0.44476E-16   -0.19146E-16
      1      11.272    0.26456E-04   -0.31580E+00    0.27024E-16   -0.84104E-17
      1      10.900    0.26938E-04   -0.30597E+00    0.40745E-16   -0.15940E-16
      1      10.528    0.27515E-04   -0.29603E+00   -0.11582E-16    0.35576E-17
      1      10.157    0.28193E-04   -0.28606E+00    0.28665E-16    0.75128E-17
      1       9.785    0.28984E-04   -0.27619E+00    0.24081E-16    0.15419E-16
      1       9.413    0.29900E-04   -0.26661E+00    0.13354E-16   -0.75867E-17
      1       9.041    0.30957E-04   -0.25749E+00    0.23935E-16   -0.21796E-16
      1       8.670    0.32162E-04   -0.24884E+00    0.37957E-16   -0.21188E-16
      1       8.298    0.33521E-04   -0.24049E+00    0.12403E-16    0.36272E-17
      1       7.926    0.35031E-04   -0.23218E+00    0.26320E-16   -0.10122E-16
      1       7.555    0.36683E-04   -0.22355E+00    0.45370E-16    0.93302E-18
      1       7.183    0.38465E-04   -0.21427E+00    0.45102E-16   -0.23598E-16
      1       6.811    0.40363E-04   -0.20404E+00    0.60560E-16   -0.28030E-17
      1       6.439    0.42364E-04   -0.19266E+00    0.37564E-16   -0.33683E-17
      1       6.068    0.44455E-04   -0.18007E+00    0.57713E-16   -0.11212E-16
      1       5.696    0.46630E-04   -0.16638E+00    0.50585E-16   -0.15758E-17
      1       5.324    0.48895E-04   -0.15206E+00    0.52941E-16   -0.15020E-16
      1       4.952    0.51289E-04   -0.13826E+00    0.46542E-16   -0.18643E-16
      1       4.581    0.53831E-04   -0.12584E+00    0.13005E-16   -0.10674E-16
      1       4.209    0.56518E-04   -0.11533E+00    0.64732E-16   -0.43011E-17
      1       3.837    0.59347E-04   -0.10738E+00    0.73592E-16   -0.90543E-17
      1       3.466    0.62339E-04   -0.10316E+00    0.51655E-16   -0.73624E-17
      1       3.094    0.65566E-04   -0.10459E+00    0.54330E-16    0.11342E-18
      1       2.722    0.69144E-04   -0.11423E+00    0.66041E-16    0.17697E-17
      1       2.350    0.72850E-04   -0.13033E+00    0.37780E-16   -0.77197E-17
      1       1.979    0.75462E-04   -0.14122E+00    0.46470E-16   -0.43570E-17
      1       1.607    0.75425E-04   -0.13578E+00    0.63493E-16   -0.21335E-17
      1       1.235    0.71670E-04   -0.10986E+00    0.52629E-16   -0.35116E-18
      1       0.863    0.63887E-04   -0.69725E-01    0.49465E-16   -0.84047E-17
      1       0.492    0.51342E-04   -0.31730E-01    0.42180E-16   -0.12089E-17
      1       0.120    0.27176E-04   -0.81547E-02    0.60537E-16   -0.65831E-17
