   3N SYSTEM INCLUSIVE  PHOTODESINTEGRATION
        DETECTED PARTICLE: 1- PROTON
        NOT DETECTED PARTICLES:2- PROTON  3-NEUTRON

      OMEGA 0.30000E+02
     MTTWE1,MTTWE2,MTTWE3=    1    1   -1
     TH1LAB,PHI1LAB=    90.000     0.000
   Unit of cross sections ... fm**2/(MeV*sr**2)
      I       E1      CROSS           AX           AY           AZ
      1      14.695    0.27251E-05   -0.93260E+00    0.28653E-18   -0.25911E-18
      1      14.682    0.77522E-03   -0.93049E+00   -0.21107E-18   -0.92578E-18
      1      14.675    0.86402E-03   -0.92983E+00   -0.12600E-19   -0.10115E-17
      1      14.668    0.91500E-03   -0.92921E+00    0.64061E-18    0.86898E-18
      1      14.662    0.94423E-03   -0.92860E+00   -0.56652E-18   -0.31008E-18
      1      14.655    0.96005E-03   -0.92803E+00    0.11600E-17   -0.20085E-17
      1      14.648    0.96726E-03   -0.92747E+00   -0.37885E-18    0.29664E-17
      1      14.642    0.96884E-03   -0.92693E+00   -0.38344E-17    0.32745E-17
      1      14.635    0.96671E-03   -0.92642E+00    0.72379E-17    0.80152E-17
      1      14.628    0.96213E-03   -0.92593E+00    0.20434E-17   -0.76307E-18
      1      14.622    0.95598E-03   -0.92546E+00    0.30065E-17    0.46065E-17
      1      14.615    0.94887E-03   -0.92502E+00    0.16856E-17   -0.73204E-18
      1      14.608    0.94124E-03   -0.92459E+00   -0.14493E-18    0.21063E-17
      1      14.602    0.93336E-03   -0.92419E+00    0.14365E-18    0.11580E-17
      1      14.595    0.92539E-03   -0.92381E+00   -0.42037E-18    0.23273E-17
      1      14.588    0.91743E-03   -0.92345E+00    0.78126E-18    0.26250E-17
      1      14.582    0.90952E-03   -0.92310E+00   -0.19931E-17    0.20995E-17
      1      14.575    0.90171E-03   -0.92277E+00   -0.63017E-18   -0.52461E-17
      1      14.496    0.81934E-03   -0.91937E+00   -0.29735E-17   -0.32875E-17
      1      14.416    0.75597E-03   -0.91647E+00   -0.11009E-17    0.43222E-17
      1      14.337    0.70821E-03   -0.91394E+00   -0.87048E-18    0.33524E-17
      1      14.257    0.67145E-03   -0.91167E+00    0.10603E-17   -0.67399E-17
      1      14.178    0.64212E-03   -0.90955E+00    0.23725E-19   -0.12198E-16
      1      14.098    0.61790E-03   -0.90747E+00   -0.15342E-17   -0.45446E-17
      1      14.019    0.59732E-03   -0.90538E+00   -0.35806E-17   -0.54833E-18
      1      13.940    0.57941E-03   -0.90321E+00    0.12180E-16    0.72731E-17
      1      13.860    0.56350E-03   -0.90094E+00    0.66657E-18   -0.58760E-17
      1      13.781    0.54915E-03   -0.89853E+00   -0.65879E-18    0.14079E-18
      1      13.701    0.53605E-03   -0.89598E+00   -0.79209E-17   -0.72618E-17
      1      13.622    0.52406E-03   -0.89329E+00    0.96865E-18    0.11216E-15
      1      13.542    0.51306E-03   -0.89048E+00    0.37191E-17    0.45978E-17
      1      13.463    0.50294E-03   -0.88755E+00    0.25904E-17   -0.97435E-17
      1      13.384    0.49363E-03   -0.88452E+00    0.11355E-17   -0.37990E-17
      1      13.304    0.48503E-03   -0.88139E+00    0.28657E-17    0.17522E-16
      1      13.225    0.47709E-03   -0.87815E+00    0.12601E-17    0.62321E-18
      1      13.145    0.46973E-03   -0.87481E+00    0.58759E-17   -0.88844E-17
      1      13.066    0.46291E-03   -0.87136E+00    0.88248E-17    0.21359E-17
      1      12.986    0.45656E-03   -0.86781E+00    0.96464E-17    0.10713E-16
      1      12.907    0.45066E-03   -0.86415E+00   -0.43111E-17    0.12603E-16
      1      12.828    0.44517E-03   -0.86038E+00   -0.81128E-18   -0.13342E-16
      1      12.748    0.44007E-03   -0.85651E+00    0.78924E-17    0.41854E-17
      1      12.669    0.43535E-03   -0.85253E+00   -0.19615E-17    0.19184E-17
      1      12.589    0.43100E-03   -0.84846E+00    0.50445E-17   -0.17210E-17
      1      12.510    0.42700E-03   -0.84430E+00    0.76101E-17    0.39146E-16
      1      12.431    0.42336E-03   -0.84007E+00    0.61103E-17    0.71129E-17
      1      12.351    0.42006E-03   -0.83577E+00    0.16666E-16    0.52883E-17
      1      12.272    0.41710E-03   -0.83142E+00   -0.20448E-17   -0.15060E-16
      1      12.192    0.41447E-03   -0.82703E+00    0.80404E-17    0.48918E-17
      1      12.113    0.41215E-03   -0.82261E+00    0.66752E-17   -0.33163E-17
      1      12.033    0.41013E-03   -0.81819E+00    0.93012E-17    0.66367E-17
      1      11.954    0.40841E-03   -0.81376E+00    0.87195E-17    0.17508E-17
      1      11.875    0.40696E-03   -0.80933E+00    0.47979E-17   -0.17516E-16
      1      11.795    0.40577E-03   -0.80490E+00    0.18121E-17    0.10061E-16
      1      11.716    0.40481E-03   -0.80048E+00   -0.10756E-16   -0.11139E-16
      1      11.636    0.40408E-03   -0.79607E+00    0.66472E-17   -0.29091E-17
      1      11.557    0.40355E-03   -0.79166E+00    0.14546E-16   -0.27411E-16
      1      11.477    0.40321E-03   -0.78726E+00   -0.16759E-17    0.13894E-16
      1      11.398    0.40305E-03   -0.78286E+00   -0.12226E-16   -0.20806E-17
      1      11.319    0.40307E-03   -0.77848E+00    0.27686E-16   -0.48319E-16
      1      11.239    0.40326E-03   -0.77411E+00    0.11060E-16    0.90316E-17
      1      11.160    0.40362E-03   -0.76976E+00   -0.66779E-17    0.28175E-16
      1      11.080    0.40415E-03   -0.76544E+00    0.21534E-16   -0.29342E-17
      1      11.001    0.40486E-03   -0.76116E+00    0.13256E-16   -0.39363E-16
      1      10.921    0.40576E-03   -0.75694E+00    0.73260E-17   -0.12477E-16
      1      10.842    0.40686E-03   -0.75278E+00   -0.29532E-17    0.10302E-16
      1      10.763    0.40815E-03   -0.74869E+00    0.17084E-16    0.56084E-16
      1      10.683    0.40964E-03   -0.74467E+00    0.25720E-16   -0.23487E-16
      1      10.604    0.41134E-03   -0.74074E+00   -0.87492E-17    0.11512E-16
      1      10.524    0.41324E-03   -0.73689E+00    0.25012E-16    0.27495E-16
      1      10.445    0.41535E-03   -0.73314E+00   -0.12175E-16   -0.61663E-17
      1      10.366    0.41765E-03   -0.72947E+00   -0.20918E-16    0.33131E-16
      1      10.286    0.42016E-03   -0.72589E+00   -0.40591E-16    0.38515E-17
      1      10.207    0.42285E-03   -0.72240E+00   -0.15045E-16   -0.16764E-16
      1      10.127    0.42574E-03   -0.71901E+00   -0.51510E-17   -0.34386E-17
      1      10.048    0.42880E-03   -0.71569E+00   -0.32860E-16    0.35429E-16
      1       9.968    0.43204E-03   -0.71246E+00    0.34882E-16   -0.13670E-16
      1       9.889    0.43545E-03   -0.70930E+00   -0.66764E-17   -0.23568E-17
      1       9.810    0.43902E-03   -0.70621E+00   -0.51900E-17    0.34226E-16
      1       9.730    0.44275E-03   -0.70319E+00    0.35648E-16   -0.59730E-17
      1       9.651    0.44664E-03   -0.70022E+00   -0.17669E-16   -0.19277E-16
      1       9.571    0.45068E-03   -0.69731E+00   -0.21934E-16    0.73573E-17
      1       9.492    0.45489E-03   -0.69445E+00    0.82363E-17    0.46718E-17
      1       9.412    0.45927E-03   -0.69165E+00   -0.28434E-16    0.24262E-16
      1       9.333    0.46382E-03   -0.68890E+00    0.22232E-16   -0.10561E-18
      1       9.254    0.46856E-03   -0.68621E+00    0.39856E-17    0.27228E-16
      1       9.174    0.47350E-03   -0.68359E+00   -0.32027E-16    0.19028E-16
      1       9.095    0.47866E-03   -0.68105E+00   -0.11516E-16    0.38693E-16
      1       9.015    0.48404E-03   -0.67859E+00   -0.44417E-17   -0.10164E-16
      1       8.936    0.48967E-03   -0.67622E+00   -0.10049E-16    0.21153E-17
      1       8.856    0.49557E-03   -0.67396E+00    0.30685E-16    0.28895E-16
      1       8.777    0.50175E-03   -0.67180E+00   -0.44260E-17    0.76946E-17
      1       8.698    0.50821E-03   -0.66977E+00   -0.27159E-17    0.28384E-17
      1       8.618    0.51498E-03   -0.66785E+00    0.57824E-17    0.36910E-16
      1       8.539    0.52205E-03   -0.66606E+00   -0.45882E-17   -0.27179E-16
      1       8.459    0.52943E-03   -0.66440E+00    0.28155E-16    0.31272E-17
      1       8.380    0.53711E-03   -0.66285E+00    0.16249E-16   -0.51383E-17
      1       8.301    0.54512E-03   -0.66143E+00    0.19767E-16    0.57854E-17
      1       8.221    0.55344E-03   -0.66013E+00   -0.44801E-16    0.35274E-16
      1       8.142    0.56209E-03   -0.65895E+00    0.19986E-16    0.19145E-16
      1       8.062    0.57108E-03   -0.65788E+00   -0.43357E-16   -0.28887E-16
      1       7.983    0.58040E-03   -0.65694E+00    0.18824E-16   -0.80668E-17
      1       7.903    0.59006E-03   -0.65610E+00   -0.12513E-16    0.15933E-16
      1       7.824    0.60006E-03   -0.65538E+00    0.29467E-16    0.20162E-16
      1       7.745    0.61041E-03   -0.65476E+00    0.28530E-16    0.30937E-16
      1       7.665    0.62112E-03   -0.65423E+00   -0.84102E-18    0.98945E-17
      1       7.586    0.63219E-03   -0.65381E+00    0.25140E-16   -0.17496E-16
      1       7.506    0.64362E-03   -0.65348E+00   -0.46839E-17    0.92237E-17
      1       7.427    0.65542E-03   -0.65324E+00    0.47881E-16    0.56154E-16
      1       7.347    0.66762E-03   -0.65308E+00    0.13897E-16    0.25104E-16
      1       7.268    0.68022E-03   -0.65302E+00   -0.40143E-16    0.14189E-16
      1       7.189    0.69323E-03   -0.65305E+00    0.24437E-16    0.11866E-16
      1       7.109    0.70668E-03   -0.65317E+00    0.37031E-16   -0.16341E-17
      1       7.030    0.72059E-03   -0.65338E+00    0.21014E-16   -0.81182E-17
      1       6.950    0.73497E-03   -0.65368E+00   -0.10178E-16    0.27523E-16
      1       6.871    0.74985E-03   -0.65409E+00   -0.19444E-16    0.51496E-17
      1       6.792    0.76524E-03   -0.65459E+00   -0.33073E-16   -0.17731E-16
      1       6.712    0.78118E-03   -0.65519E+00   -0.13870E-16   -0.57925E-18
      1       6.633    0.79769E-03   -0.65589E+00   -0.53198E-16    0.34064E-16
      1       6.553    0.81478E-03   -0.65670E+00   -0.17865E-16    0.99102E-17
      1       6.474    0.83246E-03   -0.65760E+00    0.17344E-16   -0.26651E-17
      1       6.394    0.85075E-03   -0.65860E+00   -0.25403E-16    0.19443E-16
      1       6.315    0.86965E-03   -0.65969E+00   -0.52866E-16    0.18670E-16
      1       6.236    0.88920E-03   -0.66088E+00   -0.79165E-17    0.26569E-16
      1       6.156    0.90940E-03   -0.66216E+00    0.59153E-16    0.15113E-16
      1       6.077    0.93028E-03   -0.66354E+00    0.99564E-16    0.28040E-17
      1       5.997    0.95184E-03   -0.66501E+00    0.25903E-16   -0.35429E-17
      1       5.918    0.97412E-03   -0.66656E+00    0.14691E-16    0.23781E-17
      1       5.838    0.99712E-03   -0.66821E+00   -0.40414E-16    0.85924E-17
      1       5.759    0.10209E-02   -0.66995E+00    0.94681E-18    0.15094E-16
      1       5.680    0.10454E-02   -0.67178E+00    0.14493E-16   -0.61087E-17
      1       5.600    0.10707E-02   -0.67369E+00   -0.33298E-16   -0.39937E-17
      1       5.521    0.10969E-02   -0.67570E+00    0.16792E-16    0.12767E-16
      1       5.441    0.11239E-02   -0.67779E+00   -0.89845E-16    0.15480E-16
      1       5.362    0.11518E-02   -0.67998E+00   -0.56777E-16   -0.18238E-16
      1       5.282    0.11806E-02   -0.68225E+00   -0.13267E-15    0.18057E-16
      1       5.203    0.12103E-02   -0.68460E+00    0.12680E-17   -0.21685E-17
      1       5.124    0.12410E-02   -0.68704E+00   -0.45531E-16    0.21158E-16
      1       5.044    0.12727E-02   -0.68955E+00   -0.11003E-15   -0.54226E-17
      1       4.965    0.13053E-02   -0.69215E+00   -0.30824E-16   -0.16652E-16
      1       4.885    0.13391E-02   -0.69483E+00   -0.29576E-16    0.72953E-17
      1       4.806    0.13739E-02   -0.69759E+00   -0.85672E-16    0.62216E-17
      1       4.727    0.14098E-02   -0.70043E+00   -0.61758E-16    0.19691E-16
      1       4.647    0.14467E-02   -0.70334E+00    0.13408E-15    0.72036E-18
      1       4.568    0.14847E-02   -0.70629E+00    0.38446E-16    0.72188E-17
      1       4.488    0.15236E-02   -0.70928E+00    0.49236E-16    0.26488E-16
      1       4.409    0.15632E-02   -0.71226E+00    0.85307E-17    0.53634E-17
      1       4.329    0.16031E-02   -0.71519E+00    0.16765E-15   -0.87552E-18
      1       4.250    0.16429E-02   -0.71799E+00    0.10339E-15    0.58621E-18
      1       4.171    0.16818E-02   -0.72058E+00    0.12780E-15    0.16470E-16
      1       4.091    0.17191E-02   -0.72287E+00   -0.93656E-16   -0.10018E-16
      1       4.012    0.17536E-02   -0.72474E+00   -0.62641E-16   -0.12353E-17
      1       3.932    0.17842E-02   -0.72606E+00   -0.70871E-16    0.47375E-17
      1       3.853    0.18096E-02   -0.72671E+00   -0.90462E-16   -0.14279E-17
      1       3.773    0.18284E-02   -0.72656E+00    0.67173E-17    0.14891E-17
      1       3.694    0.18397E-02   -0.72547E+00   -0.22759E-15   -0.30983E-17
      1       3.615    0.18424E-02   -0.72334E+00   -0.36317E-16   -0.24060E-17
      1       3.535    0.18361E-02   -0.72010E+00    0.88897E-16   -0.48187E-17
      1       3.456    0.18210E-02   -0.71573E+00   -0.16688E-15    0.30601E-17
      1       3.376    0.17980E-02   -0.71025E+00    0.16268E-15    0.45985E-17
      1       3.297    0.17679E-02   -0.70372E+00   -0.13042E-15   -0.57700E-17
      1       3.217    0.17320E-02   -0.69621E+00    0.15760E-15   -0.11923E-16
      1       3.138    0.16916E-02   -0.68780E+00   -0.11179E-15    0.98395E-17
      1       3.059    0.16480E-02   -0.67860E+00    0.39142E-16   -0.22685E-16
      1       2.979    0.16023E-02   -0.66869E+00    0.74451E-17    0.34699E-16
      1       2.900    0.15553E-02   -0.65815E+00   -0.96459E-16    0.23730E-16
      1       2.820    0.15079E-02   -0.64706E+00   -0.54576E-16   -0.88747E-17
      1       2.741    0.14604E-02   -0.63548E+00   -0.10503E-16   -0.14726E-16
      1       2.662    0.14132E-02   -0.62342E+00    0.10895E-15   -0.25043E-17
      1       2.582    0.13666E-02   -0.61092E+00    0.37666E-16   -0.11159E-16
      1       2.503    0.13208E-02   -0.59798E+00   -0.15024E-15   -0.14524E-16
      1       2.423    0.12758E-02   -0.58460E+00    0.53533E-16    0.58535E-17
      1       2.344    0.12318E-02   -0.57082E+00    0.27407E-16   -0.33828E-16
      1       2.264    0.11888E-02   -0.55664E+00    0.21479E-16   -0.10566E-16
      1       2.185    0.11471E-02   -0.54209E+00   -0.32135E-16   -0.16313E-16
      1       2.106    0.11065E-02   -0.52718E+00    0.56263E-16   -0.21082E-16
      1       2.026    0.10672E-02   -0.51194E+00    0.28078E-16   -0.24804E-16
      1       1.947    0.10291E-02   -0.49639E+00   -0.25108E-17   -0.13507E-16
      1       1.867    0.99221E-03   -0.48054E+00    0.95655E-16    0.48470E-18
      1       1.788    0.95654E-03   -0.46443E+00    0.53170E-16   -0.72747E-18
      1       1.708    0.92204E-03   -0.44809E+00    0.20689E-16    0.10317E-16
      1       1.629    0.88870E-03   -0.43156E+00    0.45645E-16   -0.18789E-16
      1       1.550    0.85643E-03   -0.41485E+00    0.13347E-16   -0.35198E-16
      1       1.470    0.82505E-03   -0.39793E+00    0.46230E-16   -0.21155E-16
      1       1.391    0.79437E-03   -0.38072E+00   -0.13397E-17   -0.16490E-16
      1       1.311    0.76417E-03   -0.36314E+00    0.44725E-16    0.22720E-17
      1       1.232    0.73426E-03   -0.34507E+00    0.54679E-16    0.32174E-16
      1       1.152    0.70444E-03   -0.32640E+00    0.70500E-16   -0.17587E-16
      1       1.073    0.67451E-03   -0.30701E+00    0.65144E-16    0.21432E-16
      1       0.994    0.64433E-03   -0.28680E+00   -0.10094E-16   -0.12910E-16
      1       0.914    0.61378E-03   -0.26573E+00    0.14826E-16   -0.39063E-16
      1       0.835    0.58277E-03   -0.24383E+00    0.66918E-16   -0.29857E-16
      1       0.755    0.55142E-03   -0.22148E+00    0.35516E-16   -0.11468E-16
      1       0.676    0.51970E-03   -0.19907E+00    0.94587E-16   -0.20311E-16
      1       0.597    0.48735E-03   -0.17687E+00    0.69274E-16   -0.87059E-17
      1       0.517    0.45390E-03   -0.15508E+00    0.74321E-16   -0.15047E-16
      1       0.438    0.41878E-03   -0.13404E+00    0.61838E-16    0.99441E-17
      1       0.358    0.38125E-03   -0.11463E+00    0.67887E-16   -0.10317E-17
      1       0.279    0.33967E-03   -0.97078E-01    0.85207E-16   -0.24793E-16
      1       0.199    0.28956E-03   -0.76520E-01    0.52008E-16   -0.10840E-16
      1       0.120    0.22465E-03   -0.47029E-01    0.53162E-16   -0.13948E-16
