   3N SYSTEM INCLUSIVE  PHOTODESINTEGRATION
        DETECTED PARTICLE: 1- PROTON
        NOT DETECTED PARTICLES:2- PROTON  3-NEUTRON

      OMEGA 0.10000E+03
     MTTWE1,MTTWE2,MTTWE3=    1    1   -1
     TH1LAB,PHI1LAB=   170.000     0.000
   Unit of cross sections ... fm**2/(MeV*sr**2)
      I       E1      CROSS           AX           AY           AZ
      1      49.128    0.19542E-07   -0.29181E-02   -0.13565E-17    0.61473E-16
      1      49.115    0.55706E-05   -0.25745E-02    0.78281E-18   -0.13460E-16
      1      49.108    0.62481E-05   -0.25625E-02   -0.60412E-19    0.20924E-16
      1      49.101    0.66720E-05   -0.25690E-02   -0.11095E-17   -0.13055E-16
      1      49.095    0.69515E-05   -0.25858E-02    0.36250E-19   -0.13499E-16
      1      49.088    0.71412E-05   -0.26088E-02    0.59259E-18   -0.30394E-16
      1      49.081    0.72722E-05   -0.26355E-02    0.19818E-17   -0.33125E-16
      1      49.075    0.73631E-05   -0.26650E-02   -0.20128E-17    0.24348E-16
      1      49.068    0.74261E-05   -0.26966E-02   -0.82576E-18   -0.77874E-17
      1      49.061    0.74692E-05   -0.27301E-02    0.17602E-17    0.18305E-18
      1      49.055    0.74980E-05   -0.27652E-02    0.45403E-18   -0.15021E-16
      1      49.048    0.75164E-05   -0.28016E-02   -0.67108E-18    0.64309E-16
      1      49.041    0.75272E-05   -0.28391E-02   -0.11765E-17    0.18940E-16
      1      49.035    0.75323E-05   -0.28776E-02   -0.20501E-17   -0.80382E-17
      1      49.028    0.75334E-05   -0.29169E-02    0.17722E-18   -0.35893E-17
      1      49.021    0.75316E-05   -0.29570E-02    0.78378E-18    0.14858E-16
      1      49.015    0.75276E-05   -0.29977E-02    0.30748E-17   -0.11657E-17
      1      49.008    0.75221E-05   -0.30390E-02    0.30954E-18   -0.17342E-16
      1      48.739    0.73268E-05   -0.44663E-02   -0.22092E-17    0.16805E-16
      1      48.471    0.72582E-05   -0.51551E-02   -0.26021E-17    0.12384E-16
      1      48.202    0.72483E-05   -0.55831E-02   -0.22650E-17   -0.85987E-17
      1      47.933    0.72556E-05   -0.58618E-02   -0.29246E-17   -0.14522E-16
      1      47.665    0.72654E-05   -0.60341E-02   -0.34121E-17    0.17327E-16
      1      47.396    0.72769E-05   -0.61268E-02   -0.18191E-17    0.18918E-16
      1      47.128    0.72943E-05   -0.61601E-02   -0.77182E-18   -0.39582E-17
      1      46.859    0.73232E-05   -0.61526E-02   -0.20990E-17    0.56301E-17
      1      46.590    0.73691E-05   -0.61216E-02   -0.29232E-17    0.72978E-17
      1      46.322    0.74371E-05   -0.60828E-02   -0.42276E-18   -0.15823E-16
      1      46.053    0.75280E-05   -0.60465E-02   -0.50585E-17   -0.10751E-16
      1      45.784    0.76388E-05   -0.60178E-02   -0.33119E-17   -0.28173E-16
      1      45.516    0.77672E-05   -0.60012E-02   -0.28926E-17   -0.18341E-16
      1      45.247    0.79114E-05   -0.60004E-02   -0.44831E-17    0.78957E-17
      1      44.979    0.80701E-05   -0.60184E-02   -0.36850E-17    0.50342E-18
      1      44.710    0.82421E-05   -0.60542E-02   -0.36185E-17    0.58013E-17
      1      44.441    0.84265E-05   -0.61031E-02   -0.45861E-17   -0.61566E-17
      1      44.173    0.86222E-05   -0.61580E-02   -0.12731E-17   -0.11770E-16
      1      43.904    0.88286E-05   -0.62106E-02   -0.13544E-17   -0.27381E-18
      1      43.636    0.90450E-05   -0.62529E-02    0.70667E-18   -0.89402E-17
      1      43.367    0.92710E-05   -0.62778E-02   -0.36153E-17   -0.20856E-17
      1      43.098    0.95063E-05   -0.62801E-02   -0.63681E-17   -0.11387E-16
      1      42.830    0.97509E-05   -0.62566E-02    0.14151E-17   -0.94652E-17
      1      42.561    0.10005E-04   -0.62062E-02    0.27271E-17    0.45552E-18
      1      42.293    0.10269E-04   -0.61294E-02   -0.79999E-17   -0.42976E-17
      1      42.024    0.10543E-04   -0.60302E-02   -0.32272E-17   -0.21243E-16
      1      41.755    0.10828E-04   -0.59134E-02   -0.15163E-17   -0.70052E-17
      1      41.487    0.11126E-04   -0.57840E-02   -0.44911E-17   -0.10962E-16
      1      41.218    0.11437E-04   -0.56465E-02   -0.42206E-17    0.15252E-16
      1      40.949    0.11760E-04   -0.55044E-02    0.35349E-17   -0.93628E-17
      1      40.681    0.12097E-04   -0.53611E-02   -0.84146E-17   -0.98588E-17
      1      40.412    0.12446E-04   -0.52213E-02   -0.29752E-18    0.61219E-17
      1      40.144    0.12806E-04   -0.50885E-02   -0.42326E-17   -0.11837E-16
      1      39.875    0.13178E-04   -0.49652E-02   -0.19485E-18   -0.66138E-17
      1      39.606    0.13558E-04   -0.48533E-02   -0.31518E-17   -0.52590E-17
      1      39.338    0.13946E-04   -0.47543E-02   -0.10631E-16   -0.14935E-16
      1      39.069    0.14340E-04   -0.46695E-02   -0.12671E-16   -0.17124E-16
      1      38.801    0.14738E-04   -0.45988E-02   -0.72275E-17   -0.45665E-17
      1      38.532    0.15138E-04   -0.45412E-02   -0.85322E-17   -0.91853E-17
      1      38.263    0.15538E-04   -0.44947E-02   -0.25678E-17   -0.99860E-17
      1      37.995    0.15936E-04   -0.44570E-02   -0.14684E-17    0.24991E-17
      1      37.726    0.16330E-04   -0.44255E-02    0.29959E-17   -0.10939E-16
      1      37.457    0.16720E-04   -0.43978E-02    0.88069E-17   -0.77581E-17
      1      37.189    0.17103E-04   -0.43718E-02   -0.66033E-17   -0.15310E-16
      1      36.920    0.17477E-04   -0.43463E-02   -0.13686E-18   -0.36749E-17
      1      36.652    0.17843E-04   -0.43207E-02   -0.42983E-18    0.13441E-17
      1      36.383    0.18197E-04   -0.42952E-02   -0.56963E-17   -0.10007E-16
      1      36.114    0.18540E-04   -0.42706E-02   -0.94411E-17   -0.57125E-17
      1      35.846    0.18870E-04   -0.42482E-02   -0.63720E-17   -0.39803E-17
      1      35.577    0.19186E-04   -0.42297E-02   -0.87176E-17   -0.45578E-17
      1      35.309    0.19489E-04   -0.42171E-02   -0.93990E-17   -0.65807E-17
      1      35.040    0.19776E-04   -0.42125E-02   -0.90269E-18   -0.83875E-17
      1      34.771    0.20049E-04   -0.42172E-02   -0.11097E-16   -0.20675E-17
      1      34.503    0.20305E-04   -0.42324E-02   -0.12251E-16   -0.10160E-16
      1      34.234    0.20543E-04   -0.42587E-02   -0.15181E-16   -0.10755E-16
      1      33.965    0.20764E-04   -0.42969E-02    0.62789E-17   -0.11407E-16
      1      33.697    0.20966E-04   -0.43482E-02   -0.36881E-17   -0.13875E-17
      1      33.428    0.21148E-04   -0.44135E-02   -0.10386E-16   -0.68087E-17
      1      33.160    0.21310E-04   -0.44930E-02   -0.83682E-17   -0.45388E-18
      1      32.891    0.21452E-04   -0.45865E-02   -0.99914E-17    0.72210E-17
      1      32.622    0.21571E-04   -0.46929E-02   -0.18297E-16   -0.17009E-17
      1      32.354    0.21668E-04   -0.48104E-02   -0.11922E-16   -0.23346E-17
      1      32.085    0.21742E-04   -0.49376E-02   -0.15342E-16   -0.82310E-18
      1      31.817    0.21794E-04   -0.50727E-02   -0.36147E-17   -0.73108E-17
      1      31.548    0.21822E-04   -0.52146E-02   -0.30335E-17    0.39189E-18
      1      31.279    0.21828E-04   -0.53625E-02    0.10028E-17   -0.21444E-17
      1      31.011    0.21813E-04   -0.55157E-02   -0.83238E-17   -0.38714E-17
      1      30.742    0.21778E-04   -0.56719E-02   -0.41398E-17    0.67708E-17
      1      30.473    0.21723E-04   -0.58275E-02    0.14496E-17   -0.28078E-17
      1      30.205    0.21651E-04   -0.59801E-02    0.11876E-17    0.37102E-18
      1      29.936    0.21563E-04   -0.61296E-02   -0.47976E-17    0.10542E-17
      1      29.668    0.21461E-04   -0.62765E-02   -0.28362E-17    0.72168E-17
      1      29.399    0.21347E-04   -0.64234E-02   -0.14360E-16    0.28490E-17
      1      29.130    0.21224E-04   -0.65719E-02   -0.54715E-17    0.84401E-17
      1      28.862    0.21092E-04   -0.67217E-02    0.70953E-17    0.70431E-18
      1      28.593    0.20954E-04   -0.68743E-02    0.36111E-17    0.36703E-17
      1      28.325    0.20811E-04   -0.70344E-02   -0.64270E-17   -0.44749E-18
      1      28.056    0.20665E-04   -0.72071E-02   -0.49030E-17    0.55297E-17
      1      27.787    0.20516E-04   -0.73962E-02   -0.54960E-17    0.38875E-17
      1      27.519    0.20366E-04   -0.76064E-02   -0.33903E-17    0.54303E-17
      1      27.250    0.20216E-04   -0.78406E-02    0.40659E-17    0.16651E-16
      1      26.981    0.20064E-04   -0.81006E-02   -0.87133E-17    0.43358E-17
      1      26.713    0.19913E-04   -0.83867E-02    0.13084E-17    0.12947E-16
      1      26.444    0.19761E-04   -0.86982E-02   -0.39114E-17    0.81504E-17
      1      26.176    0.19609E-04   -0.90343E-02   -0.11589E-16    0.70651E-17
      1      25.907    0.19457E-04   -0.93952E-02    0.12153E-17    0.95433E-17
      1      25.638    0.19306E-04   -0.97800E-02   -0.82471E-17    0.52792E-17
      1      25.370    0.19154E-04   -0.10187E-01   -0.82566E-17    0.11764E-16
      1      25.101    0.19004E-04   -0.10614E-01   -0.53563E-17    0.96148E-17
      1      24.833    0.18854E-04   -0.11059E-01    0.36978E-18    0.14099E-16
      1      24.564    0.18706E-04   -0.11520E-01   -0.99606E-18    0.98742E-17
      1      24.295    0.18560E-04   -0.11997E-01   -0.67422E-17    0.13223E-16
      1      24.027    0.18416E-04   -0.12487E-01    0.18503E-17    0.24453E-16
      1      23.758    0.18276E-04   -0.12987E-01    0.31851E-17    0.64399E-17
      1      23.489    0.18139E-04   -0.13495E-01    0.74305E-17    0.14323E-16
      1      23.221    0.18006E-04   -0.14008E-01    0.57135E-17    0.13878E-16
      1      22.952    0.17880E-04   -0.14523E-01    0.51251E-17    0.72424E-18
      1      22.684    0.17759E-04   -0.15037E-01    0.10308E-17    0.12705E-16
      1      22.415    0.17645E-04   -0.15550E-01    0.60886E-17    0.16172E-16
      1      22.146    0.17540E-04   -0.16061E-01   -0.33610E-17    0.11439E-16
      1      21.878    0.17444E-04   -0.16567E-01    0.14049E-17    0.65694E-17
      1      21.609    0.17358E-04   -0.17069E-01    0.48473E-17    0.10706E-16
      1      21.341    0.17283E-04   -0.17564E-01    0.86437E-17    0.45395E-17
      1      21.072    0.17219E-04   -0.18052E-01   -0.47872E-17    0.81181E-17
      1      20.803    0.17169E-04   -0.18533E-01    0.10139E-16    0.80943E-17
      1      20.535    0.17131E-04   -0.19008E-01   -0.95416E-17    0.11349E-16
      1      20.266    0.17107E-04   -0.19476E-01    0.10344E-16    0.13555E-16
      1      19.997    0.17097E-04   -0.19937E-01   -0.89271E-18    0.10129E-16
      1      19.729    0.17101E-04   -0.20392E-01    0.48612E-17    0.20496E-16
      1      19.460    0.17121E-04   -0.20841E-01    0.98379E-17    0.55222E-17
      1      19.192    0.17156E-04   -0.21285E-01    0.45709E-17    0.14098E-16
      1      18.923    0.17206E-04   -0.21724E-01    0.13092E-16    0.22940E-16
      1      18.654    0.17271E-04   -0.22160E-01    0.51657E-17    0.13989E-16
      1      18.386    0.17352E-04   -0.22593E-01    0.88065E-17    0.83705E-17
      1      18.117    0.17448E-04   -0.23024E-01    0.75007E-17    0.91381E-17
      1      17.849    0.17560E-04   -0.23454E-01    0.59911E-17    0.17212E-16
      1      17.580    0.17687E-04   -0.23881E-01    0.13194E-16    0.21916E-16
      1      17.311    0.17829E-04   -0.24307E-01    0.78700E-18    0.17333E-16
      1      17.043    0.17986E-04   -0.24731E-01    0.11093E-16    0.18239E-16
      1      16.774    0.18159E-04   -0.25155E-01    0.20776E-16    0.14361E-16
      1      16.505    0.18347E-04   -0.25578E-01    0.20650E-17    0.19228E-16
      1      16.237    0.18550E-04   -0.26000E-01    0.83522E-17    0.15876E-16
      1      15.968    0.18769E-04   -0.26423E-01    0.84904E-17    0.14225E-16
      1      15.700    0.19004E-04   -0.26848E-01    0.16353E-16    0.54472E-17
      1      15.431    0.19254E-04   -0.27274E-01    0.11176E-16    0.92732E-18
      1      15.162    0.19522E-04   -0.27704E-01    0.21292E-16    0.11897E-16
      1      14.894    0.19807E-04   -0.28137E-01    0.13084E-16    0.84889E-17
      1      14.625    0.20109E-04   -0.28577E-01    0.10843E-16    0.95834E-17
      1      14.357    0.20430E-04   -0.29025E-01    0.16835E-16    0.22711E-18
      1      14.088    0.20770E-04   -0.29484E-01    0.15132E-16    0.15816E-18
      1      13.819    0.21131E-04   -0.29956E-01    0.30745E-16    0.16946E-16
      1      13.551    0.21512E-04   -0.30444E-01    0.57921E-17    0.93160E-17
      1      13.282    0.21915E-04   -0.30951E-01    0.15438E-16    0.55888E-17
      1      13.014    0.22343E-04   -0.31479E-01    0.21019E-16    0.13616E-16
      1      12.745    0.22796E-04   -0.32031E-01    0.23652E-16    0.35270E-18
      1      12.476    0.23276E-04   -0.32609E-01    0.53632E-17    0.25301E-16
      1      12.208    0.23785E-04   -0.33214E-01    0.16732E-16    0.91294E-17
      1      11.939    0.24325E-04   -0.33847E-01    0.21697E-16    0.10288E-16
      1      11.670    0.24897E-04   -0.34506E-01    0.11907E-16    0.53237E-17
      1      11.402    0.25501E-04   -0.35183E-01    0.10448E-16    0.42138E-17
      1      11.133    0.26133E-04   -0.35862E-01    0.17173E-16    0.97858E-18
      1      10.865    0.26783E-04   -0.36511E-01   -0.22055E-17   -0.90173E-18
      1      10.596    0.27429E-04   -0.37076E-01    0.33369E-16   -0.10560E-17
      1      10.327    0.28037E-04   -0.37474E-01    0.21268E-16    0.76730E-17
      1      10.059    0.28556E-04   -0.37597E-01    0.81097E-17    0.10025E-16
      1       9.790    0.28932E-04   -0.37331E-01    0.20241E-17    0.97807E-17
      1       9.522    0.29132E-04   -0.36608E-01    0.32442E-16    0.10014E-16
      1       9.253    0.29177E-04   -0.35476E-01    0.19037E-16    0.14885E-16
      1       8.984    0.29123E-04   -0.34047E-01    0.40324E-16    0.50445E-17
      1       8.716    0.29031E-04   -0.32444E-01    0.37412E-16    0.17376E-17
      1       8.447    0.28949E-04   -0.30765E-01    0.21448E-16    0.18117E-17
      1       8.178    0.28910E-04   -0.29074E-01    0.16951E-16    0.44660E-17
      1       7.910    0.28936E-04   -0.27408E-01    0.36911E-16    0.25896E-17
      1       7.641    0.29037E-04   -0.25786E-01   -0.14029E-17    0.91421E-17
      1       7.373    0.29221E-04   -0.24213E-01    0.32346E-16    0.58537E-17
      1       7.104    0.29494E-04   -0.22693E-01    0.61787E-16   -0.23149E-17
      1       6.835    0.29860E-04   -0.21224E-01    0.19677E-16    0.41025E-17
      1       6.567    0.30324E-04   -0.19805E-01    0.45095E-16   -0.10615E-17
      1       6.298    0.30890E-04   -0.18436E-01    0.48803E-16    0.42784E-17
      1       6.030    0.31563E-04   -0.17118E-01    0.42074E-16   -0.29448E-17
      1       5.761    0.32347E-04   -0.15854E-01    0.56514E-16   -0.19375E-17
      1       5.492    0.33246E-04   -0.14647E-01    0.68324E-16   -0.37990E-17
      1       5.224    0.34265E-04   -0.13498E-01    0.23861E-16    0.20556E-17
      1       4.955    0.35406E-04   -0.12410E-01    0.35741E-16    0.96504E-17
      1       4.686    0.36672E-04   -0.11387E-01    0.45370E-16   -0.20413E-18
      1       4.418    0.38063E-04   -0.10431E-01    0.45882E-16    0.73077E-17
      1       4.149    0.39578E-04   -0.95456E-02    0.80593E-16   -0.61375E-19
      1       3.881    0.41213E-04   -0.87347E-02    0.89129E-16   -0.64261E-17
      1       3.612    0.42959E-04   -0.80023E-02    0.30027E-16   -0.81333E-17
      1       3.343    0.44802E-04   -0.73502E-02    0.53264E-16    0.47353E-17
      1       3.075    0.46715E-04   -0.67662E-02    0.30729E-16    0.56884E-17
      1       2.806    0.48657E-04   -0.62285E-02    0.39362E-16    0.97099E-18
      1       2.538    0.50573E-04   -0.57126E-02    0.25287E-16    0.22401E-17
      1       2.269    0.52383E-04   -0.51943E-02    0.54087E-16   -0.13566E-17
      1       2.000    0.53978E-04   -0.46527E-02    0.60294E-16   -0.75636E-17
      1       1.732    0.55212E-04   -0.40730E-02    0.56067E-16   -0.14381E-18
      1       1.463    0.55876E-04   -0.34494E-02    0.77482E-16   -0.35715E-17
      1       1.194    0.55688E-04   -0.28029E-02    0.74979E-16   -0.74359E-17
      1       0.926    0.54252E-04   -0.21956E-02    0.82647E-16   -0.21328E-17
      1       0.657    0.50853E-04   -0.16676E-02    0.77758E-16    0.54156E-17
      1       0.389    0.43926E-04   -0.12230E-02    0.55051E-16   -0.25748E-17
      1       0.120    0.27987E-04   -0.65232E-03    0.26914E-16    0.50651E-19
