   3N SYSTEM INCLUSIVE  PHOTODESINTEGRATION
        DETECTED PARTICLE: 1- PROTON
        NOT DETECTED PARTICLES:2- PROTON  3-NEUTRON

      OMEGA 0.10000E+03
     MTTWE1,MTTWE2,MTTWE3=    1    1   -1
     TH1LAB,PHI1LAB=    10.000     0.000
   Unit of cross sections ... fm**2/(MeV*sr**2)
      I       E1      CROSS           AX           AY           AZ
      1      72.660    0.76006E-07   -0.10950E+00   -0.21296E-18    0.31429E-17
      1      72.647    0.22558E-04   -0.10878E+00    0.64072E-18    0.21468E-17
      1      72.640    0.25626E-04   -0.10831E+00   -0.37478E-18    0.40887E-17
      1      72.634    0.27651E-04   -0.10781E+00    0.36076E-18    0.20660E-16
      1      72.627    0.29058E-04   -0.10730E+00   -0.25173E-17    0.62428E-17
      1      72.620    0.30066E-04   -0.10679E+00   -0.23782E-17   -0.10993E-17
      1      72.614    0.30802E-04   -0.10626E+00    0.10887E-17    0.11890E-17
      1      72.607    0.31346E-04   -0.10573E+00    0.33151E-17    0.13863E-16
      1      72.600    0.31749E-04   -0.10520E+00   -0.24674E-17   -0.36717E-17
      1      72.594    0.32048E-04   -0.10468E+00    0.55445E-17   -0.68967E-17
      1      72.587    0.32270E-04   -0.10416E+00   -0.47905E-17    0.12957E-17
      1      72.580    0.32433E-04   -0.10364E+00   -0.28718E-17    0.21035E-16
      1      72.574    0.32551E-04   -0.10314E+00    0.50710E-18   -0.12651E-16
      1      72.567    0.32634E-04   -0.10265E+00    0.57695E-17    0.80148E-17
      1      72.560    0.32689E-04   -0.10216E+00    0.27993E-17    0.47959E-17
      1      72.554    0.32724E-04   -0.10169E+00    0.21714E-18   -0.22159E-17
      1      72.547    0.32743E-04   -0.10123E+00   -0.69893E-18    0.15874E-16
      1      72.540    0.32749E-04   -0.10079E+00    0.63997E-18    0.55025E-17
      1      72.142    0.31818E-04   -0.87272E-01   -0.11778E-17    0.71277E-17
      1      71.744    0.31538E-04   -0.81063E-01   -0.91330E-17    0.24551E-17
      1      71.346    0.31502E-04   -0.76690E-01   -0.72431E-17    0.44502E-17
      1      70.949    0.31493E-04   -0.73148E-01   -0.21729E-17    0.20105E-18
      1      70.551    0.31491E-04   -0.70008E-01   -0.22838E-18    0.18254E-16
      1      70.153    0.31541E-04   -0.67058E-01   -0.21042E-17    0.29988E-17
      1      69.755    0.31694E-04   -0.64207E-01   -0.94813E-18    0.75621E-17
      1      69.357    0.31996E-04   -0.61449E-01   -0.25343E-17    0.38412E-17
      1      68.959    0.32468E-04   -0.58814E-01   -0.38527E-17    0.17611E-17
      1      68.561    0.33082E-04   -0.56336E-01   -0.16356E-17    0.17534E-17
      1      68.163    0.33806E-04   -0.54042E-01   -0.22578E-18   -0.36015E-17
      1      67.765    0.34612E-04   -0.51952E-01   -0.15918E-17   -0.94362E-17
      1      67.367    0.35477E-04   -0.50064E-01   -0.53135E-17    0.13902E-16
      1      66.969    0.36378E-04   -0.48354E-01   -0.24864E-17    0.17024E-16
      1      66.572    0.37298E-04   -0.46785E-01   -0.41282E-17   -0.16431E-17
      1      66.174    0.38220E-04   -0.45313E-01   -0.31766E-17    0.20445E-17
      1      65.776    0.39131E-04   -0.43895E-01   -0.60696E-17    0.91589E-17
      1      65.378    0.40017E-04   -0.42495E-01   -0.63707E-17    0.85075E-17
      1      64.980    0.40869E-04   -0.41080E-01   -0.50427E-17    0.94180E-17
      1      64.582    0.41677E-04   -0.39626E-01   -0.65313E-17    0.68080E-17
      1      64.184    0.42433E-04   -0.38122E-01   -0.38419E-18    0.14480E-16
      1      63.786    0.43137E-04   -0.36589E-01   -0.19316E-17    0.81376E-18
      1      63.388    0.43788E-04   -0.35062E-01   -0.68784E-17   -0.71984E-19
      1      62.990    0.44386E-04   -0.33572E-01   -0.94708E-17   -0.11013E-17
      1      62.592    0.44927E-04   -0.32147E-01   -0.82395E-17   -0.43389E-17
      1      62.194    0.45408E-04   -0.30806E-01   -0.29133E-17    0.13952E-17
      1      61.797    0.45824E-04   -0.29562E-01   -0.58504E-17    0.15503E-17
      1      61.399    0.46171E-04   -0.28421E-01   -0.96977E-17    0.13081E-17
      1      61.001    0.46447E-04   -0.27387E-01    0.37108E-17    0.54224E-18
      1      60.603    0.46646E-04   -0.26456E-01   -0.58658E-17   -0.10685E-17
      1      60.205    0.46768E-04   -0.25620E-01   -0.37061E-17    0.33004E-18
      1      59.807    0.46811E-04   -0.24864E-01   -0.88000E-17    0.43598E-17
      1      59.409    0.46776E-04   -0.24173E-01   -0.86671E-17   -0.58799E-17
      1      59.011    0.46663E-04   -0.23530E-01   -0.76538E-17   -0.15984E-17
      1      58.613    0.46475E-04   -0.22919E-01   -0.96270E-17   -0.49879E-17
      1      58.215    0.46213E-04   -0.22328E-01   -0.84161E-17    0.10926E-16
      1      57.817    0.45882E-04   -0.21747E-01   -0.52725E-17   -0.93516E-17
      1      57.419    0.45483E-04   -0.21169E-01    0.16898E-16   -0.37525E-18
      1      57.022    0.45021E-04   -0.20591E-01   -0.10602E-16   -0.20437E-17
      1      56.624    0.44498E-04   -0.20013E-01   -0.20931E-17   -0.17136E-17
      1      56.226    0.43917E-04   -0.19441E-01   -0.82364E-18   -0.76554E-17
      1      55.828    0.43282E-04   -0.18879E-01    0.66630E-19    0.59629E-17
      1      55.430    0.42595E-04   -0.18334E-01   -0.89408E-17   -0.22428E-17
      1      55.032    0.41859E-04   -0.17814E-01    0.90133E-17   -0.54478E-17
      1      54.634    0.41078E-04   -0.17322E-01   -0.11798E-16   -0.41108E-17
      1      54.236    0.40256E-04   -0.16858E-01   -0.14639E-16   -0.91601E-17
      1      53.838    0.39395E-04   -0.16423E-01   -0.20997E-16   -0.55981E-17
      1      53.440    0.38503E-04   -0.16013E-01   -0.19285E-16    0.31358E-17
      1      53.042    0.37585E-04   -0.15624E-01   -0.11744E-16    0.17874E-17
      1      52.645    0.36647E-04   -0.15253E-01   -0.19294E-16   -0.16217E-17
      1      52.247    0.35694E-04   -0.14892E-01    0.19772E-18   -0.11163E-16
      1      51.849    0.34731E-04   -0.14538E-01   -0.10696E-16   -0.12800E-16
      1      51.451    0.33765E-04   -0.14183E-01   -0.39374E-17   -0.24734E-17
      1      51.053    0.32800E-04   -0.13819E-01   -0.14677E-16   -0.72162E-17
      1      50.655    0.31841E-04   -0.13438E-01   -0.83196E-17    0.79726E-17
      1      50.257    0.30893E-04   -0.13030E-01   -0.91487E-17   -0.31254E-17
      1      49.859    0.29962E-04   -0.12590E-01   -0.43584E-17   -0.79330E-17
      1      49.461    0.29050E-04   -0.12117E-01   -0.83058E-17    0.44086E-18
      1      49.063    0.28163E-04   -0.11613E-01   -0.94357E-17    0.46501E-17
      1      48.665    0.27303E-04   -0.11081E-01   -0.99470E-17   -0.55462E-17
      1      48.267    0.26473E-04   -0.10528E-01   -0.13682E-16   -0.20940E-17
      1      47.870    0.25676E-04   -0.99603E-02   -0.92490E-17   -0.35323E-17
      1      47.472    0.24913E-04   -0.93895E-02   -0.51987E-17   -0.13006E-18
      1      47.074    0.24185E-04   -0.88334E-02   -0.97706E-17    0.20456E-17
      1      46.676    0.23492E-04   -0.83079E-02   -0.48441E-17   -0.16990E-17
      1      46.278    0.22833E-04   -0.78258E-02   -0.96900E-17   -0.59842E-17
      1      45.880    0.22209E-04   -0.74007E-02   -0.14272E-16   -0.61192E-18
      1      45.482    0.21617E-04   -0.70411E-02    0.79072E-17    0.26298E-17
      1      45.084    0.21056E-04   -0.67510E-02   -0.44927E-17    0.18543E-17
      1      44.686    0.20526E-04   -0.65322E-02   -0.53591E-17    0.67096E-17
      1      44.288    0.20024E-04   -0.63809E-02   -0.84420E-17    0.34164E-17
      1      43.890    0.19548E-04   -0.62916E-02    0.84241E-17   -0.12469E-17
      1      43.493    0.19097E-04   -0.62574E-02   -0.66271E-17    0.51776E-17
      1      43.095    0.18669E-04   -0.62710E-02    0.49327E-17    0.10314E-16
      1      42.697    0.18263E-04   -0.63265E-02   -0.66375E-17   -0.41518E-17
      1      42.299    0.17877E-04   -0.64197E-02    0.17640E-16    0.80093E-17
      1      41.901    0.17511E-04   -0.65442E-02    0.56149E-17    0.11681E-16
      1      41.503    0.17164E-04   -0.66921E-02   -0.33474E-17    0.33958E-17
      1      41.105    0.16835E-04   -0.68567E-02   -0.90752E-17    0.11984E-16
      1      40.707    0.16523E-04   -0.70322E-02    0.46045E-18    0.28931E-17
      1      40.309    0.16227E-04   -0.72130E-02    0.84819E-17    0.59137E-17
      1      39.911    0.15948E-04   -0.73944E-02    0.53561E-17    0.11719E-16
      1      39.513    0.15684E-04   -0.75726E-02    0.50525E-17    0.13968E-16
      1      39.115    0.15436E-04   -0.77449E-02   -0.84106E-17    0.44116E-17
      1      38.718    0.15201E-04   -0.79095E-02    0.21306E-17    0.15854E-16
      1      38.320    0.14981E-04   -0.80661E-02   -0.18050E-17    0.19179E-16
      1      37.922    0.14775E-04   -0.82156E-02   -0.31921E-17    0.80110E-17
      1      37.524    0.14581E-04   -0.83596E-02    0.13802E-16    0.12958E-16
      1      37.126    0.14401E-04   -0.84998E-02    0.98557E-17    0.10923E-16
      1      36.728    0.14232E-04   -0.86374E-02   -0.15979E-17    0.11468E-16
      1      36.330    0.14075E-04   -0.87743E-02    0.11118E-16    0.79484E-17
      1      35.932    0.13929E-04   -0.89145E-02    0.64479E-17    0.66990E-17
      1      35.534    0.13794E-04   -0.90632E-02   -0.25579E-17    0.11452E-16
      1      35.136    0.13669E-04   -0.92247E-02    0.15915E-16    0.17334E-16
      1      34.738    0.13555E-04   -0.94030E-02    0.15166E-16    0.79829E-17
      1      34.341    0.13450E-04   -0.96018E-02    0.71480E-17   -0.60889E-17
      1      33.943    0.13354E-04   -0.98233E-02    0.13434E-16    0.88739E-17
      1      33.545    0.13268E-04   -0.10069E-01    0.12087E-16    0.12516E-16
      1      33.147    0.13190E-04   -0.10341E-01    0.14060E-16    0.21214E-16
      1      32.749    0.13120E-04   -0.10639E-01    0.11654E-16    0.75386E-17
      1      32.351    0.13059E-04   -0.10963E-01    0.13175E-16    0.48400E-17
      1      31.953    0.13005E-04   -0.11313E-01    0.34225E-17   -0.29329E-17
      1      31.555    0.12959E-04   -0.11687E-01    0.13250E-16    0.16833E-16
      1      31.157    0.12921E-04   -0.12086E-01   -0.68083E-17    0.35643E-17
      1      30.759    0.12891E-04   -0.12510E-01    0.15468E-17    0.46008E-17
      1      30.361    0.12868E-04   -0.12958E-01    0.14365E-16    0.17659E-16
      1      29.963    0.12852E-04   -0.13431E-01    0.22490E-16    0.13031E-16
      1      29.566    0.12844E-04   -0.13927E-01    0.17372E-16    0.17275E-16
      1      29.168    0.12843E-04   -0.14448E-01    0.14255E-16   -0.24886E-17
      1      28.770    0.12850E-04   -0.14993E-01    0.11081E-16    0.44866E-17
      1      28.372    0.12865E-04   -0.15564E-01    0.15605E-16   -0.34144E-17
      1      27.974    0.12887E-04   -0.16160E-01    0.16517E-16    0.39130E-18
      1      27.576    0.12917E-04   -0.16784E-01    0.14588E-16    0.21668E-18
      1      27.178    0.12955E-04   -0.17436E-01    0.27308E-16    0.24896E-18
      1      26.780    0.13000E-04   -0.18118E-01    0.19407E-16    0.12938E-16
      1      26.382    0.13053E-04   -0.18831E-01    0.17304E-16   -0.42785E-17
      1      25.984    0.13115E-04   -0.19578E-01    0.14098E-16    0.41935E-17
      1      25.586    0.13184E-04   -0.20362E-01    0.21835E-16    0.17240E-17
      1      25.189    0.13263E-04   -0.21184E-01    0.21474E-16   -0.57422E-17
      1      24.791    0.13350E-04   -0.22045E-01   -0.37588E-17    0.21204E-17
      1      24.393    0.13446E-04   -0.22946E-01    0.20502E-17   -0.41045E-17
      1      23.995    0.13551E-04   -0.23884E-01    0.33266E-16   -0.12293E-18
      1      23.597    0.13664E-04   -0.24851E-01    0.21865E-16   -0.45100E-17
      1      23.199    0.13782E-04   -0.25828E-01    0.36614E-16   -0.97365E-17
      1      22.801    0.13899E-04   -0.26784E-01    0.97815E-17    0.15202E-18
      1      22.403    0.14004E-04   -0.27664E-01    0.17364E-16    0.19694E-16
      1      22.005    0.14084E-04   -0.28395E-01    0.16163E-16    0.12915E-16
      1      21.607    0.14123E-04   -0.28897E-01    0.34648E-16    0.46831E-17
      1      21.209    0.14111E-04   -0.29117E-01   -0.11311E-16   -0.29910E-17
      1      20.811    0.14052E-04   -0.29068E-01    0.18703E-16    0.24475E-17
      1      20.414    0.13959E-04   -0.28815E-01    0.30578E-16    0.17446E-16
      1      20.016    0.13851E-04   -0.28435E-01    0.23613E-16    0.53870E-17
      1      19.618    0.13740E-04   -0.27991E-01    0.25845E-16    0.18183E-17
      1      19.220    0.13637E-04   -0.27525E-01    0.19597E-16   -0.26847E-16
      1      18.822    0.13548E-04   -0.27062E-01    0.13894E-16    0.56654E-17
      1      18.424    0.13479E-04   -0.26614E-01    0.39644E-17   -0.30666E-17
      1      18.026    0.13430E-04   -0.26183E-01    0.25058E-16   -0.33735E-17
      1      17.628    0.13407E-04   -0.25770E-01    0.63350E-17   -0.57739E-17
      1      17.230    0.13410E-04   -0.25370E-01    0.28022E-17    0.20576E-16
      1      16.832    0.13443E-04   -0.24980E-01    0.23076E-16   -0.27951E-17
      1      16.434    0.13510E-04   -0.24596E-01    0.24187E-16    0.38196E-18
      1      16.037    0.13613E-04   -0.24214E-01    0.34720E-16    0.21274E-17
      1      15.639    0.13757E-04   -0.23827E-01    0.34389E-16   -0.17525E-16
      1      15.241    0.13946E-04   -0.23427E-01    0.24751E-16   -0.22747E-16
      1      14.843    0.14184E-04   -0.23008E-01    0.26452E-16   -0.29624E-16
      1      14.445    0.14474E-04   -0.22558E-01   -0.26869E-18    0.10445E-17
      1      14.047    0.14823E-04   -0.22073E-01    0.32134E-16   -0.87710E-17
      1      13.649    0.15235E-04   -0.21547E-01    0.18518E-16   -0.11471E-16
      1      13.251    0.15716E-04   -0.20982E-01    0.42274E-16   -0.33207E-17
      1      12.853    0.16270E-04   -0.20384E-01    0.26632E-16    0.35768E-17
      1      12.455    0.16905E-04   -0.19766E-01    0.26570E-16   -0.10327E-16
      1      12.057    0.17627E-04   -0.19147E-01    0.15371E-16   -0.16975E-17
      1      11.659    0.18442E-04   -0.18555E-01    0.14294E-16   -0.18334E-17
      1      11.262    0.19360E-04   -0.18020E-01    0.31385E-16    0.13286E-16
      1      10.864    0.20391E-04   -0.17558E-01    0.28406E-16    0.25118E-16
      1      10.466    0.21548E-04   -0.17158E-01    0.37721E-16   -0.60403E-17
      1      10.068    0.22843E-04   -0.16784E-01    0.34252E-16    0.40765E-17
      1       9.670    0.24292E-04   -0.16387E-01    0.65202E-17   -0.24204E-18
      1       9.272    0.25910E-04   -0.15915E-01    0.47962E-16   -0.45612E-17
      1       8.874    0.27712E-04   -0.15323E-01    0.26084E-16   -0.54484E-18
      1       8.476    0.29715E-04   -0.14586E-01    0.88807E-16    0.79441E-17
      1       8.078    0.31938E-04   -0.13699E-01    0.81666E-16   -0.56422E-18
      1       7.680    0.34399E-04   -0.12680E-01    0.21975E-16    0.69134E-18
      1       7.282    0.37116E-04   -0.11574E-01    0.69987E-16   -0.11699E-16
      1       6.885    0.40097E-04   -0.10490E-01    0.33741E-16   -0.60870E-17
      1       6.487    0.43331E-04   -0.95306E-02    0.77670E-16   -0.14054E-16
      1       6.089    0.46796E-04   -0.87294E-02    0.70104E-16    0.38828E-17
      1       5.691    0.50461E-04   -0.81073E-02    0.59028E-16   -0.86089E-18
      1       5.293    0.54288E-04   -0.77327E-02    0.49557E-16   -0.13063E-16
      1       4.895    0.58234E-04   -0.77752E-02    0.62538E-16    0.79562E-17
      1       4.497    0.62260E-04   -0.85462E-02    0.18209E-16   -0.22727E-17
      1       4.099    0.66332E-04   -0.10497E-01    0.45190E-16    0.43105E-17
      1       3.701    0.70473E-04   -0.13406E-01    0.37418E-16   -0.21954E-17
      1       3.303    0.74651E-04   -0.15829E-01    0.34108E-16    0.11969E-18
      1       2.905    0.78689E-04   -0.16179E-01    0.63160E-16   -0.84012E-18
      1       2.507    0.82310E-04   -0.13699E-01    0.63902E-16    0.48934E-17
      1       2.110    0.85145E-04   -0.90183E-02    0.66069E-16    0.19132E-17
      1       1.712    0.86601E-04   -0.41407E-02    0.37634E-16    0.77020E-18
      1       1.314    0.85448E-04   -0.15810E-02    0.48720E-16   -0.41407E-17
      1       0.916    0.79522E-04   -0.15276E-02    0.27505E-16   -0.33188E-17
      1       0.518    0.65303E-04   -0.13098E-02    0.14756E-16    0.86898E-18
      1       0.120    0.33915E-04   -0.24145E-03    0.36962E-16   -0.64789E-17
