   3N SYSTEM INCLUSIVE  PHOTODESINTEGRATION
        DETECTED PARTICLE: 1- PROTON
        NOT DETECTED PARTICLES:2- PROTON  3-NEUTRON

      OMEGA 0.30000E+02
     MTTWE1,MTTWE2,MTTWE3=    1    1   -1
     TH1LAB,PHI1LAB=    50.000     0.000
   Unit of cross sections ... fm**2/(MeV*sr**2)
      I       E1      CROSS           AX           AY           AZ
      1      15.877    0.30121E-05   -0.90964E+00   -0.22113E-18   -0.12312E-17
      1      15.864    0.86739E-03   -0.90755E+00   -0.37625E-19    0.15325E-17
      1      15.857    0.97058E-03   -0.90694E+00    0.27158E-18   -0.10858E-17
      1      15.850    0.10315E-02   -0.90638E+00   -0.35637E-18   -0.11476E-17
      1      15.844    0.10678E-02   -0.90585E+00   -0.96063E-19    0.42693E-18
      1      15.837    0.10887E-02   -0.90534E+00    0.19025E-17    0.17389E-17
      1      15.830    0.10995E-02   -0.90486E+00    0.70447E-18   -0.81739E-18
      1      15.824    0.11037E-02   -0.90439E+00    0.26633E-18   -0.77882E-18
      1      15.817    0.11034E-02   -0.90395E+00   -0.14380E-17   -0.18802E-17
      1      15.810    0.11000E-02   -0.90354E+00    0.14066E-18   -0.35981E-17
      1      15.804    0.10946E-02   -0.90314E+00    0.83170E-18   -0.14792E-17
      1      15.797    0.10878E-02   -0.90276E+00   -0.33939E-17    0.14335E-17
      1      15.790    0.10802E-02   -0.90240E+00   -0.93747E-18    0.22949E-17
      1      15.784    0.10721E-02   -0.90207E+00    0.74364E-18    0.84335E-19
      1      15.777    0.10638E-02   -0.90175E+00   -0.50888E-17   -0.93179E-17
      1      15.770    0.10553E-02   -0.90145E+00    0.29833E-18    0.26675E-17
      1      15.764    0.10468E-02   -0.90116E+00   -0.49243E-18   -0.16588E-18
      1      15.757    0.10384E-02   -0.90088E+00   -0.82801E-18   -0.26535E-17
      1      15.671    0.93969E-03   -0.89789E+00    0.16402E-18    0.99276E-18
      1      15.585    0.86293E-03   -0.89532E+00    0.40530E-17   -0.74944E-17
      1      15.499    0.80469E-03   -0.89299E+00    0.12128E-17   -0.84688E-17
      1      15.413    0.75942E-03   -0.89081E+00   -0.47824E-17    0.16728E-18
      1      15.327    0.72292E-03   -0.88867E+00   -0.33792E-17   -0.85055E-17
      1      15.241    0.69252E-03   -0.88648E+00   -0.18340E-17   -0.84481E-19
      1      15.156    0.66649E-03   -0.88418E+00    0.25242E-17    0.28240E-17
      1      15.070    0.64372E-03   -0.88174E+00    0.86654E-18   -0.56400E-17
      1      14.984    0.62344E-03   -0.87912E+00    0.73441E-17    0.11368E-17
      1      14.898    0.60511E-03   -0.87630E+00   -0.65131E-17   -0.48332E-17
      1      14.812    0.58841E-03   -0.87329E+00    0.13653E-17    0.71153E-18
      1      14.726    0.57310E-03   -0.87008E+00    0.53576E-17    0.11267E-16
      1      14.640    0.55901E-03   -0.86671E+00    0.59840E-17    0.15084E-16
      1      14.554    0.54600E-03   -0.86316E+00    0.47047E-17    0.32027E-17
      1      14.468    0.53395E-03   -0.85946E+00    0.89954E-17    0.27068E-17
      1      14.382    0.52275E-03   -0.85560E+00    0.73508E-17   -0.98637E-17
      1      14.296    0.51230E-03   -0.85158E+00    0.30337E-17   -0.88313E-19
      1      14.210    0.50252E-03   -0.84741E+00   -0.97488E-17   -0.22452E-16
      1      14.125    0.49336E-03   -0.84308E+00   -0.47520E-18   -0.71781E-17
      1      14.039    0.48474E-03   -0.83858E+00   -0.18208E-18   -0.19904E-16
      1      13.953    0.47663E-03   -0.83393E+00   -0.21791E-18   -0.21505E-17
      1      13.867    0.46899E-03   -0.82912E+00    0.58480E-18   -0.18104E-16
      1      13.781    0.46180E-03   -0.82416E+00    0.55841E-18   -0.31682E-16
      1      13.695    0.45504E-03   -0.81905E+00    0.21768E-17   -0.62077E-17
      1      13.609    0.44871E-03   -0.81381E+00    0.61449E-17   -0.11632E-16
      1      13.523    0.44279E-03   -0.80845E+00   -0.95656E-18   -0.25632E-16
      1      13.437    0.43725E-03   -0.80299E+00    0.82986E-18    0.13533E-16
      1      13.351    0.43210E-03   -0.79744E+00   -0.59351E-17   -0.18332E-16
      1      13.265    0.42731E-03   -0.79182E+00    0.17287E-16    0.30841E-16
      1      13.179    0.42287E-03   -0.78614E+00    0.86237E-17   -0.30157E-17
      1      13.094    0.41876E-03   -0.78043E+00    0.13627E-16    0.13280E-16
      1      13.008    0.41497E-03   -0.77468E+00    0.49310E-17    0.18820E-16
      1      12.922    0.41147E-03   -0.76891E+00    0.16157E-16    0.11310E-16
      1      12.836    0.40825E-03   -0.76312E+00   -0.62817E-17    0.37719E-16
      1      12.750    0.40527E-03   -0.75731E+00    0.23631E-16    0.37138E-16
      1      12.664    0.40254E-03   -0.75149E+00   -0.12566E-16    0.23555E-16
      1      12.578    0.40002E-03   -0.74565E+00    0.34289E-19   -0.62348E-17
      1      12.492    0.39772E-03   -0.73980E+00   -0.75753E-17    0.14504E-16
      1      12.406    0.39561E-03   -0.73394E+00    0.56876E-18   -0.11394E-18
      1      12.320    0.39369E-03   -0.72808E+00    0.19076E-16   -0.40459E-17
      1      12.234    0.39195E-03   -0.72222E+00   -0.14379E-16    0.13077E-16
      1      12.148    0.39041E-03   -0.71638E+00   -0.12567E-17   -0.96778E-17
      1      12.063    0.38905E-03   -0.71057E+00   -0.24251E-18    0.89989E-17
      1      11.977    0.38789E-03   -0.70479E+00    0.61724E-17    0.77266E-17
      1      11.891    0.38693E-03   -0.69908E+00    0.14418E-16    0.18862E-16
      1      11.805    0.38616E-03   -0.69343E+00    0.49311E-17    0.23647E-16
      1      11.719    0.38560E-03   -0.68786E+00   -0.93041E-19   -0.14911E-16
      1      11.633    0.38524E-03   -0.68238E+00    0.34070E-16   -0.19076E-16
      1      11.547    0.38508E-03   -0.67699E+00    0.25596E-16    0.81009E-17
      1      11.461    0.38512E-03   -0.67169E+00    0.30832E-16    0.43962E-17
      1      11.375    0.38536E-03   -0.66650E+00    0.31587E-16   -0.13919E-16
      1      11.289    0.38579E-03   -0.66142E+00   -0.91901E-17    0.28696E-16
      1      11.203    0.38641E-03   -0.65644E+00    0.17094E-16    0.86812E-17
      1      11.117    0.38721E-03   -0.65157E+00   -0.26074E-16   -0.10789E-16
      1      11.031    0.38818E-03   -0.64681E+00   -0.11862E-16   -0.52037E-17
      1      10.946    0.38932E-03   -0.64215E+00    0.29932E-17    0.43133E-16
      1      10.860    0.39063E-03   -0.63759E+00    0.37062E-18    0.21588E-16
      1      10.774    0.39209E-03   -0.63312E+00   -0.11417E-16    0.16163E-16
      1      10.688    0.39372E-03   -0.62874E+00    0.14450E-16    0.43392E-16
      1      10.602    0.39550E-03   -0.62445E+00   -0.52408E-17   -0.54585E-18
      1      10.516    0.39744E-03   -0.62024E+00   -0.64010E-17    0.18147E-16
      1      10.430    0.39955E-03   -0.61611E+00    0.26022E-16    0.10887E-16
      1      10.344    0.40182E-03   -0.61205E+00    0.76586E-17    0.12192E-16
      1      10.258    0.40427E-03   -0.60808E+00    0.94503E-17   -0.17590E-17
      1      10.172    0.40691E-03   -0.60420E+00    0.40663E-16   -0.71303E-17
      1      10.086    0.40974E-03   -0.60041E+00    0.30201E-17    0.88317E-17
      1      10.000    0.41279E-03   -0.59673E+00   -0.98654E-17    0.10284E-16
      1       9.915    0.41605E-03   -0.59318E+00    0.20332E-16   -0.16417E-16
      1       9.829    0.41955E-03   -0.58976E+00   -0.13462E-16   -0.28999E-16
      1       9.743    0.42328E-03   -0.58648E+00    0.74758E-17    0.48900E-16
      1       9.657    0.42728E-03   -0.58336E+00   -0.15275E-16    0.22837E-16
      1       9.571    0.43152E-03   -0.58040E+00   -0.68250E-17    0.34016E-16
      1       9.485    0.43603E-03   -0.57760E+00    0.11888E-16    0.27037E-16
      1       9.399    0.44081E-03   -0.57498E+00   -0.31475E-16    0.19037E-16
      1       9.313    0.44584E-03   -0.57251E+00    0.60680E-17    0.61824E-16
      1       9.227    0.45114E-03   -0.57021E+00    0.12274E-16    0.30955E-16
      1       9.141    0.45672E-03   -0.56808E+00   -0.54242E-16    0.29152E-17
      1       9.055    0.46256E-03   -0.56611E+00   -0.16430E-16    0.16001E-16
      1       8.969    0.46868E-03   -0.56430E+00    0.58275E-17   -0.37614E-17
      1       8.884    0.47507E-03   -0.56264E+00   -0.14069E-16    0.20361E-16
      1       8.798    0.48174E-03   -0.56113E+00    0.11738E-16    0.30185E-16
      1       8.712    0.48869E-03   -0.55977E+00   -0.24278E-16    0.58113E-17
      1       8.626    0.49593E-03   -0.55855E+00    0.22276E-16    0.16974E-16
      1       8.540    0.50345E-03   -0.55747E+00    0.96032E-17    0.29351E-16
      1       8.454    0.51126E-03   -0.55652E+00    0.31515E-16    0.31566E-16
      1       8.368    0.51937E-03   -0.55570E+00    0.74560E-17    0.37027E-18
      1       8.282    0.52778E-03   -0.55501E+00   -0.11425E-17    0.31036E-16
      1       8.196    0.53650E-03   -0.55444E+00    0.91426E-17    0.16626E-16
      1       8.110    0.54554E-03   -0.55399E+00    0.27298E-17   -0.84132E-17
      1       8.024    0.55491E-03   -0.55367E+00   -0.34683E-16    0.16780E-16
      1       7.938    0.56463E-03   -0.55347E+00    0.44976E-16    0.73443E-17
      1       7.853    0.57471E-03   -0.55341E+00    0.23626E-16    0.69303E-17
      1       7.767    0.58516E-03   -0.55347E+00   -0.38469E-16   -0.17231E-17
      1       7.681    0.59600E-03   -0.55366E+00   -0.20737E-16    0.70927E-18
      1       7.595    0.60724E-03   -0.55399E+00   -0.12421E-16    0.15859E-16
      1       7.509    0.61891E-03   -0.55445E+00    0.50933E-16    0.52158E-17
      1       7.423    0.63100E-03   -0.55505E+00   -0.22768E-16    0.20640E-16
      1       7.337    0.64355E-03   -0.55579E+00    0.48362E-16    0.39807E-17
      1       7.251    0.65654E-03   -0.55666E+00    0.21100E-16   -0.22928E-17
      1       7.165    0.66999E-03   -0.55766E+00    0.98730E-17   -0.16061E-16
      1       7.079    0.68391E-03   -0.55879E+00    0.66275E-17    0.33457E-16
      1       6.993    0.69832E-03   -0.56005E+00   -0.31407E-16    0.72686E-17
      1       6.907    0.71322E-03   -0.56144E+00    0.15400E-16    0.16701E-16
      1       6.822    0.72863E-03   -0.56295E+00    0.48705E-16   -0.80473E-17
      1       6.736    0.74455E-03   -0.56458E+00    0.14381E-16    0.36236E-16
      1       6.650    0.76100E-03   -0.56634E+00    0.12846E-16    0.22957E-16
      1       6.564    0.77800E-03   -0.56822E+00    0.77143E-16    0.31064E-16
      1       6.478    0.79556E-03   -0.57022E+00   -0.11369E-16    0.28685E-16
      1       6.392    0.81369E-03   -0.57235E+00    0.37347E-18    0.19950E-16
      1       6.306    0.83242E-03   -0.57460E+00    0.65066E-16   -0.15981E-16
      1       6.220    0.85177E-03   -0.57696E+00   -0.10660E-16   -0.70851E-19
      1       6.134    0.87174E-03   -0.57945E+00    0.58182E-16    0.47511E-17
      1       6.048    0.89237E-03   -0.58206E+00    0.51916E-16    0.13566E-16
      1       5.962    0.91366E-03   -0.58479E+00    0.74699E-16    0.70022E-17
      1       5.876    0.93564E-03   -0.58764E+00   -0.44344E-16    0.12803E-16
      1       5.791    0.95831E-03   -0.59060E+00    0.32288E-16    0.82138E-17
      1       5.705    0.98170E-03   -0.59367E+00   -0.67756E-16   -0.49249E-18
      1       5.619    0.10058E-02   -0.59686E+00   -0.14237E-16    0.63848E-17
      1       5.533    0.10307E-02   -0.60016E+00    0.22925E-16    0.73950E-17
      1       5.447    0.10564E-02   -0.60358E+00   -0.14626E-16   -0.65471E-17
      1       5.361    0.10829E-02   -0.60710E+00    0.98283E-16   -0.54164E-17
      1       5.275    0.11101E-02   -0.61071E+00    0.34426E-16   -0.14338E-18
      1       5.189    0.11380E-02   -0.61439E+00    0.17436E-16   -0.26396E-17
      1       5.103    0.11665E-02   -0.61809E+00   -0.15600E-17   -0.22420E-18
      1       5.017    0.11954E-02   -0.62178E+00    0.54176E-16    0.11578E-16
      1       4.931    0.12243E-02   -0.62536E+00   -0.79241E-16   -0.23768E-16
      1       4.845    0.12529E-02   -0.62874E+00   -0.28696E-16   -0.87250E-17
      1       4.760    0.12806E-02   -0.63183E+00    0.57239E-16    0.65014E-17
      1       4.674    0.13069E-02   -0.63448E+00    0.10333E-15   -0.34078E-17
      1       4.588    0.13309E-02   -0.63654E+00    0.15859E-15    0.36267E-17
      1       4.502    0.13518E-02   -0.63787E+00    0.64442E-16    0.13640E-16
      1       4.416    0.13687E-02   -0.63831E+00    0.16578E-15    0.10290E-16
      1       4.330    0.13809E-02   -0.63771E+00    0.79197E-16    0.15500E-16
      1       4.244    0.13876E-02   -0.63594E+00    0.82322E-16   -0.22382E-17
      1       4.158    0.13885E-02   -0.63290E+00   -0.67965E-16    0.37606E-18
      1       4.072    0.13836E-02   -0.62860E+00    0.10341E-15    0.17027E-16
      1       3.986    0.13733E-02   -0.62307E+00    0.22167E-15    0.17046E-16
      1       3.900    0.13582E-02   -0.61639E+00   -0.25273E-16   -0.17144E-16
      1       3.814    0.13391E-02   -0.60867E+00    0.69083E-16    0.18236E-16
      1       3.729    0.13168E-02   -0.60003E+00   -0.17059E-15   -0.14491E-16
      1       3.643    0.12920E-02   -0.59059E+00    0.48955E-16    0.13094E-16
      1       3.557    0.12655E-02   -0.58049E+00   -0.25281E-16    0.34068E-17
      1       3.471    0.12379E-02   -0.56983E+00   -0.24942E-16    0.35256E-17
      1       3.385    0.12096E-02   -0.55871E+00    0.42828E-16    0.11393E-16
      1       3.299    0.11811E-02   -0.54720E+00    0.73078E-16   -0.29089E-17
      1       3.213    0.11526E-02   -0.53537E+00   -0.17251E-15   -0.53508E-17
      1       3.127    0.11242E-02   -0.52325E+00   -0.34398E-16    0.22959E-17
      1       3.041    0.10961E-02   -0.51085E+00   -0.23054E-16   -0.26377E-16
      1       2.955    0.10684E-02   -0.49821E+00    0.12540E-15    0.13253E-16
      1       2.869    0.10411E-02   -0.48535E+00   -0.32351E-16    0.10368E-16
      1       2.783    0.10144E-02   -0.47230E+00   -0.60633E-16   -0.12265E-16
      1       2.698    0.98821E-03   -0.45909E+00   -0.15146E-16    0.20860E-18
      1       2.612    0.96271E-03   -0.44574E+00   -0.84354E-16   -0.16954E-16
      1       2.526    0.93788E-03   -0.43229E+00    0.36484E-16   -0.10614E-16
      1       2.440    0.91374E-03   -0.41876E+00    0.84639E-16   -0.15190E-16
      1       2.354    0.89031E-03   -0.40517E+00    0.36484E-16    0.89914E-17
      1       2.268    0.86757E-03   -0.39155E+00   -0.87924E-17   -0.32148E-17
      1       2.182    0.84553E-03   -0.37793E+00   -0.20582E-16    0.95836E-17
      1       2.096    0.82419E-03   -0.36436E+00    0.76018E-16   -0.10210E-16
      1       2.010    0.80352E-03   -0.35085E+00    0.17225E-16   -0.23544E-16
      1       1.924    0.78346E-03   -0.33741E+00   -0.48193E-16    0.14960E-16
      1       1.838    0.76388E-03   -0.32399E+00    0.46834E-17   -0.29144E-16
      1       1.752    0.74464E-03   -0.31051E+00    0.25028E-16   -0.37370E-17
      1       1.667    0.72561E-03   -0.29690E+00    0.42947E-16   -0.88663E-17
      1       1.581    0.70664E-03   -0.28307E+00    0.43933E-16   -0.12828E-16
      1       1.495    0.68759E-03   -0.26893E+00   -0.88631E-17   -0.60684E-18
      1       1.409    0.66834E-03   -0.25438E+00    0.14360E-16   -0.86964E-17
      1       1.323    0.64879E-03   -0.23939E+00    0.86022E-17    0.53095E-17
      1       1.237    0.62885E-03   -0.22391E+00    0.32379E-16   -0.10059E-16
      1       1.151    0.60849E-03   -0.20801E+00    0.53126E-16   -0.73525E-17
      1       1.065    0.58784E-03   -0.19202E+00    0.11186E-15   -0.83333E-17
      1       0.979    0.56693E-03   -0.17624E+00    0.20930E-16   -0.41626E-16
      1       0.893    0.54562E-03   -0.16086E+00    0.76743E-16   -0.56475E-16
      1       0.807    0.52368E-03   -0.14601E+00    0.77742E-16   -0.13914E-16
      1       0.721    0.50085E-03   -0.13192E+00    0.79267E-16    0.20406E-17
      1       0.636    0.47690E-03   -0.11912E+00    0.55983E-16   -0.65197E-17
      1       0.550    0.45164E-03   -0.10865E+00    0.58685E-16    0.41442E-17
      1       0.464    0.42369E-03   -0.99758E-01    0.96413E-16    0.20844E-16
      1       0.378    0.38987E-03   -0.88222E-01    0.65291E-16    0.33530E-17
      1       0.292    0.34710E-03   -0.69701E-01    0.58998E-16   -0.13207E-17
      1       0.206    0.29364E-03   -0.44653E-01    0.81897E-16    0.53673E-17
      1       0.120    0.22659E-03   -0.22137E-01    0.81278E-16   -0.20878E-16
