   3N SYSTEM INCLUSIVE  PHOTODESINTEGRATION
        DETECTED PARTICLE: 1- PROTON
        NOT DETECTED PARTICLES:2- PROTON  3-NEUTRON

      OMEGA 0.30000E+02
     MTTWE1,MTTWE2,MTTWE3=    1    1   -1
     TH1LAB,PHI1LAB=    90.000     0.000
   Unit of cross sections ... fm**2/(MeV*sr**2)
      I       E1      CROSS           AX           AY           AZ
      1      14.695    0.27835E-05   -0.94190E+00   -0.27513E-17   -0.89501E-17
      1      14.682    0.79323E-03   -0.94014E+00    0.28066E-18   -0.67627E-18
      1      14.675    0.88440E-03   -0.93957E+00   -0.48287E-18    0.11933E-17
      1      14.668    0.93681E-03   -0.93903E+00    0.19203E-17   -0.20219E-18
      1      14.662    0.96692E-03   -0.93851E+00   -0.19318E-18   -0.18201E-17
      1      14.655    0.98326E-03   -0.93801E+00    0.15044E-17   -0.14752E-17
      1      14.648    0.99077E-03   -0.93752E+00    0.88467E-18   -0.18048E-17
      1      14.642    0.99249E-03   -0.93706E+00    0.17547E-17   -0.48533E-18
      1      14.635    0.99037E-03   -0.93661E+00   -0.41156E-17   -0.71827E-18
      1      14.628    0.98575E-03   -0.93618E+00   -0.28392E-17    0.56757E-17
      1      14.622    0.97950E-03   -0.93577E+00    0.17570E-17    0.14485E-17
      1      14.615    0.97226E-03   -0.93538E+00   -0.31498E-18   -0.19635E-17
      1      14.608    0.96447E-03   -0.93501E+00    0.45755E-18   -0.10953E-16
      1      14.602    0.95643E-03   -0.93466E+00    0.31771E-17    0.30147E-17
      1      14.595    0.94829E-03   -0.93433E+00   -0.38466E-17   -0.60699E-18
      1      14.588    0.94014E-03   -0.93401E+00   -0.28691E-18    0.32945E-17
      1      14.582    0.93206E-03   -0.93370E+00   -0.30635E-17   -0.50119E-18
      1      14.575    0.92406E-03   -0.93341E+00   -0.20468E-17   -0.76157E-17
      1      14.496    0.83962E-03   -0.93042E+00    0.23971E-18   -0.29454E-17
      1      14.416    0.77448E-03   -0.92786E+00    0.12653E-17   -0.25544E-17
      1      14.337    0.72527E-03   -0.92560E+00    0.34089E-17    0.98387E-18
      1      14.257    0.68730E-03   -0.92357E+00    0.11625E-17   -0.41329E-17
      1      14.178    0.65693E-03   -0.92166E+00    0.14424E-17   -0.59130E-17
      1      14.098    0.63179E-03   -0.91978E+00   -0.34330E-17   -0.43867E-17
      1      14.019    0.61038E-03   -0.91787E+00    0.25116E-17   -0.12429E-16
      1      13.940    0.59171E-03   -0.91590E+00    0.81937E-17    0.58430E-17
      1      13.860    0.57509E-03   -0.91381E+00   -0.25175E-17   -0.13345E-16
      1      13.781    0.56006E-03   -0.91160E+00    0.46117E-18   -0.59452E-18
      1      13.701    0.54632E-03   -0.90924E+00   -0.19034E-17   -0.10205E-16
      1      13.622    0.53371E-03   -0.90675E+00    0.66437E-17    0.44897E-17
      1      13.542    0.52211E-03   -0.90414E+00    0.10072E-16   -0.17958E-17
      1      13.463    0.51143E-03   -0.90141E+00    0.37738E-17   -0.11434E-16
      1      13.384    0.50157E-03   -0.89857E+00   -0.13599E-18   -0.53343E-17
      1      13.304    0.49246E-03   -0.89562E+00    0.81711E-17    0.92434E-17
      1      13.225    0.48403E-03   -0.89257E+00    0.13842E-16   -0.24292E-17
      1      13.145    0.47622E-03   -0.88941E+00    0.57212E-18   -0.89197E-17
      1      13.066    0.46898E-03   -0.88615E+00    0.11028E-16    0.24065E-17
      1      12.986    0.46226E-03   -0.88277E+00    0.32761E-17    0.57895E-17
      1      12.907    0.45602E-03   -0.87929E+00    0.48622E-17    0.14658E-16
      1      12.828    0.45023E-03   -0.87570E+00   -0.53308E-17   -0.19612E-16
      1      12.748    0.44487E-03   -0.87201E+00    0.94976E-17    0.95438E-17
      1      12.669    0.43992E-03   -0.86821E+00    0.25713E-17   -0.76231E-18
      1      12.589    0.43537E-03   -0.86431E+00    0.19799E-17    0.43677E-17
      1      12.510    0.43120E-03   -0.86033E+00    0.11994E-16    0.50021E-17
      1      12.431    0.42741E-03   -0.85626E+00   -0.17978E-17    0.43209E-17
      1      12.351    0.42398E-03   -0.85211E+00   -0.24208E-17    0.26094E-16
      1      12.272    0.42089E-03   -0.84791E+00    0.25100E-17   -0.10404E-17
      1      12.192    0.41814E-03   -0.84365E+00   -0.56397E-17    0.27929E-17
      1      12.113    0.41572E-03   -0.83935E+00    0.59206E-17    0.26932E-17
      1      12.033    0.41362E-03   -0.83502E+00   -0.39867E-17    0.49039E-17
      1      11.954    0.41181E-03   -0.83067E+00    0.73542E-17   -0.24677E-16
      1      11.875    0.41028E-03   -0.82630E+00    0.88399E-17    0.48962E-17
      1      11.795    0.40902E-03   -0.82191E+00    0.21497E-17    0.14964E-16
      1      11.716    0.40801E-03   -0.81752E+00   -0.12382E-16    0.14340E-16
      1      11.636    0.40724E-03   -0.81311E+00    0.57781E-17   -0.37559E-18
      1      11.557    0.40668E-03   -0.80869E+00    0.15862E-16   -0.37732E-16
      1      11.477    0.40633E-03   -0.80426E+00   -0.56597E-17    0.17764E-16
      1      11.398    0.40617E-03   -0.79982E+00   -0.10149E-16   -0.84357E-18
      1      11.319    0.40621E-03   -0.79539E+00    0.27917E-16   -0.26689E-16
      1      11.239    0.40643E-03   -0.79095E+00    0.12276E-16    0.93146E-17
      1      11.160    0.40684E-03   -0.78652E+00   -0.39428E-17    0.26695E-16
      1      11.080    0.40743E-03   -0.78211E+00    0.20962E-16   -0.10871E-16
      1      11.001    0.40821E-03   -0.77773E+00    0.82578E-17   -0.71074E-17
      1      10.921    0.40919E-03   -0.77338E+00    0.95875E-17    0.17978E-17
      1      10.842    0.41038E-03   -0.76907E+00   -0.42893E-17    0.16550E-16
      1      10.763    0.41177E-03   -0.76482E+00    0.27904E-16    0.31740E-16
      1      10.683    0.41337E-03   -0.76063E+00    0.22911E-17   -0.14938E-17
      1      10.604    0.41519E-03   -0.75651E+00   -0.10062E-16    0.27181E-16
      1      10.524    0.41721E-03   -0.75245E+00    0.33025E-16    0.16465E-16
      1      10.445    0.41945E-03   -0.74846E+00   -0.32008E-17   -0.20220E-17
      1      10.366    0.42189E-03   -0.74455E+00   -0.16559E-16    0.51073E-17
      1      10.286    0.42455E-03   -0.74072E+00   -0.23107E-16   -0.13694E-16
      1      10.207    0.42740E-03   -0.73696E+00    0.49112E-17   -0.50518E-17
      1      10.127    0.43045E-03   -0.73328E+00    0.22885E-16   -0.52193E-17
      1      10.048    0.43369E-03   -0.72968E+00    0.67401E-17    0.10184E-16
      1       9.968    0.43712E-03   -0.72615E+00    0.28567E-16   -0.87010E-17
      1       9.889    0.44073E-03   -0.72269E+00    0.91879E-17    0.20414E-16
      1       9.810    0.44451E-03   -0.71929E+00   -0.48766E-17    0.16355E-16
      1       9.730    0.44847E-03   -0.71595E+00   -0.18075E-17    0.15494E-16
      1       9.651    0.45260E-03   -0.71268E+00   -0.21414E-16   -0.13084E-16
      1       9.571    0.45690E-03   -0.70946E+00    0.94075E-17   -0.55617E-17
      1       9.492    0.46138E-03   -0.70629E+00    0.18949E-17    0.15558E-16
      1       9.412    0.46603E-03   -0.70318E+00   -0.22009E-16    0.40343E-16
      1       9.333    0.47088E-03   -0.70013E+00   -0.41663E-17    0.31150E-16
      1       9.254    0.47592E-03   -0.69715E+00    0.57819E-17    0.29084E-16
      1       9.174    0.48117E-03   -0.69423E+00   -0.33217E-16    0.95543E-17
      1       9.095    0.48664E-03   -0.69139E+00   -0.15354E-16    0.92860E-17
      1       9.015    0.49235E-03   -0.68864E+00   -0.54294E-17    0.10390E-17
      1       8.936    0.49832E-03   -0.68597E+00   -0.21095E-16    0.19055E-16
      1       8.856    0.50455E-03   -0.68341E+00    0.32605E-16   -0.63112E-17
      1       8.777    0.51106E-03   -0.68096E+00    0.28763E-16    0.11382E-16
      1       8.698    0.51787E-03   -0.67863E+00   -0.14085E-17   -0.17989E-17
      1       8.618    0.52497E-03   -0.67641E+00    0.14104E-16    0.31936E-16
      1       8.539    0.53239E-03   -0.67432E+00    0.40887E-17   -0.28647E-16
      1       8.459    0.54011E-03   -0.67234E+00    0.13541E-16   -0.21783E-17
      1       8.380    0.54815E-03   -0.67049E+00    0.35380E-16    0.28018E-16
      1       8.301    0.55650E-03   -0.66876E+00    0.31588E-16    0.70352E-17
      1       8.221    0.56519E-03   -0.66715E+00   -0.28452E-16    0.22793E-16
      1       8.142    0.57421E-03   -0.66567E+00    0.90023E-17    0.23624E-16
      1       8.062    0.58357E-03   -0.66431E+00   -0.41681E-16   -0.18516E-16
      1       7.983    0.59328E-03   -0.66306E+00    0.47085E-16   -0.86174E-17
      1       7.903    0.60333E-03   -0.66194E+00   -0.12476E-16    0.13030E-17
      1       7.824    0.61374E-03   -0.66092E+00    0.22060E-16    0.32777E-16
      1       7.745    0.62451E-03   -0.66002E+00    0.42645E-16    0.43447E-16
      1       7.665    0.63565E-03   -0.65923E+00    0.21131E-16    0.14116E-16
      1       7.586    0.64716E-03   -0.65854E+00    0.14317E-16   -0.16892E-16
      1       7.506    0.65905E-03   -0.65795E+00    0.27746E-17    0.10954E-16
      1       7.427    0.67133E-03   -0.65746E+00    0.38790E-16    0.29352E-16
      1       7.347    0.68401E-03   -0.65707E+00   -0.25060E-17    0.23481E-16
      1       7.268    0.69711E-03   -0.65678E+00   -0.59429E-16    0.80491E-17
      1       7.189    0.71064E-03   -0.65658E+00    0.30322E-16    0.24677E-16
      1       7.109    0.72463E-03   -0.65649E+00   -0.47044E-17    0.49861E-17
      1       7.030    0.73908E-03   -0.65649E+00    0.22288E-16    0.27320E-18
      1       6.950    0.75403E-03   -0.65660E+00   -0.19707E-16    0.18957E-16
      1       6.871    0.76949E-03   -0.65681E+00   -0.41043E-17    0.11784E-16
      1       6.792    0.78548E-03   -0.65713E+00   -0.75117E-18   -0.15419E-16
      1       6.712    0.80203E-03   -0.65756E+00   -0.40550E-16    0.14467E-16
      1       6.633    0.81917E-03   -0.65809E+00   -0.34335E-16    0.32959E-16
      1       6.553    0.83691E-03   -0.65874E+00   -0.18352E-16    0.13979E-16
      1       6.474    0.85525E-03   -0.65948E+00   -0.80060E-17    0.82232E-19
      1       6.394    0.87421E-03   -0.66033E+00   -0.44451E-16    0.12431E-16
      1       6.315    0.89382E-03   -0.66128E+00   -0.29785E-16    0.12218E-16
      1       6.236    0.91407E-03   -0.66233E+00    0.15010E-16    0.28882E-16
      1       6.156    0.93500E-03   -0.66348E+00    0.64220E-16    0.18590E-16
      1       6.077    0.95662E-03   -0.66472E+00    0.70572E-16    0.96625E-17
      1       5.997    0.97895E-03   -0.66606E+00    0.55073E-16   -0.87974E-18
      1       5.918    0.10020E-02   -0.66750E+00    0.37381E-16   -0.73041E-17
      1       5.838    0.10258E-02   -0.66903E+00   -0.41344E-16    0.96954E-17
      1       5.759    0.10504E-02   -0.67066E+00   -0.43948E-17    0.22484E-16
      1       5.680    0.10758E-02   -0.67238E+00    0.28039E-16   -0.97237E-17
      1       5.600    0.11020E-02   -0.67419E+00   -0.29590E-16   -0.98984E-17
      1       5.521    0.11290E-02   -0.67610E+00   -0.41059E-17    0.13283E-16
      1       5.441    0.11569E-02   -0.67810E+00   -0.66238E-16    0.16045E-16
      1       5.362    0.11858E-02   -0.68019E+00   -0.56086E-16   -0.11610E-16
      1       5.282    0.12155E-02   -0.68238E+00   -0.12346E-15    0.13738E-16
      1       5.203    0.12463E-02   -0.68465E+00    0.38572E-16   -0.86244E-18
      1       5.124    0.12780E-02   -0.68701E+00   -0.60067E-16    0.78280E-17
      1       5.044    0.13107E-02   -0.68946E+00   -0.95457E-16   -0.57949E-17
      1       4.965    0.13444E-02   -0.69199E+00   -0.29833E-16   -0.10383E-16
      1       4.885    0.13793E-02   -0.69460E+00   -0.22821E-16    0.72314E-17
      1       4.806    0.14152E-02   -0.69730E+00   -0.76740E-16    0.57368E-17
      1       4.727    0.14522E-02   -0.70008E+00   -0.78114E-16    0.11852E-16
      1       4.647    0.14904E-02   -0.70293E+00    0.15498E-15   -0.53072E-17
      1       4.568    0.15296E-02   -0.70583E+00    0.30726E-16    0.12034E-16
      1       4.488    0.15697E-02   -0.70877E+00    0.47260E-16    0.14612E-16
      1       4.409    0.16105E-02   -0.71170E+00   -0.60690E-17    0.29024E-17
      1       4.329    0.16516E-02   -0.71457E+00    0.16477E-15    0.35998E-17
      1       4.250    0.16925E-02   -0.71732E+00    0.78785E-16    0.84119E-17
      1       4.171    0.17326E-02   -0.71986E+00    0.13972E-15    0.85651E-17
      1       4.091    0.17709E-02   -0.72210E+00   -0.91441E-16   -0.40530E-18
      1       4.012    0.18064E-02   -0.72391E+00   -0.74775E-16    0.42122E-17
      1       3.932    0.18378E-02   -0.72518E+00   -0.41363E-16   -0.75710E-17
      1       3.853    0.18639E-02   -0.72577E+00   -0.84833E-16   -0.65899E-18
      1       3.773    0.18833E-02   -0.72554E+00   -0.12850E-17   -0.79314E-17
      1       3.694    0.18948E-02   -0.72438E+00   -0.23409E-15   -0.32842E-17
      1       3.615    0.18975E-02   -0.72218E+00   -0.26556E-16    0.14090E-17
      1       3.535    0.18910E-02   -0.71885E+00    0.13074E-15   -0.52005E-17
      1       3.456    0.18755E-02   -0.71438E+00   -0.17125E-15   -0.55969E-17
      1       3.376    0.18517E-02   -0.70879E+00    0.18030E-15   -0.75160E-17
      1       3.297    0.18207E-02   -0.70215E+00   -0.14260E-15   -0.48727E-17
      1       3.217    0.17838E-02   -0.69451E+00    0.17207E-15   -0.10687E-16
      1       3.138    0.17422E-02   -0.68597E+00   -0.11942E-15    0.39870E-17
      1       3.059    0.16973E-02   -0.67663E+00    0.42900E-16   -0.30933E-16
      1       2.979    0.16502E-02   -0.66657E+00    0.11991E-16    0.17932E-16
      1       2.900    0.16018E-02   -0.65589E+00   -0.10047E-15    0.19952E-16
      1       2.820    0.15528E-02   -0.64464E+00   -0.66762E-16   -0.15466E-16
      1       2.741    0.15038E-02   -0.63290E+00    0.13048E-16   -0.56334E-17
      1       2.662    0.14551E-02   -0.62068E+00    0.98882E-16   -0.86236E-17
      1       2.582    0.14070E-02   -0.60802E+00    0.39339E-16   -0.13712E-16
      1       2.503    0.13596E-02   -0.59491E+00   -0.14928E-15   -0.27704E-16
      1       2.423    0.13131E-02   -0.58138E+00    0.33235E-16   -0.38568E-17
      1       2.344    0.12675E-02   -0.56744E+00    0.53409E-16   -0.24171E-16
      1       2.264    0.12231E-02   -0.55311E+00    0.33748E-16   -0.48571E-17
      1       2.185    0.11798E-02   -0.53841E+00   -0.45642E-16   -0.23977E-16
      1       2.106    0.11377E-02   -0.52336E+00    0.79050E-16   -0.18230E-16
      1       2.026    0.10969E-02   -0.50798E+00    0.23292E-16   -0.19159E-16
      1       1.947    0.10572E-02   -0.49229E+00   -0.22528E-16   -0.24801E-17
      1       1.867    0.10188E-02   -0.47632E+00    0.86277E-16    0.16085E-17
      1       1.788    0.98157E-03   -0.46009E+00    0.28055E-16    0.52543E-17
      1       1.708    0.94551E-03   -0.44363E+00    0.50169E-16   -0.61981E-17
      1       1.629    0.91057E-03   -0.42697E+00    0.41393E-16   -0.24621E-16
      1       1.550    0.87667E-03   -0.41014E+00   -0.33200E-17   -0.40545E-16
      1       1.470    0.84365E-03   -0.39309E+00    0.52086E-16   -0.10053E-16
      1       1.391    0.81132E-03   -0.37576E+00   -0.53954E-17   -0.14994E-16
      1       1.311    0.77947E-03   -0.35806E+00    0.57097E-16   -0.57245E-17
      1       1.232    0.74792E-03   -0.33991E+00    0.38130E-16    0.24349E-16
      1       1.152    0.71648E-03   -0.32120E+00    0.82738E-16   -0.76954E-17
      1       1.073    0.68498E-03   -0.30184E+00    0.52291E-16    0.42831E-17
      1       0.994    0.65328E-03   -0.28173E+00   -0.51290E-16   -0.15125E-16
      1       0.914    0.62125E-03   -0.26083E+00    0.98922E-17   -0.37507E-16
      1       0.835    0.58883E-03   -0.23918E+00    0.45625E-16   -0.19447E-16
      1       0.755    0.55609E-03   -0.21712E+00    0.53084E-16   -0.10517E-16
      1       0.676    0.52300E-03   -0.19501E+00    0.97748E-16   -0.20355E-16
      1       0.597    0.48929E-03   -0.17308E+00    0.40139E-16    0.11492E-16
      1       0.517    0.45451E-03   -0.15151E+00    0.74449E-16   -0.22199E-16
      1       0.438    0.41810E-03   -0.13058E+00    0.54327E-16   -0.20006E-17
      1       0.358    0.37932E-03   -0.11103E+00    0.68881E-16   -0.49092E-17
      1       0.279    0.33662E-03   -0.93062E-01    0.76505E-16   -0.10942E-16
      1       0.199    0.28592E-03   -0.72531E-01    0.53878E-16   -0.10006E-16
      1       0.120    0.22132E-03   -0.44421E-01    0.68960E-16   -0.14716E-16
