   3N SYSTEM INCLUSIVE  PHOTODESINTEGRATION
        DETECTED PARTICLE: 1- PROTON
        NOT DETECTED PARTICLES:2- PROTON  3-NEUTRON

      OMEGA 0.10000E+03
     MTTWE1,MTTWE2,MTTWE3=    1    1   -1
     TH1LAB,PHI1LAB=    10.000     0.000
   Unit of cross sections ... fm**2/(MeV*sr**2)
      I       E1      CROSS           AX           AY           AZ
      1      72.660    0.71230E-07   -0.11142E+00   -0.14749E-18   -0.26627E-16
      1      72.647    0.21185E-04   -0.11053E+00   -0.22281E-17   -0.20036E-17
      1      72.640    0.24086E-04   -0.10998E+00   -0.13382E-18    0.44437E-16
      1      72.634    0.26011E-04   -0.10941E+00    0.33107E-18    0.79012E-17
      1      72.627    0.27356E-04   -0.10882E+00    0.66039E-18    0.49335E-16
      1      72.620    0.28327E-04   -0.10823E+00    0.56945E-18   -0.11426E-16
      1      72.614    0.29041E-04   -0.10763E+00   -0.12734E-17    0.41981E-16
      1      72.607    0.29574E-04   -0.10703E+00   -0.34609E-17    0.18570E-16
      1      72.600    0.29975E-04   -0.10643E+00   -0.23655E-18    0.17440E-17
      1      72.594    0.30278E-04   -0.10584E+00   -0.58168E-17    0.80787E-17
      1      72.587    0.30507E-04   -0.10526E+00    0.86455E-17    0.28058E-16
      1      72.580    0.30680E-04   -0.10468E+00   -0.50105E-17    0.37458E-17
      1      72.574    0.30809E-04   -0.10412E+00   -0.33764E-17    0.26130E-16
      1      72.567    0.30906E-04   -0.10357E+00   -0.32101E-17    0.10264E-16
      1      72.560    0.30976E-04   -0.10303E+00    0.41195E-17    0.67230E-17
      1      72.554    0.31026E-04   -0.10251E+00   -0.30379E-17   -0.42549E-17
      1      72.547    0.31061E-04   -0.10200E+00   -0.13174E-17   -0.47604E-17
      1      72.540    0.31083E-04   -0.10150E+00    0.63279E-17    0.15023E-16
      1      72.142    0.30714E-04   -0.86626E-01   -0.33599E-17    0.92873E-17
      1      71.744    0.30663E-04   -0.79962E-01   -0.45233E-17    0.14736E-16
      1      71.346    0.30771E-04   -0.75340E-01    0.52308E-18    0.38485E-16
      1      70.949    0.30870E-04   -0.71635E-01   -0.27164E-17   -0.41354E-18
      1      70.551    0.30960E-04   -0.68379E-01   -0.30173E-17    0.10438E-16
      1      70.153    0.31092E-04   -0.65342E-01   -0.26617E-17    0.54528E-17
      1      69.755    0.31323E-04   -0.62426E-01   -0.84350E-17    0.31452E-17
      1      69.357    0.31700E-04   -0.59622E-01   -0.18631E-17   -0.76552E-17
      1      68.959    0.32246E-04   -0.56959E-01   -0.23357E-17    0.15785E-16
      1      68.561    0.32935E-04   -0.54471E-01   -0.24399E-17    0.25805E-17
      1      68.163    0.33734E-04   -0.52183E-01   -0.31584E-17    0.14048E-17
      1      67.765    0.34616E-04   -0.50112E-01   -0.48452E-17    0.32218E-17
      1      67.367    0.35557E-04   -0.48253E-01   -0.80419E-17    0.16569E-16
      1      66.969    0.36534E-04   -0.46580E-01   -0.28876E-17   -0.62469E-17
      1      66.572    0.37530E-04   -0.45053E-01   -0.41426E-17    0.19676E-17
      1      66.174    0.38527E-04   -0.43626E-01   -0.41638E-17   -0.23111E-17
      1      65.776    0.39511E-04   -0.42254E-01   -0.31665E-17   -0.23531E-17
      1      65.378    0.40468E-04   -0.40899E-01   -0.42779E-17   -0.51202E-17
      1      64.980    0.41389E-04   -0.39528E-01   -0.61529E-17    0.14874E-16
      1      64.582    0.42263E-04   -0.38116E-01   -0.67975E-17   -0.11510E-17
      1      64.184    0.43082E-04   -0.36651E-01   -0.50010E-17   -0.26683E-18
      1      63.786    0.43846E-04   -0.35156E-01   -0.50431E-17    0.76553E-18
      1      63.388    0.44554E-04   -0.33665E-01   -0.52770E-17    0.42513E-17
      1      62.990    0.45205E-04   -0.32212E-01   -0.11565E-16    0.10183E-17
      1      62.592    0.45796E-04   -0.30823E-01   -0.11319E-16    0.19434E-17
      1      62.194    0.46324E-04   -0.29519E-01   -0.83755E-17    0.28866E-16
      1      61.797    0.46783E-04   -0.28312E-01   -0.43374E-17    0.48920E-17
      1      61.399    0.47169E-04   -0.27208E-01   -0.12629E-16   -0.18678E-17
      1      61.001    0.47479E-04   -0.26211E-01   -0.18104E-17    0.54451E-17
      1      60.603    0.47708E-04   -0.25318E-01   -0.80784E-17   -0.29824E-19
      1      60.205    0.47855E-04   -0.24518E-01   -0.10463E-16   -0.28384E-17
      1      59.807    0.47919E-04   -0.23800E-01   -0.10740E-16   -0.89024E-18
      1      59.409    0.47899E-04   -0.23145E-01   -0.78855E-17   -0.90965E-17
      1      59.011    0.47797E-04   -0.22538E-01   -0.64809E-17   -0.38240E-17
      1      58.613    0.47615E-04   -0.21963E-01   -0.64770E-17   -0.17958E-17
      1      58.215    0.47355E-04   -0.21406E-01   -0.11426E-16   -0.21365E-17
      1      57.817    0.47021E-04   -0.20857E-01   -0.86861E-17   -0.29628E-17
      1      57.419    0.46616E-04   -0.20311E-01    0.13713E-18   -0.17675E-17
      1      57.022    0.46143E-04   -0.19763E-01   -0.11467E-16   -0.54530E-17
      1      56.624    0.45606E-04   -0.19214E-01   -0.53422E-17   -0.11595E-17
      1      56.226    0.45008E-04   -0.18668E-01    0.25206E-17   -0.36991E-17
      1      55.828    0.44352E-04   -0.18131E-01    0.94206E-17   -0.19506E-17
      1      55.430    0.43642E-04   -0.17610E-01   -0.70470E-17   -0.59977E-17
      1      55.032    0.42880E-04   -0.17112E-01   -0.36836E-17   -0.13492E-16
      1      54.634    0.42070E-04   -0.16641E-01   -0.87858E-17    0.37299E-19
      1      54.236    0.41217E-04   -0.16197E-01   -0.54351E-17   -0.44367E-17
      1      53.838    0.40324E-04   -0.15780E-01   -0.19349E-16    0.60838E-17
      1      53.440    0.39397E-04   -0.15387E-01   -0.19370E-16   -0.42154E-17
      1      53.042    0.38443E-04   -0.15014E-01   -0.20884E-16   -0.53216E-17
      1      52.645    0.37468E-04   -0.14657E-01   -0.22051E-16   -0.43374E-18
      1      52.247    0.36477E-04   -0.14310E-01    0.45301E-17   -0.81492E-17
      1      51.849    0.35476E-04   -0.13967E-01   -0.46549E-17    0.21596E-17
      1      51.451    0.34472E-04   -0.13622E-01   -0.56183E-18   -0.12821E-17
      1      51.053    0.33469E-04   -0.13266E-01   -0.88843E-17   -0.11594E-16
      1      50.655    0.32473E-04   -0.12891E-01   -0.58153E-17   -0.64395E-17
      1      50.257    0.31489E-04   -0.12487E-01   -0.46285E-17    0.20108E-18
      1      49.859    0.30522E-04   -0.12050E-01   -0.64902E-17   -0.58086E-17
      1      49.461    0.29576E-04   -0.11577E-01   -0.72689E-17   -0.37165E-18
      1      49.063    0.28656E-04   -0.11070E-01   -0.12517E-16    0.70572E-17
      1      48.665    0.27765E-04   -0.10534E-01   -0.38728E-17   -0.57316E-17
      1      48.267    0.26906E-04   -0.99750E-02   -0.26801E-16   -0.43505E-18
      1      47.870    0.26081E-04   -0.93987E-02   -0.98418E-17   -0.25211E-17
      1      47.472    0.25292E-04   -0.88184E-02   -0.20163E-16    0.61489E-17
      1      47.074    0.24540E-04   -0.82518E-02   -0.62178E-17   -0.34066E-17
      1      46.676    0.23825E-04   -0.77152E-02   -0.10175E-16   -0.15609E-17
      1      46.278    0.23146E-04   -0.72217E-02   -0.14818E-16    0.51998E-17
      1      45.880    0.22503E-04   -0.67854E-02   -0.76823E-17   -0.23136E-17
      1      45.482    0.21893E-04   -0.64148E-02    0.57727E-17   -0.56896E-17
      1      45.084    0.21317E-04   -0.61140E-02   -0.99535E-17    0.33380E-17
      1      44.686    0.20773E-04   -0.58848E-02   -0.10831E-16   -0.32364E-17
      1      44.288    0.20258E-04   -0.57234E-02   -0.16974E-16    0.76089E-17
      1      43.890    0.19770E-04   -0.56242E-02   -0.78040E-17    0.11063E-16
      1      43.493    0.19308E-04   -0.55799E-02   -0.90356E-17    0.63107E-17
      1      43.095    0.18870E-04   -0.55835E-02    0.16762E-17    0.56314E-17
      1      42.697    0.18454E-04   -0.56288E-02   -0.86795E-17    0.49427E-17
      1      42.299    0.18060E-04   -0.57116E-02    0.13961E-16    0.46600E-17
      1      41.901    0.17685E-04   -0.58254E-02    0.33172E-17    0.90632E-17
      1      41.503    0.17331E-04   -0.59622E-02    0.21822E-17    0.15781E-17
      1      41.105    0.16994E-04   -0.61153E-02   -0.35122E-17    0.12893E-16
      1      40.707    0.16675E-04   -0.62789E-02    0.65718E-17    0.56735E-17
      1      40.309    0.16373E-04   -0.64471E-02    0.84880E-17    0.35617E-17
      1      39.911    0.16088E-04   -0.66155E-02    0.40557E-17    0.11406E-16
      1      39.513    0.15818E-04   -0.67800E-02   -0.11969E-16    0.11522E-16
      1      39.115    0.15564E-04   -0.69379E-02   -0.14284E-16    0.66239E-17
      1      38.718    0.15325E-04   -0.70876E-02   -0.63056E-17    0.15215E-16
      1      38.320    0.15099E-04   -0.72286E-02   -0.15816E-17    0.88032E-17
      1      37.922    0.14888E-04   -0.73620E-02    0.95759E-17    0.10243E-16
      1      37.524    0.14689E-04   -0.74892E-02    0.45541E-17    0.14174E-16
      1      37.126    0.14503E-04   -0.76123E-02    0.13066E-16    0.51735E-17
      1      36.728    0.14329E-04   -0.77324E-02    0.85487E-17    0.45178E-17
      1      36.330    0.14167E-04   -0.78515E-02    0.40495E-17   -0.15458E-17
      1      35.932    0.14016E-04   -0.79738E-02    0.57722E-17    0.83540E-17
      1      35.534    0.13875E-04   -0.81044E-02    0.11651E-17   -0.57154E-17
      1      35.136    0.13745E-04   -0.82478E-02    0.18166E-16    0.18492E-16
      1      34.738    0.13625E-04   -0.84084E-02    0.14111E-16   -0.77525E-18
      1      34.341    0.13514E-04   -0.85896E-02    0.87438E-17    0.38142E-17
      1      33.943    0.13413E-04   -0.87939E-02    0.96726E-17    0.10426E-16
      1      33.545    0.13320E-04   -0.90232E-02    0.54245E-18    0.15691E-16
      1      33.147    0.13235E-04   -0.92787E-02    0.69572E-17    0.23017E-16
      1      32.749    0.13159E-04   -0.95608E-02    0.10554E-16    0.70712E-17
      1      32.351    0.13090E-04   -0.98695E-02    0.43683E-17    0.59962E-17
      1      31.953    0.13029E-04   -0.10204E-01    0.69263E-18    0.56832E-17
      1      31.555    0.12976E-04   -0.10564E-01    0.32446E-17    0.15469E-16
      1      31.157    0.12930E-04   -0.10949E-01    0.19438E-17    0.64973E-17
      1      30.759    0.12891E-04   -0.11359E-01    0.10757E-16    0.64281E-17
      1      30.361    0.12860E-04   -0.11794E-01    0.27469E-16    0.25645E-17
      1      29.963    0.12835E-04   -0.12254E-01    0.13886E-16    0.11059E-16
      1      29.566    0.12818E-04   -0.12738E-01    0.89367E-17    0.95229E-17
      1      29.168    0.12808E-04   -0.13247E-01    0.14852E-16   -0.89171E-18
      1      28.770    0.12805E-04   -0.13781E-01    0.13212E-16   -0.83153E-17
      1      28.372    0.12810E-04   -0.14340E-01    0.95452E-17   -0.44567E-17
      1      27.974    0.12821E-04   -0.14925E-01    0.11763E-16    0.12993E-16
      1      27.576    0.12841E-04   -0.15538E-01    0.11984E-16   -0.70824E-17
      1      27.178    0.12867E-04   -0.16179E-01    0.35874E-16    0.84116E-17
      1      26.780    0.12901E-04   -0.16849E-01    0.13047E-16    0.68265E-17
      1      26.382    0.12943E-04   -0.17551E-01    0.11551E-16   -0.10293E-17
      1      25.984    0.12992E-04   -0.18286E-01    0.14887E-16    0.71499E-17
      1      25.586    0.13049E-04   -0.19057E-01    0.81869E-17   -0.18012E-17
      1      25.189    0.13115E-04   -0.19865E-01    0.31560E-16    0.93375E-17
      1      24.791    0.13189E-04   -0.20713E-01    0.22575E-18   -0.19145E-17
      1      24.393    0.13272E-04   -0.21599E-01    0.11831E-16    0.54035E-17
      1      23.995    0.13363E-04   -0.22522E-01    0.27239E-16    0.11077E-16
      1      23.597    0.13463E-04   -0.23473E-01    0.69373E-17   -0.15017E-16
      1      23.199    0.13566E-04   -0.24436E-01    0.26056E-16   -0.30446E-17
      1      22.801    0.13669E-04   -0.25380E-01    0.18125E-16    0.28876E-17
      1      22.403    0.13762E-04   -0.26253E-01    0.17215E-16    0.44254E-17
      1      22.005    0.13830E-04   -0.26986E-01    0.11290E-16    0.25635E-16
      1      21.607    0.13859E-04   -0.27501E-01    0.23728E-16   -0.34903E-17
      1      21.209    0.13839E-04   -0.27750E-01   -0.37135E-17   -0.44767E-17
      1      20.811    0.13775E-04   -0.27744E-01    0.16473E-16   -0.29189E-17
      1      20.414    0.13679E-04   -0.27546E-01    0.24084E-16    0.11547E-16
      1      20.016    0.13568E-04   -0.27227E-01    0.19127E-16   -0.31189E-17
      1      19.618    0.13455E-04   -0.26849E-01    0.28473E-16    0.46542E-17
      1      19.220    0.13351E-04   -0.26452E-01    0.17401E-16   -0.24457E-16
      1      18.822    0.13261E-04   -0.26058E-01    0.75497E-17    0.39477E-17
      1      18.424    0.13190E-04   -0.25679E-01    0.18645E-17    0.80729E-17
      1      18.026    0.13141E-04   -0.25317E-01    0.18664E-16   -0.23495E-17
      1      17.628    0.13116E-04   -0.24972E-01    0.57975E-17   -0.78405E-17
      1      17.230    0.13118E-04   -0.24641E-01    0.14188E-16    0.14971E-16
      1      16.832    0.13151E-04   -0.24320E-01    0.23877E-16   -0.15776E-16
      1      16.434    0.13217E-04   -0.24004E-01    0.23127E-16   -0.26615E-17
      1      16.037    0.13320E-04   -0.23689E-01    0.19674E-16   -0.19743E-16
      1      15.639    0.13465E-04   -0.23368E-01    0.31800E-16   -0.63994E-17
      1      15.241    0.13654E-04   -0.23033E-01    0.25321E-16   -0.21477E-16
      1      14.843    0.13893E-04   -0.22675E-01    0.23816E-16   -0.24429E-16
      1      14.445    0.14186E-04   -0.22282E-01   -0.32781E-17    0.20671E-17
      1      14.047    0.14538E-04   -0.21849E-01    0.34456E-16   -0.50983E-17
      1      13.649    0.14953E-04   -0.21370E-01    0.31560E-16    0.79639E-18
      1      13.251    0.15437E-04   -0.20845E-01    0.37787E-16   -0.11039E-16
      1      12.853    0.15996E-04   -0.20281E-01    0.13263E-16   -0.14925E-17
      1      12.455    0.16637E-04   -0.19693E-01    0.66108E-17   -0.17489E-16
      1      12.057    0.17365E-04   -0.19101E-01    0.11404E-16   -0.50661E-17
      1      11.659    0.18189E-04   -0.18534E-01    0.23003E-16   -0.40591E-17
      1      11.262    0.19116E-04   -0.18025E-01    0.31859E-16    0.19360E-16
      1      10.864    0.20157E-04   -0.17591E-01    0.23952E-16    0.20168E-16
      1      10.466    0.21327E-04   -0.17221E-01    0.34576E-16   -0.76397E-18
      1      10.068    0.22639E-04   -0.16878E-01    0.25960E-16    0.10432E-16
      1       9.670    0.24107E-04   -0.16509E-01    0.34235E-18   -0.55513E-17
      1       9.272    0.25748E-04   -0.16060E-01    0.42450E-16   -0.15318E-17
      1       8.874    0.27579E-04   -0.15484E-01    0.19711E-16   -0.73397E-17
      1       8.476    0.29616E-04   -0.14754E-01    0.92554E-16    0.76546E-17
      1       8.078    0.31879E-04   -0.13865E-01    0.77721E-16   -0.54931E-17
      1       7.680    0.34386E-04   -0.12838E-01    0.32878E-16    0.78705E-17
      1       7.282    0.37158E-04   -0.11718E-01    0.74985E-16   -0.13093E-16
      1       6.885    0.40202E-04   -0.10621E-01    0.33844E-16   -0.98826E-17
      1       6.487    0.43508E-04   -0.96525E-02    0.75655E-16   -0.10586E-16
      1       6.089    0.47053E-04   -0.88474E-02    0.62285E-16    0.20611E-17
      1       5.691    0.50804E-04   -0.82271E-02    0.65252E-16   -0.48116E-17
      1       5.293    0.54722E-04   -0.78645E-02    0.48466E-16   -0.70721E-17
      1       4.895    0.58768E-04   -0.79402E-02    0.65996E-16    0.40033E-17
      1       4.497    0.62902E-04   -0.87837E-02    0.17464E-16   -0.94534E-17
      1       4.099    0.67092E-04   -0.10871E-01    0.54401E-16    0.82725E-17
      1       3.701    0.71366E-04   -0.13966E-01    0.43467E-16    0.30636E-17
      1       3.303    0.75696E-04   -0.16549E-01    0.35285E-16   -0.67826E-18
      1       2.905    0.79896E-04   -0.16949E-01    0.53026E-16    0.23855E-17
      1       2.507    0.83682E-04   -0.14370E-01    0.56131E-16    0.24814E-17
      1       2.110    0.86677E-04   -0.94718E-02    0.65761E-16   -0.16893E-18
      1       1.712    0.88273E-04   -0.43459E-02    0.40071E-16   -0.14634E-17
      1       1.314    0.87208E-04   -0.16252E-02    0.38695E-16   -0.20083E-17
      1       0.916    0.81251E-04   -0.15243E-02    0.23752E-16   -0.19190E-17
      1       0.518    0.66781E-04   -0.13065E-02    0.20175E-16   -0.42957E-17
      1       0.120    0.34715E-04   -0.25623E-03    0.38741E-16   -0.19094E-17
