   3N SYSTEM INCLUSIVE  PHOTODESINTEGRATION
        DETECTED PARTICLE: 1- PROTON
        NOT DETECTED PARTICLES:2- PROTON  3-NEUTRON

      OMEGA 0.30000E+02
     MTTWE1,MTTWE2,MTTWE3=    1    1   -1
     TH1LAB,PHI1LAB=   170.000     0.000
   Unit of cross sections ... fm**2/(MeV*sr**2)
      I       E1      CROSS           AX           AY           AZ
      1      13.053    0.12013E-06   -0.28160E+00   -0.41836E-18    0.25629E-16
      1      13.040    0.34578E-04   -0.27118E+00   -0.15668E-18   -0.75533E-17
      1      13.033    0.38753E-04   -0.26745E+00   -0.38711E-18    0.38715E-18
      1      13.026    0.41289E-04   -0.26388E+00    0.14778E-18    0.10480E-18
      1      13.020    0.42885E-04   -0.26045E+00    0.39754E-18   -0.12931E-16
      1      13.013    0.43901E-04   -0.25716E+00    0.74313E-18   -0.55504E-17
      1      13.006    0.44542E-04   -0.25400E+00    0.71551E-18    0.91042E-17
      1      13.000    0.44935E-04   -0.25099E+00   -0.10071E-17    0.23170E-17
      1      12.993    0.45160E-04   -0.24812E+00   -0.10346E-17   -0.20910E-17
      1      12.986    0.45272E-04   -0.24540E+00   -0.34444E-18   -0.75615E-17
      1      12.980    0.45307E-04   -0.24282E+00   -0.95527E-18   -0.15439E-16
      1      12.973    0.45293E-04   -0.24038E+00    0.73584E-18   -0.23002E-17
      1      12.966    0.45245E-04   -0.23807E+00    0.27233E-17    0.27127E-16
      1      12.960    0.45177E-04   -0.23589E+00   -0.23784E-17   -0.13513E-17
      1      12.953    0.45093E-04   -0.23382E+00   -0.21373E-17   -0.63179E-17
      1      12.946    0.44999E-04   -0.23185E+00    0.25693E-17    0.11981E-16
      1      12.940    0.44898E-04   -0.22996E+00   -0.31843E-17    0.24367E-16
      1      12.933    0.44793E-04   -0.22815E+00   -0.13652E-18   -0.25502E-17
      1      12.863    0.43660E-04   -0.21224E+00   -0.23857E-17   -0.26985E-18
      1      12.792    0.42757E-04   -0.19994E+00   -0.33617E-17   -0.15198E-17
      1      12.722    0.42171E-04   -0.19007E+00    0.46740E-17   -0.61851E-17
      1      12.651    0.41840E-04   -0.18193E+00    0.23830E-17   -0.85140E-17
      1      12.581    0.41694E-04   -0.17498E+00   -0.55489E-17    0.60074E-17
      1      12.511    0.41687E-04   -0.16884E+00    0.73772E-18   -0.27265E-17
      1      12.440    0.41789E-04   -0.16328E+00   -0.51695E-17   -0.15003E-16
      1      12.370    0.41980E-04   -0.15810E+00    0.15491E-17    0.10833E-16
      1      12.299    0.42250E-04   -0.15321E+00    0.40609E-17    0.90153E-18
      1      12.229    0.42589E-04   -0.14853E+00    0.35045E-17   -0.27317E-17
      1      12.159    0.42993E-04   -0.14400E+00    0.49910E-17    0.28660E-17
      1      12.088    0.43457E-04   -0.13961E+00    0.13395E-16   -0.39436E-17
      1      12.018    0.43977E-04   -0.13539E+00   -0.31971E-17   -0.30196E-17
      1      11.947    0.44551E-04   -0.13133E+00    0.49273E-17   -0.28956E-17
      1      11.877    0.45176E-04   -0.12743E+00   -0.88629E-17   -0.16150E-16
      1      11.806    0.45850E-04   -0.12369E+00    0.36291E-17    0.71892E-17
      1      11.736    0.46572E-04   -0.12009E+00    0.40928E-17    0.11483E-16
      1      11.666    0.47341E-04   -0.11665E+00    0.11755E-16    0.55756E-17
      1      11.595    0.48157E-04   -0.11333E+00    0.14007E-16   -0.67224E-17
      1      11.525    0.49018E-04   -0.11014E+00    0.16305E-16    0.46215E-17
      1      11.454    0.49925E-04   -0.10706E+00   -0.26288E-17   -0.48920E-17
      1      11.384    0.50878E-04   -0.10409E+00   -0.60671E-17    0.54008E-17
      1      11.314    0.51878E-04   -0.10121E+00    0.15106E-16   -0.33751E-18
      1      11.243    0.52925E-04   -0.98434E-01    0.24647E-16    0.10923E-16
      1      11.173    0.54021E-04   -0.95751E-01    0.22432E-16    0.82805E-17
      1      11.102    0.55166E-04   -0.93165E-01    0.11692E-16   -0.15903E-16
      1      11.032    0.56359E-04   -0.90678E-01    0.12914E-16   -0.95293E-17
      1      10.962    0.57599E-04   -0.88290E-01    0.12314E-16   -0.87618E-17
      1      10.891    0.58886E-04   -0.86005E-01    0.14785E-16   -0.16353E-16
      1      10.821    0.60217E-04   -0.83825E-01    0.10942E-17   -0.18385E-16
      1      10.750    0.61592E-04   -0.81749E-01   -0.45291E-17   -0.15757E-16
      1      10.680    0.63008E-04   -0.79778E-01    0.38322E-17   -0.70190E-17
      1      10.610    0.64463E-04   -0.77909E-01    0.66570E-17   -0.11872E-16
      1      10.539    0.65956E-04   -0.76140E-01    0.56553E-17   -0.27551E-16
      1      10.469    0.67486E-04   -0.74466E-01    0.26506E-16   -0.18180E-16
      1      10.398    0.69050E-04   -0.72881E-01    0.16488E-16    0.41611E-17
      1      10.328    0.70648E-04   -0.71380E-01    0.13983E-16   -0.13461E-16
      1      10.258    0.72280E-04   -0.69956E-01    0.12381E-16   -0.12453E-17
      1      10.187    0.73946E-04   -0.68602E-01    0.15613E-16    0.73052E-17
      1      10.117    0.75644E-04   -0.67311E-01    0.44940E-17   -0.12411E-17
      1      10.046    0.77376E-04   -0.66079E-01    0.26581E-16    0.17296E-16
      1       9.976    0.79140E-04   -0.64900E-01    0.78503E-17    0.67498E-17
      1       9.906    0.80938E-04   -0.63772E-01    0.19647E-16    0.15501E-16
      1       9.835    0.82769E-04   -0.62692E-01    0.59579E-17   -0.13355E-16
      1       9.765    0.84632E-04   -0.61659E-01   -0.95589E-17   -0.18413E-16
      1       9.694    0.86529E-04   -0.60672E-01    0.43408E-17    0.17678E-16
      1       9.624    0.88458E-04   -0.59730E-01    0.15116E-16    0.13787E-16
      1       9.554    0.90421E-04   -0.58833E-01    0.15919E-16   -0.66574E-17
      1       9.483    0.92417E-04   -0.57983E-01   -0.32039E-18   -0.29396E-16
      1       9.413    0.94447E-04   -0.57178E-01    0.73085E-17   -0.38792E-16
      1       9.342    0.96511E-04   -0.56418E-01    0.34000E-16   -0.22326E-16
      1       9.272    0.98609E-04   -0.55701E-01    0.18346E-16    0.37845E-17
      1       9.202    0.10074E-03   -0.55026E-01    0.20119E-16   -0.86848E-17
      1       9.131    0.10291E-03   -0.54391E-01    0.27802E-17   -0.17455E-16
      1       9.061    0.10512E-03   -0.53794E-01    0.18419E-16   -0.29410E-16
      1       8.990    0.10736E-03   -0.53232E-01    0.40476E-16   -0.15740E-16
      1       8.920    0.10963E-03   -0.52705E-01    0.59429E-17   -0.93845E-17
      1       8.850    0.11195E-03   -0.52208E-01    0.20603E-16   -0.10328E-16
      1       8.779    0.11429E-03   -0.51740E-01    0.51541E-17   -0.11456E-17
      1       8.709    0.11668E-03   -0.51297E-01    0.85242E-17   -0.24350E-16
      1       8.638    0.11909E-03   -0.50877E-01    0.27532E-16   -0.15271E-16
      1       8.568    0.12155E-03   -0.50478E-01    0.32899E-16   -0.21461E-16
      1       8.498    0.12405E-03   -0.50097E-01    0.55961E-17   -0.27471E-16
      1       8.427    0.12658E-03   -0.49732E-01   -0.12510E-16   -0.29118E-17
      1       8.357    0.12916E-03   -0.49382E-01   -0.51749E-17   -0.36466E-17
      1       8.286    0.13178E-03   -0.49046E-01    0.61831E-17   -0.52918E-17
      1       8.216    0.13445E-03   -0.48721E-01    0.11752E-16    0.65472E-18
      1       8.146    0.13716E-03   -0.48406E-01    0.15860E-16    0.13467E-17
      1       8.075    0.13993E-03   -0.48101E-01    0.42247E-16    0.11706E-16
      1       8.005    0.14275E-03   -0.47807E-01    0.20318E-16    0.20208E-16
      1       7.934    0.14563E-03   -0.47524E-01    0.20723E-16    0.23316E-16
      1       7.864    0.14856E-03   -0.47254E-01    0.51388E-16   -0.25895E-16
      1       7.794    0.15155E-03   -0.46996E-01    0.19285E-16    0.71156E-17
      1       7.723    0.15461E-03   -0.46751E-01    0.12028E-16   -0.15259E-17
      1       7.653    0.15772E-03   -0.46522E-01    0.19562E-16   -0.18614E-16
      1       7.582    0.16090E-03   -0.46310E-01    0.13534E-16    0.20563E-16
      1       7.512    0.16414E-03   -0.46117E-01    0.45661E-17    0.19767E-16
      1       7.442    0.16744E-03   -0.45942E-01    0.21986E-16   -0.10616E-16
      1       7.371    0.17081E-03   -0.45788E-01    0.81101E-17    0.64816E-17
      1       7.301    0.17424E-03   -0.45653E-01    0.21572E-16   -0.20124E-16
      1       7.230    0.17774E-03   -0.45537E-01    0.40233E-16   -0.22593E-16
      1       7.160    0.18130E-03   -0.45439E-01    0.12355E-16   -0.19816E-16
      1       7.090    0.18493E-03   -0.45360E-01    0.26496E-16    0.32139E-16
      1       7.019    0.18862E-03   -0.45297E-01    0.30247E-16    0.75845E-17
      1       6.949    0.19238E-03   -0.45251E-01    0.77236E-17    0.14121E-16
      1       6.878    0.19621E-03   -0.45221E-01    0.14572E-16    0.17301E-16
      1       6.808    0.20011E-03   -0.45205E-01    0.25646E-16    0.73942E-17
      1       6.738    0.20407E-03   -0.45203E-01    0.18228E-16    0.13386E-16
      1       6.667    0.20811E-03   -0.45215E-01    0.63801E-17   -0.50071E-17
      1       6.597    0.21222E-03   -0.45240E-01    0.12603E-16    0.25072E-16
      1       6.526    0.21640E-03   -0.45277E-01    0.20519E-16    0.15045E-16
      1       6.456    0.22065E-03   -0.45326E-01    0.45241E-16   -0.91522E-17
      1       6.386    0.22499E-03   -0.45387E-01    0.20646E-16   -0.49786E-16
      1       6.315    0.22940E-03   -0.45458E-01    0.28240E-16   -0.12770E-16
      1       6.245    0.23389E-03   -0.45540E-01    0.16683E-16    0.39866E-17
      1       6.174    0.23846E-03   -0.45633E-01    0.14388E-16    0.49591E-17
      1       6.104    0.24312E-03   -0.45737E-01    0.23456E-16    0.17250E-16
      1       6.034    0.24787E-03   -0.45852E-01    0.42938E-16   -0.10803E-16
      1       5.963    0.25271E-03   -0.45978E-01    0.38458E-16   -0.37955E-18
      1       5.893    0.25764E-03   -0.46116E-01    0.27827E-16    0.12626E-16
      1       5.822    0.26265E-03   -0.46267E-01    0.40479E-16   -0.13336E-16
      1       5.752    0.26777E-03   -0.46430E-01    0.36625E-17   -0.16347E-16
      1       5.682    0.27298E-03   -0.46607E-01    0.25579E-16   -0.22854E-16
      1       5.611    0.27829E-03   -0.46799E-01    0.20121E-16    0.60668E-17
      1       5.541    0.28369E-03   -0.47005E-01    0.41138E-16   -0.65147E-18
      1       5.470    0.28920E-03   -0.47228E-01    0.51759E-16   -0.21619E-17
      1       5.400    0.29480E-03   -0.47466E-01    0.25652E-16   -0.81865E-18
      1       5.330    0.30050E-03   -0.47719E-01    0.38894E-16   -0.11167E-16
      1       5.259    0.30630E-03   -0.47989E-01    0.36762E-16   -0.11257E-16
      1       5.189    0.31219E-03   -0.48275E-01    0.29525E-16   -0.43309E-17
      1       5.118    0.31818E-03   -0.48578E-01    0.43316E-16    0.55763E-17
      1       5.048    0.32427E-03   -0.48898E-01    0.28719E-16    0.49045E-17
      1       4.978    0.33045E-03   -0.49235E-01    0.37035E-16   -0.25928E-16
      1       4.907    0.33672E-03   -0.49590E-01    0.32464E-16   -0.11388E-16
      1       4.837    0.34309E-03   -0.49964E-01    0.18846E-16   -0.10400E-16
      1       4.766    0.34954E-03   -0.50356E-01    0.33603E-16   -0.39974E-16
      1       4.696    0.35609E-03   -0.50768E-01    0.61698E-18    0.10188E-16
      1       4.626    0.36272E-03   -0.51200E-01    0.39115E-16   -0.16436E-16
      1       4.555    0.36943E-03   -0.51652E-01    0.33603E-16    0.88467E-17
      1       4.485    0.37623E-03   -0.52127E-01    0.43186E-16    0.15770E-16
      1       4.414    0.38312E-03   -0.52623E-01    0.20140E-16    0.12476E-16
      1       4.344    0.39008E-03   -0.53143E-01    0.50826E-16   -0.82404E-17
      1       4.274    0.39711E-03   -0.53687E-01    0.64286E-16   -0.13915E-16
      1       4.203    0.40422E-03   -0.54254E-01    0.32408E-16   -0.12841E-16
      1       4.133    0.41140E-03   -0.54846E-01    0.49633E-16    0.16127E-17
      1       4.062    0.41864E-03   -0.55463E-01    0.29404E-16   -0.41650E-17
      1       3.992    0.42594E-03   -0.56106E-01    0.13689E-16   -0.97083E-17
      1       3.922    0.43329E-03   -0.56777E-01    0.50244E-16   -0.19946E-17
      1       3.851    0.44069E-03   -0.57477E-01    0.19711E-16   -0.10533E-16
      1       3.781    0.44813E-03   -0.58204E-01    0.60458E-16   -0.53896E-17
      1       3.710    0.45559E-03   -0.58956E-01    0.48203E-16    0.21188E-16
      1       3.640    0.46306E-03   -0.59729E-01    0.23463E-16   -0.88844E-17
      1       3.570    0.47051E-03   -0.60514E-01    0.11287E-16   -0.10580E-16
      1       3.499    0.47792E-03   -0.61297E-01    0.10794E-16   -0.16777E-16
      1       3.429    0.48524E-03   -0.62060E-01    0.21258E-16    0.67060E-17
      1       3.358    0.49242E-03   -0.62778E-01    0.16806E-16   -0.17884E-16
      1       3.288    0.49941E-03   -0.63418E-01    0.47476E-16    0.92104E-17
      1       3.218    0.50612E-03   -0.63942E-01    0.31932E-16   -0.13638E-16
      1       3.147    0.51249E-03   -0.64306E-01    0.48487E-16   -0.16312E-16
      1       3.077    0.51842E-03   -0.64463E-01   -0.60148E-17   -0.79159E-17
      1       3.006    0.52381E-03   -0.64367E-01    0.33200E-16   -0.73731E-17
      1       2.936    0.52859E-03   -0.63976E-01    0.45364E-16   -0.73073E-17
      1       2.866    0.53268E-03   -0.63258E-01    0.55923E-16    0.69072E-17
      1       2.795    0.53602E-03   -0.62198E-01    0.34343E-16    0.33894E-17
      1       2.725    0.53860E-03   -0.60809E-01    0.19381E-16    0.16637E-16
      1       2.654    0.54043E-03   -0.59127E-01    0.34265E-16   -0.29670E-16
      1       2.584    0.54157E-03   -0.57197E-01    0.16121E-16   -0.10953E-16
      1       2.514    0.54204E-03   -0.55074E-01    0.26012E-16    0.12604E-16
      1       2.443    0.54192E-03   -0.52811E-01    0.18775E-16    0.16756E-16
      1       2.373    0.54127E-03   -0.50461E-01    0.53715E-16    0.60800E-17
      1       2.302    0.54014E-03   -0.48070E-01    0.35577E-16    0.10743E-16
      1       2.232    0.53858E-03   -0.45676E-01    0.61446E-16    0.27743E-16
      1       2.162    0.53663E-03   -0.43306E-01    0.44150E-16    0.89381E-17
      1       2.091    0.53431E-03   -0.40982E-01    0.15283E-16    0.91454E-17
      1       2.021    0.53166E-03   -0.38713E-01    0.75572E-16   -0.12904E-16
      1       1.950    0.52867E-03   -0.36509E-01    0.53843E-16    0.22017E-16
      1       1.880    0.52537E-03   -0.34370E-01    0.67707E-16   -0.22812E-16
      1       1.810    0.52176E-03   -0.32301E-01    0.36527E-16   -0.70680E-17
      1       1.739    0.51785E-03   -0.30303E-01    0.44686E-16    0.80146E-17
      1       1.669    0.51364E-03   -0.28377E-01    0.22876E-16    0.46096E-16
      1       1.598    0.50913E-03   -0.26525E-01    0.60985E-16    0.16316E-16
      1       1.528    0.50431E-03   -0.24746E-01    0.52930E-16    0.24484E-16
      1       1.458    0.49918E-03   -0.23041E-01    0.26626E-16   -0.27864E-16
      1       1.387    0.49371E-03   -0.21408E-01    0.47633E-16    0.42296E-17
      1       1.317    0.48789E-03   -0.19847E-01    0.52246E-16   -0.25298E-16
      1       1.246    0.48169E-03   -0.18356E-01    0.77057E-16   -0.62407E-17
      1       1.176    0.47506E-03   -0.16935E-01    0.71296E-16   -0.17259E-16
      1       1.106    0.46795E-03   -0.15582E-01    0.59352E-16   -0.30173E-16
      1       1.035    0.46031E-03   -0.14292E-01    0.78000E-16   -0.86424E-17
      1       0.965    0.45205E-03   -0.13057E-01    0.73900E-16   -0.26046E-17
      1       0.894    0.44307E-03   -0.11869E-01    0.51615E-16    0.50371E-17
      1       0.824    0.43324E-03   -0.10721E-01    0.89330E-16    0.29709E-16
      1       0.754    0.42242E-03   -0.96063E-02    0.21584E-16   -0.23762E-16
      1       0.683    0.41040E-03   -0.85189E-02    0.30981E-16    0.21882E-16
      1       0.613    0.39694E-03   -0.74564E-02    0.56309E-16   -0.72985E-17
      1       0.542    0.38173E-03   -0.64194E-02    0.36471E-16   -0.24038E-16
      1       0.472    0.36435E-03   -0.54186E-02    0.91425E-16    0.27724E-16
      1       0.402    0.34422E-03   -0.44733E-02    0.81175E-16   -0.17069E-16
      1       0.331    0.32053E-03   -0.35930E-02    0.47677E-16    0.70317E-17
      1       0.261    0.29202E-03   -0.27800E-02    0.67703E-16    0.15633E-16
      1       0.190    0.25653E-03   -0.20419E-02    0.56244E-16   -0.18730E-16
      1       0.120    0.20978E-03   -0.13852E-02    0.43156E-16    0.25012E-16
