   3N SYSTEM INCLUSIVE  PHOTODESINTEGRATION
        DETECTED PARTICLE: 1- PROTON
        NOT DETECTED PARTICLES:2- PROTON  3-NEUTRON

      OMEGA 0.10000E+03
     MTTWE1,MTTWE2,MTTWE3=    1    1   -1
     TH1LAB,PHI1LAB=   170.000     0.000
   Unit of cross sections ... fm**2/(MeV*sr**2)
      I       E1      CROSS           AX           AY           AZ
      1      49.128    0.21058E-07   -0.50765E-03    0.20612E-18    0.22575E-16
      1      49.115    0.59879E-05   -0.30804E-03    0.84457E-18   -0.16305E-16
      1      49.108    0.67094E-05   -0.33849E-03    0.69457E-18    0.61781E-16
      1      49.101    0.71578E-05   -0.38362E-03   -0.16484E-17    0.91029E-17
      1      49.095    0.74510E-05   -0.43660E-03    0.10569E-17    0.26708E-16
      1      49.088    0.76480E-05   -0.49381E-03    0.90451E-18    0.50491E-16
      1      49.081    0.77820E-05   -0.55320E-03   -0.22530E-17   -0.13574E-16
      1      49.075    0.78733E-05   -0.61394E-03   -0.26366E-17    0.20223E-17
      1      49.068    0.79349E-05   -0.67558E-03   -0.18752E-18    0.55150E-16
      1      49.061    0.79754E-05   -0.73780E-03   -0.51736E-19   -0.85408E-17
      1      49.055    0.80008E-05   -0.80037E-03    0.13921E-18   -0.15111E-16
      1      49.048    0.80153E-05   -0.86311E-03   -0.18851E-17    0.38018E-16
      1      49.041    0.80218E-05   -0.92588E-03   -0.46648E-18    0.10045E-16
      1      49.035    0.80225E-05   -0.98857E-03   -0.31540E-17    0.15729E-16
      1      49.028    0.80191E-05   -0.10511E-02    0.13470E-17    0.49777E-17
      1      49.021    0.80127E-05   -0.11134E-02    0.16513E-17    0.15339E-16
      1      49.015    0.80041E-05   -0.11754E-02   -0.69659E-18   -0.10354E-16
      1      49.008    0.79941E-05   -0.12370E-02    0.40415E-17   -0.14418E-16
      1      48.739    0.76939E-05   -0.31095E-02   -0.23184E-17    0.17305E-17
      1      48.471    0.75927E-05   -0.40047E-02   -0.38982E-17    0.33139E-16
      1      48.202    0.75732E-05   -0.45490E-02   -0.40646E-17   -0.11603E-16
      1      47.933    0.75813E-05   -0.48998E-02   -0.32675E-17   -0.10710E-16
      1      47.665    0.75972E-05   -0.51202E-02   -0.30023E-17    0.31529E-16
      1      47.396    0.76181E-05   -0.52477E-02   -0.97367E-18    0.18782E-16
      1      47.128    0.76469E-05   -0.53084E-02   -0.24666E-17   -0.94297E-17
      1      46.859    0.76884E-05   -0.53243E-02   -0.17625E-17    0.19782E-16
      1      46.590    0.77480E-05   -0.53147E-02   -0.34757E-17    0.76749E-17
      1      46.322    0.78307E-05   -0.52962E-02   -0.15547E-17    0.16962E-16
      1      46.053    0.79372E-05   -0.52793E-02   -0.41268E-17   -0.68930E-17
      1      45.784    0.80644E-05   -0.52687E-02   -0.45671E-17   -0.15111E-16
      1      45.516    0.82099E-05   -0.52687E-02   -0.23651E-17   -0.11952E-16
      1      45.247    0.83721E-05   -0.52833E-02   -0.41491E-17   -0.66813E-17
      1      44.979    0.85496E-05   -0.53153E-02   -0.11992E-17   -0.16407E-16
      1      44.710    0.87413E-05   -0.53639E-02   -0.27332E-17    0.40706E-17
      1      44.441    0.89461E-05   -0.54246E-02   -0.15309E-17   -0.15145E-16
      1      44.173    0.91632E-05   -0.54902E-02    0.89009E-18   -0.94060E-17
      1      43.904    0.93916E-05   -0.55525E-02   -0.18329E-18   -0.42564E-17
      1      43.636    0.96309E-05   -0.56036E-02    0.21028E-17   -0.18062E-16
      1      43.367    0.98804E-05   -0.56365E-02   -0.17237E-17   -0.54348E-17
      1      43.098    0.10140E-04   -0.56460E-02   -0.67607E-17    0.59334E-17
      1      42.830    0.10410E-04   -0.56291E-02    0.14877E-17   -0.10493E-16
      1      42.561    0.10689E-04   -0.55851E-02   -0.34377E-17   -0.67485E-17
      1      42.293    0.10980E-04   -0.55146E-02   -0.30433E-17   -0.22318E-16
      1      42.024    0.11282E-04   -0.54217E-02   -0.79097E-18    0.46481E-17
      1      41.755    0.11597E-04   -0.53111E-02    0.16269E-18   -0.55678E-17
      1      41.487    0.11926E-04   -0.51874E-02   -0.11257E-17   -0.15226E-16
      1      41.218    0.12269E-04   -0.50550E-02   -0.46751E-17   -0.95098E-17
      1      40.949    0.12627E-04   -0.49167E-02    0.17200E-18   -0.74289E-17
      1      40.681    0.12999E-04   -0.47762E-02   -0.49017E-17   -0.55269E-17
      1      40.412    0.13386E-04   -0.46377E-02   -0.10863E-17   -0.55272E-17
      1      40.144    0.13786E-04   -0.45051E-02   -0.38568E-17   -0.11927E-16
      1      39.875    0.14199E-04   -0.43808E-02    0.30187E-17   -0.44881E-17
      1      39.606    0.14622E-04   -0.42669E-02   -0.37271E-17   -0.11804E-16
      1      39.338    0.15055E-04   -0.41651E-02   -0.49364E-17   -0.12201E-16
      1      39.069    0.15494E-04   -0.40770E-02   -0.54696E-17   -0.11872E-16
      1      38.801    0.15938E-04   -0.40026E-02   -0.49101E-17   -0.10386E-16
      1      38.532    0.16384E-04   -0.39411E-02   -0.10297E-16   -0.10788E-16
      1      38.263    0.16830E-04   -0.38905E-02    0.58998E-17   -0.12600E-16
      1      37.995    0.17275E-04   -0.38486E-02   -0.10204E-17   -0.90553E-17
      1      37.726    0.17716E-04   -0.38128E-02    0.34818E-17   -0.14756E-17
      1      37.457    0.18150E-04   -0.37806E-02   -0.61624E-17   -0.45787E-17
      1      37.189    0.18577E-04   -0.37500E-02   -0.30010E-17   -0.95415E-17
      1      36.920    0.18995E-04   -0.37196E-02   -0.56913E-17   -0.11620E-16
      1      36.652    0.19401E-04   -0.36889E-02   -0.15819E-17   -0.59259E-17
      1      36.383    0.19796E-04   -0.36581E-02   -0.67744E-17   -0.53698E-17
      1      36.114    0.20176E-04   -0.36278E-02    0.50338E-17   -0.35535E-17
      1      35.846    0.20542E-04   -0.35993E-02   -0.90509E-17   -0.53847E-17
      1      35.577    0.20892E-04   -0.35745E-02   -0.57577E-17   -0.50207E-17
      1      35.309    0.21226E-04   -0.35553E-02   -0.57790E-17   -0.35108E-17
      1      35.040    0.21543E-04   -0.35439E-02   -0.12808E-16    0.31320E-17
      1      34.771    0.21842E-04   -0.35416E-02   -0.32816E-18    0.38716E-18
      1      34.503    0.22122E-04   -0.35497E-02   -0.50595E-17   -0.43462E-17
      1      34.234    0.22382E-04   -0.35689E-02    0.13884E-16   -0.61509E-17
      1      33.965    0.22621E-04   -0.35999E-02   -0.40666E-17   -0.46392E-17
      1      33.697    0.22838E-04   -0.36441E-02   -0.10890E-16   -0.11054E-16
      1      33.428    0.23033E-04   -0.37022E-02   -0.12307E-16   -0.19323E-17
      1      33.160    0.23204E-04   -0.37748E-02   -0.20705E-17   -0.32711E-17
      1      32.891    0.23351E-04   -0.38614E-02   -0.12371E-16    0.48923E-17
      1      32.622    0.23472E-04   -0.39610E-02   -0.14567E-16    0.68832E-18
      1      32.354    0.23567E-04   -0.40717E-02   -0.13847E-16   -0.28171E-17
      1      32.085    0.23636E-04   -0.41919E-02   -0.28932E-16    0.14268E-17
      1      31.817    0.23678E-04   -0.43199E-02   -0.75899E-17    0.42845E-17
      1      31.548    0.23693E-04   -0.44543E-02    0.15029E-17    0.93470E-18
      1      31.279    0.23683E-04   -0.45942E-02    0.10423E-18   -0.19135E-18
      1      31.011    0.23647E-04   -0.47388E-02   -0.99393E-17    0.10114E-17
      1      30.742    0.23588E-04   -0.48855E-02   -0.35018E-17   -0.62238E-17
      1      30.473    0.23506E-04   -0.50306E-02   -0.28395E-17    0.30275E-17
      1      30.205    0.23403E-04   -0.51713E-02   -0.54436E-18   -0.13533E-21
      1      29.936    0.23282E-04   -0.53074E-02   -0.36534E-17   -0.67477E-17
      1      29.668    0.23145E-04   -0.54395E-02   -0.85589E-17    0.85251E-17
      1      29.399    0.22994E-04   -0.55700E-02   -0.15182E-16    0.61212E-17
      1      29.130    0.22832E-04   -0.57008E-02   -0.10116E-16    0.57029E-17
      1      28.862    0.22659E-04   -0.58315E-02    0.18848E-17   -0.11112E-18
      1      28.593    0.22479E-04   -0.59637E-02    0.30988E-17    0.26211E-17
      1      28.325    0.22294E-04   -0.61023E-02   -0.87678E-17   -0.39303E-17
      1      28.056    0.22104E-04   -0.62530E-02   -0.54185E-17    0.83536E-17
      1      27.787    0.21912E-04   -0.64197E-02   -0.44551E-18    0.43594E-17
      1      27.519    0.21718E-04   -0.66075E-02   -0.56551E-17    0.78226E-17
      1      27.250    0.21523E-04   -0.68196E-02   -0.31071E-17    0.76610E-17
      1      26.981    0.21328E-04   -0.70580E-02   -0.11961E-16    0.61319E-17
      1      26.713    0.21132E-04   -0.73232E-02   -0.57296E-17    0.93569E-17
      1      26.444    0.20936E-04   -0.76144E-02   -0.16937E-17    0.14070E-16
      1      26.176    0.20740E-04   -0.79311E-02   -0.10514E-16    0.46086E-17
      1      25.907    0.20543E-04   -0.82733E-02    0.67823E-17    0.70125E-17
      1      25.638    0.20347E-04   -0.86404E-02   -0.75537E-17    0.13006E-16
      1      25.370    0.20151E-04   -0.90308E-02   -0.76124E-17    0.73092E-17
      1      25.101    0.19956E-04   -0.94420E-02   -0.61794E-17    0.15873E-16
      1      24.833    0.19762E-04   -0.98719E-02   -0.24133E-17    0.18085E-16
      1      24.564    0.19569E-04   -0.10319E-01   -0.10014E-16    0.70034E-17
      1      24.295    0.19378E-04   -0.10783E-01   -0.25586E-17    0.69280E-17
      1      24.027    0.19189E-04   -0.11260E-01    0.62532E-17    0.18099E-16
      1      23.758    0.19004E-04   -0.11750E-01    0.11919E-16    0.10612E-16
      1      23.489    0.18823E-04   -0.12248E-01   -0.42889E-17    0.95313E-17
      1      23.221    0.18646E-04   -0.12751E-01    0.79113E-18    0.12589E-16
      1      22.952    0.18475E-04   -0.13257E-01    0.46609E-17    0.52565E-17
      1      22.684    0.18310E-04   -0.13763E-01   -0.29017E-18    0.17075E-16
      1      22.415    0.18153E-04   -0.14268E-01    0.67916E-17    0.16855E-16
      1      22.146    0.18005E-04   -0.14771E-01   -0.77944E-18    0.18591E-16
      1      21.878    0.17866E-04   -0.15271E-01    0.56522E-17    0.15035E-16
      1      21.609    0.17739E-04   -0.15767E-01    0.33592E-17    0.13501E-16
      1      21.341    0.17622E-04   -0.16256E-01    0.85050E-17   -0.13648E-17
      1      21.072    0.17518E-04   -0.16739E-01    0.41291E-17    0.56566E-17
      1      20.803    0.17427E-04   -0.17216E-01    0.15117E-16    0.14876E-16
      1      20.535    0.17350E-04   -0.17687E-01   -0.11974E-16    0.15734E-16
      1      20.266    0.17288E-04   -0.18151E-01    0.11008E-16    0.17202E-16
      1      19.997    0.17240E-04   -0.18610E-01   -0.38076E-17    0.11453E-16
      1      19.729    0.17208E-04   -0.19062E-01    0.33624E-17    0.24040E-16
      1      19.460    0.17191E-04   -0.19510E-01    0.73042E-17    0.13426E-16
      1      19.192    0.17190E-04   -0.19954E-01    0.10900E-16    0.81581E-17
      1      18.923    0.17205E-04   -0.20394E-01    0.11335E-16    0.22145E-16
      1      18.654    0.17236E-04   -0.20832E-01    0.14012E-16    0.20981E-16
      1      18.386    0.17282E-04   -0.21268E-01    0.13175E-16    0.18981E-16
      1      18.117    0.17345E-04   -0.21703E-01    0.46987E-17    0.14641E-16
      1      17.849    0.17423E-04   -0.22138E-01    0.10546E-16    0.18876E-16
      1      17.580    0.17517E-04   -0.22573E-01    0.11546E-16    0.20456E-16
      1      17.311    0.17626E-04   -0.23007E-01    0.88761E-17    0.13674E-16
      1      17.043    0.17750E-04   -0.23442E-01    0.16336E-17    0.15539E-16
      1      16.774    0.17890E-04   -0.23877E-01    0.15095E-16    0.27286E-16
      1      16.505    0.18045E-04   -0.24312E-01    0.33535E-17    0.22463E-16
      1      16.237    0.18215E-04   -0.24749E-01    0.38254E-17    0.20459E-16
      1      15.968    0.18401E-04   -0.25187E-01    0.82883E-17    0.13421E-16
      1      15.700    0.18603E-04   -0.25628E-01    0.12302E-16    0.18208E-16
      1      15.431    0.18820E-04   -0.26073E-01    0.10731E-16    0.87444E-17
      1      15.162    0.19054E-04   -0.26522E-01    0.18707E-16    0.66109E-17
      1      14.894    0.19305E-04   -0.26976E-01    0.24678E-16    0.86184E-17
      1      14.625    0.19574E-04   -0.27437E-01    0.10941E-16    0.19596E-16
      1      14.357    0.19860E-04   -0.27908E-01    0.15934E-16    0.39574E-17
      1      14.088    0.20165E-04   -0.28391E-01    0.13616E-16    0.33739E-17
      1      13.819    0.20490E-04   -0.28888E-01    0.18272E-16    0.12231E-16
      1      13.551    0.20836E-04   -0.29403E-01    0.12788E-16    0.27674E-17
      1      13.282    0.21203E-04   -0.29937E-01    0.80472E-17    0.71392E-17
      1      13.014    0.21593E-04   -0.30493E-01    0.27280E-16    0.42367E-17
      1      12.745    0.22008E-04   -0.31074E-01    0.19847E-16    0.24435E-17
      1      12.476    0.22450E-04   -0.31681E-01    0.52847E-17    0.15805E-16
      1      12.208    0.22919E-04   -0.32317E-01    0.16499E-16    0.87110E-17
      1      11.939    0.23418E-04   -0.32981E-01    0.23608E-16    0.12403E-16
      1      11.670    0.23949E-04   -0.33671E-01    0.73845E-17    0.94097E-18
      1      11.402    0.24511E-04   -0.34378E-01    0.10786E-16    0.16774E-16
      1      11.133    0.25101E-04   -0.35087E-01    0.19406E-16    0.14531E-17
      1      10.865    0.25709E-04   -0.35766E-01    0.13700E-16    0.56333E-17
      1      10.596    0.26315E-04   -0.36360E-01    0.25223E-16   -0.44121E-17
      1      10.327    0.26888E-04   -0.36788E-01    0.19110E-16    0.92897E-17
      1      10.059    0.27382E-04   -0.36941E-01    0.12935E-16    0.27921E-17
      1       9.790    0.27747E-04   -0.36708E-01    0.31926E-17    0.78983E-17
      1       9.522    0.27951E-04   -0.36021E-01    0.26854E-16    0.74855E-17
      1       9.253    0.28017E-04   -0.34928E-01    0.21343E-16    0.68561E-17
      1       8.984    0.27997E-04   -0.33542E-01    0.33647E-16    0.54082E-17
      1       8.716    0.27947E-04   -0.31983E-01    0.34285E-16    0.70513E-17
      1       8.447    0.27913E-04   -0.30350E-01    0.10389E-16    0.52601E-17
      1       8.178    0.27928E-04   -0.28704E-01    0.16239E-16    0.54220E-17
      1       7.910    0.28010E-04   -0.27081E-01    0.33467E-16    0.77914E-17
      1       7.641    0.28172E-04   -0.25500E-01   -0.16137E-17    0.14060E-16
      1       7.373    0.28423E-04   -0.23967E-01    0.27929E-16   -0.62401E-18
      1       7.104    0.28768E-04   -0.22483E-01    0.64336E-16    0.13197E-17
      1       6.835    0.29212E-04   -0.21048E-01    0.23238E-16    0.37029E-17
      1       6.567    0.29762E-04   -0.19661E-01    0.45651E-16    0.33530E-17
      1       6.298    0.30422E-04   -0.18321E-01    0.52728E-16    0.88530E-18
      1       6.030    0.31197E-04   -0.17030E-01    0.45679E-16   -0.92164E-17
      1       5.761    0.32094E-04   -0.15791E-01    0.49722E-16   -0.25756E-17
      1       5.492    0.33117E-04   -0.14606E-01    0.70856E-16   -0.14277E-16
      1       5.224    0.34271E-04   -0.13478E-01    0.23909E-16   -0.17873E-17
      1       4.955    0.35562E-04   -0.12410E-01    0.26580E-16    0.29530E-17
      1       4.686    0.36992E-04   -0.11405E-01    0.49133E-16   -0.34632E-17
      1       4.418    0.38563E-04   -0.10466E-01    0.42740E-16    0.19706E-17
      1       4.149    0.40275E-04   -0.95971E-02    0.73676E-16   -0.12094E-16
      1       3.881    0.42125E-04   -0.88026E-02    0.91335E-16    0.72364E-17
      1       3.612    0.44105E-04   -0.80868E-02    0.26416E-16   -0.66198E-17
      1       3.343    0.46201E-04   -0.74518E-02    0.48255E-16    0.31370E-17
      1       3.075    0.48387E-04   -0.68847E-02    0.30060E-16   -0.47586E-17
      1       2.806    0.50620E-04   -0.63623E-02    0.43780E-16    0.38732E-17
      1       2.538    0.52838E-04   -0.58587E-02    0.20611E-16    0.78380E-17
      1       2.269    0.54958E-04   -0.53481E-02    0.56433E-16   -0.67906E-18
      1       2.000    0.56864E-04   -0.48090E-02    0.61642E-16   -0.55372E-17
      1       1.732    0.58394E-04   -0.42259E-02    0.49126E-16   -0.26728E-17
      1       1.463    0.59324E-04   -0.35926E-02    0.75764E-16   -0.81225E-17
      1       1.194    0.59349E-04   -0.29316E-02    0.70467E-16   -0.58560E-17
      1       0.926    0.58050E-04   -0.23083E-02    0.73966E-16   -0.13909E-17
      1       0.657    0.54660E-04   -0.17656E-02    0.82751E-16    0.26453E-17
      1       0.389    0.47482E-04   -0.13069E-02    0.58721E-16   -0.73366E-17
      1       0.120    0.30492E-04   -0.70162E-03    0.23402E-16   -0.12365E-17
