   3N SYSTEM INCLUSIVE  PHOTODESINTEGRATION
        DETECTED PARTICLE: 1- PROTON
        NOT DETECTED PARTICLES:2- PROTON  3-NEUTRON

      OMEGA 0.10000E+03
     MTTWE1,MTTWE2,MTTWE3=    1    1   -1
     TH1LAB,PHI1LAB=    90.000     0.000
   Unit of cross sections ... fm**2/(MeV*sr**2)
      I       E1      CROSS           AX           AY           AZ
      1      59.746    0.56114E-07   -0.15642E+00    0.21186E-17    0.14592E-17
      1      59.733    0.16368E-04   -0.15660E+00   -0.43795E-17   -0.49595E-17
      1      59.726    0.18473E-04   -0.15824E+00   -0.24370E-17   -0.69518E-17
      1      59.720    0.19820E-04   -0.15993E+00   -0.11934E-18    0.40257E-17
      1      59.713    0.20723E-04   -0.16160E+00    0.85787E-19   -0.14718E-17
      1      59.706    0.21344E-04   -0.16321E+00   -0.87895E-17    0.68628E-17
      1      59.700    0.21775E-04   -0.16474E+00    0.45110E-17    0.13792E-17
      1      59.693    0.22075E-04   -0.16618E+00   -0.68391E-17    0.57820E-17
      1      59.686    0.22280E-04   -0.16756E+00   -0.59290E-19    0.10915E-17
      1      59.680    0.22417E-04   -0.16890E+00    0.18023E-16    0.10948E-16
      1      59.673    0.22504E-04   -0.17021E+00    0.26162E-17    0.15757E-17
      1      59.666    0.22555E-04   -0.17150E+00   -0.45147E-17    0.32916E-17
      1      59.660    0.22577E-04   -0.17278E+00    0.15292E-16    0.10920E-17
      1      59.653    0.22580E-04   -0.17405E+00   -0.18945E-16   -0.11257E-16
      1      59.646    0.22567E-04   -0.17532E+00    0.53939E-17   -0.34824E-17
      1      59.640    0.22543E-04   -0.17660E+00   -0.16102E-16   -0.88286E-18
      1      59.633    0.22511E-04   -0.17787E+00    0.17193E-16    0.15098E-16
      1      59.626    0.22474E-04   -0.17916E+00    0.19088E-17    0.94675E-17
      1      59.300    0.21070E-04   -0.23558E+00   -0.12476E-16    0.48793E-17
      1      58.973    0.20425E-04   -0.26085E+00   -0.43507E-18    0.27893E-16
      1      58.646    0.20058E-04   -0.27441E+00   -0.93988E-17   -0.23050E-17
      1      58.319    0.19774E-04   -0.28217E+00   -0.11715E-16   -0.56431E-16
      1      57.992    0.19513E-04   -0.28633E+00    0.53951E-17    0.36116E-16
      1      57.665    0.19267E-04   -0.28802E+00   -0.28568E-17    0.76417E-17
      1      57.338    0.19049E-04   -0.28796E+00    0.29772E-17   -0.11866E-17
      1      57.011    0.18880E-04   -0.28673E+00    0.42917E-17   -0.24160E-18
      1      56.684    0.18779E-04   -0.28487E+00   -0.80366E-18   -0.15205E-16
      1      56.357    0.18756E-04   -0.28281E+00   -0.49257E-17    0.54532E-18
      1      56.030    0.18802E-04   -0.28074E+00    0.59011E-17    0.89260E-17
      1      55.703    0.18909E-04   -0.27882E+00   -0.53606E-17   -0.22172E-17
      1      55.376    0.19070E-04   -0.27722E+00   -0.40855E-17    0.51189E-17
      1      55.049    0.19283E-04   -0.27602E+00   -0.31971E-17    0.34624E-17
      1      54.722    0.19538E-04   -0.27519E+00   -0.15032E-16   -0.24220E-18
      1      54.395    0.19828E-04   -0.27456E+00   -0.10244E-16    0.30747E-16
      1      54.068    0.20142E-04   -0.27388E+00   -0.77675E-17   -0.54634E-17
      1      53.741    0.20470E-04   -0.27291E+00   -0.82179E-17   -0.86737E-17
      1      53.414    0.20802E-04   -0.27138E+00    0.53535E-17   -0.10888E-16
      1      53.087    0.21131E-04   -0.26911E+00    0.68140E-17   -0.69723E-17
      1      52.760    0.21448E-04   -0.26591E+00   -0.99949E-18   -0.17360E-16
      1      52.433    0.21749E-04   -0.26169E+00   -0.14943E-16    0.48397E-17
      1      52.106    0.22032E-04   -0.25641E+00   -0.13281E-16    0.37421E-17
      1      51.779    0.22299E-04   -0.25021E+00   -0.25805E-16    0.44686E-17
      1      51.453    0.22557E-04   -0.24334E+00   -0.11171E-16    0.92107E-17
      1      51.126    0.22812E-04   -0.23603E+00   -0.80108E-17   -0.63217E-17
      1      50.799    0.23067E-04   -0.22852E+00   -0.21496E-16   -0.13783E-16
      1      50.472    0.23328E-04   -0.22103E+00   -0.30222E-16   -0.80834E-17
      1      50.145    0.23598E-04   -0.21375E+00   -0.17352E-16   -0.36172E-17
      1      49.818    0.23878E-04   -0.20687E+00   -0.29870E-16   -0.28196E-17
      1      49.491    0.24169E-04   -0.20054E+00   -0.11314E-16   -0.13973E-16
      1      49.164    0.24473E-04   -0.19487E+00   -0.24205E-16   -0.87509E-18
      1      48.837    0.24787E-04   -0.18994E+00   -0.20187E-16   -0.69835E-17
      1      48.510    0.25110E-04   -0.18576E+00   -0.24161E-16   -0.18915E-16
      1      48.183    0.25439E-04   -0.18232E+00   -0.35898E-16   -0.39909E-17
      1      47.856    0.25768E-04   -0.17952E+00   -0.50119E-16    0.35003E-17
      1      47.529    0.26092E-04   -0.17725E+00   -0.47543E-16   -0.16360E-16
      1      47.202    0.26406E-04   -0.17540E+00   -0.30196E-16    0.54327E-17
      1      46.875    0.26705E-04   -0.17383E+00   -0.51121E-16   -0.64628E-17
      1      46.548    0.26983E-04   -0.17244E+00   -0.41018E-16    0.39696E-17
      1      46.221    0.27237E-04   -0.17115E+00   -0.45725E-16   -0.22197E-16
      1      45.894    0.27464E-04   -0.16990E+00    0.29003E-16   -0.28684E-16
      1      45.567    0.27662E-04   -0.16868E+00    0.12731E-16   -0.13635E-16
      1      45.240    0.27831E-04   -0.16749E+00    0.15959E-16   -0.34140E-16
      1      44.913    0.27969E-04   -0.16636E+00   -0.16266E-16   -0.97256E-17
      1      44.586    0.28080E-04   -0.16536E+00    0.84207E-16   -0.17504E-16
      1      44.259    0.28163E-04   -0.16453E+00   -0.12903E-17   -0.10140E-16
      1      43.932    0.28220E-04   -0.16395E+00   -0.10341E-16   -0.13560E-16
      1      43.605    0.28253E-04   -0.16364E+00    0.22694E-15   -0.67775E-16
      1      43.279    0.28261E-04   -0.16360E+00   -0.22843E-16   -0.28602E-17
      1      42.952    0.28243E-04   -0.16384E+00   -0.75684E-16    0.33681E-17
      1      42.625    0.28200E-04   -0.16436E+00   -0.93883E-16    0.12443E-16
      1      42.298    0.28134E-04   -0.16518E+00   -0.42169E-16    0.56720E-17
      1      41.971    0.28046E-04   -0.16631E+00   -0.38955E-16   -0.35314E-17
      1      41.644    0.27934E-04   -0.16773E+00    0.86849E-16   -0.28955E-16
      1      41.317    0.27800E-04   -0.16941E+00   -0.58565E-16    0.16259E-16
      1      40.990    0.27643E-04   -0.17128E+00   -0.92954E-16    0.12815E-16
      1      40.663    0.27461E-04   -0.17328E+00   -0.11402E-17   -0.13295E-16
      1      40.336    0.27254E-04   -0.17532E+00    0.67047E-17   -0.19918E-16
      1      40.009    0.27020E-04   -0.17732E+00   -0.64629E-16    0.43357E-17
      1      39.682    0.26759E-04   -0.17920E+00   -0.56902E-17   -0.25763E-17
      1      39.355    0.26472E-04   -0.18088E+00   -0.34932E-16   -0.22105E-18
      1      39.028    0.26160E-04   -0.18230E+00   -0.56690E-16    0.88616E-17
      1      38.701    0.25826E-04   -0.18344E+00   -0.64817E-16    0.13398E-17
      1      38.374    0.25471E-04   -0.18427E+00   -0.69183E-16    0.10850E-16
      1      38.047    0.25100E-04   -0.18482E+00   -0.74428E-16    0.17632E-16
      1      37.720    0.24718E-04   -0.18515E+00   -0.60259E-16    0.52181E-19
      1      37.393    0.24330E-04   -0.18532E+00   -0.57949E-16   -0.74382E-17
      1      37.066    0.23940E-04   -0.18547E+00   -0.26740E-16    0.27084E-17
      1      36.739    0.23556E-04   -0.18574E+00   -0.66260E-16    0.25371E-16
      1      36.412    0.23184E-04   -0.18629E+00   -0.77053E-16    0.16900E-16
      1      36.085    0.22829E-04   -0.18731E+00   -0.50487E-16    0.29342E-16
      1      35.758    0.22495E-04   -0.18894E+00   -0.38407E-16   -0.13505E-16
      1      35.432    0.22187E-04   -0.19135E+00   -0.41208E-16    0.12220E-17
      1      35.105    0.21908E-04   -0.19463E+00   -0.51333E-16   -0.79102E-17
      1      34.778    0.21658E-04   -0.19883E+00   -0.42718E-16    0.42361E-16
      1      34.451    0.21437E-04   -0.20393E+00   -0.51225E-16    0.47217E-16
      1      34.124    0.21242E-04   -0.20986E+00   -0.62112E-16    0.45399E-16
      1      33.797    0.21072E-04   -0.21653E+00   -0.53338E-16    0.31408E-16
      1      33.470    0.20925E-04   -0.22386E+00   -0.45772E-16    0.88412E-17
      1      33.143    0.20799E-04   -0.23176E+00   -0.52652E-16    0.38814E-16
      1      32.816    0.20692E-04   -0.24014E+00   -0.40632E-16    0.59345E-17
      1      32.489    0.20603E-04   -0.24890E+00    0.20932E-17    0.20034E-16
      1      32.162    0.20530E-04   -0.25794E+00   -0.32135E-16    0.14135E-16
      1      31.835    0.20472E-04   -0.26718E+00   -0.59291E-16    0.11445E-16
      1      31.508    0.20426E-04   -0.27652E+00   -0.21958E-16    0.12277E-16
      1      31.181    0.20392E-04   -0.28588E+00   -0.14990E-16    0.22234E-17
      1      30.854    0.20369E-04   -0.29517E+00   -0.30760E-16   -0.98053E-17
      1      30.527    0.20355E-04   -0.30433E+00   -0.36004E-16   -0.54921E-17
      1      30.200    0.20350E-04   -0.31330E+00   -0.36796E-16    0.21019E-16
      1      29.873    0.20354E-04   -0.32203E+00   -0.22435E-16    0.19659E-16
      1      29.546    0.20367E-04   -0.33050E+00    0.12359E-16   -0.96301E-17
      1      29.219    0.20390E-04   -0.33869E+00   -0.16342E-16    0.84352E-17
      1      28.892    0.20423E-04   -0.34661E+00   -0.30410E-16    0.20897E-17
      1      28.565    0.20467E-04   -0.35426E+00    0.86425E-18    0.34260E-17
      1      28.238    0.20523E-04   -0.36164E+00    0.28868E-17    0.39168E-17
      1      27.911    0.20593E-04   -0.36877E+00   -0.45627E-17   -0.33571E-17
      1      27.585    0.20677E-04   -0.37566E+00    0.25284E-16   -0.11539E-16
      1      27.258    0.20776E-04   -0.38234E+00    0.12133E-16    0.26528E-16
      1      26.931    0.20892E-04   -0.38882E+00    0.32904E-17   -0.10437E-16
      1      26.604    0.21026E-04   -0.39513E+00   -0.10793E-16    0.56751E-18
      1      26.277    0.21179E-04   -0.40130E+00   -0.40584E-16    0.40631E-17
      1      25.950    0.21352E-04   -0.40734E+00   -0.13075E-16    0.28325E-16
      1      25.623    0.21545E-04   -0.41328E+00    0.54426E-16   -0.16055E-16
      1      25.296    0.21760E-04   -0.41914E+00   -0.34378E-16    0.12815E-16
      1      24.969    0.21998E-04   -0.42493E+00   -0.58305E-16    0.40864E-18
      1      24.642    0.22258E-04   -0.43066E+00    0.17334E-16   -0.49913E-18
      1      24.315    0.22542E-04   -0.43634E+00    0.37320E-17    0.12986E-16
      1      23.988    0.22849E-04   -0.44197E+00    0.43796E-17    0.17621E-16
      1      23.661    0.23179E-04   -0.44754E+00   -0.87810E-17    0.67211E-17
      1      23.334    0.23533E-04   -0.45305E+00   -0.69862E-16    0.11156E-16
      1      23.007    0.23911E-04   -0.45850E+00    0.40857E-16   -0.13482E-16
      1      22.680    0.24313E-04   -0.46389E+00   -0.49123E-18    0.42281E-17
      1      22.353    0.24740E-04   -0.46923E+00   -0.54544E-16    0.89067E-17
      1      22.026    0.25192E-04   -0.47452E+00   -0.20292E-16   -0.67909E-17
      1      21.699    0.25670E-04   -0.47976E+00    0.23765E-17    0.16288E-16
      1      21.372    0.26174E-04   -0.48497E+00   -0.35502E-16    0.78665E-17
      1      21.045    0.26707E-04   -0.49014E+00   -0.73691E-17    0.17571E-16
      1      20.718    0.27269E-04   -0.49529E+00   -0.36192E-16   -0.22477E-17
      1      20.391    0.27862E-04   -0.50043E+00    0.22974E-16    0.10602E-17
      1      20.064    0.28489E-04   -0.50559E+00    0.12534E-16   -0.12281E-16
      1      19.738    0.29152E-04   -0.51079E+00    0.33155E-17    0.18780E-17
      1      19.411    0.29855E-04   -0.51605E+00    0.33504E-16    0.77240E-17
      1      19.084    0.30601E-04   -0.52140E+00   -0.85253E-16   -0.35397E-17
      1      18.757    0.31394E-04   -0.52686E+00    0.46116E-16    0.10393E-16
      1      18.430    0.32238E-04   -0.53245E+00    0.26012E-16   -0.56655E-17
      1      18.103    0.33138E-04   -0.53820E+00    0.11048E-15   -0.87736E-17
      1      17.776    0.34097E-04   -0.54412E+00   -0.50278E-17   -0.40785E-17
      1      17.449    0.35121E-04   -0.55021E+00    0.48430E-16   -0.59747E-17
      1      17.122    0.36210E-04   -0.55649E+00    0.71702E-18   -0.99892E-17
      1      16.795    0.37366E-04   -0.56292E+00    0.57199E-16   -0.78078E-17
      1      16.468    0.38583E-04   -0.56944E+00   -0.85032E-16   -0.11161E-17
      1      16.141    0.39843E-04   -0.57594E+00    0.75447E-16    0.29474E-16
      1      15.814    0.41113E-04   -0.58219E+00    0.13082E-15   -0.91115E-17
      1      15.487    0.42333E-04   -0.58781E+00   -0.18258E-15   -0.14984E-16
      1      15.160    0.43412E-04   -0.59230E+00   -0.89746E-16   -0.31457E-17
      1      14.833    0.44239E-04   -0.59499E+00   -0.15319E-15    0.23461E-17
      1      14.506    0.44708E-04   -0.59531E+00   -0.13224E-15   -0.20061E-17
      1      14.179    0.44762E-04   -0.59293E+00   -0.17740E-15    0.41239E-17
      1      13.852    0.44428E-04   -0.58795E+00    0.24662E-16    0.14926E-17
      1      13.525    0.43800E-04   -0.58089E+00   -0.26922E-15   -0.81309E-17
      1      13.198    0.42998E-04   -0.57236E+00    0.63642E-16   -0.28724E-17
      1      12.871    0.42126E-04   -0.56294E+00   -0.65512E-16   -0.22492E-16
      1      12.544    0.41261E-04   -0.55299E+00    0.21327E-15   -0.64740E-17
      1      12.217    0.40448E-04   -0.54275E+00   -0.15984E-15    0.12139E-17
      1      11.891    0.39712E-04   -0.53230E+00   -0.13329E-15   -0.23993E-17
      1      11.564    0.39065E-04   -0.52168E+00   -0.14440E-15    0.11245E-16
      1      11.237    0.38512E-04   -0.51085E+00    0.88516E-16   -0.23452E-16
      1      10.910    0.38058E-04   -0.49978E+00   -0.62993E-16   -0.11571E-16
      1      10.583    0.37702E-04   -0.48843E+00   -0.63845E-16    0.10362E-16
      1      10.256    0.37446E-04   -0.47676E+00    0.23410E-16   -0.97107E-17
      1       9.929    0.37291E-04   -0.46471E+00    0.45676E-16    0.19708E-16
      1       9.602    0.37242E-04   -0.45229E+00    0.20849E-16   -0.10078E-16
      1       9.275    0.37303E-04   -0.43947E+00    0.72394E-16    0.93617E-17
      1       8.948    0.37475E-04   -0.42626E+00    0.30829E-17   -0.50609E-17
      1       8.621    0.37765E-04   -0.41264E+00    0.71229E-17   -0.24789E-16
      1       8.294    0.38177E-04   -0.39865E+00    0.14028E-16    0.20716E-16
      1       7.967    0.38717E-04   -0.38431E+00    0.55576E-16    0.94591E-17
      1       7.640    0.39391E-04   -0.36971E+00    0.34041E-16    0.36817E-17
      1       7.313    0.40209E-04   -0.35495E+00    0.25148E-16   -0.20917E-16
      1       6.986    0.41181E-04   -0.34018E+00   -0.12525E-16    0.49220E-17
      1       6.659    0.42320E-04   -0.32560E+00    0.28243E-17    0.66595E-17
      1       6.332    0.43642E-04   -0.31147E+00    0.96855E-18    0.51183E-17
      1       6.005    0.45157E-04   -0.29796E+00    0.54773E-16   -0.13102E-16
      1       5.678    0.46861E-04   -0.28501E+00    0.19415E-16   -0.17407E-16
      1       5.351    0.48734E-04   -0.27241E+00    0.22316E-16   -0.81652E-18
      1       5.024    0.50745E-04   -0.25981E+00    0.20605E-16    0.68486E-17
      1       4.697    0.52851E-04   -0.24682E+00    0.28657E-16   -0.30599E-18
      1       4.370    0.55001E-04   -0.23308E+00    0.38131E-16   -0.47274E-17
      1       4.044    0.57136E-04   -0.21825E+00    0.28004E-17   -0.43226E-17
      1       3.717    0.59195E-04   -0.20214E+00    0.28610E-16    0.50970E-17
      1       3.390    0.61112E-04   -0.18466E+00    0.42492E-16   -0.36885E-17
      1       3.063    0.62835E-04   -0.16612E+00    0.23208E-16    0.10471E-16
      1       2.736    0.64383E-04   -0.14785E+00    0.50834E-16   -0.47412E-17
      1       2.409    0.65749E-04   -0.13119E+00    0.47266E-16    0.27069E-17
      1       2.082    0.66854E-04   -0.11712E+00    0.75601E-16   -0.12424E-16
      1       1.755    0.67539E-04   -0.10653E+00    0.74999E-16   -0.84051E-17
      1       1.428    0.67523E-04   -0.10039E+00    0.66606E-16    0.35220E-18
      1       1.101    0.66269E-04   -0.99365E-01    0.69056E-16    0.82985E-18
      1       0.774    0.62221E-04   -0.97577E-01    0.49656E-16    0.22610E-17
      1       0.447    0.51832E-04   -0.75822E-01    0.68590E-16   -0.43601E-17
      1       0.120    0.28438E-04   -0.23270E-01    0.53560E-16   -0.91686E-17
