   3N SYSTEM INCLUSIVE  PHOTODESINTEGRATION
        DETECTED PARTICLE: 1- PROTON
        NOT DETECTED PARTICLES:2- PROTON  3-NEUTRON

      OMEGA 0.30000E+02
     MTTWE1,MTTWE2,MTTWE3=    1    1   -1
     TH1LAB,PHI1LAB=    50.000     0.000
   Unit of cross sections ... fm**2/(MeV*sr**2)
      I       E1      CROSS           AX           AY           AZ
      1      15.877    0.30643E-05   -0.91501E+00   -0.42379E-18   -0.45115E-18
      1      15.864    0.88353E-03   -0.91329E+00   -0.12889E-17    0.21209E-17
      1      15.857    0.98882E-03   -0.91281E+00   -0.15434E-17   -0.89292E-19
      1      15.850    0.10510E-02   -0.91236E+00   -0.21534E-17    0.31781E-18
      1      15.844    0.10880E-02   -0.91193E+00   -0.54164E-18   -0.36995E-19
      1      15.837    0.11093E-02   -0.91153E+00   -0.49147E-18    0.18749E-17
      1      15.830    0.11203E-02   -0.91115E+00   -0.22227E-18   -0.15275E-17
      1      15.824    0.11246E-02   -0.91078E+00    0.26417E-17   -0.67046E-18
      1      15.817    0.11242E-02   -0.91043E+00   -0.48059E-18    0.53373E-18
      1      15.810    0.11207E-02   -0.91011E+00   -0.17642E-17   -0.59109E-17
      1      15.804    0.11150E-02   -0.90980E+00    0.96273E-17    0.27705E-17
      1      15.797    0.11081E-02   -0.90951E+00    0.60345E-18    0.29229E-17
      1      15.790    0.11002E-02   -0.90923E+00    0.20170E-17    0.29787E-17
      1      15.784    0.10919E-02   -0.90898E+00   -0.19940E-18   -0.16999E-17
      1      15.777    0.10833E-02   -0.90873E+00   -0.24227E-18   -0.19457E-17
      1      15.770    0.10747E-02   -0.90851E+00   -0.61762E-19    0.76866E-18
      1      15.764    0.10659E-02   -0.90829E+00   -0.52949E-18    0.20885E-17
      1      15.757    0.10573E-02   -0.90809E+00    0.35611E-18    0.17901E-18
      1      15.671    0.95609E-03   -0.90592E+00    0.11311E-17    0.19949E-17
      1      15.585    0.87738E-03   -0.90405E+00   -0.11084E-17   -0.92092E-17
      1      15.499    0.81757E-03   -0.90235E+00    0.39226E-17   -0.11237E-16
      1      15.413    0.77101E-03   -0.90074E+00    0.81533E-18   -0.46566E-17
      1      15.327    0.73341E-03   -0.89914E+00    0.62843E-18   -0.55797E-17
      1      15.241    0.70203E-03   -0.89747E+00   -0.90843E-17   -0.24532E-17
      1      15.156    0.67512E-03   -0.89569E+00    0.18489E-17    0.30979E-17
      1      15.070    0.65152E-03   -0.89375E+00   -0.26049E-18   -0.55130E-18
      1      14.984    0.63046E-03   -0.89164E+00   -0.56222E-17    0.92823E-18
      1      14.898    0.61138E-03   -0.88934E+00   -0.56164E-17   -0.23265E-18
      1      14.812    0.59395E-03   -0.88684E+00   -0.12905E-18   -0.38982E-17
      1      14.726    0.57793E-03   -0.88416E+00    0.93917E-17    0.20106E-17
      1      14.640    0.56317E-03   -0.88130E+00    0.59333E-17    0.80347E-17
      1      14.554    0.54950E-03   -0.87829E+00   -0.14922E-17    0.65212E-18
      1      14.468    0.53682E-03   -0.87511E+00    0.71984E-17    0.57178E-17
      1      14.382    0.52503E-03   -0.87177E+00    0.29707E-17   -0.68991E-18
      1      14.296    0.51403E-03   -0.86828E+00    0.17624E-17   -0.49480E-17
      1      14.210    0.50376E-03   -0.86463E+00   -0.40019E-17   -0.10854E-16
      1      14.125    0.49415E-03   -0.86084E+00    0.12154E-17    0.92669E-17
      1      14.039    0.48514E-03   -0.85688E+00   -0.49988E-17   -0.26962E-16
      1      13.953    0.47670E-03   -0.85278E+00    0.10792E-16    0.10226E-18
      1      13.867    0.46879E-03   -0.84852E+00    0.92933E-17   -0.15271E-16
      1      13.781    0.46137E-03   -0.84411E+00    0.30827E-17   -0.24415E-16
      1      13.695    0.45444E-03   -0.83957E+00   -0.81164E-18    0.38928E-17
      1      13.609    0.44797E-03   -0.83489E+00    0.14044E-16   -0.98047E-17
      1      13.523    0.44193E-03   -0.83008E+00    0.21491E-17   -0.25176E-16
      1      13.437    0.43630E-03   -0.82516E+00    0.12121E-16    0.18539E-16
      1      13.351    0.43107E-03   -0.82013E+00   -0.14652E-16   -0.52289E-16
      1      13.265    0.42621E-03   -0.81502E+00    0.16105E-17    0.18968E-16
      1      13.179    0.42172E-03   -0.80982E+00    0.19018E-16    0.10895E-16
      1      13.094    0.41757E-03   -0.80454E+00    0.57524E-17    0.24507E-17
      1      13.008    0.41375E-03   -0.79921E+00    0.19901E-16    0.23685E-16
      1      12.922    0.41023E-03   -0.79382E+00    0.18370E-16    0.15846E-16
      1      12.836    0.40700E-03   -0.78838E+00    0.60067E-17    0.31252E-16
      1      12.750    0.40405E-03   -0.78288E+00    0.15135E-16    0.38281E-16
      1      12.664    0.40135E-03   -0.77734E+00   -0.94884E-17    0.13306E-16
      1      12.578    0.39889E-03   -0.77176E+00    0.11891E-16   -0.13523E-16
      1      12.492    0.39666E-03   -0.76613E+00   -0.19535E-17    0.13363E-16
      1      12.406    0.39466E-03   -0.76047E+00   -0.43676E-17   -0.28798E-17
      1      12.320    0.39286E-03   -0.75477E+00    0.14516E-16   -0.64716E-17
      1      12.234    0.39128E-03   -0.74905E+00   -0.97219E-17    0.89717E-17
      1      12.148    0.38990E-03   -0.74332E+00    0.29386E-17   -0.19073E-16
      1      12.063    0.38873E-03   -0.73758E+00    0.62889E-17    0.25984E-16
      1      11.977    0.38777E-03   -0.73185E+00    0.15452E-16    0.76316E-17
      1      11.891    0.38702E-03   -0.72614E+00    0.30885E-16    0.26315E-16
      1      11.805    0.38648E-03   -0.72046E+00    0.94587E-17    0.98236E-17
      1      11.719    0.38616E-03   -0.71482E+00    0.93409E-17   -0.22345E-16
      1      11.633    0.38605E-03   -0.70923E+00    0.39736E-16   -0.21410E-16
      1      11.547    0.38615E-03   -0.70369E+00    0.11571E-16    0.13936E-16
      1      11.461    0.38647E-03   -0.69822E+00    0.28732E-16   -0.13069E-17
      1      11.375    0.38699E-03   -0.69281E+00    0.27072E-16   -0.26498E-16
      1      11.289    0.38771E-03   -0.68747E+00    0.10087E-16    0.23887E-16
      1      11.203    0.38864E-03   -0.68221E+00    0.83803E-17    0.71344E-17
      1      11.117    0.38976E-03   -0.67703E+00    0.26530E-17   -0.26934E-16
      1      11.031    0.39107E-03   -0.67192E+00    0.10210E-16   -0.52271E-17
      1      10.946    0.39257E-03   -0.66690E+00    0.17096E-16    0.32612E-16
      1      10.860    0.39424E-03   -0.66195E+00    0.14950E-16    0.14379E-16
      1      10.774    0.39610E-03   -0.65709E+00   -0.10087E-16    0.12128E-16
      1      10.688    0.39813E-03   -0.65229E+00    0.23862E-16    0.41867E-16
      1      10.602    0.40034E-03   -0.64758E+00    0.36684E-17    0.12657E-17
      1      10.516    0.40272E-03   -0.64294E+00   -0.91923E-17    0.22105E-16
      1      10.430    0.40528E-03   -0.63837E+00    0.38985E-16    0.18867E-16
      1      10.344    0.40803E-03   -0.63388E+00   -0.31843E-17    0.16357E-16
      1      10.258    0.41096E-03   -0.62947E+00   -0.46645E-18   -0.28398E-18
      1      10.172    0.41409E-03   -0.62515E+00    0.15409E-16   -0.54994E-17
      1      10.086    0.41743E-03   -0.62092E+00    0.15170E-16    0.74849E-17
      1      10.000    0.42099E-03   -0.61679E+00   -0.26762E-17    0.16188E-16
      1       9.915    0.42476E-03   -0.61278E+00    0.30091E-16   -0.17705E-16
      1       9.829    0.42878E-03   -0.60890E+00   -0.45323E-17   -0.28319E-16
      1       9.743    0.43303E-03   -0.60515E+00    0.29708E-16    0.32600E-16
      1       9.657    0.43754E-03   -0.60154E+00   -0.40707E-16    0.11934E-16
      1       9.571    0.44231E-03   -0.59808E+00    0.55530E-17    0.39361E-16
      1       9.485    0.44734E-03   -0.59478E+00    0.11582E-16    0.17780E-16
      1       9.399    0.45263E-03   -0.59164E+00   -0.91512E-17    0.11855E-16
      1       9.313    0.45818E-03   -0.58865E+00    0.44842E-17    0.55202E-16
      1       9.227    0.46401E-03   -0.58582E+00    0.26243E-16    0.30820E-16
      1       9.141    0.47011E-03   -0.58315E+00   -0.54462E-16   -0.11992E-16
      1       9.055    0.47649E-03   -0.58064E+00    0.14294E-16    0.61153E-17
      1       8.969    0.48315E-03   -0.57830E+00    0.11386E-17   -0.24707E-17
      1       8.884    0.49010E-03   -0.57611E+00   -0.41136E-16    0.24920E-16
      1       8.798    0.49734E-03   -0.57407E+00   -0.49867E-17    0.31460E-16
      1       8.712    0.50487E-03   -0.57219E+00   -0.26744E-16    0.43304E-17
      1       8.626    0.51270E-03   -0.57046E+00   -0.15762E-17    0.12907E-16
      1       8.540    0.52083E-03   -0.56888E+00    0.71750E-17    0.27166E-16
      1       8.454    0.52927E-03   -0.56744E+00    0.65567E-17    0.20277E-16
      1       8.368    0.53802E-03   -0.56615E+00    0.10188E-16    0.66997E-17
      1       8.282    0.54710E-03   -0.56499E+00   -0.13947E-16    0.23138E-16
      1       8.196    0.55650E-03   -0.56398E+00   -0.51500E-17    0.18521E-17
      1       8.110    0.56625E-03   -0.56310E+00    0.15660E-16    0.36996E-17
      1       8.024    0.57635E-03   -0.56237E+00   -0.29147E-16    0.11544E-16
      1       7.938    0.58682E-03   -0.56177E+00    0.42375E-16    0.99837E-17
      1       7.853    0.59766E-03   -0.56132E+00    0.31019E-16    0.95250E-17
      1       7.767    0.60890E-03   -0.56101E+00   -0.51859E-16    0.52682E-17
      1       7.681    0.62055E-03   -0.56085E+00   -0.13096E-16   -0.28050E-17
      1       7.595    0.63263E-03   -0.56084E+00   -0.13503E-16    0.20936E-16
      1       7.509    0.64514E-03   -0.56097E+00    0.31604E-16    0.50724E-17
      1       7.423    0.65812E-03   -0.56126E+00   -0.48474E-17    0.12385E-16
      1       7.337    0.67156E-03   -0.56169E+00    0.21307E-16   -0.76752E-18
      1       7.251    0.68547E-03   -0.56226E+00    0.14327E-16   -0.17253E-17
      1       7.165    0.69987E-03   -0.56298E+00    0.40165E-16   -0.16183E-16
      1       7.079    0.71476E-03   -0.56383E+00    0.13097E-16    0.34600E-16
      1       6.993    0.73015E-03   -0.56482E+00   -0.36765E-16    0.72082E-17
      1       6.907    0.74606E-03   -0.56595E+00   -0.97656E-17    0.17149E-16
      1       6.822    0.76250E-03   -0.56721E+00    0.55222E-16   -0.88105E-17
      1       6.736    0.77948E-03   -0.56860E+00   -0.18401E-16    0.31388E-16
      1       6.650    0.79702E-03   -0.57012E+00    0.13310E-16    0.78115E-17
      1       6.564    0.81514E-03   -0.57177E+00    0.73965E-16    0.20433E-16
      1       6.478    0.83384E-03   -0.57355E+00   -0.24120E-16    0.27473E-16
      1       6.392    0.85315E-03   -0.57547E+00    0.17053E-16    0.17585E-16
      1       6.306    0.87309E-03   -0.57751E+00    0.76393E-16   -0.19347E-16
      1       6.220    0.89368E-03   -0.57968E+00   -0.51724E-16    0.10324E-16
      1       6.134    0.91494E-03   -0.58197E+00    0.82213E-16   -0.59071E-17
      1       6.048    0.93689E-03   -0.58440E+00    0.80817E-16    0.69280E-17
      1       5.962    0.95955E-03   -0.58696E+00    0.81647E-16    0.17981E-17
      1       5.876    0.98293E-03   -0.58964E+00   -0.23431E-16    0.64771E-17
      1       5.791    0.10071E-02   -0.59244E+00    0.40952E-16    0.40730E-17
      1       5.705    0.10320E-02   -0.59536E+00   -0.63153E-16    0.58348E-18
      1       5.619    0.10576E-02   -0.59841E+00    0.31533E-17    0.10351E-16
      1       5.533    0.10842E-02   -0.60158E+00    0.34294E-16    0.61112E-17
      1       5.447    0.11115E-02   -0.60487E+00   -0.20885E-16   -0.24180E-16
      1       5.361    0.11397E-02   -0.60827E+00    0.96595E-16   -0.35151E-17
      1       5.275    0.11687E-02   -0.61177E+00    0.39706E-16    0.95243E-18
      1       5.189    0.11984E-02   -0.61535E+00    0.28050E-16   -0.12282E-18
      1       5.103    0.12287E-02   -0.61895E+00    0.75073E-17   -0.33431E-17
      1       5.017    0.12595E-02   -0.62254E+00    0.49031E-16    0.12458E-16
      1       4.931    0.12903E-02   -0.62603E+00   -0.38487E-16   -0.27021E-16
      1       4.845    0.13207E-02   -0.62933E+00   -0.36125E-16   -0.64478E-17
      1       4.760    0.13503E-02   -0.63232E+00    0.40039E-16    0.53687E-17
      1       4.674    0.13783E-02   -0.63487E+00    0.11360E-15   -0.40402E-17
      1       4.588    0.14038E-02   -0.63684E+00    0.16198E-15   -0.52621E-17
      1       4.502    0.14261E-02   -0.63806E+00    0.32181E-16    0.17675E-16
      1       4.416    0.14441E-02   -0.63838E+00    0.17080E-15    0.15649E-16
      1       4.330    0.14571E-02   -0.63765E+00    0.84256E-16    0.23586E-16
      1       4.244    0.14643E-02   -0.63573E+00    0.71191E-16   -0.61502E-17
      1       4.158    0.14653E-02   -0.63253E+00   -0.81573E-16   -0.76636E-18
      1       4.072    0.14600E-02   -0.62804E+00    0.80262E-16    0.16814E-16
      1       3.986    0.14491E-02   -0.62230E+00    0.26218E-15    0.59818E-17
      1       3.900    0.14330E-02   -0.61540E+00   -0.36850E-16   -0.21720E-16
      1       3.814    0.14127E-02   -0.60744E+00    0.48582E-16    0.18260E-16
      1       3.729    0.13889E-02   -0.59854E+00   -0.17093E-15   -0.68138E-17
      1       3.643    0.13625E-02   -0.58883E+00    0.74838E-16    0.18285E-17
      1       3.557    0.13343E-02   -0.57844E+00   -0.40776E-16    0.64655E-17
      1       3.471    0.13049E-02   -0.56748E+00   -0.22091E-16   -0.73814E-17
      1       3.385    0.12748E-02   -0.55605E+00    0.24651E-16    0.16629E-16
      1       3.299    0.12444E-02   -0.54424E+00    0.89087E-16    0.40703E-17
      1       3.213    0.12140E-02   -0.53211E+00   -0.18489E-15   -0.64441E-17
      1       3.127    0.11838E-02   -0.51967E+00   -0.30820E-16   -0.41284E-17
      1       3.041    0.11538E-02   -0.50698E+00   -0.40791E-16   -0.27710E-16
      1       2.955    0.11242E-02   -0.49404E+00    0.99315E-16    0.82940E-17
      1       2.869    0.10951E-02   -0.48088E+00   -0.22617E-16    0.90437E-17
      1       2.783    0.10665E-02   -0.46755E+00   -0.37218E-16   -0.12168E-16
      1       2.698    0.10385E-02   -0.45406E+00   -0.17553E-16   -0.10105E-16
      1       2.612    0.10111E-02   -0.44044E+00   -0.77344E-16   -0.19695E-16
      1       2.526    0.98438E-03   -0.42672E+00    0.36244E-16   -0.24269E-17
      1       2.440    0.95833E-03   -0.41293E+00    0.56351E-16   -0.64878E-17
      1       2.354    0.93297E-03   -0.39909E+00    0.53832E-16    0.56695E-17
      1       2.268    0.90827E-03   -0.38523E+00   -0.15966E-16   -0.12573E-17
      1       2.182    0.88422E-03   -0.37137E+00   -0.42499E-16    0.11302E-16
      1       2.096    0.86082E-03   -0.35755E+00    0.54500E-16   -0.16686E-16
      1       2.010    0.83804E-03   -0.34379E+00    0.20616E-16   -0.67103E-17
      1       1.924    0.81580E-03   -0.33009E+00   -0.38651E-16    0.15836E-16
      1       1.838    0.79397E-03   -0.31640E+00    0.21644E-17   -0.29528E-16
      1       1.752    0.77245E-03   -0.30268E+00    0.35460E-16   -0.11976E-16
      1       1.667    0.75109E-03   -0.28886E+00    0.55899E-16   -0.44311E-17
      1       1.581    0.72978E-03   -0.27488E+00    0.59907E-16   -0.22717E-16
      1       1.495    0.70839E-03   -0.26065E+00   -0.15759E-16   -0.85434E-17
      1       1.409    0.68680E-03   -0.24613E+00    0.25567E-16   -0.83800E-17
      1       1.323    0.66493E-03   -0.23127E+00   -0.10849E-17    0.99376E-17
      1       1.237    0.64269E-03   -0.21604E+00    0.49240E-16   -0.97387E-17
      1       1.151    0.62005E-03   -0.20052E+00    0.57996E-16   -0.80651E-17
      1       1.065    0.59709E-03   -0.18494E+00    0.10723E-15   -0.55138E-17
      1       0.979    0.57380E-03   -0.16955E+00    0.34152E-16   -0.45352E-16
      1       0.893    0.55005E-03   -0.15451E+00    0.51312E-16   -0.59355E-16
      1       0.807    0.52562E-03   -0.13990E+00    0.76595E-16   -0.24617E-16
      1       0.721    0.50025E-03   -0.12589E+00    0.60925E-16   -0.81339E-17
      1       0.636    0.47369E-03   -0.11286E+00    0.65559E-16   -0.24698E-17
      1       0.550    0.44571E-03   -0.10161E+00    0.69677E-16    0.29239E-17
      1       0.464    0.41516E-03   -0.91591E-01    0.71596E-16    0.18801E-16
      1       0.378    0.37955E-03   -0.79675E-01    0.63789E-16    0.12529E-17
      1       0.292    0.33630E-03   -0.62566E-01    0.55295E-16    0.56478E-17
      1       0.206    0.28362E-03   -0.40648E-01    0.93507E-16   -0.10272E-17
      1       0.120    0.21802E-03   -0.20855E-01    0.61285E-16   -0.21710E-16
