   3N SYSTEM INCLUSIVE  PHOTODESINTEGRATION
        DETECTED PARTICLE: 1- PROTON
        NOT DETECTED PARTICLES:2- PROTON  3-NEUTRON

      OMEGA 0.10000E+03
     MTTWE1,MTTWE2,MTTWE3=    1    1   -1
     TH1LAB,PHI1LAB=    10.000     0.000
   Unit of cross sections ... fm**2/(MeV*sr**2)
      I       E1      CROSS           AX           AY           AZ
      1      72.660    0.79551E-07   -0.11205E+00    0.14371E-17    0.80023E-16
      1      72.647    0.23560E-04   -0.11142E+00   -0.15109E-18    0.13509E-18
      1      72.640    0.26741E-04   -0.11099E+00   -0.46032E-19    0.19950E-16
      1      72.634    0.28831E-04   -0.11054E+00   -0.35663E-18    0.22367E-17
      1      72.627    0.30275E-04   -0.11008E+00   -0.15080E-17    0.55950E-17
      1      72.620    0.31302E-04   -0.10960E+00    0.19214E-17    0.41033E-16
      1      72.614    0.32045E-04   -0.10912E+00   -0.10085E-16    0.37623E-16
      1      72.607    0.32587E-04   -0.10863E+00   -0.49599E-17   -0.25194E-17
      1      72.600    0.32984E-04   -0.10815E+00   -0.10513E-17   -0.80357E-17
      1      72.594    0.33273E-04   -0.10766E+00    0.39378E-17    0.39865E-17
      1      72.587    0.33481E-04   -0.10718E+00    0.15366E-17    0.76122E-16
      1      72.580    0.33629E-04   -0.10670E+00    0.98359E-18   -0.19121E-17
      1      72.574    0.33731E-04   -0.10624E+00    0.49047E-17    0.83229E-17
      1      72.567    0.33796E-04   -0.10578E+00    0.37280E-18    0.11079E-16
      1      72.560    0.33835E-04   -0.10533E+00    0.26813E-17    0.21264E-17
      1      72.554    0.33852E-04   -0.10489E+00   -0.50611E-18    0.17918E-17
      1      72.547    0.33853E-04   -0.10446E+00    0.74159E-17    0.32513E-16
      1      72.540    0.33841E-04   -0.10404E+00   -0.12592E-17    0.34823E-16
      1      72.142    0.32334E-04   -0.91124E-01   -0.54841E-17    0.18674E-16
      1      71.744    0.31828E-04   -0.85006E-01   -0.42803E-17    0.33661E-17
      1      71.346    0.31656E-04   -0.80645E-01   -0.44416E-17    0.24200E-16
      1      70.949    0.31547E-04   -0.77083E-01   -0.23066E-17    0.27954E-16
      1      70.551    0.31466E-04   -0.73907E-01   -0.30555E-17    0.23061E-16
      1      70.153    0.31447E-04   -0.70909E-01    0.20156E-18   -0.18605E-17
      1      69.755    0.31535E-04   -0.68002E-01   -0.26341E-17    0.13661E-16
      1      69.357    0.31775E-04   -0.65177E-01   -0.12690E-17   -0.65295E-17
      1      68.959    0.32183E-04   -0.62467E-01   -0.22534E-17   -0.27230E-17
      1      68.561    0.32733E-04   -0.59906E-01   -0.54885E-17   -0.14518E-18
      1      68.163    0.33393E-04   -0.57526E-01   -0.20282E-17    0.43684E-17
      1      67.765    0.34134E-04   -0.55346E-01   -0.43222E-17   -0.64892E-17
      1      67.367    0.34933E-04   -0.53366E-01   -0.54531E-17    0.18146E-16
      1      66.969    0.35770E-04   -0.51564E-01   -0.47082E-17    0.11090E-17
      1      66.572    0.36625E-04   -0.49904E-01   -0.33587E-17    0.20822E-16
      1      66.174    0.37484E-04   -0.48342E-01   -0.30712E-17    0.11983E-16
      1      65.776    0.38333E-04   -0.46836E-01   -0.77501E-17    0.45823E-17
      1      65.378    0.39160E-04   -0.45349E-01   -0.95925E-17   -0.38915E-17
      1      64.980    0.39953E-04   -0.43850E-01   -0.39013E-17   -0.58825E-17
      1      64.582    0.40705E-04   -0.42314E-01   -0.65116E-17    0.10975E-16
      1      64.184    0.41408E-04   -0.40728E-01    0.16415E-18   -0.22136E-17
      1      63.786    0.42060E-04   -0.39115E-01   -0.15311E-17    0.15051E-17
      1      63.388    0.42663E-04   -0.37509E-01   -0.27279E-17   -0.13724E-17
      1      62.990    0.43215E-04   -0.35942E-01   -0.75725E-17    0.16397E-17
      1      62.592    0.43713E-04   -0.34441E-01   -0.57114E-17   -0.30213E-17
      1      62.194    0.44154E-04   -0.33027E-01   -0.50333E-17    0.30774E-17
      1      61.797    0.44535E-04   -0.31711E-01   -0.48508E-17    0.31125E-17
      1      61.399    0.44850E-04   -0.30501E-01   -0.89151E-17   -0.56999E-17
      1      61.001    0.45098E-04   -0.29399E-01   -0.44986E-19   -0.70176E-17
      1      60.603    0.45274E-04   -0.28402E-01   -0.82022E-17   -0.11335E-19
      1      60.205    0.45377E-04   -0.27502E-01   -0.66427E-17   -0.31978E-17
      1      59.807    0.45406E-04   -0.26684E-01   -0.11173E-16   -0.11293E-17
      1      59.409    0.45360E-04   -0.25932E-01   -0.54998E-17   -0.52356E-17
      1      59.011    0.45242E-04   -0.25230E-01   -0.86096E-17   -0.59324E-17
      1      58.613    0.45052E-04   -0.24562E-01   -0.94766E-17   -0.63213E-17
      1      58.215    0.44793E-04   -0.23916E-01   -0.13668E-16    0.89838E-18
      1      57.817    0.44468E-04   -0.23280E-01   -0.22685E-17   -0.75142E-19
      1      57.419    0.44079E-04   -0.22650E-01    0.19434E-16    0.27834E-17
      1      57.022    0.43630E-04   -0.22022E-01   -0.89247E-17   -0.63025E-17
      1      56.624    0.43123E-04   -0.21397E-01   -0.98834E-18   -0.74020E-17
      1      56.226    0.42562E-04   -0.20778E-01   -0.58194E-17   -0.12351E-16
      1      55.828    0.41949E-04   -0.20171E-01   -0.40128E-17   -0.17375E-18
      1      55.430    0.41286E-04   -0.19585E-01   -0.90069E-17   -0.63991E-17
      1      55.032    0.40577E-04   -0.19025E-01    0.39746E-17    0.70635E-19
      1      54.634    0.39826E-04   -0.18494E-01   -0.52756E-17   -0.11554E-16
      1      54.236    0.39034E-04   -0.17995E-01   -0.11613E-16    0.15055E-18
      1      53.838    0.38207E-04   -0.17525E-01   -0.14679E-16   -0.94876E-17
      1      53.440    0.37350E-04   -0.17083E-01   -0.21523E-16   -0.49490E-17
      1      53.042    0.36467E-04   -0.16665E-01   -0.90257E-17   -0.53802E-17
      1      52.645    0.35566E-04   -0.16264E-01   -0.18338E-16    0.56455E-18
      1      52.247    0.34650E-04   -0.15877E-01    0.83838E-18   -0.21724E-17
      1      51.849    0.33725E-04   -0.15497E-01   -0.64916E-17    0.46657E-17
      1      51.451    0.32797E-04   -0.15118E-01   -0.52903E-17   -0.73615E-18
      1      51.053    0.31870E-04   -0.14731E-01   -0.91090E-17    0.17012E-17
      1      50.655    0.30948E-04   -0.14327E-01   -0.88379E-17   -0.20589E-17
      1      50.257    0.30038E-04   -0.13899E-01   -0.66386E-17   -0.37666E-17
      1      49.859    0.29142E-04   -0.13441E-01   -0.10131E-16   -0.31422E-17
      1      49.461    0.28265E-04   -0.12952E-01   -0.33598E-17    0.36691E-17
      1      49.063    0.27411E-04   -0.12431E-01   -0.56523E-17    0.64915E-18
      1      48.665    0.26584E-04   -0.11886E-01   -0.40176E-17   -0.56445E-17
      1      48.267    0.25785E-04   -0.11321E-01   -0.18153E-16   -0.52529E-17
      1      47.870    0.25017E-04   -0.10741E-01   -0.96913E-17    0.21380E-17
      1      47.472    0.24282E-04   -0.10161E-01   -0.12864E-16    0.74641E-17
      1      47.074    0.23579E-04   -0.95958E-02   -0.37998E-17   -0.42138E-17
      1      46.676    0.22911E-04   -0.90623E-02   -0.31313E-17    0.12239E-17
      1      46.278    0.22275E-04   -0.85730E-02   -0.82883E-17   -0.32756E-17
      1      45.880    0.21672E-04   -0.81413E-02   -0.68429E-17   -0.27872E-17
      1      45.482    0.21100E-04   -0.77757E-02    0.50621E-17    0.13109E-17
      1      45.084    0.20558E-04   -0.74804E-02   -0.81069E-17    0.55034E-17
      1      44.686    0.20045E-04   -0.72569E-02   -0.12868E-16   -0.24901E-17
      1      44.288    0.19560E-04   -0.71018E-02   -0.44712E-17    0.11360E-17
      1      43.890    0.19100E-04   -0.70093E-02    0.62343E-17    0.10920E-16
      1      43.493    0.18664E-04   -0.69726E-02    0.34241E-17    0.46934E-18
      1      43.095    0.18250E-04   -0.69845E-02   -0.40040E-18    0.10514E-16
      1      42.697    0.17856E-04   -0.70391E-02   -0.62695E-17   -0.67718E-18
      1      42.299    0.17483E-04   -0.71320E-02    0.15849E-16    0.85693E-17
      1      41.901    0.17129E-04   -0.72570E-02   -0.19546E-17    0.13718E-16
      1      41.503    0.16793E-04   -0.74061E-02   -0.51463E-17   -0.28447E-17
      1      41.105    0.16474E-04   -0.75726E-02    0.70811E-18    0.15115E-16
      1      40.707    0.16172E-04   -0.77508E-02   -0.44400E-17    0.88692E-17
      1      40.309    0.15886E-04   -0.79351E-02    0.20244E-18    0.34550E-17
      1      39.911    0.15616E-04   -0.81208E-02   -0.15096E-18    0.75356E-17
      1      39.513    0.15361E-04   -0.83041E-02    0.63818E-17    0.53028E-17
      1      39.115    0.15121E-04   -0.84822E-02   -0.68438E-17    0.10074E-16
      1      38.718    0.14894E-04   -0.86536E-02    0.27845E-17    0.16488E-16
      1      38.320    0.14682E-04   -0.88178E-02    0.78294E-17    0.17541E-16
      1      37.922    0.14482E-04   -0.89758E-02   -0.32211E-17    0.58793E-17
      1      37.524    0.14296E-04   -0.91291E-02    0.69648E-17    0.19624E-16
      1      37.126    0.14122E-04   -0.92795E-02    0.17507E-16    0.31404E-17
      1      36.728    0.13959E-04   -0.94281E-02   -0.21841E-17   -0.28690E-18
      1      36.330    0.13809E-04   -0.95769E-02   -0.10514E-17    0.12302E-16
      1      35.932    0.13669E-04   -0.97299E-02    0.84944E-18   -0.24803E-18
      1      35.534    0.13540E-04   -0.98920E-02    0.11697E-16    0.68337E-17
      1      35.136    0.13422E-04   -0.10067E-01    0.19407E-16    0.86271E-17
      1      34.738    0.13314E-04   -0.10261E-01    0.17206E-16    0.16595E-17
      1      34.341    0.13215E-04   -0.10475E-01    0.13481E-16    0.59984E-17
      1      33.943    0.13126E-04   -0.10712E-01    0.13528E-17   -0.76567E-18
      1      33.545    0.13046E-04   -0.10975E-01    0.42891E-17    0.13428E-16
      1      33.147    0.12974E-04   -0.11263E-01    0.39829E-17    0.25610E-16
      1      32.749    0.12911E-04   -0.11579E-01    0.48194E-17    0.42744E-17
      1      32.351    0.12857E-04   -0.11921E-01    0.10671E-16   -0.32939E-17
      1      31.953    0.12811E-04   -0.12289E-01   -0.38668E-17    0.66305E-17
      1      31.555    0.12772E-04   -0.12682E-01    0.56412E-17    0.12071E-16
      1      31.157    0.12742E-04   -0.13101E-01    0.52229E-17    0.13751E-16
      1      30.759    0.12720E-04   -0.13544E-01    0.86268E-17    0.11203E-16
      1      30.361    0.12705E-04   -0.14012E-01    0.12358E-16    0.42702E-17
      1      29.963    0.12698E-04   -0.14504E-01    0.13389E-16    0.17920E-16
      1      29.566    0.12699E-04   -0.15021E-01    0.73143E-17    0.12971E-16
      1      29.168    0.12707E-04   -0.15562E-01    0.17212E-16   -0.26126E-17
      1      28.770    0.12724E-04   -0.16129E-01    0.65123E-17    0.86046E-17
      1      28.372    0.12748E-04   -0.16721E-01    0.12688E-16    0.76265E-17
      1      27.974    0.12781E-04   -0.17339E-01    0.10810E-16   -0.51052E-17
      1      27.576    0.12821E-04   -0.17985E-01    0.75247E-17   -0.22136E-17
      1      27.178    0.12869E-04   -0.18661E-01    0.30422E-16    0.20740E-17
      1      26.780    0.12926E-04   -0.19367E-01    0.72091E-17    0.89758E-17
      1      26.382    0.12990E-04   -0.20106E-01    0.26115E-16   -0.96814E-17
      1      25.984    0.13063E-04   -0.20880E-01    0.81883E-17    0.94380E-17
      1      25.586    0.13145E-04   -0.21692E-01    0.13276E-16    0.20702E-17
      1      25.189    0.13236E-04   -0.22544E-01    0.28658E-16   -0.52545E-17
      1      24.791    0.13336E-04   -0.23437E-01    0.33858E-17   -0.35001E-17
      1      24.393    0.13445E-04   -0.24372E-01    0.11350E-16    0.36228E-17
      1      23.995    0.13564E-04   -0.25345E-01    0.26101E-16    0.39174E-18
      1      23.597    0.13690E-04   -0.26349E-01    0.14126E-16   -0.12588E-16
      1      23.199    0.13822E-04   -0.27363E-01    0.21264E-16   -0.11779E-17
      1      22.801    0.13953E-04   -0.28352E-01    0.14825E-16   -0.43915E-17
      1      22.403    0.14072E-04   -0.29258E-01    0.15295E-16    0.10086E-16
      1      22.005    0.14164E-04   -0.30002E-01    0.79277E-17    0.23350E-16
      1      21.607    0.14215E-04   -0.30498E-01    0.33858E-16   -0.35253E-17
      1      21.209    0.14212E-04   -0.30689E-01   -0.11746E-16   -0.30290E-17
      1      20.811    0.14160E-04   -0.30589E-01    0.10577E-16    0.24277E-17
      1      20.414    0.14074E-04   -0.30268E-01    0.31942E-16    0.15493E-16
      1      20.016    0.13970E-04   -0.29809E-01    0.20913E-16   -0.86901E-17
      1      19.618    0.13864E-04   -0.29281E-01    0.34566E-17   -0.33012E-17
      1      19.220    0.13766E-04   -0.28729E-01    0.13648E-16   -0.28868E-16
      1      18.822    0.13681E-04   -0.28181E-01    0.68082E-17    0.53002E-18
      1      18.424    0.13615E-04   -0.27648E-01    0.67027E-17    0.20205E-17
      1      18.026    0.13571E-04   -0.27135E-01    0.11986E-16   -0.80403E-17
      1      17.628    0.13550E-04   -0.26641E-01    0.15292E-16   -0.14292E-16
      1      17.230    0.13556E-04   -0.26163E-01    0.19217E-16    0.23929E-16
      1      16.832    0.13591E-04   -0.25698E-01    0.36976E-16   -0.14237E-16
      1      16.434    0.13658E-04   -0.25241E-01    0.30696E-16    0.85522E-17
      1      16.037    0.13761E-04   -0.24788E-01    0.33419E-16   -0.44067E-17
      1      15.639    0.13904E-04   -0.24333E-01    0.30917E-16   -0.18046E-16
      1      15.241    0.14090E-04   -0.23871E-01    0.32368E-16   -0.12081E-16
      1      14.843    0.14324E-04   -0.23392E-01    0.36481E-16   -0.23849E-16
      1      14.445    0.14610E-04   -0.22888E-01    0.63581E-17    0.80955E-17
      1      14.047    0.14952E-04   -0.22353E-01    0.39923E-16   -0.15966E-16
      1      13.649    0.15356E-04   -0.21783E-01    0.16927E-16   -0.57398E-17
      1      13.251    0.15826E-04   -0.21178E-01    0.43963E-16   -0.75187E-17
      1      12.853    0.16368E-04   -0.20543E-01    0.30912E-16    0.48382E-17
      1      12.455    0.16989E-04   -0.19891E-01    0.84045E-17   -0.11609E-16
      1      12.057    0.17695E-04   -0.19240E-01    0.17000E-16   -0.43159E-17
      1      11.659    0.18492E-04   -0.18614E-01    0.26666E-16   -0.66931E-17
      1      11.262    0.19389E-04   -0.18042E-01    0.27023E-16    0.85689E-17
      1      10.864    0.20396E-04   -0.17540E-01    0.17921E-16    0.23284E-16
      1      10.466    0.21526E-04   -0.17097E-01    0.34746E-16    0.13541E-16
      1      10.068    0.22790E-04   -0.16680E-01    0.27093E-16   -0.69303E-17
      1       9.670    0.24203E-04   -0.16244E-01    0.26572E-17   -0.70275E-17
      1       9.272    0.25778E-04   -0.15740E-01    0.42683E-16    0.33085E-17
      1       8.874    0.27532E-04   -0.15127E-01    0.25762E-16   -0.25370E-17
      1       8.476    0.29479E-04   -0.14380E-01    0.82881E-16    0.15651E-16
      1       8.078    0.31638E-04   -0.13494E-01    0.71434E-16    0.15735E-17
      1       7.680    0.34025E-04   -0.12488E-01    0.23745E-16    0.80736E-17
      1       7.282    0.36657E-04   -0.11403E-01    0.79291E-16   -0.86799E-17
      1       6.885    0.39543E-04   -0.10342E-01    0.33155E-16   -0.52205E-17
      1       6.487    0.42672E-04   -0.93991E-02    0.74778E-16   -0.65270E-17
      1       6.089    0.46026E-04   -0.86041E-02    0.74034E-16    0.50090E-17
      1       5.691    0.49573E-04   -0.79743E-02    0.57658E-16   -0.68535E-17
      1       5.293    0.53277E-04   -0.75728E-02    0.42935E-16   -0.58137E-17
      1       4.895    0.57099E-04   -0.75601E-02    0.61637E-16    0.12583E-17
      1       4.497    0.61000E-04   -0.82333E-02    0.21076E-16   -0.10128E-16
      1       4.099    0.64946E-04   -0.10025E-01    0.51290E-16    0.97366E-17
      1       3.701    0.68951E-04   -0.12738E-01    0.37065E-16   -0.35466E-17
      1       3.303    0.72977E-04   -0.15008E-01    0.35669E-16   -0.11526E-18
      1       2.905    0.76847E-04   -0.15322E-01    0.62885E-16    0.86778E-18
      1       2.507    0.80292E-04   -0.12954E-01    0.60445E-16    0.15328E-17
      1       2.110    0.82954E-04   -0.85080E-02    0.70724E-16   -0.45116E-17
      1       1.712    0.84265E-04   -0.39021E-02    0.32991E-16   -0.44146E-17
      1       1.314    0.83050E-04   -0.15375E-02    0.41356E-16   -0.31234E-17
      1       0.916    0.77239E-04   -0.15640E-02    0.25704E-16   -0.22602E-17
      1       0.518    0.63433E-04   -0.13419E-02    0.15450E-16   -0.25380E-17
      1       0.120    0.32938E-04   -0.22619E-03    0.41107E-16    0.20924E-17
