   3N SYSTEM INCLUSIVE  PHOTODESINTEGRATION
        DETECTED PARTICLE: 1- PROTON
        NOT DETECTED PARTICLES:2- PROTON  3-NEUTRON

      OMEGA 0.10000E+03
     MTTWE1,MTTWE2,MTTWE3=    1    1   -1
     TH1LAB,PHI1LAB=   170.000     0.000
   Unit of cross sections ... fm**2/(MeV*sr**2)
      I       E1      CROSS           AX           AY           AZ
      1      49.128    0.33282E-07   -0.16998E-01   -0.13711E-17    0.58243E-16
      1      49.115    0.93763E-05   -0.16050E-01   -0.39044E-18   -0.78154E-17
      1      49.108    0.10470E-04   -0.15739E-01    0.40153E-18   -0.48143E-16
      1      49.101    0.11132E-04   -0.15452E-01   -0.10445E-17   -0.20594E-16
      1      49.095    0.11550E-04   -0.15182E-01   -0.17001E-17   -0.45197E-17
      1      49.088    0.11815E-04   -0.14926E-01   -0.20616E-17    0.39051E-16
      1      49.081    0.11982E-04   -0.14681E-01   -0.54068E-18   -0.81436E-17
      1      49.075    0.12083E-04   -0.14447E-01   -0.10645E-17    0.25300E-16
      1      49.068    0.12137E-04   -0.14222E-01   -0.28033E-17   -0.18741E-16
      1      49.061    0.12160E-04   -0.14007E-01   -0.13811E-17    0.90208E-18
      1      49.055    0.12161E-04   -0.13800E-01   -0.22400E-17    0.26159E-16
      1      49.048    0.12145E-04   -0.13601E-01   -0.23949E-17    0.23173E-16
      1      49.041    0.12119E-04   -0.13409E-01   -0.35384E-18   -0.19430E-17
      1      49.035    0.12086E-04   -0.13225E-01   -0.22634E-17   -0.64912E-17
      1      49.028    0.12047E-04   -0.13048E-01   -0.32414E-17    0.70018E-16
      1      49.021    0.12005E-04   -0.12878E-01   -0.25168E-17   -0.11759E-16
      1      49.015    0.11961E-04   -0.12713E-01   -0.78182E-18   -0.82222E-17
      1      49.008    0.11916E-04   -0.12555E-01   -0.10680E-17   -0.13266E-16
      1      48.739    0.10848E-04   -0.89588E-02   -0.91911E-18   -0.16449E-16
      1      48.471    0.10382E-04   -0.73435E-02    0.55266E-18   -0.21001E-16
      1      48.202    0.10108E-04   -0.64653E-02    0.41934E-18   -0.88467E-17
      1      47.933    0.99050E-05   -0.59644E-02   -0.17866E-17    0.74273E-18
      1      47.665    0.97298E-05   -0.56817E-02   -0.16725E-17    0.13822E-16
      1      47.396    0.95711E-05   -0.55313E-02   -0.22512E-17    0.84405E-17
      1      47.128    0.94284E-05   -0.54627E-02   -0.12587E-17   -0.30961E-16
      1      46.859    0.93054E-05   -0.54453E-02   -0.14194E-17   -0.56880E-17
      1      46.590    0.92068E-05   -0.54600E-02   -0.36645E-17   -0.10398E-17
      1      46.322    0.91369E-05   -0.54944E-02   -0.12636E-18    0.30126E-16
      1      46.053    0.90952E-05   -0.55429E-02   -0.30969E-17   -0.26613E-16
      1      45.784    0.90769E-05   -0.56051E-02   -0.19719E-17   -0.14201E-16
      1      45.516    0.90779E-05   -0.56817E-02   -0.11274E-17   -0.16285E-16
      1      45.247    0.90952E-05   -0.57734E-02    0.77189E-18   -0.10564E-16
      1      44.979    0.91263E-05   -0.58809E-02   -0.71690E-18   -0.66422E-17
      1      44.710    0.91692E-05   -0.60033E-02   -0.19604E-17    0.21724E-16
      1      44.441    0.92224E-05   -0.61377E-02   -0.11610E-17   -0.62013E-17
      1      44.173    0.92846E-05   -0.62804E-02    0.23312E-17    0.22620E-16
      1      43.904    0.93548E-05   -0.64267E-02   -0.13831E-17   -0.43442E-17
      1      43.636    0.94320E-05   -0.65721E-02    0.12216E-17    0.64345E-17
      1      43.367    0.95158E-05   -0.67122E-02    0.15753E-18   -0.16888E-16
      1      43.098    0.96054E-05   -0.68433E-02   -0.47089E-17    0.26140E-17
      1      42.830    0.97007E-05   -0.69630E-02    0.10028E-17   -0.64032E-17
      1      42.561    0.98014E-05   -0.70697E-02   -0.43303E-17    0.44229E-19
      1      42.293    0.99074E-05   -0.71628E-02   -0.28137E-17   -0.42149E-17
      1      42.024    0.10019E-04   -0.72439E-02    0.15849E-17    0.26320E-17
      1      41.755    0.10136E-04   -0.73156E-02    0.23951E-17   -0.66351E-17
      1      41.487    0.10258E-04   -0.73806E-02    0.11505E-17   -0.80703E-17
      1      41.218    0.10385E-04   -0.74417E-02    0.46900E-17   -0.63323E-17
      1      40.949    0.10518E-04   -0.75007E-02    0.27260E-17   -0.16356E-16
      1      40.681    0.10656E-04   -0.75596E-02   -0.10063E-16   -0.12705E-16
      1      40.412    0.10799E-04   -0.76210E-02   -0.15434E-17   -0.80458E-17
      1      40.144    0.10946E-04   -0.76867E-02   -0.37466E-17   -0.97075E-17
      1      39.875    0.11097E-04   -0.77582E-02    0.37161E-17    0.55296E-17
      1      39.606    0.11250E-04   -0.78364E-02   -0.38565E-17   -0.19814E-16
      1      39.338    0.11406E-04   -0.79221E-02   -0.57975E-17   -0.14138E-16
      1      39.069    0.11564E-04   -0.80160E-02    0.23361E-17    0.39333E-17
      1      38.801    0.11723E-04   -0.81180E-02    0.15154E-17   -0.91632E-17
      1      38.532    0.11882E-04   -0.82273E-02   -0.99516E-17   -0.14473E-17
      1      38.263    0.12042E-04   -0.83427E-02    0.76354E-17   -0.12455E-16
      1      37.995    0.12201E-04   -0.84629E-02   -0.16339E-17   -0.39095E-17
      1      37.726    0.12360E-04   -0.85862E-02    0.60661E-17   -0.18504E-16
      1      37.457    0.12517E-04   -0.87112E-02   -0.62418E-18   -0.49777E-17
      1      37.189    0.12673E-04   -0.88369E-02    0.37534E-19   -0.86998E-17
      1      36.920    0.12827E-04   -0.89626E-02    0.47722E-17   -0.76296E-17
      1      36.652    0.12978E-04   -0.90885E-02    0.27840E-17   -0.28894E-17
      1      36.383    0.13127E-04   -0.92148E-02   -0.32272E-18   -0.13917E-16
      1      36.114    0.13273E-04   -0.93424E-02   -0.32152E-17   -0.28685E-17
      1      35.846    0.13416E-04   -0.94723E-02   -0.31329E-17   -0.16217E-17
      1      35.577    0.13556E-04   -0.96059E-02    0.13172E-16   -0.70800E-17
      1      35.309    0.13693E-04   -0.97446E-02   -0.80184E-18    0.13739E-16
      1      35.040    0.13826E-04   -0.98895E-02   -0.24658E-17    0.93824E-18
      1      34.771    0.13956E-04   -0.10042E-01    0.48695E-17   -0.10483E-16
      1      34.503    0.14082E-04   -0.10201E-01    0.31241E-17    0.57791E-18
      1      34.234    0.14204E-04   -0.10369E-01    0.10307E-16   -0.84360E-17
      1      33.965    0.14322E-04   -0.10545E-01    0.10427E-16   -0.97110E-17
      1      33.697    0.14436E-04   -0.10730E-01    0.65841E-17   -0.31073E-17
      1      33.428    0.14545E-04   -0.10924E-01   -0.10157E-16   -0.15500E-16
      1      33.160    0.14651E-04   -0.11128E-01   -0.54996E-18   -0.50689E-17
      1      32.891    0.14751E-04   -0.11340E-01    0.12242E-18    0.99485E-18
      1      32.622    0.14847E-04   -0.11562E-01   -0.11790E-16   -0.48477E-17
      1      32.354    0.14939E-04   -0.11791E-01    0.26919E-17   -0.10446E-16
      1      32.085    0.15025E-04   -0.12027E-01   -0.13422E-16   -0.60786E-17
      1      31.817    0.15107E-04   -0.12269E-01    0.28913E-17    0.18441E-17
      1      31.548    0.15184E-04   -0.12517E-01    0.76793E-17    0.55132E-17
      1      31.279    0.15257E-04   -0.12771E-01    0.68319E-17   -0.83008E-17
      1      31.011    0.15325E-04   -0.13030E-01   -0.42241E-17   -0.71984E-17
      1      30.742    0.15390E-04   -0.13292E-01   -0.21184E-17    0.53186E-17
      1      30.473    0.15453E-04   -0.13557E-01    0.25861E-17    0.45434E-19
      1      30.205    0.15512E-04   -0.13822E-01    0.14798E-16   -0.10272E-16
      1      29.936    0.15570E-04   -0.14089E-01    0.69969E-18   -0.66029E-17
      1      29.668    0.15627E-04   -0.14356E-01    0.10474E-16    0.10787E-16
      1      29.399    0.15683E-04   -0.14625E-01    0.43296E-17    0.25057E-17
      1      29.130    0.15739E-04   -0.14896E-01    0.34590E-17    0.91694E-17
      1      28.862    0.15796E-04   -0.15170E-01    0.11440E-16    0.74756E-17
      1      28.593    0.15854E-04   -0.15446E-01    0.23888E-17   -0.36404E-17
      1      28.325    0.15914E-04   -0.15728E-01    0.17746E-16   -0.69687E-17
      1      28.056    0.15976E-04   -0.16016E-01   -0.42436E-17    0.99656E-17
      1      27.787    0.16041E-04   -0.16312E-01    0.21869E-17   -0.16671E-17
      1      27.519    0.16109E-04   -0.16620E-01    0.62360E-17    0.15571E-16
      1      27.250    0.16179E-04   -0.16939E-01    0.15257E-17   -0.54327E-17
      1      26.981    0.16252E-04   -0.17269E-01    0.63777E-17    0.92587E-17
      1      26.713    0.16329E-04   -0.17612E-01    0.18314E-16    0.14541E-16
      1      26.444    0.16409E-04   -0.17966E-01    0.14007E-16    0.92947E-17
      1      26.176    0.16492E-04   -0.18331E-01   -0.86919E-18   -0.10475E-17
      1      25.907    0.16579E-04   -0.18706E-01    0.10632E-16    0.21813E-17
      1      25.638    0.16669E-04   -0.19091E-01    0.11014E-16    0.16905E-16
      1      25.370    0.16762E-04   -0.19484E-01    0.17002E-16    0.92040E-18
      1      25.101    0.16860E-04   -0.19884E-01    0.53331E-17    0.15631E-16
      1      24.833    0.16962E-04   -0.20290E-01    0.17833E-16    0.16105E-16
      1      24.564    0.17068E-04   -0.20700E-01    0.64322E-17   -0.13308E-16
      1      24.295    0.17178E-04   -0.21114E-01    0.21190E-17    0.20875E-17
      1      24.027    0.17294E-04   -0.21530E-01    0.20284E-16    0.20896E-16
      1      23.758    0.17415E-04   -0.21948E-01    0.16872E-16    0.30222E-18
      1      23.489    0.17541E-04   -0.22366E-01    0.48437E-17    0.41575E-17
      1      23.221    0.17673E-04   -0.22783E-01    0.50938E-17    0.26444E-17
      1      22.952    0.17812E-04   -0.23197E-01    0.12800E-16   -0.32861E-17
      1      22.684    0.17958E-04   -0.23606E-01    0.50939E-17    0.48835E-17
      1      22.415    0.18111E-04   -0.24011E-01    0.42412E-17    0.51227E-18
      1      22.146    0.18272E-04   -0.24411E-01    0.13364E-16    0.20336E-17
      1      21.878    0.18441E-04   -0.24807E-01    0.98563E-17    0.28277E-17
      1      21.609    0.18619E-04   -0.25196E-01    0.73292E-17    0.77598E-17
      1      21.341    0.18806E-04   -0.25579E-01    0.16466E-16   -0.10915E-16
      1      21.072    0.19003E-04   -0.25956E-01    0.97177E-17   -0.72123E-17
      1      20.803    0.19210E-04   -0.26328E-01    0.31953E-16    0.94273E-17
      1      20.535    0.19428E-04   -0.26695E-01   -0.41252E-17    0.30065E-17
      1      20.266    0.19656E-04   -0.27057E-01    0.23434E-16    0.98115E-17
      1      19.997    0.19896E-04   -0.27415E-01    0.19765E-16   -0.62320E-17
      1      19.729    0.20147E-04   -0.27770E-01    0.27550E-16    0.25810E-16
      1      19.460    0.20410E-04   -0.28122E-01    0.18544E-16   -0.15224E-16
      1      19.192    0.20684E-04   -0.28473E-01    0.18107E-16   -0.54829E-17
      1      18.923    0.20971E-04   -0.28823E-01    0.28867E-16    0.15892E-16
      1      18.654    0.21270E-04   -0.29174E-01    0.18230E-16    0.82026E-17
      1      18.386    0.21581E-04   -0.29527E-01    0.14250E-16    0.74998E-17
      1      18.117    0.21904E-04   -0.29882E-01    0.21502E-16    0.86507E-18
      1      17.849    0.22239E-04   -0.30240E-01    0.14659E-16    0.15912E-16
      1      17.580    0.22586E-04   -0.30602E-01    0.21632E-16    0.10633E-16
      1      17.311    0.22945E-04   -0.30970E-01    0.18189E-16    0.17063E-16
      1      17.043    0.23317E-04   -0.31344E-01    0.18604E-16    0.47556E-17
      1      16.774    0.23701E-04   -0.31725E-01    0.31120E-16    0.16442E-16
      1      16.505    0.24097E-04   -0.32114E-01    0.12881E-16    0.21357E-16
      1      16.237    0.24505E-04   -0.32512E-01    0.13969E-16    0.63445E-17
      1      15.968    0.24925E-04   -0.32922E-01    0.30106E-16    0.10571E-17
      1      15.700    0.25358E-04   -0.33344E-01    0.28245E-16    0.67574E-18
      1      15.431    0.25803E-04   -0.33781E-01    0.22672E-16   -0.83658E-17
      1      15.162    0.26262E-04   -0.34234E-01    0.38150E-16   -0.20744E-17
      1      14.894    0.26733E-04   -0.34706E-01    0.39610E-16    0.15124E-17
      1      14.625    0.27218E-04   -0.35199E-01    0.25507E-16   -0.18934E-17
      1      14.357    0.27717E-04   -0.35716E-01    0.14564E-16   -0.11886E-16
      1      14.088    0.28231E-04   -0.36260E-01    0.26670E-16   -0.94201E-18
      1      13.819    0.28759E-04   -0.36834E-01    0.37858E-16    0.14472E-16
      1      13.551    0.29304E-04   -0.37443E-01    0.15514E-16   -0.56204E-18
      1      13.282    0.29865E-04   -0.38089E-01    0.28883E-16   -0.93616E-17
      1      13.014    0.30443E-04   -0.38778E-01    0.38435E-16    0.73965E-17
      1      12.745    0.31039E-04   -0.39513E-01    0.35870E-16   -0.62660E-17
      1      12.476    0.31655E-04   -0.40300E-01    0.86848E-17    0.19575E-16
      1      12.208    0.32291E-04   -0.41145E-01    0.26325E-16    0.11203E-16
      1      11.939    0.32949E-04   -0.42051E-01    0.28590E-16    0.47529E-17
      1      11.670    0.33629E-04   -0.43021E-01    0.14299E-16   -0.14561E-17
      1      11.402    0.34330E-04   -0.44049E-01    0.17536E-16    0.14739E-16
      1      11.133    0.35046E-04   -0.45112E-01    0.24245E-16   -0.24874E-17
      1      10.865    0.35763E-04   -0.46164E-01    0.24490E-16   -0.10752E-16
      1      10.596    0.36457E-04   -0.47119E-01    0.44860E-16   -0.46084E-17
      1      10.327    0.37085E-04   -0.47842E-01    0.25415E-16    0.10793E-16
      1      10.059    0.37590E-04   -0.48153E-01    0.10812E-16    0.28233E-17
      1       9.790    0.37909E-04   -0.47864E-01    0.68514E-17    0.20214E-17
      1       9.522    0.38001E-04   -0.46855E-01    0.39282E-16    0.11551E-16
      1       9.253    0.37887E-04   -0.45206E-01    0.37030E-16    0.56453E-17
      1       8.984    0.37627E-04   -0.43108E-01    0.58795E-16    0.79419E-17
      1       8.716    0.37285E-04   -0.40765E-01    0.60638E-16    0.41662E-17
      1       8.447    0.36910E-04   -0.38339E-01    0.23700E-16    0.51807E-17
      1       8.178    0.36536E-04   -0.35938E-01    0.22163E-16   -0.23520E-17
      1       7.910    0.36180E-04   -0.33618E-01    0.40904E-16    0.80327E-17
      1       7.641    0.35852E-04   -0.31407E-01   -0.32520E-17    0.16887E-16
      1       7.373    0.35555E-04   -0.29308E-01    0.45463E-16    0.32152E-17
      1       7.104    0.35288E-04   -0.27320E-01    0.68861E-16   -0.74523E-17
      1       6.835    0.35054E-04   -0.25434E-01    0.37467E-16    0.12214E-16
      1       6.567    0.34851E-04   -0.23644E-01    0.42732E-16    0.53828E-17
      1       6.298    0.34681E-04   -0.21945E-01    0.56524E-16    0.59918E-17
      1       6.030    0.34543E-04   -0.20332E-01    0.59557E-16    0.83071E-18
      1       5.761    0.34438E-04   -0.18801E-01    0.58150E-16    0.82769E-18
      1       5.492    0.34365E-04   -0.17349E-01    0.66059E-16   -0.17295E-16
      1       5.224    0.34324E-04   -0.15972E-01    0.28156E-16   -0.67408E-17
      1       4.955    0.34315E-04   -0.14667E-01    0.38455E-16   -0.73474E-18
      1       4.686    0.34335E-04   -0.13434E-01    0.55170E-16   -0.28172E-17
      1       4.418    0.34381E-04   -0.12271E-01    0.55340E-16    0.90835E-17
      1       4.149    0.34452E-04   -0.11177E-01    0.78716E-16   -0.20050E-16
      1       3.881    0.34540E-04   -0.10151E-01    0.93417E-16    0.11412E-18
      1       3.612    0.34638E-04   -0.91941E-02    0.35221E-16   -0.99953E-17
      1       3.343    0.34737E-04   -0.83047E-02    0.57445E-16    0.10283E-16
      1       3.075    0.34820E-04   -0.74760E-02    0.39607E-16   -0.25309E-17
      1       2.806    0.34865E-04   -0.66967E-02    0.38692E-16    0.61150E-17
      1       2.538    0.34842E-04   -0.59550E-02    0.26901E-16    0.15723E-16
      1       2.269    0.34713E-04   -0.52388E-02    0.63984E-16    0.55015E-17
      1       2.000    0.34427E-04   -0.45379E-02    0.67176E-16    0.11752E-16
      1       1.732    0.33916E-04   -0.38448E-02    0.58253E-16   -0.25635E-17
      1       1.463    0.33085E-04   -0.31572E-02    0.80123E-16   -0.57221E-17
      1       1.194    0.31808E-04   -0.24870E-02    0.80549E-16   -0.38730E-17
      1       0.926    0.29898E-04   -0.18660E-02    0.93012E-16   -0.22027E-17
      1       0.657    0.27023E-04   -0.13132E-02    0.88715E-16    0.14853E-16
      1       0.389    0.22461E-04   -0.83368E-03    0.70468E-16   -0.44789E-17
      1       0.120    0.13692E-04   -0.35843E-03    0.29172E-16   -0.26186E-17
