   3N SYSTEM INCLUSIVE  PHOTODESINTEGRATION
        DETECTED PARTICLE: 1- PROTON
        NOT DETECTED PARTICLES:2- PROTON  3-NEUTRON

      OMEGA 0.30000E+02
     MTTWE1,MTTWE2,MTTWE3=    1    1   -1
     TH1LAB,PHI1LAB=    50.000     0.000
   Unit of cross sections ... fm**2/(MeV*sr**2)
      I       E1      CROSS           AX           AY           AZ
      1      15.877    0.30442E-05   -0.91002E+00   -0.45312E-18   -0.58495E-18
      1      15.864    0.87642E-03   -0.90807E+00    0.35895E-17   -0.37460E-17
      1      15.857    0.98055E-03   -0.90751E+00    0.12847E-18   -0.10982E-17
      1      15.850    0.10419E-02   -0.90699E+00    0.51018E-18    0.21706E-20
      1      15.844    0.10784E-02   -0.90650E+00   -0.29951E-18    0.47370E-17
      1      15.837    0.10993E-02   -0.90604E+00   -0.13581E-17    0.10769E-17
      1      15.830    0.11101E-02   -0.90559E+00    0.62760E-18   -0.30284E-17
      1      15.824    0.11141E-02   -0.90516E+00   -0.22068E-17   -0.19739E-17
      1      15.817    0.11136E-02   -0.90476E+00   -0.74404E-18    0.18620E-18
      1      15.810    0.11100E-02   -0.90437E+00    0.16869E-17    0.11502E-17
      1      15.804    0.11044E-02   -0.90401E+00   -0.39372E-18   -0.18312E-17
      1      15.797    0.10974E-02   -0.90366E+00   -0.51009E-18    0.11676E-17
      1      15.790    0.10895E-02   -0.90333E+00    0.84672E-18    0.23344E-17
      1      15.784    0.10812E-02   -0.90302E+00    0.95084E-18   -0.29298E-17
      1      15.777    0.10727E-02   -0.90273E+00    0.18732E-18   -0.75228E-17
      1      15.770    0.10640E-02   -0.90246E+00   -0.83700E-18    0.73307E-17
      1      15.764    0.10553E-02   -0.90219E+00    0.51568E-18    0.23355E-17
      1      15.757    0.10467E-02   -0.90194E+00    0.23093E-18    0.18363E-17
      1      15.671    0.94622E-03   -0.89921E+00   -0.30430E-18    0.11372E-17
      1      15.585    0.86826E-03   -0.89685E+00    0.44303E-19   -0.72651E-17
      1      15.499    0.80914E-03   -0.89470E+00   -0.55058E-17   -0.21630E-17
      1      15.413    0.76320E-03   -0.89269E+00   -0.82889E-18   -0.85116E-18
      1      15.327    0.72616E-03   -0.89071E+00   -0.10324E-16   -0.27696E-17
      1      15.241    0.69531E-03   -0.88867E+00   -0.17791E-18    0.66022E-17
      1      15.156    0.66890E-03   -0.88654E+00   -0.38930E-19    0.95324E-18
      1      15.070    0.64580E-03   -0.88426E+00   -0.58978E-17   -0.68361E-17
      1      14.984    0.62521E-03   -0.88180E+00   -0.49758E-17   -0.11268E-16
      1      14.898    0.60659E-03   -0.87916E+00   -0.10960E-17   -0.73845E-17
      1      14.812    0.58961E-03   -0.87631E+00    0.26383E-19   -0.30278E-17
      1      14.726    0.57404E-03   -0.87329E+00    0.39949E-17    0.10026E-16
      1      14.640    0.55971E-03   -0.87009E+00    0.36295E-17    0.98840E-17
      1      14.554    0.54647E-03   -0.86674E+00    0.23449E-17   -0.15071E-16
      1      14.468    0.53419E-03   -0.86322E+00    0.22269E-17    0.18780E-17
      1      14.382    0.52278E-03   -0.85955E+00    0.14106E-17   -0.46353E-18
      1      14.296    0.51213E-03   -0.85573E+00    0.94321E-17    0.84783E-17
      1      14.210    0.50219E-03   -0.85175E+00    0.24441E-17   -0.64551E-17
      1      14.125    0.49287E-03   -0.84762E+00    0.73724E-17    0.15535E-16
      1      14.039    0.48412E-03   -0.84334E+00   -0.67152E-17   -0.27175E-16
      1      13.953    0.47590E-03   -0.83890E+00    0.80568E-17   -0.10211E-16
      1      13.867    0.46817E-03   -0.83431E+00    0.16776E-17   -0.11459E-16
      1      13.781    0.46091E-03   -0.82958E+00   -0.94311E-17   -0.11479E-16
      1      13.695    0.45411E-03   -0.82470E+00   -0.85052E-17    0.59088E-17
      1      13.609    0.44773E-03   -0.81969E+00    0.36280E-17   -0.29353E-17
      1      13.523    0.44178E-03   -0.81457E+00   -0.97886E-18   -0.96934E-17
      1      13.437    0.43622E-03   -0.80934E+00    0.19978E-17    0.22843E-16
      1      13.351    0.43104E-03   -0.80401E+00   -0.12140E-16   -0.34467E-16
      1      13.265    0.42623E-03   -0.79862E+00    0.13821E-16    0.31765E-16
      1      13.179    0.42177E-03   -0.79315E+00    0.81623E-17   -0.70169E-17
      1      13.094    0.41765E-03   -0.78764E+00    0.16436E-16    0.14074E-16
      1      13.008    0.41384E-03   -0.78209E+00   -0.79334E-18    0.29093E-16
      1      12.922    0.41033E-03   -0.77650E+00    0.10494E-16    0.15039E-16
      1      12.836    0.40710E-03   -0.77088E+00    0.34226E-17    0.43248E-16
      1      12.750    0.40413E-03   -0.76523E+00   -0.65583E-17    0.39327E-16
      1      12.664    0.40139E-03   -0.75956E+00   -0.77478E-17    0.13225E-16
      1      12.578    0.39889E-03   -0.75386E+00    0.22985E-16   -0.51818E-17
      1      12.492    0.39660E-03   -0.74813E+00   -0.11300E-16    0.17546E-16
      1      12.406    0.39452E-03   -0.74239E+00   -0.54537E-17   -0.88977E-17
      1      12.320    0.39263E-03   -0.73663E+00    0.16880E-16   -0.14276E-16
      1      12.234    0.39094E-03   -0.73087E+00   -0.26867E-16    0.27699E-17
      1      12.148    0.38945E-03   -0.72512E+00    0.54661E-17   -0.16924E-16
      1      12.063    0.38815E-03   -0.71938E+00   -0.18946E-16    0.21570E-16
      1      11.977    0.38704E-03   -0.71366E+00    0.90867E-17    0.13171E-16
      1      11.891    0.38614E-03   -0.70799E+00    0.11305E-16    0.22171E-16
      1      11.805    0.38544E-03   -0.70238E+00    0.27971E-17    0.22029E-16
      1      11.719    0.38495E-03   -0.69682E+00    0.11664E-17   -0.14619E-16
      1      11.633    0.38466E-03   -0.69134E+00    0.40727E-16   -0.27167E-16
      1      11.547    0.38458E-03   -0.68594E+00    0.16687E-16    0.17612E-16
      1      11.461    0.38470E-03   -0.68062E+00    0.29787E-16   -0.92779E-18
      1      11.375    0.38502E-03   -0.67538E+00    0.20739E-16   -0.13563E-16
      1      11.289    0.38553E-03   -0.67024E+00    0.17303E-16    0.20970E-16
      1      11.203    0.38624E-03   -0.66519E+00    0.46686E-17    0.13244E-16
      1      11.117    0.38713E-03   -0.66024E+00   -0.22069E-16   -0.24090E-16
      1      11.031    0.38820E-03   -0.65538E+00    0.12806E-16   -0.11068E-16
      1      10.946    0.38944E-03   -0.65062E+00    0.13025E-16    0.32873E-16
      1      10.860    0.39085E-03   -0.64594E+00    0.26120E-17    0.20827E-16
      1      10.774    0.39243E-03   -0.64135E+00    0.48032E-18    0.71486E-17
      1      10.688    0.39418E-03   -0.63684E+00    0.92208E-17    0.44907E-16
      1      10.602    0.39609E-03   -0.63242E+00   -0.12122E-16    0.34880E-17
      1      10.516    0.39816E-03   -0.62807E+00   -0.24700E-16    0.22968E-16
      1      10.430    0.40040E-03   -0.62380E+00    0.28280E-16    0.17230E-16
      1      10.344    0.40282E-03   -0.61960E+00    0.26475E-16    0.99251E-17
      1      10.258    0.40542E-03   -0.61549E+00    0.30453E-18    0.22558E-17
      1      10.172    0.40820E-03   -0.61146E+00    0.29930E-16   -0.11816E-16
      1      10.086    0.41118E-03   -0.60753E+00    0.16532E-16   -0.49267E-18
      1      10.000    0.41438E-03   -0.60370E+00   -0.57208E-17    0.14410E-16
      1       9.915    0.41779E-03   -0.59999E+00    0.26285E-16   -0.18026E-16
      1       9.829    0.42144E-03   -0.59641E+00    0.58419E-17   -0.25195E-16
      1       9.743    0.42533E-03   -0.59297E+00    0.41485E-17    0.31452E-16
      1       9.657    0.42947E-03   -0.58968E+00   -0.24192E-16    0.13169E-16
      1       9.571    0.43386E-03   -0.58655E+00    0.69034E-17    0.26054E-16
      1       9.485    0.43851E-03   -0.58357E+00    0.69947E-17    0.19061E-16
      1       9.399    0.44342E-03   -0.58075E+00   -0.24003E-16    0.12373E-16
      1       9.313    0.44859E-03   -0.57810E+00    0.18052E-16    0.57727E-16
      1       9.227    0.45403E-03   -0.57560E+00    0.17323E-16    0.38282E-16
      1       9.141    0.45974E-03   -0.57327E+00   -0.61929E-16   -0.21250E-16
      1       9.055    0.46572E-03   -0.57110E+00    0.64426E-17    0.12237E-16
      1       8.969    0.47197E-03   -0.56908E+00   -0.22718E-17    0.66805E-17
      1       8.884    0.47851E-03   -0.56722E+00   -0.22110E-16    0.19834E-16
      1       8.798    0.48532E-03   -0.56551E+00   -0.15379E-17    0.39322E-16
      1       8.712    0.49241E-03   -0.56395E+00   -0.11009E-16    0.14351E-16
      1       8.626    0.49980E-03   -0.56254E+00    0.11878E-16    0.21439E-16
      1       8.540    0.50747E-03   -0.56126E+00   -0.23643E-17    0.13629E-16
      1       8.454    0.51544E-03   -0.56012E+00    0.19512E-16    0.24249E-16
      1       8.368    0.52371E-03   -0.55912E+00    0.91935E-17    0.68788E-17
      1       8.282    0.53229E-03   -0.55825E+00   -0.22425E-17    0.35553E-16
      1       8.196    0.54119E-03   -0.55751E+00   -0.77353E-17    0.40255E-17
      1       8.110    0.55041E-03   -0.55689E+00    0.27074E-16   -0.64945E-17
      1       8.024    0.55997E-03   -0.55641E+00   -0.30156E-16    0.21851E-16
      1       7.938    0.56988E-03   -0.55606E+00    0.37653E-16    0.13431E-16
      1       7.853    0.58016E-03   -0.55585E+00    0.34442E-16    0.10619E-16
      1       7.767    0.59081E-03   -0.55577E+00   -0.42391E-16   -0.57764E-17
      1       7.681    0.60186E-03   -0.55583E+00   -0.17709E-16    0.42929E-17
      1       7.595    0.61332E-03   -0.55602E+00   -0.69082E-17    0.23955E-16
      1       7.509    0.62521E-03   -0.55636E+00    0.18319E-16    0.79835E-17
      1       7.423    0.63753E-03   -0.55684E+00    0.94045E-17    0.18708E-16
      1       7.337    0.65031E-03   -0.55746E+00    0.24235E-16   -0.86936E-17
      1       7.251    0.66354E-03   -0.55822E+00    0.11948E-16   -0.80258E-17
      1       7.165    0.67724E-03   -0.55912E+00    0.23318E-16   -0.19525E-16
      1       7.079    0.69141E-03   -0.56014E+00   -0.12092E-17    0.29900E-16
      1       6.993    0.70607E-03   -0.56130E+00   -0.24318E-16   -0.57384E-17
      1       6.907    0.72123E-03   -0.56258E+00    0.19522E-17    0.25211E-16
      1       6.822    0.73690E-03   -0.56400E+00    0.52660E-16   -0.66511E-17
      1       6.736    0.75310E-03   -0.56554E+00    0.43643E-17    0.25224E-16
      1       6.650    0.76983E-03   -0.56721E+00    0.39404E-17    0.17627E-16
      1       6.564    0.78711E-03   -0.56900E+00    0.78664E-16    0.24147E-16
      1       6.478    0.80496E-03   -0.57092E+00   -0.34593E-16    0.29062E-16
      1       6.392    0.82340E-03   -0.57297E+00    0.13733E-16    0.10681E-16
      1       6.306    0.84244E-03   -0.57513E+00    0.71190E-16   -0.12114E-16
      1       6.220    0.86210E-03   -0.57743E+00   -0.26518E-16    0.54011E-17
      1       6.134    0.88241E-03   -0.57984E+00    0.63203E-16   -0.19665E-18
      1       6.048    0.90338E-03   -0.58238E+00    0.57979E-16    0.12512E-16
      1       5.962    0.92502E-03   -0.58505E+00    0.66903E-16   -0.27939E-17
      1       5.876    0.94737E-03   -0.58783E+00   -0.71914E-17    0.11903E-16
      1       5.791    0.97042E-03   -0.59073E+00    0.40505E-16    0.17921E-17
      1       5.705    0.99421E-03   -0.59375E+00   -0.69205E-16    0.47332E-17
      1       5.619    0.10188E-02   -0.59688E+00    0.11373E-16    0.70893E-17
      1       5.533    0.10441E-02   -0.60014E+00    0.24376E-16    0.20646E-17
      1       5.447    0.10703E-02   -0.60352E+00   -0.11975E-16   -0.15443E-16
      1       5.361    0.10972E-02   -0.60700E+00    0.79158E-16    0.54980E-17
      1       5.275    0.11249E-02   -0.61058E+00    0.26212E-16    0.34952E-17
      1       5.189    0.11534E-02   -0.61423E+00    0.20545E-16    0.92620E-20
      1       5.103    0.11824E-02   -0.61792E+00    0.16062E-16    0.64109E-17
      1       5.017    0.12119E-02   -0.62158E+00    0.45256E-16    0.76059E-17
      1       4.931    0.12414E-02   -0.62514E+00   -0.72472E-16   -0.31462E-16
      1       4.845    0.12706E-02   -0.62852E+00    0.44849E-17   -0.71411E-17
      1       4.760    0.12989E-02   -0.63159E+00    0.59396E-16    0.95526E-17
      1       4.674    0.13258E-02   -0.63422E+00    0.11882E-15    0.44765E-17
      1       4.588    0.13503E-02   -0.63626E+00    0.17203E-15    0.52437E-17
      1       4.502    0.13716E-02   -0.63757E+00    0.54949E-16    0.20802E-16
      1       4.416    0.13889E-02   -0.63797E+00    0.17103E-15    0.90341E-17
      1       4.330    0.14014E-02   -0.63733E+00    0.80064E-16    0.19890E-16
      1       4.244    0.14082E-02   -0.63551E+00    0.86960E-16   -0.11345E-16
      1       4.158    0.14091E-02   -0.63241E+00   -0.55109E-16   -0.14960E-16
      1       4.072    0.14041E-02   -0.62803E+00    0.99585E-16    0.14617E-16
      1       3.986    0.13936E-02   -0.62241E+00    0.25829E-15    0.59647E-17
      1       3.900    0.13781E-02   -0.61563E+00   -0.21962E-16   -0.18034E-16
      1       3.814    0.13586E-02   -0.60779E+00    0.48389E-16    0.20542E-16
      1       3.729    0.13357E-02   -0.59903E+00   -0.17136E-15   -0.54070E-17
      1       3.643    0.13104E-02   -0.58946E+00    0.35041E-16   -0.89619E-18
      1       3.557    0.12833E-02   -0.57922E+00   -0.24123E-16    0.35291E-17
      1       3.471    0.12551E-02   -0.56842E+00   -0.33447E-16    0.64377E-17
      1       3.385    0.12263E-02   -0.55715E+00    0.19358E-16    0.21851E-16
      1       3.299    0.11972E-02   -0.54550E+00    0.72142E-16    0.46539E-17
      1       3.213    0.11681E-02   -0.53353E+00   -0.15920E-15   -0.17410E-17
      1       3.127    0.11391E-02   -0.52126E+00   -0.26059E-16   -0.16963E-16
      1       3.041    0.11105E-02   -0.50873E+00   -0.28072E-16   -0.18553E-16
      1       2.955    0.10822E-02   -0.49595E+00    0.11264E-15    0.82963E-17
      1       2.869    0.10543E-02   -0.48296E+00   -0.33549E-16    0.87073E-17
      1       2.783    0.10271E-02   -0.46978E+00   -0.43522E-16   -0.15386E-16
      1       2.698    0.10004E-02   -0.45644E+00   -0.27999E-16   -0.44357E-17
      1       2.612    0.97432E-03   -0.44298E+00   -0.92226E-16   -0.17578E-16
      1       2.526    0.94894E-03   -0.42940E+00    0.53652E-16   -0.87503E-17
      1       2.440    0.92424E-03   -0.41575E+00    0.86450E-16   -0.14759E-16
      1       2.354    0.90023E-03   -0.40205E+00    0.39861E-16    0.51856E-17
      1       2.268    0.87690E-03   -0.38831E+00   -0.18410E-17    0.19648E-17
      1       2.182    0.85425E-03   -0.37458E+00   -0.42911E-16    0.21338E-16
      1       2.096    0.83227E-03   -0.36089E+00    0.47268E-16   -0.15616E-16
      1       2.010    0.81094E-03   -0.34726E+00    0.66785E-17   -0.18128E-16
      1       1.924    0.79019E-03   -0.33369E+00   -0.36140E-16    0.13147E-16
      1       1.838    0.76989E-03   -0.32015E+00    0.25924E-16   -0.36456E-16
      1       1.752    0.74991E-03   -0.30655E+00    0.16743E-16   -0.20707E-16
      1       1.667    0.73014E-03   -0.29285E+00    0.27921E-16   -0.70604E-17
      1       1.581    0.71042E-03   -0.27895E+00    0.54435E-16   -0.25454E-16
      1       1.495    0.69063E-03   -0.26477E+00    0.24303E-16   -0.41966E-17
      1       1.409    0.67066E-03   -0.25025E+00    0.32718E-16   -0.12233E-16
      1       1.323    0.65039E-03   -0.23532E+00    0.12138E-17    0.11008E-16
      1       1.237    0.62975E-03   -0.21997E+00    0.35923E-16   -0.25242E-17
      1       1.151    0.60871E-03   -0.20427E+00    0.58170E-16   -0.11833E-16
      1       1.065    0.58736E-03   -0.18849E+00    0.13357E-15   -0.10934E-16
      1       0.979    0.56572E-03   -0.17292E+00    0.17848E-16   -0.35880E-16
      1       0.893    0.54365E-03   -0.15771E+00    0.54100E-16   -0.56223E-16
      1       0.807    0.52092E-03   -0.14299E+00    0.84875E-16   -0.21824E-16
      1       0.721    0.49726E-03   -0.12893E+00    0.70765E-16    0.37395E-18
      1       0.636    0.47245E-03   -0.11603E+00    0.63857E-16   -0.80193E-17
      1       0.550    0.44629E-03   -0.10522E+00    0.57597E-16   -0.20082E-17
      1       0.464    0.41750E-03   -0.95861E-01    0.86756E-16    0.20556E-16
      1       0.378    0.38322E-03   -0.84213E-01    0.56295E-16    0.48970E-17
      1       0.292    0.34060E-03   -0.66359E-01    0.45697E-16    0.40810E-17
      1       0.206    0.28786E-03   -0.42731E-01    0.74839E-16    0.48483E-17
      1       0.120    0.22186E-03   -0.21521E-01    0.67537E-16   -0.24200E-16
