   3N SYSTEM INCLUSIVE  PHOTODESINTEGRATION
        DETECTED PARTICLE: 1- PROTON
        NOT DETECTED PARTICLES:2- PROTON  3-NEUTRON

      OMEGA 0.30000E+02
     MTTWE1,MTTWE2,MTTWE3=    1    1   -1
     TH1LAB,PHI1LAB=   130.000     0.000
   Unit of cross sections ... fm**2/(MeV*sr**2)
      I       E1      CROSS           AX           AY           AZ
      1      13.601    0.93503E-06   -0.90443E+00   -0.12295E-19    0.11487E-17
      1      13.588    0.26297E-03   -0.89943E+00   -0.10077E-18    0.62009E-18
      1      13.581    0.29209E-03   -0.89766E+00    0.51639E-19    0.18288E-17
      1      13.574    0.30843E-03   -0.89595E+00   -0.55466E-18   -0.21876E-17
      1      13.568    0.31749E-03   -0.89428E+00    0.44781E-18   -0.35104E-17
      1      13.561    0.32215E-03   -0.89265E+00   -0.39777E-18    0.32234E-17
      1      13.554    0.32401E-03   -0.89107E+00   -0.11623E-17   -0.19202E-18
      1      13.548    0.32407E-03   -0.88953E+00   -0.32664E-17   -0.76190E-19
      1      13.541    0.32299E-03   -0.88804E+00    0.14730E-18   -0.10402E-17
      1      13.534    0.32117E-03   -0.88660E+00    0.10349E-17    0.25172E-17
      1      13.528    0.31890E-03   -0.88521E+00   -0.10214E-17    0.29495E-18
      1      13.521    0.31639E-03   -0.88387E+00    0.14428E-17   -0.20052E-17
      1      13.514    0.31375E-03   -0.88258E+00   -0.25724E-17   -0.25424E-17
      1      13.508    0.31108E-03   -0.88135E+00   -0.87078E-18    0.56268E-17
      1      13.501    0.30841E-03   -0.88015E+00    0.18547E-17   -0.15048E-17
      1      13.494    0.30577E-03   -0.87900E+00   -0.14479E-17   -0.27807E-17
      1      13.488    0.30317E-03   -0.87789E+00    0.21417E-17    0.43380E-17
      1      13.481    0.30061E-03   -0.87680E+00   -0.44823E-17   -0.84744E-17
      1      13.407    0.27603E-03   -0.86620E+00   -0.17369E-17   -0.20421E-17
      1      13.334    0.25731E-03   -0.85710E+00    0.23481E-17   -0.13640E-16
      1      13.261    0.24342E-03   -0.84915E+00   -0.26906E-17    0.16056E-16
      1      13.187    0.23296E-03   -0.84209E+00   -0.37632E-17    0.43345E-17
      1      13.114    0.22483E-03   -0.83566E+00    0.45699E-17    0.19518E-16
      1      13.040    0.21829E-03   -0.82961E+00    0.18491E-17    0.58498E-17
      1      12.967    0.21288E-03   -0.82379E+00   -0.50799E-17   -0.78707E-17
      1      12.894    0.20831E-03   -0.81805E+00   -0.37575E-17    0.13966E-16
      1      12.820    0.20435E-03   -0.81231E+00   -0.38487E-17   -0.62795E-17
      1      12.747    0.20087E-03   -0.80649E+00    0.31232E-17    0.17322E-18
      1      12.673    0.19779E-03   -0.80055E+00    0.31762E-17    0.11270E-16
      1      12.600    0.19504E-03   -0.79450E+00   -0.16579E-17    0.11605E-16
      1      12.527    0.19262E-03   -0.78835E+00   -0.76846E-18    0.11429E-16
      1      12.453    0.19049E-03   -0.78213E+00   -0.30725E-17   -0.58374E-17
      1      12.380    0.18864E-03   -0.77585E+00    0.17411E-17   -0.18539E-17
      1      12.306    0.18704E-03   -0.76953E+00    0.10972E-16    0.60810E-17
      1      12.233    0.18567E-03   -0.76315E+00   -0.86817E-17   -0.87117E-17
      1      12.160    0.18451E-03   -0.75673E+00   -0.73428E-17   -0.21387E-16
      1      12.086    0.18355E-03   -0.75025E+00   -0.45317E-17   -0.19346E-16
      1      12.013    0.18276E-03   -0.74372E+00    0.53259E-17   -0.17377E-16
      1      11.939    0.18214E-03   -0.73714E+00   -0.44670E-19   -0.14699E-16
      1      11.866    0.18167E-03   -0.73049E+00   -0.24513E-17   -0.14559E-17
      1      11.792    0.18134E-03   -0.72377E+00   -0.16803E-16   -0.34676E-16
      1      11.719    0.18115E-03   -0.71700E+00    0.31301E-17   -0.20914E-16
      1      11.646    0.18111E-03   -0.71018E+00    0.73351E-17    0.26596E-16
      1      11.572    0.18122E-03   -0.70334E+00    0.16452E-16   -0.35807E-16
      1      11.499    0.18146E-03   -0.69649E+00   -0.18121E-17   -0.21055E-16
      1      11.425    0.18185E-03   -0.68966E+00   -0.11578E-16    0.17301E-16
      1      11.352    0.18238E-03   -0.68287E+00    0.77965E-18    0.37790E-16
      1      11.279    0.18305E-03   -0.67614E+00    0.24873E-17   -0.53182E-17
      1      11.205    0.18386E-03   -0.66951E+00    0.82335E-17    0.11473E-16
      1      11.132    0.18480E-03   -0.66299E+00    0.12268E-16   -0.18638E-16
      1      11.058    0.18587E-03   -0.65659E+00   -0.14163E-17    0.38191E-16
      1      10.985    0.18707E-03   -0.65033E+00    0.30192E-17   -0.21682E-16
      1      10.912    0.18839E-03   -0.64422E+00    0.14339E-16    0.52153E-16
      1      10.838    0.18983E-03   -0.63825E+00    0.19759E-17   -0.10489E-16
      1      10.765    0.19136E-03   -0.63242E+00    0.89481E-17    0.30354E-17
      1      10.691    0.19300E-03   -0.62672E+00   -0.83951E-17    0.36310E-16
      1      10.618    0.19472E-03   -0.62114E+00   -0.13744E-17   -0.27079E-16
      1      10.544    0.19653E-03   -0.61568E+00    0.55784E-16   -0.64352E-17
      1      10.471    0.19843E-03   -0.61033E+00   -0.39452E-17    0.13731E-16
      1      10.398    0.20040E-03   -0.60509E+00   -0.11363E-16   -0.80673E-17
      1      10.324    0.20244E-03   -0.59996E+00    0.30115E-16   -0.85332E-17
      1      10.251    0.20456E-03   -0.59494E+00    0.25569E-16   -0.14688E-16
      1      10.177    0.20676E-03   -0.59005E+00   -0.10190E-16    0.32187E-16
      1      10.104    0.20904E-03   -0.58527E+00   -0.42851E-17   -0.74487E-17
      1      10.031    0.21140E-03   -0.58064E+00    0.23171E-16   -0.23289E-16
      1       9.957    0.21386E-03   -0.57616E+00    0.75857E-17    0.34541E-16
      1       9.884    0.21640E-03   -0.57183E+00   -0.26623E-16    0.30502E-16
      1       9.810    0.21904E-03   -0.56766E+00   -0.14477E-16    0.29874E-16
      1       9.737    0.22178E-03   -0.56366E+00   -0.29159E-16    0.76114E-17
      1       9.664    0.22462E-03   -0.55982E+00    0.11828E-16    0.66946E-16
      1       9.590    0.22755E-03   -0.55614E+00    0.27539E-16   -0.19284E-16
      1       9.517    0.23059E-03   -0.55263E+00    0.60758E-16   -0.13756E-16
      1       9.443    0.23372E-03   -0.54927E+00    0.12357E-16    0.65361E-17
      1       9.370    0.23696E-03   -0.54606E+00    0.11239E-16    0.18951E-16
      1       9.296    0.24029E-03   -0.54300E+00    0.20920E-17    0.25444E-16
      1       9.223    0.24371E-03   -0.54008E+00    0.87402E-17    0.50020E-17
      1       9.150    0.24722E-03   -0.53728E+00    0.69497E-17    0.38970E-16
      1       9.076    0.25082E-03   -0.53460E+00    0.80833E-17    0.17543E-16
      1       9.003    0.25451E-03   -0.53203E+00    0.51996E-17    0.27852E-16
      1       8.929    0.25828E-03   -0.52955E+00   -0.21107E-17   -0.11091E-16
      1       8.856    0.26213E-03   -0.52716E+00    0.26778E-17   -0.30453E-17
      1       8.783    0.26607E-03   -0.52484E+00   -0.12046E-16    0.21813E-16
      1       8.709    0.27009E-03   -0.52259E+00    0.22936E-17    0.32998E-16
      1       8.636    0.27420E-03   -0.52040E+00    0.42664E-18   -0.18459E-16
      1       8.562    0.27840E-03   -0.51827E+00   -0.30432E-18    0.34142E-16
      1       8.489    0.28270E-03   -0.51619E+00    0.17528E-16    0.33545E-16
      1       8.416    0.28710E-03   -0.51418E+00    0.21215E-17    0.15258E-16
      1       8.342    0.29161E-03   -0.51223E+00    0.28311E-18    0.11121E-16
      1       8.269    0.29624E-03   -0.51035E+00    0.11320E-17    0.13666E-17
      1       8.195    0.30100E-03   -0.50856E+00   -0.41032E-17    0.23459E-16
      1       8.122    0.30590E-03   -0.50685E+00    0.18197E-16    0.16412E-16
      1       8.048    0.31094E-03   -0.50525E+00    0.90701E-17   -0.11081E-16
      1       7.975    0.31614E-03   -0.50376E+00   -0.11783E-16   -0.26010E-17
      1       7.902    0.32150E-03   -0.50238E+00    0.17892E-16    0.42607E-16
      1       7.828    0.32704E-03   -0.50113E+00    0.44911E-17    0.30434E-16
      1       7.755    0.33274E-03   -0.50001E+00    0.25783E-16    0.26302E-16
      1       7.681    0.33862E-03   -0.49900E+00   -0.11790E-16    0.15784E-16
      1       7.608    0.34467E-03   -0.49812E+00   -0.30736E-16    0.11288E-16
      1       7.535    0.35090E-03   -0.49735E+00    0.27845E-16    0.40161E-17
      1       7.461    0.35731E-03   -0.49670E+00    0.94054E-18    0.31670E-17
      1       7.388    0.36391E-03   -0.49616E+00   -0.21073E-16    0.15566E-16
      1       7.314    0.37069E-03   -0.49572E+00    0.75979E-18    0.20360E-16
      1       7.241    0.37766E-03   -0.49540E+00    0.51121E-16    0.16288E-16
      1       7.168    0.38482E-03   -0.49517E+00    0.30942E-16    0.26917E-16
      1       7.094    0.39218E-03   -0.49504E+00    0.47060E-16    0.63705E-17
      1       7.021    0.39973E-03   -0.49499E+00    0.23807E-16    0.22299E-16
      1       6.947    0.40749E-03   -0.49503E+00    0.13937E-16    0.84613E-17
      1       6.874    0.41544E-03   -0.49515E+00   -0.65188E-17    0.17783E-16
      1       6.800    0.42360E-03   -0.49534E+00   -0.10472E-16    0.82477E-17
      1       6.727    0.43197E-03   -0.49561E+00   -0.13161E-16    0.48772E-17
      1       6.654    0.44055E-03   -0.49594E+00   -0.13001E-17    0.25090E-16
      1       6.580    0.44936E-03   -0.49634E+00   -0.11919E-16   -0.26359E-17
      1       6.507    0.45840E-03   -0.49680E+00    0.26404E-17    0.19401E-16
      1       6.433    0.46767E-03   -0.49733E+00    0.21513E-16   -0.14461E-16
      1       6.360    0.47720E-03   -0.49793E+00    0.29111E-16    0.25121E-16
      1       6.287    0.48699E-03   -0.49861E+00   -0.10408E-16    0.21861E-17
      1       6.213    0.49705E-03   -0.49935E+00    0.27032E-16    0.24542E-17
      1       6.140    0.50739E-03   -0.50018E+00    0.21613E-16   -0.45598E-17
      1       6.066    0.51802E-03   -0.50108E+00   -0.21077E-16    0.22709E-16
      1       5.993    0.52896E-03   -0.50207E+00   -0.58602E-16   -0.58434E-17
      1       5.920    0.54023E-03   -0.50315E+00    0.23306E-16   -0.14701E-16
      1       5.846    0.55182E-03   -0.50431E+00    0.36982E-16    0.35481E-16
      1       5.773    0.56374E-03   -0.50556E+00   -0.41799E-16   -0.21023E-17
      1       5.699    0.57601E-03   -0.50690E+00    0.62521E-16   -0.55366E-17
      1       5.626    0.58862E-03   -0.50832E+00   -0.21898E-16   -0.10295E-16
      1       5.552    0.60160E-03   -0.50983E+00    0.17386E-16    0.15589E-16
      1       5.479    0.61494E-03   -0.51142E+00    0.60299E-17    0.82164E-17
      1       5.406    0.62865E-03   -0.51310E+00   -0.14945E-16    0.49580E-17
      1       5.332    0.64274E-03   -0.51487E+00    0.31183E-16    0.11618E-16
      1       5.259    0.65723E-03   -0.51673E+00   -0.51177E-16   -0.12183E-16
      1       5.185    0.67211E-03   -0.51868E+00   -0.82718E-17   -0.99637E-17
      1       5.112    0.68740E-03   -0.52071E+00    0.40447E-16    0.18525E-16
      1       5.039    0.70312E-03   -0.52283E+00   -0.38721E-16    0.83700E-18
      1       4.965    0.71926E-03   -0.52504E+00   -0.56580E-16    0.21483E-16
      1       4.892    0.73585E-03   -0.52735E+00   -0.30434E-16   -0.76862E-17
      1       4.818    0.75290E-03   -0.52974E+00    0.81913E-17   -0.15592E-16
      1       4.745    0.77041E-03   -0.53223E+00    0.12616E-16   -0.37646E-17
      1       4.672    0.78839E-03   -0.53481E+00    0.32139E-16    0.59313E-17
      1       4.598    0.80687E-03   -0.53748E+00   -0.22352E-16    0.40399E-18
      1       4.525    0.82584E-03   -0.54024E+00    0.16049E-16    0.48278E-18
      1       4.451    0.84531E-03   -0.54309E+00    0.51564E-16    0.13077E-16
      1       4.378    0.86530E-03   -0.54603E+00   -0.50968E-16   -0.42584E-17
      1       4.304    0.88582E-03   -0.54906E+00    0.81774E-16    0.51147E-17
      1       4.231    0.90688E-03   -0.55219E+00    0.93566E-16    0.13712E-16
      1       4.158    0.92850E-03   -0.55540E+00   -0.86981E-16    0.56728E-18
      1       4.084    0.95065E-03   -0.55870E+00    0.36128E-16   -0.34839E-17
      1       4.011    0.97332E-03   -0.56208E+00   -0.35686E-16    0.12918E-16
      1       3.937    0.99645E-03   -0.56550E+00    0.19232E-17    0.20904E-17
      1       3.864    0.10199E-02   -0.56894E+00   -0.65551E-16    0.28494E-17
      1       3.791    0.10436E-02   -0.57235E+00    0.90249E-16   -0.24884E-17
      1       3.717    0.10673E-02   -0.57565E+00    0.15706E-15   -0.83810E-17
      1       3.644    0.10905E-02   -0.57875E+00   -0.15927E-16    0.27289E-18
      1       3.570    0.11130E-02   -0.58154E+00   -0.25107E-16    0.67060E-17
      1       3.497    0.11340E-02   -0.58388E+00   -0.65912E-16   -0.21457E-16
      1       3.424    0.11531E-02   -0.58561E+00    0.15249E-15   -0.22230E-16
      1       3.350    0.11695E-02   -0.58659E+00    0.46923E-16    0.15317E-17
      1       3.277    0.11825E-02   -0.58662E+00    0.30186E-16    0.12582E-16
      1       3.203    0.11913E-02   -0.58556E+00    0.46241E-16    0.40550E-17
      1       3.130    0.11955E-02   -0.58325E+00   -0.22310E-15    0.10522E-16
      1       3.056    0.11944E-02   -0.57955E+00    0.54783E-16   -0.91049E-18
      1       2.983    0.11882E-02   -0.57442E+00    0.39137E-16    0.33794E-17
      1       2.910    0.11772E-02   -0.56791E+00    0.84830E-16    0.12259E-16
      1       2.836    0.11619E-02   -0.56009E+00    0.48708E-16   -0.79895E-17
      1       2.763    0.11429E-02   -0.55107E+00    0.14212E-15    0.19920E-17
      1       2.689    0.11211E-02   -0.54096E+00    0.11574E-15   -0.13329E-16
      1       2.616    0.10970E-02   -0.52993E+00   -0.35474E-16   -0.52377E-17
      1       2.543    0.10715E-02   -0.51811E+00    0.24049E-16   -0.90600E-17
      1       2.469    0.10449E-02   -0.50564E+00    0.63610E-16   -0.11892E-16
      1       2.396    0.10179E-02   -0.49263E+00   -0.19601E-16    0.88095E-17
      1       2.322    0.99079E-03   -0.47919E+00    0.10250E-15    0.10888E-16
      1       2.249    0.96371E-03   -0.46538E+00    0.41405E-16   -0.29316E-16
      1       2.176    0.93686E-03   -0.45125E+00   -0.23301E-16   -0.24664E-16
      1       2.102    0.91033E-03   -0.43683E+00    0.19272E-16    0.11225E-16
      1       2.029    0.88420E-03   -0.42215E+00    0.66313E-16   -0.18616E-16
      1       1.955    0.85855E-03   -0.40725E+00    0.55250E-16    0.13629E-16
      1       1.882    0.83340E-03   -0.39216E+00    0.37928E-16    0.91997E-17
      1       1.808    0.80882E-03   -0.37692E+00    0.10011E-15    0.30978E-17
      1       1.735    0.78481E-03   -0.36156E+00   -0.43994E-17    0.98123E-17
      1       1.662    0.76139E-03   -0.34612E+00   -0.13412E-16   -0.25267E-17
      1       1.588    0.73856E-03   -0.33063E+00    0.83449E-16   -0.11295E-16
      1       1.515    0.71628E-03   -0.31513E+00    0.62276E-16   -0.92200E-17
      1       1.441    0.69454E-03   -0.29964E+00    0.23129E-16    0.18512E-16
      1       1.368    0.67330E-03   -0.28422E+00    0.11537E-16   -0.14705E-16
      1       1.295    0.65252E-03   -0.26890E+00    0.57567E-16    0.46168E-16
      1       1.221    0.63212E-03   -0.25372E+00    0.28676E-16    0.17793E-17
      1       1.148    0.61198E-03   -0.23862E+00    0.44908E-16   -0.62586E-17
      1       1.074    0.59193E-03   -0.22356E+00    0.19690E-16    0.13829E-17
      1       1.001    0.57181E-03   -0.20847E+00    0.64950E-16   -0.53342E-17
      1       0.928    0.55144E-03   -0.19326E+00    0.46642E-16    0.23663E-16
      1       0.854    0.53063E-03   -0.17786E+00    0.48135E-16    0.31535E-16
      1       0.781    0.50917E-03   -0.16220E+00    0.63055E-16   -0.40084E-16
      1       0.707    0.48687E-03   -0.14626E+00    0.73032E-17    0.16759E-16
      1       0.634    0.46348E-03   -0.13005E+00    0.77124E-16   -0.19305E-16
      1       0.560    0.43880E-03   -0.11378E+00    0.94253E-16   -0.13857E-16
      1       0.487    0.41257E-03   -0.97832E-01    0.56700E-16    0.10283E-16
      1       0.414    0.38423E-03   -0.82437E-01    0.62304E-16    0.31478E-17
      1       0.340    0.35293E-03   -0.67727E-01    0.44383E-16   -0.60818E-17
      1       0.267    0.31731E-03   -0.53906E-01    0.65984E-16    0.49659E-17
      1       0.193    0.27513E-03   -0.41464E-01    0.89232E-16    0.10916E-16
      1       0.120    0.22109E-03   -0.28850E-01    0.61909E-16    0.32432E-17
