   3N SYSTEM INCLUSIVE  PHOTODESINTEGRATION
        DETECTED PARTICLE: 1- PROTON
        NOT DETECTED PARTICLES:2- PROTON  3-NEUTRON

      OMEGA 0.10000E+03
     MTTWE1,MTTWE2,MTTWE3=    1    1   -1
     TH1LAB,PHI1LAB=    90.000     0.000
   Unit of cross sections ... fm**2/(MeV*sr**2)
      I       E1      CROSS           AX           AY           AZ
      1      59.746    0.61920E-07   -0.12917E+00    0.32348E-17    0.97708E-17
      1      59.733    0.17934E-04   -0.12575E+00   -0.37560E-18    0.17513E-16
      1      59.726    0.20192E-04   -0.12629E+00    0.11656E-18    0.83269E-18
      1      59.720    0.21615E-04   -0.12703E+00    0.31039E-16    0.87129E-16
      1      59.713    0.22553E-04   -0.12787E+00    0.23344E-17    0.90646E-17
      1      59.706    0.23183E-04   -0.12874E+00   -0.25588E-17    0.22926E-17
      1      59.700    0.23608E-04   -0.12961E+00    0.13250E-16    0.59844E-17
      1      59.693    0.23891E-04   -0.13047E+00    0.42402E-18    0.65014E-17
      1      59.686    0.24074E-04   -0.13132E+00    0.98716E-17   -0.16811E-16
      1      59.680    0.24185E-04   -0.13218E+00    0.50973E-17    0.75703E-17
      1      59.673    0.24243E-04   -0.13305E+00   -0.55726E-17    0.61771E-17
      1      59.666    0.24262E-04   -0.13393E+00   -0.86014E-17    0.24036E-17
      1      59.660    0.24253E-04   -0.13483E+00   -0.52295E-17   -0.45696E-17
      1      59.653    0.24224E-04   -0.13574E+00    0.58046E-17    0.93597E-17
      1      59.646    0.24179E-04   -0.13667E+00   -0.25321E-17    0.24707E-18
      1      59.640    0.24124E-04   -0.13762E+00   -0.40255E-17   -0.24129E-17
      1      59.633    0.24061E-04   -0.13859E+00    0.50158E-17    0.13033E-17
      1      59.626    0.23993E-04   -0.13958E+00   -0.74091E-17    0.25710E-17
      1      59.300    0.21776E-04   -0.18805E+00   -0.58684E-17   -0.16561E-16
      1      58.973    0.20878E-04   -0.21168E+00   -0.27248E-17   -0.54113E-17
      1      58.646    0.20412E-04   -0.22523E+00   -0.39102E-18   -0.74644E-17
      1      58.319    0.20097E-04   -0.23370E+00   -0.36567E-17   -0.17231E-16
      1      57.992    0.19842E-04   -0.23900E+00   -0.36388E-17   -0.19742E-16
      1      57.665    0.19626E-04   -0.24209E+00    0.19049E-17    0.57041E-17
      1      57.338    0.19452E-04   -0.24360E+00   -0.44032E-17   -0.94711E-17
      1      57.011    0.19336E-04   -0.24409E+00   -0.30448E-18   -0.14416E-17
      1      56.684    0.19296E-04   -0.24411E+00    0.35677E-17   -0.86203E-17
      1      56.357    0.19338E-04   -0.24407E+00    0.58905E-17   -0.12413E-16
      1      56.030    0.19455E-04   -0.24415E+00   -0.11112E-16   -0.14166E-16
      1      55.703    0.19637E-04   -0.24453E+00    0.18241E-17    0.69109E-17
      1      55.376    0.19881E-04   -0.24536E+00    0.42456E-17   -0.64808E-17
      1      55.049    0.20179E-04   -0.24670E+00    0.12622E-16   -0.28040E-17
      1      54.722    0.20526E-04   -0.24847E+00   -0.83776E-17    0.38434E-17
      1      54.395    0.20910E-04   -0.25046E+00   -0.17168E-16    0.15292E-16
      1      54.068    0.21320E-04   -0.25236E+00   -0.10762E-16   -0.16388E-16
      1      53.741    0.21744E-04   -0.25386E+00   -0.38626E-17    0.52427E-17
      1      53.414    0.22172E-04   -0.25466E+00   -0.33651E-17   -0.13067E-16
      1      53.087    0.22592E-04   -0.25454E+00   -0.45943E-18    0.47520E-17
      1      52.760    0.22997E-04   -0.25332E+00   -0.59500E-17   -0.48059E-17
      1      52.433    0.23381E-04   -0.25088E+00   -0.16515E-16    0.69862E-17
      1      52.106    0.23741E-04   -0.24720E+00   -0.32008E-16   -0.57493E-17
      1      51.779    0.24082E-04   -0.24245E+00   -0.27951E-16    0.15329E-16
      1      51.453    0.24409E-04   -0.23690E+00   -0.28590E-16    0.55445E-17
      1      51.126    0.24732E-04   -0.23082E+00   -0.97495E-17   -0.31930E-17
      1      50.799    0.25054E-04   -0.22448E+00   -0.26030E-16   -0.95480E-17
      1      50.472    0.25382E-04   -0.21810E+00   -0.16338E-16   -0.13548E-16
      1      50.145    0.25720E-04   -0.21192E+00   -0.23608E-16   -0.36880E-17
      1      49.818    0.26069E-04   -0.20612E+00   -0.39876E-16    0.47602E-17
      1      49.491    0.26432E-04   -0.20086E+00   -0.15006E-16   -0.18213E-16
      1      49.164    0.26808E-04   -0.19627E+00   -0.20121E-16   -0.15423E-16
      1      48.837    0.27198E-04   -0.19241E+00   -0.15748E-16   -0.78321E-17
      1      48.510    0.27597E-04   -0.18932E+00   -0.18784E-16   -0.18952E-16
      1      48.183    0.28003E-04   -0.18696E+00   -0.34816E-16   -0.10436E-16
      1      47.856    0.28410E-04   -0.18523E+00   -0.50252E-16   -0.20746E-16
      1      47.529    0.28811E-04   -0.18401E+00   -0.39472E-16    0.12242E-16
      1      47.202    0.29199E-04   -0.18315E+00   -0.20753E-16   -0.14020E-16
      1      46.875    0.29568E-04   -0.18253E+00   -0.48121E-16   -0.43268E-17
      1      46.548    0.29913E-04   -0.18202E+00   -0.61963E-16   -0.68213E-17
      1      46.221    0.30228E-04   -0.18154E+00   -0.35026E-16   -0.19668E-16
      1      45.894    0.30510E-04   -0.18104E+00    0.30561E-16   -0.14676E-16
      1      45.567    0.30756E-04   -0.18049E+00    0.11884E-16   -0.13935E-16
      1      45.240    0.30966E-04   -0.17991E+00    0.18365E-16   -0.23495E-16
      1      44.913    0.31139E-04   -0.17932E+00   -0.18843E-16    0.64141E-17
      1      44.586    0.31278E-04   -0.17879E+00    0.94664E-16   -0.27341E-16
      1      44.259    0.31382E-04   -0.17839E+00   -0.19736E-17   -0.15404E-16
      1      43.932    0.31455E-04   -0.17818E+00   -0.93741E-17   -0.22498E-16
      1      43.605    0.31497E-04   -0.17820E+00    0.22919E-15   -0.62240E-16
      1      43.279    0.31508E-04   -0.17845E+00   -0.20914E-16    0.20813E-17
      1      42.952    0.31487E-04   -0.17894E+00   -0.64666E-16    0.21062E-16
      1      42.625    0.31435E-04   -0.17966E+00   -0.95576E-16    0.13700E-17
      1      42.298    0.31354E-04   -0.18065E+00   -0.78465E-16    0.21283E-16
      1      41.971    0.31244E-04   -0.18190E+00   -0.48938E-16   -0.16761E-17
      1      41.644    0.31106E-04   -0.18341E+00    0.84446E-16   -0.14500E-16
      1      41.317    0.30939E-04   -0.18512E+00   -0.68303E-16    0.65907E-17
      1      40.990    0.30742E-04   -0.18699E+00   -0.10095E-15    0.21304E-17
      1      40.663    0.30515E-04   -0.18893E+00   -0.16953E-16   -0.18068E-16
      1      40.336    0.30255E-04   -0.19085E+00    0.39955E-17   -0.14496E-16
      1      40.009    0.29961E-04   -0.19265E+00   -0.73074E-16    0.80707E-17
      1      39.682    0.29634E-04   -0.19425E+00   -0.19856E-16   -0.62421E-17
      1      39.355    0.29274E-04   -0.19555E+00   -0.48747E-16   -0.27852E-17
      1      39.028    0.28882E-04   -0.19651E+00   -0.52378E-16   -0.95033E-17
      1      38.701    0.28460E-04   -0.19707E+00   -0.65770E-16   -0.34781E-17
      1      38.374    0.28014E-04   -0.19722E+00   -0.70525E-16    0.32555E-18
      1      38.047    0.27547E-04   -0.19698E+00   -0.63998E-16    0.54245E-17
      1      37.720    0.27065E-04   -0.19640E+00   -0.50450E-16    0.16787E-16
      1      37.393    0.26574E-04   -0.19558E+00   -0.51095E-16   -0.80099E-17
      1      37.066    0.26082E-04   -0.19463E+00   -0.18998E-16    0.87062E-17
      1      36.739    0.25596E-04   -0.19374E+00   -0.81732E-16    0.12914E-16
      1      36.412    0.25123E-04   -0.19309E+00   -0.96654E-16    0.26773E-16
      1      36.085    0.24670E-04   -0.19287E+00   -0.44674E-16    0.28243E-16
      1      35.758    0.24243E-04   -0.19328E+00   -0.29695E-16    0.35031E-17
      1      35.432    0.23847E-04   -0.19449E+00   -0.42648E-16   -0.67185E-17
      1      35.105    0.23485E-04   -0.19663E+00   -0.44384E-16   -0.90182E-17
      1      34.778    0.23158E-04   -0.19976E+00   -0.58147E-16    0.44403E-16
      1      34.451    0.22865E-04   -0.20388E+00   -0.54726E-16    0.31708E-16
      1      34.124    0.22603E-04   -0.20891E+00   -0.54587E-16    0.26949E-16
      1      33.797    0.22369E-04   -0.21476E+00   -0.68752E-16    0.20474E-16
      1      33.470    0.22162E-04   -0.22135E+00   -0.45921E-16    0.13035E-16
      1      33.143    0.21979E-04   -0.22857E+00   -0.72504E-16    0.31998E-16
      1      32.816    0.21818E-04   -0.23633E+00   -0.36026E-16    0.42286E-17
      1      32.489    0.21676E-04   -0.24452E+00   -0.12240E-16    0.19833E-17
      1      32.162    0.21552E-04   -0.25304E+00   -0.40950E-16   -0.35860E-18
      1      31.835    0.21443E-04   -0.26179E+00   -0.73116E-16    0.11693E-16
      1      31.508    0.21348E-04   -0.27066E+00   -0.15120E-16    0.14316E-17
      1      31.181    0.21266E-04   -0.27957E+00   -0.24397E-16   -0.55945E-17
      1      30.854    0.21193E-04   -0.28842E+00   -0.21153E-16   -0.20318E-16
      1      30.527    0.21130E-04   -0.29714E+00   -0.47098E-16   -0.36435E-18
      1      30.200    0.21076E-04   -0.30565E+00   -0.34245E-16    0.29967E-17
      1      29.873    0.21030E-04   -0.31391E+00   -0.36224E-16    0.13768E-16
      1      29.546    0.20992E-04   -0.32189E+00    0.10251E-16   -0.40267E-17
      1      29.219    0.20963E-04   -0.32958E+00   -0.15592E-16    0.26352E-17
      1      28.892    0.20943E-04   -0.33698E+00   -0.25945E-16    0.72061E-17
      1      28.565    0.20935E-04   -0.34409E+00   -0.45167E-17    0.14570E-16
      1      28.238    0.20938E-04   -0.35092E+00   -0.16424E-16    0.85176E-18
      1      27.911    0.20954E-04   -0.35749E+00   -0.12746E-16   -0.22398E-16
      1      27.585    0.20985E-04   -0.36382E+00    0.32907E-16   -0.17653E-16
      1      27.258    0.21031E-04   -0.36993E+00   -0.18332E-16    0.45652E-17
      1      26.931    0.21093E-04   -0.37584E+00    0.10681E-16   -0.81121E-17
      1      26.604    0.21173E-04   -0.38160E+00   -0.10453E-16   -0.16919E-16
      1      26.277    0.21273E-04   -0.38722E+00   -0.57025E-16   -0.95844E-17
      1      25.950    0.21392E-04   -0.39274E+00   -0.21165E-16    0.30878E-16
      1      25.623    0.21533E-04   -0.39819E+00    0.45603E-16   -0.12354E-16
      1      25.296    0.21696E-04   -0.40358E+00   -0.38805E-16    0.76772E-17
      1      24.969    0.21881E-04   -0.40894E+00   -0.52744E-16   -0.15577E-17
      1      24.642    0.22090E-04   -0.41428E+00    0.73872E-17   -0.38402E-17
      1      24.315    0.22323E-04   -0.41960E+00   -0.61325E-17    0.14490E-16
      1      23.988    0.22579E-04   -0.42490E+00    0.11601E-16    0.19163E-16
      1      23.661    0.22859E-04   -0.43019E+00    0.83523E-17    0.14690E-16
      1      23.334    0.23163E-04   -0.43544E+00   -0.74960E-16    0.62411E-17
      1      23.007    0.23491E-04   -0.44067E+00    0.32199E-16   -0.14451E-17
      1      22.680    0.23843E-04   -0.44587E+00   -0.79932E-17    0.14397E-16
      1      22.353    0.24219E-04   -0.45105E+00   -0.43862E-16    0.45544E-17
      1      22.026    0.24621E-04   -0.45620E+00   -0.75040E-17    0.10514E-17
      1      21.699    0.25049E-04   -0.46133E+00    0.89919E-17    0.90340E-17
      1      21.372    0.25504E-04   -0.46644E+00   -0.20542E-16   -0.27695E-17
      1      21.045    0.25986E-04   -0.47153E+00   -0.12690E-16    0.64243E-18
      1      20.718    0.26498E-04   -0.47663E+00   -0.36771E-16    0.61730E-17
      1      20.391    0.27040E-04   -0.48173E+00    0.24354E-16   -0.28218E-17
      1      20.064    0.27616E-04   -0.48686E+00   -0.14733E-16   -0.12847E-16
      1      19.738    0.28228E-04   -0.49205E+00   -0.30032E-17    0.73212E-17
      1      19.411    0.28879E-04   -0.49731E+00    0.19697E-16    0.15669E-16
      1      19.084    0.29573E-04   -0.50267E+00   -0.71361E-16   -0.78780E-17
      1      18.757    0.30313E-04   -0.50814E+00    0.41629E-16    0.12122E-16
      1      18.430    0.31103E-04   -0.51376E+00    0.11303E-16   -0.14039E-16
      1      18.103    0.31948E-04   -0.51955E+00    0.10686E-15   -0.85770E-17
      1      17.776    0.32851E-04   -0.52551E+00   -0.65748E-17   -0.94914E-17
      1      17.449    0.33818E-04   -0.53167E+00    0.42477E-16    0.14040E-16
      1      17.122    0.34851E-04   -0.53802E+00   -0.79970E-17   -0.14916E-16
      1      16.795    0.35950E-04   -0.54454E+00    0.37653E-16   -0.13940E-16
      1      16.468    0.37110E-04   -0.55119E+00   -0.89909E-16   -0.57016E-17
      1      16.141    0.38316E-04   -0.55783E+00    0.81792E-16    0.11115E-16
      1      15.814    0.39536E-04   -0.56425E+00    0.12114E-15   -0.81434E-17
      1      15.487    0.40711E-04   -0.57007E+00   -0.18387E-15   -0.22274E-16
      1      15.160    0.41759E-04   -0.57477E+00   -0.88962E-16    0.39749E-18
      1      14.833    0.42570E-04   -0.57770E+00   -0.14162E-15   -0.14257E-16
      1      14.506    0.43047E-04   -0.57826E+00   -0.15332E-15    0.61290E-17
      1      14.179    0.43135E-04   -0.57614E+00   -0.19213E-15   -0.19983E-17
      1      13.852    0.42858E-04   -0.57146E+00    0.35085E-16    0.60758E-17
      1      13.525    0.42308E-04   -0.56473E+00   -0.26339E-15   -0.12806E-17
      1      13.198    0.41598E-04   -0.55661E+00    0.54572E-16   -0.43742E-17
      1      12.871    0.40829E-04   -0.54767E+00   -0.82492E-16   -0.96474E-17
      1      12.544    0.40072E-04   -0.53828E+00    0.21079E-15   -0.13416E-16
      1      12.217    0.39373E-04   -0.52866E+00   -0.12737E-15   -0.12453E-16
      1      11.891    0.38754E-04   -0.51889E+00   -0.10940E-15    0.18377E-17
      1      11.564    0.38230E-04   -0.50897E+00   -0.12852E-15    0.15918E-16
      1      11.237    0.37804E-04   -0.49889E+00    0.87215E-16   -0.23413E-16
      1      10.910    0.37481E-04   -0.48860E+00   -0.69330E-16   -0.44758E-17
      1      10.583    0.37261E-04   -0.47803E+00   -0.65616E-16    0.35351E-17
      1      10.256    0.37148E-04   -0.46714E+00    0.15451E-16   -0.16218E-16
      1       9.929    0.37143E-04   -0.45588E+00    0.45997E-16    0.13063E-16
      1       9.602    0.37251E-04   -0.44423E+00    0.27204E-16   -0.12433E-16
      1       9.275    0.37477E-04   -0.43218E+00    0.74498E-16    0.16056E-17
      1       8.948    0.37825E-04   -0.41972E+00    0.23437E-16    0.58691E-17
      1       8.621    0.38301E-04   -0.40684E+00    0.19308E-16   -0.26448E-16
      1       8.294    0.38912E-04   -0.39357E+00    0.13393E-16    0.48272E-17
      1       7.967    0.39663E-04   -0.37995E+00    0.51695E-16    0.53472E-17
      1       7.640    0.40566E-04   -0.36605E+00    0.21553E-16    0.57935E-17
      1       7.313    0.41630E-04   -0.35201E+00    0.22275E-16   -0.25158E-16
      1       6.986    0.42870E-04   -0.33798E+00   -0.14824E-16    0.38051E-18
      1       6.659    0.44302E-04   -0.32419E+00   -0.28300E-17    0.82196E-17
      1       6.332    0.45946E-04   -0.31091E+00   -0.28565E-17    0.24451E-17
      1       6.005    0.47818E-04   -0.29833E+00    0.55573E-16   -0.63936E-17
      1       5.678    0.49912E-04   -0.28637E+00    0.21534E-16   -0.13221E-16
      1       5.351    0.52209E-04   -0.27474E+00    0.27468E-16    0.48902E-17
      1       5.024    0.54673E-04   -0.26308E+00    0.31974E-16    0.42583E-17
      1       4.697    0.57255E-04   -0.25092E+00    0.35401E-16   -0.11587E-17
      1       4.370    0.59896E-04   -0.23785E+00    0.40126E-16   -0.84311E-17
      1       4.044    0.62530E-04   -0.22353E+00    0.50751E-17   -0.22996E-17
      1       3.717    0.65083E-04   -0.20772E+00    0.20348E-16    0.30605E-17
      1       3.390    0.67481E-04   -0.19035E+00    0.47028E-16   -0.46936E-17
      1       3.063    0.69666E-04   -0.17173E+00    0.22694E-16    0.50627E-17
      1       2.736    0.71669E-04   -0.15335E+00    0.48250E-16   -0.17398E-17
      1       2.409    0.73497E-04   -0.13666E+00    0.52060E-16   -0.24827E-17
      1       2.082    0.75069E-04   -0.12275E+00    0.80310E-16   -0.54984E-17
      1       1.755    0.76213E-04   -0.11258E+00    0.89123E-16   -0.64485E-17
      1       1.428    0.76612E-04   -0.10714E+00    0.78939E-16   -0.91758E-17
      1       1.101    0.75641E-04   -0.10704E+00    0.68523E-16   -0.42170E-18
      1       0.774    0.71427E-04   -0.10571E+00    0.55486E-16   -0.70687E-17
      1       0.447    0.59705E-04   -0.82491E-01    0.73884E-16   -0.20637E-17
      1       0.120    0.32759E-04   -0.25530E-01    0.59855E-16   -0.65064E-17
