   3N SYSTEM INCLUSIVE  PHOTODESINTEGRATION
        DETECTED PARTICLE: 1- PROTON
        NOT DETECTED PARTICLES:2- PROTON  3-NEUTRON

      OMEGA 0.10000E+03
     MTTWE1,MTTWE2,MTTWE3=    1    1   -1
     TH1LAB,PHI1LAB=   130.000     0.000
   Unit of cross sections ... fm**2/(MeV*sr**2)
      I       E1      CROSS           AX           AY           AZ
      1      52.577    0.28601E-07    0.26059E-02   -0.27535E-17    0.29757E-17
      1      52.563    0.81964E-05    0.65531E-02   -0.39422E-17    0.27080E-17
      1      52.557    0.92049E-05    0.62239E-02    0.16391E-16    0.11725E-17
      1      52.550    0.98373E-05    0.56378E-02   -0.86080E-17    0.78990E-17
      1      52.543    0.10254E-04    0.49136E-02    0.95408E-17    0.53463E-17
      1      52.537    0.10535E-04    0.41133E-02   -0.69312E-17   -0.31183E-17
      1      52.530    0.10728E-04    0.32726E-02   -0.12721E-16   -0.67554E-17
      1      52.523    0.10859E-04    0.24052E-02    0.65425E-17   -0.63315E-17
      1      52.517    0.10948E-04    0.15168E-02    0.68674E-17    0.20585E-17
      1      52.510    0.11006E-04    0.61129E-03    0.64672E-17    0.70431E-17
      1      52.503    0.11043E-04   -0.30849E-03   -0.11527E-16   -0.11202E-16
      1      52.497    0.11063E-04   -0.12402E-02   -0.26867E-17    0.40572E-17
      1      52.490    0.11071E-04   -0.21818E-02    0.38498E-17    0.29650E-18
      1      52.483    0.11071E-04   -0.31317E-02    0.40736E-17    0.37175E-18
      1      52.477    0.11064E-04   -0.40885E-02    0.12969E-17   -0.16037E-16
      1      52.470    0.11053E-04   -0.50509E-02   -0.28228E-16   -0.37183E-16
      1      52.463    0.11039E-04   -0.60177E-02   -0.54229E-17   -0.58253E-17
      1      52.457    0.11022E-04   -0.69880E-02    0.69684E-17   -0.46820E-17
      1      52.169    0.10487E-04   -0.40969E-01   -0.20614E-16    0.22768E-17
      1      51.881    0.10281E-04   -0.56887E-01   -0.16337E-16   -0.16661E-16
      1      51.594    0.10208E-04   -0.66680E-01   -0.83500E-17   -0.18956E-16
      1      51.306    0.10178E-04   -0.73381E-01   -0.19787E-16    0.31774E-17
      1      51.019    0.10159E-04   -0.78017E-01   -0.11387E-16   -0.26343E-16
      1      50.731    0.10144E-04   -0.81115E-01   -0.11310E-16   -0.15840E-16
      1      50.444    0.10139E-04   -0.83016E-01   -0.16762E-16   -0.18315E-16
      1      50.156    0.10151E-04   -0.84015E-01   -0.23157E-16    0.48378E-18
      1      49.868    0.10188E-04   -0.84388E-01   -0.14036E-16   -0.17554E-16
      1      49.581    0.10257E-04   -0.84390E-01   -0.27560E-16   -0.11363E-16
      1      49.293    0.10360E-04   -0.84200E-01   -0.17629E-16    0.59016E-17
      1      49.006    0.10491E-04   -0.83959E-01   -0.20599E-16   -0.92459E-17
      1      48.718    0.10648E-04   -0.83803E-01   -0.35148E-16    0.15298E-16
      1      48.431    0.10830E-04   -0.83857E-01   -0.86340E-17   -0.14913E-16
      1      48.143    0.11036E-04   -0.84192E-01   -0.20124E-16   -0.95089E-17
      1      47.856    0.11263E-04   -0.84793E-01   -0.58359E-17   -0.35171E-16
      1      47.568    0.11509E-04   -0.85569E-01   -0.21637E-16    0.22260E-17
      1      47.280    0.11771E-04   -0.86390E-01   -0.11965E-16   -0.10934E-16
      1      46.993    0.12045E-04   -0.87107E-01   -0.15323E-16   -0.36998E-17
      1      46.705    0.12329E-04   -0.87584E-01   -0.15100E-16    0.18737E-17
      1      46.418    0.12621E-04   -0.87714E-01   -0.10647E-16   -0.19150E-16
      1      46.130    0.12920E-04   -0.87419E-01   -0.20171E-16    0.14928E-16
      1      45.843    0.13223E-04   -0.86661E-01   -0.76185E-17   -0.67220E-17
      1      45.555    0.13532E-04   -0.85433E-01   -0.27036E-16    0.38274E-17
      1      45.267    0.13846E-04   -0.83789E-01   -0.19495E-16    0.24541E-17
      1      44.980    0.14168E-04   -0.81826E-01   -0.14312E-16    0.13029E-16
      1      44.692    0.14501E-04   -0.79640E-01   -0.10596E-16    0.69146E-17
      1      44.405    0.14844E-04   -0.77314E-01   -0.86724E-17   -0.40285E-17
      1      44.117    0.15200E-04   -0.74924E-01    0.10785E-16   -0.95015E-18
      1      43.830    0.15569E-04   -0.72545E-01   -0.10401E-16    0.24345E-16
      1      43.542    0.15951E-04   -0.70248E-01   -0.66242E-17   -0.31179E-17
      1      43.255    0.16346E-04   -0.68101E-01   -0.63165E-17    0.17160E-16
      1      42.967    0.16753E-04   -0.66170E-01    0.27403E-18    0.10630E-16
      1      42.679    0.17171E-04   -0.64511E-01   -0.14706E-16    0.12350E-16
      1      42.392    0.17598E-04   -0.63164E-01   -0.70949E-18    0.15121E-16
      1      42.104    0.18034E-04   -0.62141E-01   -0.13854E-16    0.19894E-16
      1      41.817    0.18475E-04   -0.61431E-01   -0.20491E-16   -0.87381E-19
      1      41.529    0.18918E-04   -0.60992E-01   -0.11900E-16    0.23693E-16
      1      41.242    0.19361E-04   -0.60770E-01   -0.14886E-16    0.62847E-17
      1      40.954    0.19799E-04   -0.60701E-01   -0.10229E-16    0.11466E-16
      1      40.666    0.20231E-04   -0.60723E-01    0.26789E-17    0.25118E-17
      1      40.379    0.20652E-04   -0.60782E-01    0.30821E-16   -0.10752E-17
      1      40.091    0.21059E-04   -0.60836E-01    0.11885E-16   -0.16819E-17
      1      39.804    0.21452E-04   -0.60858E-01    0.10322E-15    0.69625E-17
      1      39.516    0.21827E-04   -0.60835E-01   -0.12903E-16    0.70820E-17
      1      39.229    0.22184E-04   -0.60771E-01    0.75824E-18    0.10441E-16
      1      38.941    0.22521E-04   -0.60683E-01   -0.49168E-16    0.27522E-16
      1      38.653    0.22838E-04   -0.60600E-01   -0.38336E-16    0.22421E-16
      1      38.366    0.23135E-04   -0.60561E-01    0.33633E-16    0.15454E-16
      1      38.078    0.23412E-04   -0.60612E-01    0.14483E-16    0.14062E-16
      1      37.791    0.23670E-04   -0.60789E-01    0.11283E-17    0.19705E-16
      1      37.503    0.23907E-04   -0.61111E-01    0.16406E-16    0.14092E-16
      1      37.216    0.24124E-04   -0.61590E-01    0.33079E-16   -0.27533E-18
      1      36.928    0.24319E-04   -0.62233E-01    0.87867E-18    0.82151E-17
      1      36.641    0.24493E-04   -0.63061E-01   -0.33957E-16    0.17139E-16
      1      36.353    0.24646E-04   -0.64100E-01   -0.25510E-16    0.73966E-17
      1      36.065    0.24776E-04   -0.65365E-01   -0.37870E-16    0.23564E-16
      1      35.778    0.24885E-04   -0.66861E-01    0.23982E-16    0.27475E-17
      1      35.490    0.24971E-04   -0.68583E-01   -0.12659E-17    0.14223E-16
      1      35.203    0.25034E-04   -0.70511E-01   -0.14509E-16    0.20979E-16
      1      34.915    0.25072E-04   -0.72611E-01   -0.98995E-17    0.12769E-16
      1      34.628    0.25084E-04   -0.74838E-01   -0.10829E-16    0.16947E-16
      1      34.340    0.25070E-04   -0.77138E-01   -0.93798E-17    0.18764E-16
      1      34.052    0.25030E-04   -0.79459E-01   -0.29968E-16    0.21106E-16
      1      33.765    0.24962E-04   -0.81752E-01   -0.25781E-16    0.24252E-16
      1      33.477    0.24869E-04   -0.83973E-01    0.29593E-16    0.17202E-16
      1      33.190    0.24750E-04   -0.86090E-01   -0.10663E-16    0.13426E-16
      1      32.902    0.24607E-04   -0.88079E-01   -0.14842E-16    0.10805E-16
      1      32.615    0.24443E-04   -0.89930E-01   -0.19686E-16    0.20997E-16
      1      32.327    0.24260E-04   -0.91650E-01   -0.32806E-16    0.30221E-16
      1      32.040    0.24062E-04   -0.93255E-01   -0.11927E-16    0.26373E-16
      1      31.752    0.23851E-04   -0.94777E-01   -0.26124E-16    0.24870E-16
      1      31.464    0.23633E-04   -0.96271E-01   -0.46299E-17    0.81145E-17
      1      31.177    0.23409E-04   -0.97809E-01   -0.27281E-16    0.16144E-16
      1      30.889    0.23185E-04   -0.99480E-01   -0.86170E-17    0.35045E-17
      1      30.602    0.22965E-04   -0.10138E+00   -0.17676E-16    0.15958E-16
      1      30.314    0.22750E-04   -0.10358E+00   -0.15100E-16    0.20714E-16
      1      30.027    0.22545E-04   -0.10618E+00   -0.16125E-16    0.26139E-16
      1      29.739    0.22350E-04   -0.10923E+00   -0.11868E-16    0.16847E-16
      1      29.451    0.22168E-04   -0.11277E+00    0.76198E-18    0.22698E-16
      1      29.164    0.21997E-04   -0.11679E+00    0.16047E-17    0.13886E-16
      1      28.876    0.21838E-04   -0.12128E+00   -0.23391E-16    0.32389E-16
      1      28.589    0.21689E-04   -0.12621E+00   -0.21449E-16    0.11055E-16
      1      28.301    0.21551E-04   -0.13153E+00   -0.21245E-16    0.11190E-16
      1      28.014    0.21422E-04   -0.13721E+00   -0.30439E-16    0.17399E-16
      1      27.726    0.21302E-04   -0.14322E+00   -0.17008E-16    0.30973E-16
      1      27.439    0.21191E-04   -0.14950E+00   -0.18472E-16    0.13592E-16
      1      27.151    0.21087E-04   -0.15602E+00   -0.25008E-16    0.16721E-16
      1      26.863    0.20991E-04   -0.16273E+00   -0.28432E-16    0.18540E-16
      1      26.576    0.20902E-04   -0.16957E+00   -0.34542E-16    0.82398E-17
      1      26.288    0.20819E-04   -0.17650E+00   -0.43352E-16    0.20287E-16
      1      26.001    0.20742E-04   -0.18346E+00   -0.22020E-16    0.28271E-16
      1      25.713    0.20672E-04   -0.19041E+00   -0.33118E-16    0.38780E-16
      1      25.426    0.20607E-04   -0.19731E+00   -0.49024E-17    0.24369E-16
      1      25.138    0.20549E-04   -0.20410E+00   -0.15496E-16    0.10237E-16
      1      24.850    0.20497E-04   -0.21078E+00   -0.38319E-17    0.20737E-16
      1      24.563    0.20452E-04   -0.21730E+00   -0.43774E-16    0.26629E-16
      1      24.275    0.20416E-04   -0.22366E+00   -0.11115E-16   -0.31200E-17
      1      23.988    0.20389E-04   -0.22985E+00   -0.85100E-17    0.19407E-16
      1      23.700    0.20373E-04   -0.23587E+00    0.44084E-19    0.12654E-16
      1      23.413    0.20367E-04   -0.24171E+00    0.22133E-16    0.91377E-17
      1      23.125    0.20374E-04   -0.24738E+00    0.14313E-16    0.10599E-16
      1      22.838    0.20394E-04   -0.25288E+00   -0.19717E-16    0.75361E-17
      1      22.550    0.20429E-04   -0.25821E+00   -0.72710E-18    0.68139E-17
      1      22.262    0.20479E-04   -0.26340E+00    0.13056E-16    0.19190E-16
      1      21.975    0.20545E-04   -0.26845E+00    0.18917E-17    0.20995E-17
      1      21.687    0.20628E-04   -0.27337E+00   -0.60941E-17   -0.54102E-17
      1      21.400    0.20729E-04   -0.27819E+00    0.10435E-16    0.46808E-17
      1      21.112    0.20849E-04   -0.28291E+00   -0.62104E-17    0.20159E-16
      1      20.825    0.20988E-04   -0.28756E+00   -0.19990E-16    0.22649E-16
      1      20.537    0.21146E-04   -0.29215E+00   -0.23120E-16    0.21805E-16
      1      20.249    0.21325E-04   -0.29668E+00   -0.22004E-16    0.23708E-16
      1      19.962    0.21524E-04   -0.30117E+00   -0.54247E-17    0.21136E-16
      1      19.674    0.21743E-04   -0.30561E+00    0.14361E-16    0.17363E-16
      1      19.387    0.21982E-04   -0.31002E+00    0.88855E-17    0.21921E-16
      1      19.099    0.22243E-04   -0.31439E+00   -0.31341E-16   -0.62696E-18
      1      18.812    0.22524E-04   -0.31872E+00    0.14890E-16    0.16003E-16
      1      18.524    0.22826E-04   -0.32302E+00    0.27313E-16    0.66856E-18
      1      18.236    0.23150E-04   -0.32729E+00    0.15402E-16    0.40907E-17
      1      17.949    0.23496E-04   -0.33155E+00   -0.26162E-16   -0.19728E-17
      1      17.661    0.23864E-04   -0.33579E+00   -0.10449E-16    0.15722E-16
      1      17.374    0.24256E-04   -0.34002E+00   -0.30600E-16    0.46432E-18
      1      17.086    0.24672E-04   -0.34425E+00    0.13727E-16   -0.85924E-17
      1      16.799    0.25113E-04   -0.34849E+00    0.66303E-17    0.48653E-17
      1      16.511    0.25581E-04   -0.35275E+00   -0.28822E-17   -0.29031E-18
      1      16.224    0.26078E-04   -0.35705E+00    0.62799E-16    0.28871E-17
      1      15.936    0.26606E-04   -0.36140E+00   -0.25338E-16   -0.19639E-18
      1      15.648    0.27167E-04   -0.36584E+00    0.23122E-16   -0.29670E-17
      1      15.361    0.27763E-04   -0.37037E+00    0.24409E-16   -0.18459E-17
      1      15.073    0.28399E-04   -0.37501E+00    0.47312E-16    0.50476E-17
      1      14.786    0.29076E-04   -0.37979E+00   -0.12624E-16    0.29893E-17
      1      14.498    0.29799E-04   -0.38472E+00   -0.94616E-17   -0.81672E-17
      1      14.211    0.30572E-04   -0.38982E+00   -0.55295E-17    0.63841E-17
      1      13.923    0.31399E-04   -0.39508E+00   -0.52676E-16    0.18398E-17
      1      13.635    0.32283E-04   -0.40051E+00    0.33275E-17   -0.12834E-16
      1      13.348    0.33227E-04   -0.40610E+00    0.88147E-16    0.83352E-17
      1      13.060    0.34230E-04   -0.41180E+00   -0.65475E-16    0.19869E-16
      1      12.773    0.35285E-04   -0.41752E+00   -0.12295E-15   -0.25642E-17
      1      12.485    0.36374E-04   -0.42308E+00    0.16244E-15   -0.32780E-17
      1      12.198    0.37457E-04   -0.42818E+00    0.37392E-16    0.38146E-17
      1      11.910    0.38472E-04   -0.43239E+00   -0.11667E-15    0.85500E-18
      1      11.623    0.39324E-04   -0.43507E+00   -0.10392E-16    0.87604E-17
      1      11.335    0.39909E-04   -0.43550E+00    0.10192E-15   -0.27124E-17
      1      11.047    0.40144E-04   -0.43310E+00   -0.21369E-16    0.13235E-16
      1      10.760    0.40017E-04   -0.42776E+00    0.19960E-16    0.77708E-17
      1      10.472    0.39603E-04   -0.41990E+00    0.24558E-15   -0.14231E-16
      1      10.185    0.39018E-04   -0.41022E+00    0.58917E-16   -0.82925E-19
      1       9.897    0.38370E-04   -0.39937E+00    0.92829E-16   -0.24937E-17
      1       9.610    0.37740E-04   -0.38783E+00   -0.10455E-17    0.13063E-17
      1       9.322    0.37176E-04   -0.37590E+00    0.46952E-16    0.22581E-17
      1       9.034    0.36707E-04   -0.36374E+00   -0.17985E-16   -0.98499E-17
      1       8.747    0.36346E-04   -0.35143E+00    0.85657E-16    0.47785E-17
      1       8.459    0.36101E-04   -0.33899E+00   -0.42097E-16    0.61793E-17
      1       8.172    0.35973E-04   -0.32640E+00    0.58083E-17   -0.17911E-16
      1       7.884    0.35966E-04   -0.31367E+00    0.38013E-16    0.37324E-17
      1       7.597    0.36081E-04   -0.30078E+00    0.21861E-16   -0.71298E-17
      1       7.309    0.36322E-04   -0.28775E+00    0.92565E-16    0.88386E-17
      1       7.022    0.36693E-04   -0.27459E+00    0.14759E-16   -0.70395E-17
      1       6.734    0.37199E-04   -0.26135E+00    0.65069E-16   -0.57655E-18
      1       6.446    0.37846E-04   -0.24808E+00    0.32036E-16   -0.87323E-17
      1       6.159    0.38639E-04   -0.23484E+00   -0.81809E-17   -0.14288E-17
      1       5.871    0.39583E-04   -0.22172E+00    0.43878E-16   -0.81899E-17
      1       5.584    0.40687E-04   -0.20879E+00    0.13545E-16    0.27150E-17
      1       5.296    0.41955E-04   -0.19618E+00    0.57704E-16    0.28734E-17
      1       5.009    0.43395E-04   -0.18400E+00    0.39879E-16   -0.80799E-17
      1       4.721    0.45013E-04   -0.17241E+00   -0.26327E-18   -0.60507E-17
      1       4.433    0.46814E-04   -0.16156E+00    0.42528E-16   -0.55167E-17
      1       4.146    0.48801E-04   -0.15161E+00    0.49835E-16   -0.13976E-16
      1       3.858    0.50958E-04   -0.14249E+00    0.31192E-16    0.30382E-17
      1       3.571    0.53248E-04   -0.13398E+00    0.63513E-16    0.13495E-17
      1       3.283    0.55616E-04   -0.12573E+00    0.49524E-16   -0.94916E-17
      1       2.996    0.57988E-04   -0.11740E+00    0.20377E-16   -0.79847E-17
      1       2.708    0.60268E-04   -0.10863E+00    0.24463E-16    0.60722E-17
      1       2.421    0.62341E-04   -0.99141E-01    0.56843E-16   -0.62541E-17
      1       2.133    0.64061E-04   -0.88755E-01    0.54319E-16   -0.50966E-17
      1       1.845    0.65251E-04   -0.77432E-01    0.31321E-16   -0.12984E-17
      1       1.558    0.65740E-04   -0.65785E-01    0.45165E-16    0.34256E-17
      1       1.270    0.65317E-04   -0.54892E-01    0.44895E-16   -0.35132E-17
      1       0.983    0.63550E-04   -0.45450E-01    0.71127E-16    0.28224E-17
      1       0.695    0.59566E-04   -0.37748E-01    0.21000E-16   -0.60478E-17
      1       0.408    0.51373E-04   -0.31172E-01    0.50327E-16   -0.79124E-17
      1       0.120    0.31504E-04   -0.15065E-01    0.31192E-16   -0.22146E-17
