   3N SYSTEM INCLUSIVE  PHOTODESINTEGRATION
        DETECTED PARTICLE: 1- PROTON
        NOT DETECTED PARTICLES:2- PROTON  3-NEUTRON

      OMEGA 0.10000E+03
     MTTWE1,MTTWE2,MTTWE3=    1    1   -1
     TH1LAB,PHI1LAB=    90.000     0.000
   Unit of cross sections ... fm**2/(MeV*sr**2)
      I       E1      CROSS           AX           AY           AZ
      1      59.746    0.59742E-07   -0.10490E+00   -0.79367E-18    0.27934E-16
      1      59.733    0.17317E-04   -0.10042E+00    0.26931E-17    0.62041E-17
      1      59.726    0.19502E-04   -0.10071E+00    0.67912E-20   -0.25512E-17
      1      59.720    0.20882E-04   -0.10125E+00   -0.76509E-18   -0.26543E-17
      1      59.713    0.21795E-04   -0.10190E+00    0.29682E-17    0.86211E-17
      1      59.706    0.22410E-04   -0.10261E+00    0.65512E-17    0.11511E-16
      1      59.700    0.22827E-04   -0.10334E+00    0.76761E-18    0.13092E-16
      1      59.693    0.23107E-04   -0.10407E+00    0.22705E-17   -0.28292E-17
      1      59.686    0.23290E-04   -0.10481E+00   -0.11264E-16    0.16998E-16
      1      59.680    0.23404E-04   -0.10556E+00    0.27027E-16   -0.12384E-17
      1      59.673    0.23466E-04   -0.10633E+00   -0.81965E-17   -0.64379E-17
      1      59.666    0.23491E-04   -0.10712E+00   -0.43951E-17    0.32572E-17
      1      59.660    0.23488E-04   -0.10793E+00    0.32532E-17    0.39140E-17
      1      59.653    0.23465E-04   -0.10876E+00   -0.93892E-17   -0.82657E-17
      1      59.646    0.23428E-04   -0.10961E+00    0.14555E-16   -0.90602E-17
      1      59.640    0.23379E-04   -0.11049E+00   -0.32757E-17    0.57679E-17
      1      59.633    0.23323E-04   -0.11139E+00   -0.96093E-17    0.35500E-17
      1      59.626    0.23262E-04   -0.11231E+00   -0.11770E-16    0.23864E-16
      1      59.300    0.21209E-04   -0.15917E+00   -0.94857E-17    0.19248E-16
      1      58.973    0.20375E-04   -0.18218E+00   -0.99781E-17   -0.14387E-16
      1      58.646    0.19949E-04   -0.19536E+00   -0.43885E-17    0.43232E-17
      1      58.319    0.19666E-04   -0.20364E+00   -0.17203E-16   -0.84050E-18
      1      57.992    0.19439E-04   -0.20885E+00   -0.18985E-17    0.66712E-17
      1      57.665    0.19249E-04   -0.21191E+00   -0.13197E-16   -0.33457E-17
      1      57.338    0.19100E-04   -0.21344E+00   -0.48447E-17   -0.31797E-16
      1      57.011    0.19008E-04   -0.21399E+00   -0.37675E-17    0.12756E-16
      1      56.684    0.18991E-04   -0.21412E+00   -0.39076E-17   -0.19168E-16
      1      56.357    0.19056E-04   -0.21423E+00   -0.38588E-17   -0.18583E-16
      1      56.030    0.19196E-04   -0.21450E+00   -0.15711E-16    0.33930E-17
      1      55.703    0.19401E-04   -0.21513E+00    0.18587E-17   -0.14761E-16
      1      55.376    0.19667E-04   -0.21625E+00   -0.92484E-17   -0.11062E-16
      1      55.049    0.19990E-04   -0.21794E+00    0.66683E-17   -0.16433E-16
      1      54.722    0.20361E-04   -0.22010E+00   -0.11775E-16   -0.17160E-17
      1      54.395    0.20770E-04   -0.22249E+00   -0.10551E-16    0.16274E-16
      1      54.068    0.21206E-04   -0.22479E+00   -0.43504E-17   -0.25542E-16
      1      53.741    0.21656E-04   -0.22665E+00    0.91644E-17    0.64694E-17
      1      53.414    0.22109E-04   -0.22778E+00   -0.10938E-16   -0.33419E-16
      1      53.087    0.22555E-04   -0.22792E+00   -0.54473E-17    0.71808E-17
      1      52.760    0.22985E-04   -0.22689E+00   -0.84908E-17   -0.98740E-17
      1      52.433    0.23394E-04   -0.22458E+00   -0.24640E-16   -0.11601E-17
      1      52.106    0.23779E-04   -0.22095E+00   -0.26174E-16    0.50592E-18
      1      51.779    0.24144E-04   -0.21619E+00   -0.30978E-16   -0.78269E-17
      1      51.453    0.24496E-04   -0.21060E+00   -0.11762E-16    0.75277E-18
      1      51.126    0.24843E-04   -0.20446E+00   -0.79458E-17   -0.10986E-16
      1      50.799    0.25190E-04   -0.19803E+00   -0.19967E-16   -0.21765E-16
      1      50.472    0.25542E-04   -0.19156E+00   -0.24497E-16   -0.20513E-16
      1      50.145    0.25904E-04   -0.18528E+00   -0.24420E-16    0.45109E-17
      1      49.818    0.26277E-04   -0.17939E+00   -0.41992E-16   -0.69575E-17
      1      49.491    0.26664E-04   -0.17405E+00   -0.89790E-17   -0.12049E-16
      1      49.164    0.27065E-04   -0.16941E+00   -0.29266E-16   -0.97029E-17
      1      48.837    0.27478E-04   -0.16553E+00   -0.16454E-16   -0.14755E-16
      1      48.510    0.27902E-04   -0.16244E+00   -0.24846E-16   -0.20787E-16
      1      48.183    0.28332E-04   -0.16012E+00   -0.33277E-16   -0.10637E-16
      1      47.856    0.28762E-04   -0.15846E+00   -0.53731E-16   -0.52404E-17
      1      47.529    0.29187E-04   -0.15733E+00   -0.44017E-16    0.19998E-16
      1      47.202    0.29598E-04   -0.15659E+00   -0.21721E-16    0.30723E-17
      1      46.875    0.29990E-04   -0.15609E+00   -0.47349E-16   -0.12032E-16
      1      46.548    0.30356E-04   -0.15571E+00   -0.54688E-16    0.87289E-17
      1      46.221    0.30691E-04   -0.15537E+00   -0.32093E-16   -0.24542E-16
      1      45.894    0.30992E-04   -0.15500E+00    0.37900E-16   -0.17186E-16
      1      45.567    0.31255E-04   -0.15458E+00    0.15521E-16   -0.13717E-16
      1      45.240    0.31480E-04   -0.15412E+00    0.27848E-16   -0.17076E-16
      1      44.913    0.31667E-04   -0.15365E+00   -0.26348E-16   -0.35321E-17
      1      44.586    0.31817E-04   -0.15325E+00    0.74450E-16   -0.33044E-16
      1      44.259    0.31932E-04   -0.15298E+00   -0.11469E-16   -0.36650E-17
      1      43.932    0.32013E-04   -0.15290E+00   -0.38448E-19   -0.71443E-17
      1      43.605    0.32061E-04   -0.15305E+00    0.24735E-15   -0.65625E-16
      1      43.279    0.32076E-04   -0.15345E+00   -0.42804E-16   -0.33299E-17
      1      42.952    0.32058E-04   -0.15409E+00   -0.72091E-16   -0.73098E-17
      1      42.625    0.32006E-04   -0.15497E+00   -0.88176E-16    0.10665E-16
      1      42.298    0.31924E-04   -0.15612E+00   -0.68879E-16    0.38092E-20
      1      41.971    0.31811E-04   -0.15755E+00   -0.51476E-16   -0.78022E-17
      1      41.644    0.31668E-04   -0.15923E+00    0.92898E-16   -0.36621E-16
      1      41.317    0.31494E-04   -0.16113E+00   -0.73004E-16   -0.99569E-17
      1      40.990    0.31288E-04   -0.16318E+00   -0.95640E-16    0.82082E-17
      1      40.663    0.31050E-04   -0.16529E+00   -0.15043E-17    0.22281E-17
      1      40.336    0.30777E-04   -0.16737E+00    0.23863E-16   -0.53632E-17
      1      40.009    0.30469E-04   -0.16932E+00   -0.61251E-16   -0.13806E-17
      1      39.682    0.30125E-04   -0.17103E+00   -0.33663E-16   -0.93044E-17
      1      39.355    0.29745E-04   -0.17242E+00   -0.30048E-16   -0.10191E-16
      1      39.028    0.29332E-04   -0.17343E+00   -0.58274E-16   -0.56250E-17
      1      38.701    0.28888E-04   -0.17400E+00   -0.58126E-16   -0.91848E-17
      1      38.374    0.28417E-04   -0.17411E+00   -0.81935E-16   -0.10696E-16
      1      38.047    0.27924E-04   -0.17379E+00   -0.74520E-16    0.69610E-17
      1      37.720    0.27415E-04   -0.17309E+00   -0.53369E-16   -0.95141E-18
      1      37.393    0.26896E-04   -0.17211E+00   -0.40164E-16   -0.76489E-17
      1      37.066    0.26376E-04   -0.17098E+00   -0.16673E-16   -0.24936E-17
      1      36.739    0.25861E-04   -0.16988E+00   -0.71096E-16    0.29274E-16
      1      36.412    0.25360E-04   -0.16901E+00   -0.86790E-16    0.22088E-16
      1      36.085    0.24880E-04   -0.16859E+00   -0.64330E-16    0.24700E-16
      1      35.758    0.24427E-04   -0.16882E+00   -0.29354E-16   -0.11153E-16
      1      35.432    0.24006E-04   -0.16988E+00   -0.62337E-16   -0.61770E-17
      1      35.105    0.23621E-04   -0.17191E+00   -0.45878E-16   -0.27055E-17
      1      34.778    0.23271E-04   -0.17499E+00   -0.41526E-16    0.22659E-16
      1      34.451    0.22956E-04   -0.17911E+00   -0.35285E-16    0.20015E-16
      1      34.124    0.22673E-04   -0.18418E+00   -0.90945E-16    0.34419E-16
      1      33.797    0.22421E-04   -0.19012E+00   -0.59447E-16    0.22651E-16
      1      33.470    0.22195E-04   -0.19683E+00   -0.50575E-16    0.17153E-16
      1      33.143    0.21993E-04   -0.20422E+00   -0.54798E-16    0.34489E-16
      1      32.816    0.21814E-04   -0.21217E+00   -0.25311E-16    0.18881E-16
      1      32.489    0.21655E-04   -0.22059E+00   -0.13670E-17    0.12953E-16
      1      32.162    0.21514E-04   -0.22935E+00   -0.31699E-16    0.83387E-17
      1      31.835    0.21389E-04   -0.23836E+00   -0.63438E-16   -0.12539E-17
      1      31.508    0.21277E-04   -0.24751E+00   -0.21249E-16    0.71865E-17
      1      31.181    0.21178E-04   -0.25669E+00   -0.16562E-16   -0.21042E-17
      1      30.854    0.21089E-04   -0.26582E+00   -0.22658E-16   -0.20495E-16
      1      30.527    0.21010E-04   -0.27480E+00   -0.57298E-16   -0.29303E-17
      1      30.200    0.20939E-04   -0.28358E+00   -0.18281E-16    0.15333E-16
      1      29.873    0.20876E-04   -0.29209E+00   -0.40444E-16    0.22844E-16
      1      29.546    0.20820E-04   -0.30031E+00    0.23944E-16   -0.25222E-17
      1      29.219    0.20774E-04   -0.30822E+00   -0.60550E-17    0.80386E-17
      1      28.892    0.20737E-04   -0.31582E+00   -0.17846E-16   -0.62303E-17
      1      28.565    0.20711E-04   -0.32313E+00   -0.31891E-17    0.98774E-17
      1      28.238    0.20697E-04   -0.33014E+00   -0.15085E-16    0.59903E-17
      1      27.911    0.20695E-04   -0.33688E+00   -0.15321E-16    0.18123E-16
      1      27.585    0.20707E-04   -0.34337E+00    0.85885E-17   -0.49982E-17
      1      27.258    0.20734E-04   -0.34964E+00   -0.33695E-17   -0.51019E-17
      1      26.931    0.20777E-04   -0.35570E+00   -0.21567E-17   -0.19527E-16
      1      26.604    0.20838E-04   -0.36160E+00   -0.17472E-16   -0.19345E-16
      1      26.277    0.20918E-04   -0.36737E+00   -0.54453E-16   -0.33076E-16
      1      25.950    0.21018E-04   -0.37305E+00   -0.21610E-16    0.19482E-16
      1      25.623    0.21138E-04   -0.37865E+00    0.40264E-16   -0.10986E-16
      1      25.296    0.21280E-04   -0.38421E+00   -0.38976E-16    0.20805E-16
      1      24.969    0.21445E-04   -0.38974E+00   -0.49336E-16   -0.17359E-17
      1      24.642    0.21632E-04   -0.39526E+00    0.66916E-17   -0.20689E-17
      1      24.315    0.21843E-04   -0.40078E+00   -0.26369E-16    0.81448E-17
      1      23.988    0.22076E-04   -0.40628E+00   -0.20911E-17    0.24845E-16
      1      23.661    0.22332E-04   -0.41178E+00    0.67467E-17    0.13915E-16
      1      23.334    0.22612E-04   -0.41725E+00   -0.76508E-16    0.58393E-17
      1      23.007    0.22914E-04   -0.42270E+00    0.19302E-16   -0.10055E-16
      1      22.680    0.23240E-04   -0.42814E+00   -0.14080E-16    0.19386E-16
      1      22.353    0.23590E-04   -0.43355E+00   -0.48573E-16    0.12172E-16
      1      22.026    0.23963E-04   -0.43894E+00   -0.18985E-16    0.11608E-16
      1      21.699    0.24362E-04   -0.44432E+00   -0.99876E-18    0.40149E-17
      1      21.372    0.24786E-04   -0.44968E+00   -0.27068E-16   -0.26139E-17
      1      21.045    0.25236E-04   -0.45503E+00   -0.18307E-16   -0.42586E-17
      1      20.718    0.25714E-04   -0.46038E+00   -0.66682E-17   -0.72747E-18
      1      20.391    0.26221E-04   -0.46574E+00    0.13092E-16    0.27693E-18
      1      20.064    0.26759E-04   -0.47113E+00    0.14550E-16   -0.63375E-17
      1      19.738    0.27332E-04   -0.47658E+00    0.64289E-17   -0.89449E-17
      1      19.411    0.27941E-04   -0.48210E+00    0.55990E-17   -0.17049E-16
      1      19.084    0.28591E-04   -0.48773E+00   -0.81359E-16   -0.10706E-16
      1      18.757    0.29285E-04   -0.49347E+00    0.28668E-16    0.62426E-17
      1      18.430    0.30026E-04   -0.49936E+00    0.22517E-16   -0.11715E-16
      1      18.103    0.30818E-04   -0.50542E+00    0.10680E-15   -0.27556E-16
      1      17.776    0.31667E-04   -0.51166E+00   -0.15270E-16   -0.10720E-16
      1      17.449    0.32575E-04   -0.51810E+00    0.43774E-16    0.24633E-16
      1      17.122    0.33545E-04   -0.52473E+00    0.12360E-17   -0.16723E-16
      1      16.795    0.34577E-04   -0.53154E+00    0.44038E-16   -0.57933E-18
      1      16.468    0.35668E-04   -0.53848E+00   -0.96947E-16   -0.83675E-17
      1      16.141    0.36801E-04   -0.54541E+00    0.74008E-16    0.23471E-16
      1      15.814    0.37947E-04   -0.55212E+00    0.13021E-15   -0.77244E-17
      1      15.487    0.39053E-04   -0.55824E+00   -0.17909E-15   -0.19599E-16
      1      15.160    0.40040E-04   -0.56325E+00   -0.72694E-16    0.31004E-17
      1      14.833    0.40807E-04   -0.56650E+00   -0.15166E-15   -0.60171E-17
      1      14.506    0.41262E-04   -0.56740E+00   -0.14926E-15   -0.33038E-17
      1      14.179    0.41355E-04   -0.56563E+00   -0.18758E-15    0.39925E-17
      1      13.852    0.41110E-04   -0.56133E+00    0.39163E-16    0.10244E-16
      1      13.525    0.40610E-04   -0.55504E+00   -0.24350E-15    0.27744E-17
      1      13.198    0.39961E-04   -0.54740E+00    0.60129E-16   -0.11413E-16
      1      12.871    0.39259E-04   -0.53898E+00   -0.71666E-16   -0.13768E-16
      1      12.544    0.38571E-04   -0.53016E+00    0.20335E-15    0.24124E-17
      1      12.217    0.37939E-04   -0.52113E+00   -0.15273E-15   -0.80107E-17
      1      11.891    0.37386E-04   -0.51198E+00   -0.99536E-16   -0.53009E-17
      1      11.564    0.36925E-04   -0.50271E+00   -0.13605E-15    0.94436E-17
      1      11.237    0.36560E-04   -0.49328E+00    0.75911E-16   -0.28431E-16
      1      10.910    0.36296E-04   -0.48365E+00   -0.47251E-16   -0.10649E-16
      1      10.583    0.36134E-04   -0.47374E+00   -0.57893E-16    0.13110E-16
      1      10.256    0.36078E-04   -0.46350E+00    0.15495E-16   -0.15920E-16
      1       9.929    0.36130E-04   -0.45287E+00    0.42205E-16    0.17819E-16
      1       9.602    0.36295E-04   -0.44184E+00    0.22020E-16   -0.20844E-16
      1       9.275    0.36578E-04   -0.43039E+00    0.72308E-16    0.11304E-16
      1       8.948    0.36985E-04   -0.41848E+00    0.16904E-16   -0.35120E-17
      1       8.621    0.37521E-04   -0.40612E+00    0.13966E-16   -0.23636E-16
      1       8.294    0.38194E-04   -0.39332E+00    0.21816E-16    0.13742E-16
      1       7.967    0.39011E-04   -0.38014E+00    0.52689E-16    0.16674E-16
      1       7.640    0.39983E-04   -0.36664E+00    0.25393E-16   -0.64050E-17
      1       7.313    0.41121E-04   -0.35295E+00    0.26310E-16   -0.13671E-16
      1       6.986    0.42442E-04   -0.33927E+00   -0.11958E-16   -0.44025E-17
      1       6.659    0.43963E-04   -0.32582E+00   -0.58441E-17    0.11304E-16
      1       6.332    0.45707E-04   -0.31290E+00   -0.87711E-17   -0.36140E-17
      1       6.005    0.47691E-04   -0.30072E+00    0.51575E-16   -0.39435E-17
      1       5.678    0.49912E-04   -0.28917E+00    0.22854E-16   -0.71400E-17
      1       5.351    0.52349E-04   -0.27798E+00    0.29646E-16    0.82314E-18
      1       5.024    0.54967E-04   -0.26672E+00    0.20731E-16   -0.44677E-17
      1       4.697    0.57713E-04   -0.25493E+00    0.26379E-16   -0.29034E-17
      1       4.370    0.60525E-04   -0.24215E+00    0.31087E-16   -0.11083E-16
      1       4.044    0.63333E-04   -0.22803E+00    0.58599E-17   -0.37073E-17
      1       3.717    0.66061E-04   -0.21231E+00    0.24918E-16    0.47367E-17
      1       3.390    0.68629E-04   -0.19493E+00    0.39314E-16   -0.29033E-17
      1       3.063    0.70978E-04   -0.17619E+00    0.26181E-16    0.39106E-17
      1       2.736    0.73146E-04   -0.15766E+00    0.50409E-16   -0.34628E-17
      1       2.409    0.75150E-04   -0.14090E+00    0.44477E-16   -0.90930E-17
      1       2.082    0.76915E-04   -0.12707E+00    0.77936E-16   -0.97222E-17
      1       1.755    0.78272E-04   -0.11719E+00    0.83276E-16   -0.67133E-17
      1       1.428    0.78899E-04   -0.11229E+00    0.73812E-16   -0.93462E-17
      1       1.101    0.78145E-04   -0.11295E+00    0.57415E-16    0.93554E-18
      1       0.774    0.74011E-04   -0.11212E+00    0.53467E-16   -0.36592E-18
      1       0.447    0.61933E-04   -0.87891E-01    0.66587E-16    0.27262E-17
      1       0.120    0.33918E-04   -0.27411E-01    0.57775E-16   -0.55250E-17
