   3N SYSTEM INCLUSIVE  PHOTODESINTEGRATION
        DETECTED PARTICLE: 1- PROTON
        NOT DETECTED PARTICLES:2- PROTON  3-NEUTRON

      OMEGA 0.10000E+03
     MTTWE1,MTTWE2,MTTWE3=    1    1   -1
     TH1LAB,PHI1LAB=    50.000     0.000
   Unit of cross sections ... fm**2/(MeV*sr**2)
      I       E1      CROSS           AX           AY           AZ
      1      67.894    0.12661E-06   -0.29000E+00    0.13055E-16    0.94005E-17
      1      67.881    0.37153E-04   -0.28955E+00   -0.42497E-17    0.36113E-17
      1      67.874    0.41974E-04   -0.28990E+00   -0.18244E-17    0.17885E-17
      1      67.868    0.45053E-04   -0.29024E+00   -0.19162E-17    0.22615E-18
      1      67.861    0.47107E-04   -0.29056E+00   -0.18242E-17   -0.94968E-17
      1      67.854    0.48506E-04   -0.29083E+00   -0.55377E-17    0.47162E-17
      1      67.848    0.49461E-04   -0.29105E+00    0.42395E-17   -0.12923E-16
      1      67.841    0.50105E-04   -0.29123E+00   -0.48952E-17   -0.18955E-16
      1      67.834    0.50528E-04   -0.29137E+00   -0.13787E-16   -0.21718E-18
      1      67.828    0.50790E-04   -0.29148E+00   -0.72692E-17   -0.48841E-18
      1      67.821    0.50932E-04   -0.29159E+00    0.13352E-18    0.14588E-16
      1      67.814    0.50987E-04   -0.29169E+00   -0.14719E-16   -0.94830E-17
      1      67.808    0.50975E-04   -0.29179E+00    0.23246E-16    0.44981E-17
      1      67.801    0.50914E-04   -0.29190E+00    0.19429E-18    0.25725E-17
      1      67.794    0.50816E-04   -0.29202E+00   -0.28566E-17   -0.73130E-17
      1      67.788    0.50691E-04   -0.29216E+00   -0.52089E-18    0.21489E-17
      1      67.781    0.50547E-04   -0.29230E+00   -0.36324E-16   -0.16279E-16
      1      67.774    0.50388E-04   -0.29247E+00    0.63432E-18   -0.26559E-17
      1      67.402    0.44066E-04   -0.31314E+00   -0.23993E-17    0.93487E-17
      1      67.031    0.41520E-04   -0.32296E+00    0.15024E-16   -0.88969E-17
      1      66.659    0.40120E-04   -0.32683E+00   -0.11991E-16   -0.48970E-18
      1      66.287    0.39140E-04   -0.32760E+00   -0.89251E-17    0.83974E-17
      1      65.916    0.38361E-04   -0.32636E+00   -0.46811E-17   -0.39107E-17
      1      65.544    0.37734E-04   -0.32369E+00   -0.48477E-17    0.92753E-17
      1      65.172    0.37263E-04   -0.32004E+00   -0.86963E-17    0.51802E-17
      1      64.800    0.36974E-04   -0.31587E+00   -0.13047E-16    0.30801E-17
      1      64.429    0.36895E-04   -0.31166E+00   -0.87097E-17    0.68130E-17
      1      64.057    0.37006E-04   -0.30766E+00   -0.12633E-16   -0.13899E-16
      1      63.685    0.37275E-04   -0.30403E+00   -0.88610E-17    0.38802E-17
      1      63.313    0.37678E-04   -0.30090E+00   -0.77537E-17    0.10761E-16
      1      62.942    0.38195E-04   -0.29834E+00   -0.26171E-17   -0.89795E-17
      1      62.570    0.38803E-04   -0.29629E+00   -0.83560E-17    0.39685E-17
      1      62.198    0.39475E-04   -0.29456E+00   -0.62941E-17    0.15261E-16
      1      61.827    0.40185E-04   -0.29288E+00   -0.20393E-16    0.17725E-16
      1      61.455    0.40907E-04   -0.29097E+00   -0.21364E-17   -0.13818E-17
      1      61.083    0.41615E-04   -0.28857E+00   -0.82376E-18   -0.11482E-16
      1      60.711    0.42288E-04   -0.28543E+00   -0.83642E-17    0.37376E-17
      1      60.340    0.42907E-04   -0.28139E+00   -0.20837E-16    0.28004E-17
      1      59.968    0.43459E-04   -0.27632E+00   -0.20811E-16    0.64123E-17
      1      59.596    0.43939E-04   -0.27021E+00   -0.17772E-16    0.12282E-16
      1      59.224    0.44357E-04   -0.26329E+00   -0.21495E-16    0.18360E-16
      1      58.853    0.44729E-04   -0.25587E+00   -0.13420E-16    0.90881E-17
      1      58.481    0.45066E-04   -0.24821E+00   -0.19307E-16    0.53006E-17
      1      58.109    0.45378E-04   -0.24059E+00   -0.16560E-16    0.36035E-17
      1      57.738    0.45673E-04   -0.23321E+00   -0.98078E-17   -0.25742E-17
      1      57.366    0.45954E-04   -0.22626E+00   -0.33222E-16    0.63423E-17
      1      56.994    0.46222E-04   -0.21989E+00   -0.38147E-16    0.20894E-16
      1      56.622    0.46478E-04   -0.21419E+00   -0.36639E-16    0.53525E-17
      1      56.251    0.46717E-04   -0.20920E+00    0.14776E-17    0.15477E-16
      1      55.879    0.46936E-04   -0.20492E+00   -0.14836E-16   -0.88638E-17
      1      55.507    0.47126E-04   -0.20129E+00    0.39763E-17   -0.13904E-18
      1      55.135    0.47282E-04   -0.19821E+00   -0.21680E-16    0.12610E-16
      1      54.764    0.47392E-04   -0.19556E+00   -0.13171E-16    0.11589E-16
      1      54.392    0.47450E-04   -0.19320E+00   -0.78925E-18    0.14312E-16
      1      54.020    0.47448E-04   -0.19101E+00   -0.41616E-16    0.17970E-16
      1      53.649    0.47381E-04   -0.18890E+00   -0.59346E-16    0.18746E-16
      1      53.277    0.47245E-04   -0.18678E+00   -0.39047E-16    0.14781E-16
      1      52.905    0.47038E-04   -0.18461E+00   -0.33839E-18    0.16268E-17
      1      52.533    0.46761E-04   -0.18238E+00   -0.16852E-16    0.15513E-16
      1      52.162    0.46416E-04   -0.18010E+00    0.92022E-16   -0.10512E-16
      1      51.790    0.46005E-04   -0.17780E+00   -0.62154E-16    0.23906E-16
      1      51.418    0.45534E-04   -0.17554E+00    0.15299E-16   -0.10751E-17
      1      51.046    0.45007E-04   -0.17338E+00   -0.69693E-17    0.15262E-16
      1      50.675    0.44426E-04   -0.17136E+00   -0.61538E-16    0.16898E-16
      1      50.303    0.43795E-04   -0.16948E+00   -0.73022E-16    0.25523E-16
      1      49.931    0.43116E-04   -0.16775E+00   -0.46756E-16    0.33841E-16
      1      49.560    0.42392E-04   -0.16616E+00   -0.70611E-16    0.49474E-17
      1      49.188    0.41628E-04   -0.16470E+00    0.73340E-16   -0.32521E-17
      1      48.816    0.40827E-04   -0.16335E+00   -0.48190E-16    0.19676E-16
      1      48.444    0.39994E-04   -0.16208E+00    0.32503E-16    0.11021E-16
      1      48.073    0.39130E-04   -0.16084E+00   -0.49221E-16    0.16010E-16
      1      47.701    0.38239E-04   -0.15956E+00   -0.33453E-16    0.20970E-16
      1      47.329    0.37323E-04   -0.15817E+00   -0.48763E-16    0.12846E-16
      1      46.958    0.36384E-04   -0.15658E+00   -0.24042E-16    0.15239E-16
      1      46.586    0.35425E-04   -0.15470E+00   -0.39569E-16    0.15064E-16
      1      46.214    0.34450E-04   -0.15246E+00   -0.25521E-16    0.18816E-16
      1      45.842    0.33463E-04   -0.14981E+00   -0.14267E-16   -0.77398E-18
      1      45.471    0.32472E-04   -0.14669E+00   -0.12550E-16    0.21572E-16
      1      45.099    0.31481E-04   -0.14311E+00   -0.39110E-16    0.15673E-16
      1      44.727    0.30497E-04   -0.13908E+00   -0.20381E-16    0.15613E-16
      1      44.355    0.29527E-04   -0.13466E+00   -0.36159E-16    0.15358E-16
      1      43.984    0.28579E-04   -0.12993E+00   -0.41501E-16    0.48938E-17
      1      43.612    0.27659E-04   -0.12503E+00   -0.29811E-16    0.19417E-16
      1      43.240    0.26774E-04   -0.12012E+00   -0.97316E-17    0.76260E-18
      1      42.869    0.25930E-04   -0.11541E+00   -0.58047E-16    0.13066E-16
      1      42.497    0.25132E-04   -0.11111E+00   -0.11292E-16    0.62131E-17
      1      42.125    0.24384E-04   -0.10743E+00   -0.24014E-16    0.27594E-16
      1      41.753    0.23688E-04   -0.10454E+00   -0.34037E-16    0.18174E-16
      1      41.382    0.23044E-04   -0.10258E+00   -0.17548E-16    0.32547E-16
      1      41.010    0.22452E-04   -0.10160E+00   -0.34245E-16    0.10588E-16
      1      40.638    0.21906E-04   -0.10161E+00   -0.11140E-16    0.22494E-16
      1      40.266    0.21404E-04   -0.10250E+00   -0.26189E-16    0.11286E-16
      1      39.895    0.20941E-04   -0.10421E+00   -0.18153E-16    0.12115E-16
      1      39.523    0.20512E-04   -0.10665E+00   -0.14911E-17    0.24117E-16
      1      39.151    0.20116E-04   -0.10972E+00   -0.16962E-16    0.28114E-16
      1      38.780    0.19748E-04   -0.11332E+00    0.92810E-17    0.29175E-16
      1      38.408    0.19406E-04   -0.11738E+00    0.18665E-17    0.15030E-16
      1      38.036    0.19087E-04   -0.12178E+00   -0.28785E-16    0.25757E-16
      1      37.664    0.18790E-04   -0.12644E+00    0.22007E-17    0.88721E-17
      1      37.293    0.18512E-04   -0.13126E+00    0.91598E-17    0.11514E-16
      1      36.921    0.18250E-04   -0.13614E+00    0.12203E-16    0.26300E-17
      1      36.549    0.18005E-04   -0.14101E+00    0.11506E-16    0.12495E-16
      1      36.177    0.17773E-04   -0.14580E+00   -0.19569E-17    0.70917E-17
      1      35.806    0.17555E-04   -0.15044E+00   -0.13313E-16    0.17998E-16
      1      35.434    0.17349E-04   -0.15490E+00   -0.20049E-16    0.15519E-16
      1      35.062    0.17157E-04   -0.15918E+00    0.14632E-17    0.20187E-16
      1      34.691    0.16977E-04   -0.16327E+00    0.41438E-17    0.12715E-16
      1      34.319    0.16810E-04   -0.16717E+00    0.17913E-16    0.24315E-16
      1      33.947    0.16656E-04   -0.17091E+00    0.11155E-16    0.14532E-16
      1      33.575    0.16515E-04   -0.17449E+00   -0.28165E-16    0.32360E-16
      1      33.204    0.16389E-04   -0.17794E+00   -0.28192E-16   -0.21917E-17
      1      32.832    0.16276E-04   -0.18130E+00   -0.21582E-16    0.58920E-17
      1      32.460    0.16178E-04   -0.18461E+00    0.44019E-17    0.13566E-16
      1      32.088    0.16094E-04   -0.18792E+00   -0.23305E-16    0.89213E-17
      1      31.717    0.16027E-04   -0.19128E+00   -0.18544E-17    0.34957E-17
      1      31.345    0.15976E-04   -0.19474E+00    0.69318E-17    0.72377E-17
      1      30.973    0.15941E-04   -0.19834E+00   -0.22415E-16   -0.18787E-16
      1      30.602    0.15923E-04   -0.20210E+00    0.25373E-16   -0.25304E-16
      1      30.230    0.15922E-04   -0.20605E+00    0.29386E-16    0.57273E-17
      1      29.858    0.15937E-04   -0.21019E+00   -0.17842E-17   -0.29066E-17
      1      29.486    0.15969E-04   -0.21453E+00    0.21526E-16    0.12371E-16
      1      29.115    0.16016E-04   -0.21905E+00    0.20246E-16    0.14034E-17
      1      28.743    0.16080E-04   -0.22375E+00    0.13011E-16    0.20956E-16
      1      28.371    0.16158E-04   -0.22861E+00    0.19847E-16   -0.21974E-17
      1      27.999    0.16253E-04   -0.23363E+00    0.14546E-16    0.19680E-17
      1      27.628    0.16362E-04   -0.23879E+00    0.50060E-17    0.45684E-17
      1      27.256    0.16486E-04   -0.24409E+00    0.31878E-16    0.12009E-16
      1      26.884    0.16626E-04   -0.24952E+00   -0.26419E-16    0.17336E-16
      1      26.513    0.16781E-04   -0.25508E+00    0.28928E-16   -0.86074E-17
      1      26.141    0.16952E-04   -0.26076E+00    0.14902E-16    0.88661E-17
      1      25.769    0.17139E-04   -0.26656E+00    0.10487E-16   -0.11548E-17
      1      25.397    0.17342E-04   -0.27247E+00    0.21235E-16   -0.48022E-17
      1      25.026    0.17562E-04   -0.27852E+00   -0.30079E-16   -0.31413E-17
      1      24.654    0.17800E-04   -0.28470E+00    0.67772E-17   -0.48281E-18
      1      24.282    0.18057E-04   -0.29103E+00    0.22727E-16    0.79814E-17
      1      23.910    0.18334E-04   -0.29752E+00    0.12811E-16   -0.22443E-16
      1      23.539    0.18632E-04   -0.30420E+00    0.78472E-16    0.11884E-16
      1      23.167    0.18952E-04   -0.31108E+00    0.36299E-16   -0.11223E-16
      1      22.795    0.19297E-04   -0.31819E+00   -0.16265E-16    0.27542E-17
      1      22.424    0.19667E-04   -0.32553E+00   -0.41129E-16   -0.30425E-16
      1      22.052    0.20065E-04   -0.33312E+00   -0.70698E-17    0.82834E-17
      1      21.680    0.20491E-04   -0.34097E+00    0.33361E-17   -0.43761E-17
      1      21.308    0.20945E-04   -0.34905E+00   -0.20016E-16   -0.30622E-18
      1      20.937    0.21426E-04   -0.35732E+00   -0.22792E-16   -0.17692E-16
      1      20.565    0.21926E-04   -0.36566E+00    0.31464E-16   -0.16023E-16
      1      20.193    0.22432E-04   -0.37387E+00   -0.13777E-15   -0.64075E-17
      1      19.821    0.22921E-04   -0.38159E+00   -0.19473E-15    0.61256E-17
      1      19.450    0.23357E-04   -0.38825E+00   -0.32238E-15    0.43890E-17
      1      19.078    0.23692E-04   -0.39314E+00    0.40184E-17    0.12302E-17
      1      18.706    0.23883E-04   -0.39556E+00   -0.71067E-16   -0.14351E-16
      1      18.335    0.23911E-04   -0.39524E+00   -0.14870E-15    0.34542E-17
      1      17.963    0.23797E-04   -0.39257E+00   -0.62631E-16   -0.25042E-16
      1      17.591    0.23590E-04   -0.38833E+00   -0.99803E-16   -0.16260E-16
      1      17.219    0.23336E-04   -0.38322E+00    0.38184E-16    0.40254E-17
      1      16.848    0.23074E-04   -0.37775E+00    0.20348E-16    0.71217E-17
      1      16.476    0.22827E-04   -0.37221E+00    0.89170E-16    0.41243E-17
      1      16.104    0.22613E-04   -0.36674E+00   -0.27462E-16   -0.18932E-16
      1      15.733    0.22438E-04   -0.36139E+00    0.90382E-18   -0.22199E-16
      1      15.361    0.22309E-04   -0.35613E+00   -0.54159E-17    0.11150E-16
      1      14.989    0.22230E-04   -0.35095E+00    0.38096E-16    0.80972E-17
      1      14.617    0.22204E-04   -0.34578E+00    0.17972E-16   -0.10470E-16
      1      14.246    0.22234E-04   -0.34059E+00    0.80217E-17   -0.40941E-17
      1      13.874    0.22324E-04   -0.33532E+00   -0.44106E-16   -0.25039E-19
      1      13.502    0.22478E-04   -0.32993E+00   -0.95386E-17   -0.20436E-16
      1      13.130    0.22701E-04   -0.32438E+00    0.24185E-17   -0.29976E-17
      1      12.759    0.22996E-04   -0.31863E+00   -0.25209E-17   -0.37956E-17
      1      12.387    0.23369E-04   -0.31262E+00    0.81776E-16   -0.29457E-16
      1      12.015    0.23823E-04   -0.30631E+00    0.29534E-17   -0.26193E-16
      1      11.644    0.24364E-04   -0.29965E+00    0.32598E-16   -0.26867E-16
      1      11.272    0.24999E-04   -0.29263E+00    0.33488E-16   -0.20106E-16
      1      10.900    0.25735E-04   -0.28528E+00    0.45162E-16   -0.23212E-16
      1      10.528    0.26582E-04   -0.27768E+00   -0.70194E-17    0.21072E-18
      1      10.157    0.27551E-04   -0.26996E+00    0.22822E-16    0.93911E-17
      1       9.785    0.28659E-04   -0.26232E+00    0.11344E-16    0.59604E-17
      1       9.413    0.29924E-04   -0.25501E+00    0.11873E-16   -0.11892E-16
      1       9.041    0.31366E-04   -0.24829E+00    0.22387E-16   -0.14916E-16
      1       8.670    0.33003E-04   -0.24215E+00    0.29397E-16   -0.86456E-17
      1       8.298    0.34843E-04   -0.23636E+00    0.10587E-16    0.11309E-17
      1       7.926    0.36884E-04   -0.23051E+00    0.28785E-16    0.34479E-17
      1       7.555    0.39117E-04   -0.22414E+00    0.38892E-16   -0.25700E-17
      1       7.183    0.41527E-04   -0.21677E+00    0.49415E-16   -0.79012E-17
      1       6.811    0.44095E-04   -0.20803E+00    0.56054E-16   -0.30754E-17
      1       6.439    0.46804E-04   -0.19767E+00    0.34061E-16   -0.95443E-18
      1       6.068    0.49639E-04   -0.18565E+00    0.64882E-16   -0.23943E-16
      1       5.696    0.52592E-04   -0.17208E+00    0.38636E-16   -0.59137E-17
      1       5.324    0.55675E-04   -0.15759E+00    0.59626E-16   -0.15590E-16
      1       4.952    0.58954E-04   -0.14368E+00    0.45594E-16   -0.11086E-16
      1       4.581    0.62469E-04   -0.13147E+00    0.11114E-16   -0.21119E-17
      1       4.209    0.66236E-04   -0.12171E+00    0.63568E-16   -0.11300E-16
      1       3.837    0.70278E-04   -0.11528E+00    0.72638E-16    0.69108E-18
      1       3.466    0.74669E-04   -0.11369E+00    0.51625E-16   -0.16069E-17
      1       3.094    0.79561E-04   -0.11930E+00    0.51156E-16   -0.66295E-17
      1       2.722    0.85187E-04   -0.13493E+00    0.65925E-16   -0.51401E-17
      1       2.350    0.91250E-04   -0.15768E+00    0.33959E-16    0.90078E-18
      1       1.979    0.95888E-04   -0.17301E+00    0.39749E-16   -0.56774E-18
      1       1.607    0.96740E-04   -0.16806E+00    0.50429E-16   -0.56498E-17
      1       1.235    0.92227E-04   -0.13812E+00    0.42744E-16   -0.51257E-17
      1       0.863    0.82072E-04   -0.89851E-01    0.52479E-16   -0.50671E-17
      1       0.492    0.65733E-04   -0.42192E-01    0.41218E-16   -0.36398E-17
      1       0.120    0.34743E-04   -0.11115E-01    0.50703E-16   -0.59507E-17
