   3N SYSTEM INCLUSIVE  PHOTODESINTEGRATION
        DETECTED PARTICLE: 1- PROTON
        NOT DETECTED PARTICLES:2- PROTON  3-NEUTRON

      OMEGA 0.30000E+02
     MTTWE1,MTTWE2,MTTWE3=    1    1   -1
     TH1LAB,PHI1LAB=    10.000     0.000
   Unit of cross sections ... fm**2/(MeV*sr**2)
      I       E1      CROSS           AX           AY           AZ
      1      16.544    0.41016E-06   -0.49980E+00    0.61410E-18    0.40290E-18
      1      16.530    0.12040E-03   -0.49160E+00   -0.13864E-16    0.10627E-16
      1      16.524    0.13547E-03   -0.48932E+00    0.11927E-17    0.19122E-16
      1      16.517    0.14467E-03   -0.48729E+00   -0.56490E-18    0.19047E-17
      1      16.510    0.15041E-03   -0.48542E+00   -0.46710E-19    0.17723E-16
      1      16.504    0.15397E-03   -0.48368E+00   -0.18145E-18    0.23292E-17
      1      16.497    0.15608E-03   -0.48203E+00    0.67594E-18   -0.32398E-17
      1      16.490    0.15721E-03   -0.48046E+00    0.37026E-17    0.10042E-17
      1      16.484    0.15767E-03   -0.47897E+00    0.11126E-17    0.37443E-17
      1      16.477    0.15765E-03   -0.47754E+00   -0.11017E-18   -0.39966E-17
      1      16.470    0.15731E-03   -0.47617E+00    0.23596E-17    0.21084E-17
      1      16.464    0.15675E-03   -0.47485E+00    0.79050E-18    0.93929E-18
      1      16.457    0.15604E-03   -0.47358E+00    0.39247E-18    0.35693E-17
      1      16.450    0.15523E-03   -0.47236E+00    0.29327E-17    0.77494E-17
      1      16.444    0.15437E-03   -0.47118E+00   -0.20962E-17    0.31053E-17
      1      16.437    0.15347E-03   -0.47005E+00   -0.64714E-17    0.78084E-17
      1      16.430    0.15254E-03   -0.46895E+00    0.55176E-17    0.91901E-17
      1      16.424    0.15161E-03   -0.46788E+00   -0.13809E-17   -0.54570E-17
      1      16.334    0.13980E-03   -0.45531E+00    0.20297E-17   -0.15922E-16
      1      16.244    0.13052E-03   -0.44441E+00   -0.41857E-17    0.35921E-17
      1      16.155    0.12361E-03   -0.43458E+00    0.85566E-17    0.15172E-16
      1      16.065    0.11837E-03   -0.42549E+00   -0.52951E-17    0.19157E-16
      1      15.976    0.11431E-03   -0.41682E+00    0.15231E-17   -0.17192E-16
      1      15.886    0.11108E-03   -0.40836E+00    0.38014E-17   -0.78663E-17
      1      15.796    0.10848E-03   -0.39994E+00    0.96833E-17    0.15688E-16
      1      15.707    0.10638E-03   -0.39147E+00   -0.12304E-17   -0.18842E-16
      1      15.617    0.10466E-03   -0.38290E+00    0.33797E-17   -0.61279E-17
      1      15.528    0.10327E-03   -0.37418E+00    0.85807E-17   -0.16036E-16
      1      15.438    0.10216E-03   -0.36535E+00   -0.35132E-17   -0.52568E-17
      1      15.349    0.10129E-03   -0.35645E+00    0.97207E-17   -0.97047E-17
      1      15.259    0.10063E-03   -0.34752E+00    0.44608E-17   -0.39267E-17
      1      15.169    0.10015E-03   -0.33858E+00    0.67074E-17    0.16167E-16
      1      15.080    0.99844E-04   -0.32967E+00    0.10353E-16    0.30067E-17
      1      14.990    0.99686E-04   -0.32080E+00   -0.36467E-17    0.17678E-16
      1      14.901    0.99666E-04   -0.31200E+00    0.53406E-17    0.48667E-17
      1      14.811    0.99775E-04   -0.30327E+00    0.36987E-17    0.85865E-17
      1      14.721    0.10000E-03   -0.29464E+00    0.14809E-16    0.23909E-16
      1      14.632    0.10034E-03   -0.28610E+00    0.69580E-17    0.32344E-17
      1      14.542    0.10079E-03   -0.27768E+00    0.16129E-16   -0.82095E-17
      1      14.453    0.10134E-03   -0.26939E+00    0.10166E-16   -0.32679E-18
      1      14.363    0.10199E-03   -0.26125E+00    0.72044E-17    0.67495E-17
      1      14.274    0.10273E-03   -0.25327E+00    0.57571E-17   -0.12539E-16
      1      14.184    0.10356E-03   -0.24548E+00    0.18161E-16   -0.11415E-17
      1      14.094    0.10448E-03   -0.23788E+00    0.20606E-16   -0.10645E-16
      1      14.005    0.10547E-03   -0.23049E+00    0.19038E-16    0.31688E-17
      1      13.915    0.10653E-03   -0.22333E+00    0.28722E-17   -0.96195E-17
      1      13.826    0.10766E-03   -0.21639E+00    0.25816E-16   -0.15444E-17
      1      13.736    0.10885E-03   -0.20968E+00    0.35762E-16    0.11178E-16
      1      13.647    0.11009E-03   -0.20321E+00    0.17346E-16   -0.17458E-16
      1      13.557    0.11139E-03   -0.19698E+00    0.12729E-16    0.42851E-17
      1      13.467    0.11274E-03   -0.19097E+00   -0.10116E-16   -0.23249E-17
      1      13.378    0.11415E-03   -0.18517E+00    0.10595E-16    0.14840E-16
      1      13.288    0.11559E-03   -0.17959E+00    0.15497E-16    0.24973E-17
      1      13.199    0.11709E-03   -0.17421E+00    0.77240E-17   -0.25909E-17
      1      13.109    0.11863E-03   -0.16902E+00   -0.63188E-17    0.22008E-16
      1      13.019    0.12022E-03   -0.16402E+00   -0.10074E-17    0.15505E-16
      1      12.930    0.12185E-03   -0.15920E+00    0.37461E-16   -0.29668E-16
      1      12.840    0.12352E-03   -0.15456E+00    0.31711E-16    0.91705E-17
      1      12.751    0.12523E-03   -0.15010E+00    0.11163E-16    0.26532E-16
      1      12.661    0.12699E-03   -0.14580E+00    0.30701E-16   -0.10948E-16
      1      12.572    0.12879E-03   -0.14168E+00    0.33380E-16    0.27873E-16
      1      12.482    0.13063E-03   -0.13773E+00   -0.88916E-19    0.75206E-18
      1      12.392    0.13251E-03   -0.13394E+00    0.34566E-16    0.25456E-16
      1      12.303    0.13443E-03   -0.13031E+00    0.97263E-17   -0.19691E-16
      1      12.213    0.13640E-03   -0.12684E+00    0.32342E-16    0.65676E-17
      1      12.124    0.13840E-03   -0.12353E+00   -0.45255E-17   -0.84891E-17
      1      12.034    0.14045E-03   -0.12035E+00    0.35682E-16   -0.70827E-17
      1      11.945    0.14255E-03   -0.11732E+00    0.23818E-16    0.23635E-17
      1      11.855    0.14468E-03   -0.11443E+00    0.19145E-16    0.20002E-16
      1      11.765    0.14686E-03   -0.11166E+00    0.43091E-17    0.51280E-16
      1      11.676    0.14909E-03   -0.10901E+00    0.29407E-16    0.13048E-16
      1      11.586    0.15136E-03   -0.10648E+00    0.13885E-16    0.22287E-16
      1      11.497    0.15368E-03   -0.10406E+00    0.26816E-16    0.61707E-17
      1      11.407    0.15605E-03   -0.10174E+00    0.11834E-16    0.75649E-17
      1      11.317    0.15846E-03   -0.99520E-01   -0.35213E-17   -0.50731E-18
      1      11.228    0.16093E-03   -0.97387E-01   -0.10148E-16    0.15204E-17
      1      11.138    0.16345E-03   -0.95339E-01    0.26448E-16    0.71537E-17
      1      11.049    0.16604E-03   -0.93372E-01    0.14487E-16   -0.27678E-16
      1      10.959    0.16868E-03   -0.91484E-01    0.27288E-16    0.57887E-17
      1      10.870    0.17138E-03   -0.89672E-01    0.19071E-16   -0.60370E-17
      1      10.780    0.17416E-03   -0.87934E-01    0.36994E-16   -0.26237E-16
      1      10.690    0.17700E-03   -0.86269E-01    0.12672E-16    0.43036E-17
      1      10.601    0.17992E-03   -0.84677E-01    0.73090E-18    0.22668E-16
      1      10.511    0.18290E-03   -0.83158E-01    0.90949E-17    0.88891E-17
      1      10.422    0.18597E-03   -0.81711E-01    0.15291E-16   -0.12727E-16
      1      10.332    0.18911E-03   -0.80337E-01    0.21465E-16   -0.17437E-16
      1      10.243    0.19233E-03   -0.79035E-01    0.31137E-16    0.38018E-16
      1      10.153    0.19562E-03   -0.77804E-01    0.11613E-16   -0.27487E-16
      1      10.063    0.19900E-03   -0.76643E-01    0.45945E-16    0.30750E-16
      1       9.974    0.20245E-03   -0.75549E-01    0.19771E-16    0.99377E-19
      1       9.884    0.20599E-03   -0.74521E-01    0.38463E-16    0.25661E-16
      1       9.795    0.20960E-03   -0.73557E-01    0.36096E-16    0.31228E-17
      1       9.705    0.21330E-03   -0.72655E-01    0.33366E-16    0.14812E-16
      1       9.615    0.21708E-03   -0.71814E-01    0.36474E-16   -0.76844E-17
      1       9.526    0.22094E-03   -0.71031E-01    0.38412E-17   -0.23101E-17
      1       9.436    0.22489E-03   -0.70305E-01    0.34915E-16    0.37254E-16
      1       9.347    0.22893E-03   -0.69633E-01    0.40062E-17   -0.69658E-17
      1       9.257    0.23306E-03   -0.69014E-01    0.20275E-16   -0.31224E-16
      1       9.168    0.23728E-03   -0.68445E-01    0.20755E-16    0.34919E-17
      1       9.078    0.24159E-03   -0.67923E-01    0.16824E-16   -0.21680E-16
      1       8.988    0.24600E-03   -0.67447E-01    0.31863E-16    0.21914E-16
      1       8.899    0.25050E-03   -0.67016E-01   -0.53019E-17    0.60884E-17
      1       8.809    0.25510E-03   -0.66629E-01    0.56028E-16    0.12006E-16
      1       8.720    0.25981E-03   -0.66283E-01    0.11398E-16   -0.28004E-16
      1       8.630    0.26461E-03   -0.65978E-01    0.31688E-16   -0.70847E-17
      1       8.540    0.26953E-03   -0.65715E-01    0.58823E-16    0.33468E-16
      1       8.451    0.27455E-03   -0.65492E-01    0.28144E-16    0.20792E-16
      1       8.361    0.27968E-03   -0.65312E-01    0.17612E-16    0.13097E-18
      1       8.272    0.28492E-03   -0.65172E-01    0.24936E-16    0.21261E-16
      1       8.182    0.29028E-03   -0.65073E-01    0.20670E-16    0.11640E-16
      1       8.093    0.29576E-03   -0.65016E-01    0.63390E-17    0.82505E-17
      1       8.003    0.30135E-03   -0.65000E-01    0.69831E-16   -0.23635E-16
      1       7.913    0.30706E-03   -0.65027E-01    0.45964E-16    0.27694E-16
      1       7.824    0.31289E-03   -0.65094E-01    0.18720E-16   -0.72226E-17
      1       7.734    0.31884E-03   -0.65201E-01    0.29445E-16    0.16374E-16
      1       7.645    0.32491E-03   -0.65347E-01    0.46693E-16    0.51345E-17
      1       7.555    0.33110E-03   -0.65531E-01    0.13694E-17   -0.36279E-17
      1       7.466    0.33740E-03   -0.65754E-01    0.43036E-16    0.46304E-17
      1       7.376    0.34383E-03   -0.66016E-01    0.50454E-16    0.28992E-16
      1       7.286    0.35037E-03   -0.66316E-01   -0.76465E-17    0.10975E-16
      1       7.197    0.35702E-03   -0.66655E-01    0.12994E-16    0.23921E-17
      1       7.107    0.36379E-03   -0.67033E-01    0.20091E-16    0.24040E-16
      1       7.018    0.37068E-03   -0.67449E-01    0.39010E-16    0.17492E-17
      1       6.928    0.37768E-03   -0.67904E-01    0.10484E-16    0.59711E-17
      1       6.838    0.38479E-03   -0.68400E-01    0.26006E-16   -0.30120E-16
      1       6.749    0.39201E-03   -0.68937E-01    0.35010E-17    0.52864E-18
      1       6.659    0.39934E-03   -0.69516E-01    0.86995E-17    0.22162E-16
      1       6.570    0.40678E-03   -0.70138E-01    0.47143E-16    0.12193E-17
      1       6.480    0.41433E-03   -0.70803E-01    0.39330E-16   -0.13962E-16
      1       6.391    0.42197E-03   -0.71513E-01    0.39043E-16    0.26303E-16
      1       6.301    0.42972E-03   -0.72268E-01    0.62613E-16    0.69276E-17
      1       6.211    0.43757E-03   -0.73069E-01    0.88371E-17    0.45220E-18
      1       6.122    0.44551E-03   -0.73917E-01    0.22750E-16    0.26841E-16
      1       6.032    0.45354E-03   -0.74816E-01    0.65841E-16    0.24388E-16
      1       5.943    0.46166E-03   -0.75766E-01    0.42807E-16   -0.81766E-17
      1       5.853    0.46985E-03   -0.76769E-01    0.43814E-16    0.20087E-16
      1       5.764    0.47812E-03   -0.77824E-01    0.29779E-16   -0.38702E-17
      1       5.674    0.48644E-03   -0.78929E-01    0.33327E-16   -0.53442E-17
      1       5.584    0.49481E-03   -0.80079E-01    0.36827E-16   -0.26880E-16
      1       5.495    0.50320E-03   -0.81262E-01   -0.20108E-16    0.90391E-17
      1       5.405    0.51158E-03   -0.82461E-01    0.30520E-16    0.15751E-16
      1       5.316    0.51991E-03   -0.83651E-01    0.12526E-16    0.54231E-17
      1       5.226    0.52814E-03   -0.84798E-01    0.68185E-16   -0.46475E-17
      1       5.136    0.53622E-03   -0.85859E-01    0.28509E-16    0.14666E-16
      1       5.047    0.54407E-03   -0.86785E-01    0.54229E-16   -0.62673E-17
      1       4.957    0.55161E-03   -0.87517E-01   -0.22970E-16   -0.38724E-17
      1       4.868    0.55876E-03   -0.87994E-01    0.38148E-16    0.11306E-16
      1       4.778    0.56541E-03   -0.88154E-01    0.38571E-16   -0.12299E-16
      1       4.689    0.57150E-03   -0.87944E-01    0.64164E-16    0.13516E-17
      1       4.599    0.57694E-03   -0.87322E-01    0.51116E-16   -0.52549E-17
      1       4.509    0.58170E-03   -0.86269E-01    0.34734E-16   -0.15658E-17
      1       4.420    0.58575E-03   -0.84804E-01    0.43546E-16   -0.86227E-17
      1       4.330    0.58912E-03   -0.82969E-01    0.24395E-16    0.11814E-16
      1       4.241    0.59184E-03   -0.80820E-01    0.44058E-16    0.67899E-17
      1       4.151    0.59397E-03   -0.78422E-01    0.47691E-16   -0.90830E-17
      1       4.062    0.59555E-03   -0.75842E-01    0.67090E-16    0.56809E-17
      1       3.972    0.59665E-03   -0.73140E-01    0.46200E-16    0.80942E-17
      1       3.882    0.59733E-03   -0.70373E-01    0.18214E-16   -0.11625E-16
      1       3.793    0.59763E-03   -0.67584E-01    0.52727E-16   -0.13121E-17
      1       3.703    0.59759E-03   -0.64808E-01    0.36007E-16    0.21759E-17
      1       3.614    0.59724E-03   -0.62068E-01    0.37719E-16    0.19563E-16
      1       3.524    0.59662E-03   -0.59380E-01    0.39444E-16   -0.11292E-16
      1       3.434    0.59572E-03   -0.56752E-01    0.43439E-16   -0.24013E-17
      1       3.345    0.59458E-03   -0.54190E-01    0.16329E-18    0.48701E-17
      1       3.255    0.59321E-03   -0.51697E-01    0.65181E-16   -0.11893E-16
      1       3.166    0.59163E-03   -0.49277E-01    0.48343E-16   -0.20808E-16
      1       3.076    0.58984E-03   -0.46932E-01    0.49646E-16   -0.16903E-16
      1       2.987    0.58786E-03   -0.44665E-01    0.40482E-16    0.17127E-16
      1       2.897    0.58570E-03   -0.42475E-01    0.74391E-16   -0.82280E-17
      1       2.807    0.58337E-03   -0.40364E-01    0.61721E-16   -0.15350E-16
      1       2.718    0.58087E-03   -0.38331E-01    0.39532E-16   -0.26729E-17
      1       2.628    0.57821E-03   -0.36376E-01    0.36782E-16   -0.13623E-17
      1       2.539    0.57539E-03   -0.34496E-01    0.23630E-16   -0.10172E-16
      1       2.449    0.57240E-03   -0.32692E-01    0.62385E-16    0.19208E-16
      1       2.359    0.56925E-03   -0.30964E-01    0.82896E-16    0.29652E-16
      1       2.270    0.56593E-03   -0.29309E-01    0.51621E-16   -0.93657E-17
      1       2.180    0.56243E-03   -0.27724E-01    0.43327E-16   -0.11981E-16
      1       2.091    0.55872E-03   -0.26200E-01    0.84287E-16   -0.25940E-17
      1       2.001    0.55479E-03   -0.24727E-01    0.45816E-16   -0.11047E-16
      1       1.912    0.55060E-03   -0.23297E-01    0.48438E-16    0.52031E-17
      1       1.822    0.54613E-03   -0.21900E-01    0.60886E-16    0.16194E-16
      1       1.732    0.54133E-03   -0.20529E-01    0.44129E-16   -0.80746E-17
      1       1.643    0.53615E-03   -0.19177E-01    0.43053E-16    0.33521E-16
      1       1.553    0.53055E-03   -0.17839E-01    0.62312E-16   -0.39480E-16
      1       1.464    0.52445E-03   -0.16515E-01    0.66400E-16    0.60514E-16
      1       1.374    0.51780E-03   -0.15210E-01    0.60695E-16    0.17477E-16
      1       1.285    0.51051E-03   -0.13943E-01    0.26522E-16    0.27122E-16
      1       1.195    0.50247E-03   -0.12733E-01    0.47522E-16    0.14733E-16
      1       1.105    0.49356E-03   -0.11588E-01    0.31154E-16   -0.10207E-16
      1       1.016    0.48361E-03   -0.10510E-01    0.10365E-15    0.23814E-16
      1       0.926    0.47240E-03   -0.95051E-02    0.67205E-16   -0.35820E-17
      1       0.837    0.45970E-03   -0.85948E-02    0.77134E-16   -0.16669E-16
      1       0.747    0.44518E-03   -0.78340E-02    0.44569E-16   -0.48678E-17
      1       0.657    0.42844E-03   -0.72520E-02    0.41031E-16    0.42962E-17
      1       0.568    0.40882E-03   -0.66757E-02    0.31291E-16   -0.13670E-17
      1       0.478    0.38541E-03   -0.58238E-02    0.55508E-16   -0.30715E-16
      1       0.389    0.35703E-03   -0.45335E-02    0.59499E-16   -0.21632E-16
      1       0.299    0.32198E-03   -0.30173E-02    0.63282E-16   -0.16940E-16
      1       0.210    0.27732E-03   -0.19648E-02    0.92522E-16   -0.18851E-16
      1       0.120    0.21609E-03   -0.17229E-02    0.51596E-16    0.20608E-16
