   3N SYSTEM INCLUSIVE  PHOTODESINTEGRATION
        DETECTED PARTICLE: 1- PROTON
        NOT DETECTED PARTICLES:2- PROTON  3-NEUTRON

      OMEGA 0.10000E+03
     MTTWE1,MTTWE2,MTTWE3=    1    1   -1
     TH1LAB,PHI1LAB=   130.000     0.000
   Unit of cross sections ... fm**2/(MeV*sr**2)
      I       E1      CROSS           AX           AY           AZ
      1      52.577    0.32641E-07   -0.44478E+00   -0.13551E-17   -0.24101E-16
      1      52.563    0.92195E-05   -0.42496E+00   -0.13697E-17    0.21613E-17
      1      52.557    0.10321E-04   -0.41797E+00   -0.84199E-18    0.38317E-17
      1      52.550    0.11001E-04   -0.41145E+00   -0.31866E-17    0.19718E-17
      1      52.543    0.11440E-04   -0.40526E+00   -0.22711E-16   -0.25901E-16
      1      52.537    0.11728E-04   -0.39935E+00    0.56685E-17    0.45146E-17
      1      52.530    0.11917E-04   -0.39369E+00   -0.51473E-17    0.49724E-19
      1      52.523    0.12039E-04   -0.38825E+00   -0.15458E-16   -0.93696E-17
      1      52.517    0.12115E-04   -0.38302E+00   -0.63561E-18    0.20349E-16
      1      52.510    0.12158E-04   -0.37799E+00   -0.76156E-17    0.38816E-17
      1      52.503    0.12177E-04   -0.37314E+00    0.38083E-17    0.13370E-16
      1      52.497    0.12181E-04   -0.36848E+00    0.95982E-17   -0.44266E-17
      1      52.490    0.12172E-04   -0.36399E+00   -0.33687E-17   -0.54345E-17
      1      52.483    0.12155E-04   -0.35967E+00   -0.35973E-17    0.36110E-17
      1      52.477    0.12132E-04   -0.35550E+00   -0.61479E-17    0.73910E-17
      1      52.470    0.12106E-04   -0.35150E+00    0.48723E-17    0.44750E-16
      1      52.463    0.12077E-04   -0.34764E+00   -0.14690E-16    0.47634E-17
      1      52.457    0.12047E-04   -0.34392E+00   -0.10438E-16    0.60993E-17
      1      52.169    0.11349E-04   -0.25804E+00   -0.22736E-16   -0.12248E-16
      1      51.881    0.11036E-04   -0.22161E+00   -0.18329E-16   -0.18571E-16
      1      51.594    0.10855E-04   -0.20195E+00   -0.20573E-16    0.15428E-16
      1      51.306    0.10713E-04   -0.19074E+00   -0.86396E-17    0.19002E-17
      1      51.019    0.10577E-04   -0.18432E+00   -0.15554E-16   -0.12714E-16
      1      50.731    0.10445E-04   -0.18074E+00   -0.15341E-16   -0.67733E-17
      1      50.444    0.10321E-04   -0.17883E+00   -0.31299E-17   -0.67451E-17
      1      50.156    0.10213E-04   -0.17790E+00   -0.45336E-17    0.47215E-17
      1      49.868    0.10130E-04   -0.17749E+00   -0.91491E-17   -0.16937E-16
      1      49.581    0.10078E-04   -0.17732E+00   -0.12880E-16   -0.10910E-17
      1      49.293    0.10057E-04   -0.17730E+00   -0.16349E-16    0.14865E-16
      1      49.006    0.10061E-04   -0.17744E+00   -0.12266E-16   -0.19953E-17
      1      48.718    0.10086E-04   -0.17777E+00   -0.10456E-16   -0.16705E-16
      1      48.431    0.10131E-04   -0.17831E+00   -0.12746E-16   -0.20546E-16
      1      48.143    0.10192E-04   -0.17909E+00   -0.61075E-17   -0.17452E-16
      1      47.856    0.10267E-04   -0.18007E+00   -0.18485E-16   -0.72281E-17
      1      47.568    0.10354E-04   -0.18121E+00   -0.10559E-16    0.76281E-17
      1      47.280    0.10452E-04   -0.18242E+00   -0.63794E-17   -0.27633E-17
      1      46.993    0.10558E-04   -0.18362E+00   -0.14789E-16   -0.27554E-17
      1      46.705    0.10670E-04   -0.18473E+00   -0.11633E-16    0.11916E-16
      1      46.418    0.10787E-04   -0.18568E+00   -0.74963E-17    0.25735E-16
      1      46.130    0.10909E-04   -0.18641E+00   -0.93395E-17    0.33441E-16
      1      45.843    0.11033E-04   -0.18689E+00   -0.13198E-16   -0.25648E-17
      1      45.555    0.11160E-04   -0.18709E+00   -0.30720E-16   -0.16530E-17
      1      45.267    0.11290E-04   -0.18705E+00   -0.13416E-16    0.12215E-16
      1      44.980    0.11424E-04   -0.18681E+00   -0.11508E-16    0.14378E-16
      1      44.692    0.11562E-04   -0.18644E+00   -0.16040E-16   -0.71002E-17
      1      44.405    0.11705E-04   -0.18599E+00   -0.17382E-16   -0.13685E-17
      1      44.117    0.11854E-04   -0.18552E+00   -0.12058E-17    0.57072E-17
      1      43.830    0.12009E-04   -0.18508E+00   -0.40587E-17    0.31601E-16
      1      43.542    0.12169E-04   -0.18470E+00   -0.11652E-16   -0.83072E-17
      1      43.255    0.12335E-04   -0.18444E+00    0.16522E-17    0.17873E-16
      1      42.967    0.12506E-04   -0.18432E+00   -0.10974E-16    0.17986E-16
      1      42.679    0.12683E-04   -0.18438E+00   -0.69471E-17    0.13990E-17
      1      42.392    0.12864E-04   -0.18463E+00   -0.17530E-17    0.10377E-16
      1      42.104    0.13049E-04   -0.18507E+00   -0.14908E-16    0.25161E-16
      1      41.817    0.13238E-04   -0.18570E+00   -0.13052E-16    0.12087E-16
      1      41.529    0.13429E-04   -0.18649E+00   -0.11670E-17    0.19460E-16
      1      41.242    0.13621E-04   -0.18741E+00   -0.93432E-17    0.24682E-16
      1      40.954    0.13814E-04   -0.18843E+00   -0.30834E-16    0.19599E-16
      1      40.666    0.14006E-04   -0.18951E+00   -0.21095E-16    0.17027E-16
      1      40.379    0.14197E-04   -0.19062E+00   -0.11967E-16   -0.10508E-16
      1      40.091    0.14385E-04   -0.19174E+00   -0.20352E-16    0.86616E-17
      1      39.804    0.14571E-04   -0.19287E+00   -0.14332E-16    0.24981E-16
      1      39.516    0.14754E-04   -0.19399E+00    0.29001E-16   -0.71551E-17
      1      39.229    0.14933E-04   -0.19513E+00    0.79376E-18   -0.36056E-17
      1      38.941    0.15109E-04   -0.19629E+00   -0.30791E-16    0.10315E-16
      1      38.653    0.15282E-04   -0.19748E+00   -0.26352E-16    0.24415E-16
      1      38.366    0.15452E-04   -0.19874E+00    0.11355E-16   -0.19486E-16
      1      38.078    0.15619E-04   -0.20009E+00   -0.39161E-16    0.16876E-16
      1      37.791    0.15783E-04   -0.20155E+00   -0.20215E-16    0.39880E-16
      1      37.503    0.15945E-04   -0.20313E+00   -0.18697E-16    0.22803E-16
      1      37.216    0.16105E-04   -0.20482E+00   -0.15967E-16   -0.23974E-17
      1      36.928    0.16262E-04   -0.20663E+00   -0.94935E-17    0.20314E-16
      1      36.641    0.16416E-04   -0.20857E+00   -0.19708E-16    0.45376E-16
      1      36.353    0.16569E-04   -0.21063E+00   -0.13442E-16    0.96184E-17
      1      36.065    0.16718E-04   -0.21283E+00   -0.45706E-16    0.24443E-16
      1      35.778    0.16866E-04   -0.21517E+00   -0.49563E-17    0.39024E-16
      1      35.490    0.17010E-04   -0.21763E+00    0.36172E-16    0.22031E-16
      1      35.203    0.17152E-04   -0.22022E+00   -0.35763E-17    0.39483E-16
      1      34.915    0.17291E-04   -0.22290E+00    0.34536E-16   -0.25740E-16
      1      34.628    0.17426E-04   -0.22567E+00   -0.12381E-16    0.23161E-16
      1      34.340    0.17558E-04   -0.22850E+00   -0.27338E-16    0.19418E-16
      1      34.052    0.17686E-04   -0.23137E+00   -0.22448E-16    0.43720E-16
      1      33.765    0.17811E-04   -0.23425E+00   -0.16809E-16    0.34137E-16
      1      33.477    0.17932E-04   -0.23714E+00   -0.13819E-16    0.36005E-16
      1      33.190    0.18050E-04   -0.24001E+00   -0.21225E-16    0.18506E-16
      1      32.902    0.18166E-04   -0.24286E+00   -0.48851E-17    0.11808E-16
      1      32.615    0.18280E-04   -0.24568E+00   -0.14979E-16    0.81674E-17
      1      32.327    0.18393E-04   -0.24848E+00    0.86331E-17    0.27446E-16
      1      32.040    0.18506E-04   -0.25124E+00   -0.25572E-16    0.28130E-16
      1      31.752    0.18620E-04   -0.25399E+00   -0.63166E-18    0.28774E-16
      1      31.464    0.18736E-04   -0.25675E+00    0.77219E-18    0.90683E-17
      1      31.177    0.18857E-04   -0.25952E+00   -0.22699E-16    0.26938E-16
      1      30.889    0.18982E-04   -0.26235E+00    0.91575E-17    0.21726E-16
      1      30.602    0.19113E-04   -0.26526E+00   -0.29308E-16    0.49447E-17
      1      30.314    0.19252E-04   -0.26827E+00   -0.40109E-18    0.26227E-16
      1      30.027    0.19399E-04   -0.27140E+00   -0.51756E-17    0.38823E-16
      1      29.739    0.19555E-04   -0.27467E+00   -0.14824E-16    0.91569E-17
      1      29.451    0.19719E-04   -0.27808E+00    0.53595E-17    0.17551E-16
      1      29.164    0.19894E-04   -0.28162E+00    0.12510E-16    0.29037E-16
      1      28.876    0.20077E-04   -0.28528E+00   -0.28604E-16    0.42246E-16
      1      28.589    0.20271E-04   -0.28906E+00    0.89408E-17    0.11553E-16
      1      28.301    0.20473E-04   -0.29292E+00   -0.14975E-16    0.17452E-16
      1      28.014    0.20685E-04   -0.29687E+00   -0.18820E-16    0.14056E-16
      1      27.726    0.20907E-04   -0.30088E+00   -0.56427E-17    0.80571E-17
      1      27.439    0.21138E-04   -0.30494E+00    0.25589E-16    0.12556E-16
      1      27.151    0.21378E-04   -0.30903E+00   -0.10681E-17    0.25896E-16
      1      26.863    0.21628E-04   -0.31314E+00    0.11923E-17    0.48586E-16
      1      26.576    0.21888E-04   -0.31725E+00   -0.19006E-16    0.20815E-16
      1      26.288    0.22157E-04   -0.32134E+00    0.11114E-17    0.14614E-16
      1      26.001    0.22436E-04   -0.32540E+00    0.92973E-17    0.32753E-16
      1      25.713    0.22725E-04   -0.32940E+00    0.10389E-16    0.53253E-16
      1      25.426    0.23024E-04   -0.33334E+00    0.23094E-16    0.24433E-16
      1      25.138    0.23334E-04   -0.33720E+00    0.42657E-17    0.20543E-16
      1      24.850    0.23654E-04   -0.34098E+00    0.12427E-16    0.21878E-16
      1      24.563    0.23986E-04   -0.34467E+00   -0.10070E-16    0.94776E-17
      1      24.275    0.24329E-04   -0.34826E+00   -0.94202E-17    0.66353E-17
      1      23.988    0.24685E-04   -0.35177E+00    0.13383E-16    0.11517E-16
      1      23.700    0.25055E-04   -0.35518E+00   -0.85318E-17    0.16958E-16
      1      23.413    0.25438E-04   -0.35851E+00    0.26730E-16    0.24773E-16
      1      23.125    0.25836E-04   -0.36175E+00    0.24264E-16    0.14576E-16
      1      22.838    0.26250E-04   -0.36492E+00   -0.55200E-17   -0.28204E-17
      1      22.550    0.26680E-04   -0.36802E+00   -0.51604E-17    0.16875E-16
      1      22.262    0.27127E-04   -0.37106E+00    0.39987E-16    0.13294E-16
      1      21.975    0.27592E-04   -0.37404E+00    0.18487E-16    0.88126E-17
      1      21.687    0.28075E-04   -0.37698E+00    0.53160E-17   -0.18798E-16
      1      21.400    0.28578E-04   -0.37989E+00    0.25311E-16    0.10842E-16
      1      21.112    0.29101E-04   -0.38276E+00   -0.34507E-16    0.82569E-17
      1      20.825    0.29645E-04   -0.38563E+00    0.58879E-18    0.25329E-16
      1      20.537    0.30210E-04   -0.38848E+00   -0.43558E-16    0.75305E-17
      1      20.249    0.30797E-04   -0.39135E+00    0.58961E-17    0.30297E-16
      1      19.962    0.31407E-04   -0.39422E+00    0.76819E-17    0.12408E-16
      1      19.674    0.32040E-04   -0.39711E+00    0.23802E-16    0.14158E-16
      1      19.387    0.32698E-04   -0.40003E+00    0.42644E-17    0.12738E-16
      1      19.099    0.33379E-04   -0.40298E+00   -0.36650E-16   -0.35010E-17
      1      18.812    0.34087E-04   -0.40596E+00    0.29879E-16   -0.84882E-17
      1      18.524    0.34820E-04   -0.40900E+00    0.22139E-16    0.79347E-17
      1      18.236    0.35581E-04   -0.41209E+00    0.42816E-16    0.11378E-16
      1      17.949    0.36371E-04   -0.41525E+00   -0.80076E-17    0.84027E-17
      1      17.661    0.37190E-04   -0.41847E+00   -0.14056E-17   -0.68578E-17
      1      17.374    0.38041E-04   -0.42179E+00   -0.36601E-16    0.72495E-17
      1      17.086    0.38925E-04   -0.42520E+00    0.11952E-16    0.93013E-18
      1      16.799    0.39845E-04   -0.42872E+00    0.19470E-16    0.11328E-16
      1      16.511    0.40802E-04   -0.43236E+00    0.12801E-16    0.25714E-18
      1      16.224    0.41800E-04   -0.43614E+00    0.76095E-16    0.36480E-17
      1      15.936    0.42843E-04   -0.44008E+00   -0.29313E-16   -0.76942E-17
      1      15.648    0.43934E-04   -0.44418E+00    0.51472E-16    0.25399E-17
      1      15.361    0.45077E-04   -0.44848E+00    0.19638E-16   -0.61663E-17
      1      15.073    0.46276E-04   -0.45298E+00    0.68004E-16   -0.17775E-18
      1      14.786    0.47538E-04   -0.45770E+00   -0.89227E-17   -0.21019E-17
      1      14.498    0.48868E-04   -0.46267E+00   -0.19438E-16   -0.15287E-16
      1      14.211    0.50271E-04   -0.46789E+00   -0.35151E-17    0.14941E-16
      1      13.923    0.51755E-04   -0.47339E+00   -0.70656E-16    0.59101E-17
      1      13.635    0.53327E-04   -0.47918E+00    0.11976E-16   -0.15755E-16
      1      13.348    0.54992E-04   -0.48526E+00    0.10943E-15    0.82356E-17
      1      13.060    0.56750E-04   -0.49159E+00   -0.64107E-16    0.21397E-16
      1      12.773    0.58585E-04   -0.49806E+00   -0.17854E-15    0.10633E-16
      1      12.485    0.60460E-04   -0.50444E+00    0.19880E-15    0.39062E-17
      1      12.198    0.62296E-04   -0.51034E+00    0.45525E-16    0.40505E-17
      1      11.910    0.63967E-04   -0.51518E+00   -0.14966E-15    0.14103E-16
      1      11.623    0.65287E-04   -0.51814E+00   -0.20095E-16    0.34671E-17
      1      11.335    0.66046E-04   -0.51831E+00    0.11588E-15    0.45372E-17
      1      11.047    0.66077E-04   -0.51490E+00   -0.19965E-16    0.12021E-16
      1      10.760    0.65356E-04   -0.50771E+00    0.33621E-16    0.48990E-17
      1      10.472    0.64029E-04   -0.49724E+00    0.41810E-15    0.40922E-17
      1      10.185    0.62317E-04   -0.48433E+00    0.90676E-16    0.19335E-17
      1       9.897    0.60429E-04   -0.46985E+00    0.12784E-15    0.12591E-17
      1       9.610    0.58513E-04   -0.45447E+00   -0.12944E-16    0.83510E-18
      1       9.322    0.56660E-04   -0.43865E+00    0.51647E-16    0.40411E-17
      1       9.034    0.54913E-04   -0.42268E+00   -0.26163E-16   -0.91514E-17
      1       8.747    0.53287E-04   -0.40669E+00    0.10069E-15    0.52796E-17
      1       8.459    0.51782E-04   -0.39075E+00   -0.60229E-16    0.69017E-17
      1       8.172    0.50392E-04   -0.37486E+00    0.23074E-16   -0.19711E-16
      1       7.884    0.49112E-04   -0.35904E+00    0.57022E-16   -0.19646E-17
      1       7.597    0.47935E-04   -0.34329E+00    0.13277E-16   -0.30489E-17
      1       7.309    0.46856E-04   -0.32761E+00    0.13808E-15    0.54880E-18
      1       7.022    0.45870E-04   -0.31203E+00    0.12706E-16   -0.12111E-16
      1       6.734    0.44975E-04   -0.29654E+00    0.72589E-16   -0.11636E-16
      1       6.446    0.44166E-04   -0.28118E+00    0.81089E-16   -0.59762E-17
      1       6.159    0.43441E-04   -0.26597E+00    0.15956E-16   -0.10665E-16
      1       5.871    0.42795E-04   -0.25094E+00    0.46820E-16   -0.69126E-17
      1       5.584    0.42227E-04   -0.23612E+00    0.11294E-16    0.96775E-17
      1       5.296    0.41732E-04   -0.22156E+00    0.70685E-16    0.12866E-16
      1       5.009    0.41308E-04   -0.20730E+00    0.37494E-16   -0.20865E-16
      1       4.721    0.40949E-04   -0.19341E+00    0.56027E-17   -0.11360E-16
      1       4.433    0.40650E-04   -0.17995E+00    0.32838E-16   -0.87586E-17
      1       4.146    0.40405E-04   -0.16698E+00    0.73788E-16   -0.20052E-16
      1       3.858    0.40198E-04   -0.15449E+00    0.49954E-16   -0.76096E-17
      1       3.571    0.40008E-04   -0.14238E+00    0.58906E-16    0.98582E-17
      1       3.283    0.39807E-04   -0.13053E+00    0.56898E-16   -0.11768E-16
      1       2.996    0.39563E-04   -0.11879E+00    0.21220E-16   -0.97625E-17
      1       2.708    0.39237E-04   -0.10703E+00    0.21180E-16    0.51062E-17
      1       2.421    0.38783E-04   -0.95109E-01    0.68195E-16   -0.82993E-17
      1       2.133    0.38143E-04   -0.82968E-01    0.67549E-16    0.22402E-17
      1       1.845    0.37249E-04   -0.70616E-01    0.41418E-16   -0.15077E-16
      1       1.558    0.36025E-04   -0.58385E-01    0.48193E-16    0.22649E-17
      1       1.270    0.34366E-04   -0.46811E-01    0.71016E-16   -0.21984E-16
      1       0.983    0.32077E-04   -0.36220E-01    0.85396E-16   -0.17291E-17
      1       0.695    0.28794E-04   -0.26783E-01    0.31883E-16   -0.26707E-17
      1       0.408    0.23718E-04   -0.18497E-01    0.47947E-16   -0.53453E-17
      1       0.120    0.13935E-04   -0.75134E-02    0.46175E-16   -0.11417E-16
