   3N SYSTEM INCLUSIVE  PHOTODESINTEGRATION
        DETECTED PARTICLE: 1- PROTON
        NOT DETECTED PARTICLES:2- PROTON  3-NEUTRON

      OMEGA 0.30000E+02
     MTTWE1,MTTWE2,MTTWE3=    1    1   -1
     TH1LAB,PHI1LAB=   170.000     0.000
   Unit of cross sections ... fm**2/(MeV*sr**2)
      I       E1      CROSS           AX           AY           AZ
      1      13.053    0.11889E-06   -0.28220E+00    0.18782E-18    0.15159E-17
      1      13.040    0.34244E-04   -0.27162E+00   -0.14734E-16   -0.27272E-16
      1      13.033    0.38390E-04   -0.26783E+00    0.21285E-19   -0.41032E-17
      1      13.026    0.40914E-04   -0.26420E+00    0.92916E-17   -0.93495E-17
      1      13.020    0.42507E-04   -0.26070E+00    0.27511E-19    0.77916E-18
      1      13.013    0.43526E-04   -0.25734E+00   -0.10260E-17    0.25484E-17
      1      13.006    0.44174E-04   -0.25412E+00   -0.11387E-17    0.48908E-16
      1      13.000    0.44575E-04   -0.25105E+00    0.87561E-18   -0.44503E-17
      1      12.993    0.44809E-04   -0.24814E+00    0.16107E-17   -0.43936E-17
      1      12.986    0.44930E-04   -0.24536E+00   -0.98857E-19    0.28228E-16
      1      12.980    0.44976E-04   -0.24274E+00    0.67058E-18   -0.28435E-16
      1      12.973    0.44971E-04   -0.24025E+00    0.50495E-18    0.20924E-16
      1      12.966    0.44933E-04   -0.23791E+00    0.18119E-17    0.40879E-17
      1      12.960    0.44873E-04   -0.23569E+00    0.93590E-18   -0.23527E-17
      1      12.953    0.44798E-04   -0.23359E+00   -0.12120E-17   -0.61310E-18
      1      12.946    0.44713E-04   -0.23159E+00    0.29679E-17   -0.49053E-17
      1      12.940    0.44620E-04   -0.22967E+00   -0.41269E-17   -0.59840E-17
      1      12.933    0.44522E-04   -0.22784E+00    0.26311E-17    0.90869E-18
      1      12.863    0.43454E-04   -0.21174E+00    0.11749E-17   -0.45826E-18
      1      12.792    0.42598E-04   -0.19934E+00    0.11158E-17    0.81661E-17
      1      12.722    0.42048E-04   -0.18942E+00    0.27372E-17    0.22859E-17
      1      12.651    0.41746E-04   -0.18126E+00   -0.41577E-17   -0.12404E-17
      1      12.581    0.41625E-04   -0.17429E+00   -0.15374E-17   -0.23076E-17
      1      12.511    0.41640E-04   -0.16815E+00    0.33960E-17   -0.13885E-16
      1      12.440    0.41761E-04   -0.16258E+00   -0.19202E-18    0.37135E-19
      1      12.370    0.41970E-04   -0.15741E+00    0.74564E-17    0.17577E-16
      1      12.299    0.42257E-04   -0.15252E+00    0.30184E-17   -0.70497E-17
      1      12.229    0.42613E-04   -0.14784E+00    0.73891E-18   -0.69194E-17
      1      12.159    0.43032E-04   -0.14331E+00    0.77848E-17    0.55918E-17
      1      12.088    0.43512E-04   -0.13893E+00    0.29086E-16    0.73204E-17
      1      12.018    0.44048E-04   -0.13471E+00    0.73137E-18   -0.20462E-17
      1      11.947    0.44637E-04   -0.13065E+00   -0.63005E-17   -0.67234E-17
      1      11.877    0.45277E-04   -0.12675E+00   -0.30052E-17   -0.62674E-17
      1      11.806    0.45967E-04   -0.12301E+00    0.40349E-17    0.11929E-16
      1      11.736    0.46704E-04   -0.11943E+00    0.10029E-17    0.86249E-17
      1      11.666    0.47488E-04   -0.11599E+00    0.25054E-17   -0.25715E-17
      1      11.595    0.48319E-04   -0.11268E+00    0.92852E-17   -0.59311E-17
      1      11.525    0.49195E-04   -0.10949E+00   -0.16939E-18    0.21156E-16
      1      11.454    0.50118E-04   -0.10641E+00    0.23573E-17    0.17992E-17
      1      11.384    0.51086E-04   -0.10345E+00    0.14001E-16    0.57965E-17
      1      11.314    0.52101E-04   -0.10058E+00    0.12695E-16   -0.91270E-17
      1      11.243    0.53164E-04   -0.97805E-01    0.23856E-16    0.61970E-17
      1      11.173    0.54275E-04   -0.95127E-01    0.29170E-16    0.17887E-16
      1      11.102    0.55436E-04   -0.92546E-01    0.13775E-16   -0.13060E-16
      1      11.032    0.56645E-04   -0.90063E-01   -0.29094E-17   -0.78567E-17
      1      10.962    0.57902E-04   -0.87681E-01    0.13385E-16    0.21258E-17
      1      10.891    0.59205E-04   -0.85401E-01   -0.13608E-17   -0.14255E-16
      1      10.821    0.60554E-04   -0.83226E-01   -0.53055E-17   -0.13649E-16
      1      10.750    0.61946E-04   -0.81157E-01    0.11861E-17   -0.20121E-16
      1      10.680    0.63379E-04   -0.79193E-01    0.12229E-16   -0.74087E-17
      1      10.610    0.64852E-04   -0.77332E-01   -0.25388E-17   -0.11658E-16
      1      10.539    0.66362E-04   -0.75570E-01    0.13017E-16   -0.24657E-16
      1      10.469    0.67908E-04   -0.73905E-01    0.97371E-17   -0.14718E-16
      1      10.398    0.69489E-04   -0.72330E-01    0.11141E-16    0.10965E-16
      1      10.328    0.71105E-04   -0.70839E-01    0.20148E-16   -0.15295E-16
      1      10.258    0.72753E-04   -0.69425E-01    0.20859E-17   -0.29919E-17
      1      10.187    0.74434E-04   -0.68082E-01    0.80060E-17   -0.66100E-17
      1      10.117    0.76148E-04   -0.66802E-01    0.10359E-17   -0.89625E-17
      1      10.046    0.77895E-04   -0.65581E-01    0.25228E-16    0.13440E-16
      1       9.976    0.79675E-04   -0.64413E-01    0.24809E-16    0.14786E-17
      1       9.906    0.81487E-04   -0.63297E-01    0.32399E-16    0.95693E-17
      1       9.835    0.83332E-04   -0.62228E-01   -0.49221E-17   -0.26412E-16
      1       9.765    0.85209E-04   -0.61206E-01   -0.11544E-16   -0.18854E-16
      1       9.694    0.87119E-04   -0.60230E-01    0.17588E-16    0.21882E-16
      1       9.624    0.89061E-04   -0.59299E-01    0.27458E-16    0.50377E-17
      1       9.554    0.91036E-04   -0.58414E-01    0.35695E-16   -0.18689E-16
      1       9.483    0.93043E-04   -0.57575E-01    0.24132E-16   -0.29431E-16
      1       9.413    0.95084E-04   -0.56782E-01    0.20958E-16   -0.23781E-16
      1       9.342    0.97159E-04   -0.56033E-01    0.33241E-17   -0.25400E-16
      1       9.272    0.99268E-04   -0.55328E-01    0.54419E-17    0.53196E-18
      1       9.202    0.10141E-03   -0.54665E-01    0.14275E-16   -0.23957E-16
      1       9.131    0.10359E-03   -0.54042E-01    0.29366E-16   -0.19199E-16
      1       9.061    0.10580E-03   -0.53456E-01    0.34472E-17   -0.25940E-16
      1       8.990    0.10805E-03   -0.52907E-01    0.10475E-16   -0.19360E-16
      1       8.920    0.11034E-03   -0.52392E-01    0.30683E-17   -0.55280E-17
      1       8.850    0.11265E-03   -0.51907E-01    0.25475E-16   -0.18078E-16
      1       8.779    0.11501E-03   -0.51451E-01    0.13785E-16   -0.85820E-17
      1       8.709    0.11740E-03   -0.51021E-01    0.14095E-17   -0.35575E-16
      1       8.638    0.11982E-03   -0.50613E-01    0.42501E-16   -0.15996E-16
      1       8.568    0.12228E-03   -0.50226E-01    0.21203E-16   -0.10663E-16
      1       8.498    0.12478E-03   -0.49857E-01    0.52784E-17   -0.39184E-16
      1       8.427    0.12732E-03   -0.49504E-01    0.23906E-17   -0.31323E-17
      1       8.357    0.12990E-03   -0.49165E-01    0.27116E-16    0.31709E-17
      1       8.286    0.13252E-03   -0.48840E-01    0.34965E-17   -0.10237E-16
      1       8.216    0.13519E-03   -0.48526E-01    0.11108E-16    0.69746E-17
      1       8.146    0.13790E-03   -0.48222E-01    0.22347E-16    0.33548E-17
      1       8.075    0.14067E-03   -0.47928E-01    0.28231E-16    0.87156E-17
      1       8.005    0.14349E-03   -0.47644E-01    0.32536E-16    0.15489E-16
      1       7.934    0.14637E-03   -0.47371E-01    0.17622E-16    0.58250E-17
      1       7.864    0.14930E-03   -0.47110E-01    0.39389E-16   -0.26924E-16
      1       7.794    0.15230E-03   -0.46861E-01    0.18013E-16    0.28302E-17
      1       7.723    0.15535E-03   -0.46626E-01    0.18418E-16   -0.87142E-17
      1       7.653    0.15847E-03   -0.46406E-01    0.18816E-16   -0.82263E-17
      1       7.582    0.16164E-03   -0.46202E-01    0.24129E-16    0.30044E-16
      1       7.512    0.16488E-03   -0.46018E-01    0.26224E-16    0.24657E-16
      1       7.442    0.16819E-03   -0.45852E-01    0.36555E-16   -0.44631E-17
      1       7.371    0.17156E-03   -0.45707E-01    0.20947E-16    0.59197E-17
      1       7.301    0.17499E-03   -0.45581E-01    0.41643E-16   -0.14157E-16
      1       7.230    0.17849E-03   -0.45474E-01    0.14766E-16   -0.16542E-16
      1       7.160    0.18205E-03   -0.45384E-01    0.21503E-16   -0.17111E-16
      1       7.090    0.18568E-03   -0.45313E-01    0.35088E-16    0.38401E-16
      1       7.019    0.18937E-03   -0.45260E-01    0.24651E-16    0.12672E-16
      1       6.949    0.19313E-03   -0.45223E-01    0.24799E-16    0.17759E-16
      1       6.878    0.19696E-03   -0.45201E-01    0.17233E-16    0.27514E-16
      1       6.808    0.20086E-03   -0.45193E-01    0.27287E-16    0.83786E-17
      1       6.738    0.20482E-03   -0.45200E-01    0.27226E-16    0.21527E-16
      1       6.667    0.20886E-03   -0.45220E-01    0.31691E-17   -0.99779E-17
      1       6.597    0.21297E-03   -0.45253E-01    0.29585E-17    0.19620E-16
      1       6.526    0.21715E-03   -0.45298E-01    0.41749E-16    0.84167E-17
      1       6.456    0.22140E-03   -0.45355E-01    0.51894E-16   -0.10340E-16
      1       6.386    0.22573E-03   -0.45423E-01    0.21535E-16   -0.49229E-16
      1       6.315    0.23015E-03   -0.45501E-01    0.22497E-16    0.17764E-17
      1       6.245    0.23464E-03   -0.45590E-01    0.76135E-17    0.52358E-17
      1       6.174    0.23921E-03   -0.45689E-01    0.33977E-16    0.11163E-16
      1       6.104    0.24387E-03   -0.45800E-01    0.37755E-16    0.12064E-16
      1       6.034    0.24862E-03   -0.45922E-01    0.31119E-16   -0.14860E-16
      1       5.963    0.25346E-03   -0.46055E-01    0.38759E-16   -0.14405E-16
      1       5.893    0.25838E-03   -0.46199E-01    0.40551E-16    0.66860E-17
      1       5.822    0.26341E-03   -0.46354E-01    0.32468E-16   -0.46039E-17
      1       5.752    0.26852E-03   -0.46523E-01    0.14915E-16   -0.10866E-16
      1       5.682    0.27373E-03   -0.46706E-01    0.19452E-16   -0.17586E-16
      1       5.611    0.27904E-03   -0.46903E-01    0.41557E-16    0.15926E-16
      1       5.541    0.28445E-03   -0.47115E-01    0.49575E-16   -0.34373E-17
      1       5.470    0.28996E-03   -0.47342E-01    0.38130E-16   -0.33372E-17
      1       5.400    0.29556E-03   -0.47585E-01    0.16802E-16   -0.95711E-17
      1       5.330    0.30127E-03   -0.47843E-01    0.24475E-16   -0.14123E-16
      1       5.259    0.30707E-03   -0.48117E-01    0.29681E-16   -0.15885E-17
      1       5.189    0.31297E-03   -0.48408E-01    0.41637E-16   -0.15780E-17
      1       5.118    0.31896E-03   -0.48716E-01    0.34663E-16    0.49431E-18
      1       5.048    0.32505E-03   -0.49041E-01    0.96670E-17    0.13997E-16
      1       4.978    0.33124E-03   -0.49382E-01    0.51002E-16   -0.15336E-16
      1       4.907    0.33751E-03   -0.49742E-01    0.31074E-16   -0.18624E-16
      1       4.837    0.34388E-03   -0.50120E-01    0.23256E-16   -0.20709E-16
      1       4.766    0.35034E-03   -0.50517E-01    0.33628E-16   -0.37417E-16
      1       4.696    0.35689E-03   -0.50933E-01    0.11030E-16    0.13763E-16
      1       4.626    0.36352E-03   -0.51369E-01    0.45067E-16   -0.20205E-16
      1       4.555    0.37025E-03   -0.51826E-01    0.57626E-16    0.80461E-17
      1       4.485    0.37705E-03   -0.52305E-01    0.30044E-16    0.21954E-16
      1       4.414    0.38394E-03   -0.52806E-01    0.21346E-16    0.15277E-16
      1       4.344    0.39090E-03   -0.53330E-01    0.48000E-16   -0.69282E-17
      1       4.274    0.39794E-03   -0.53878E-01    0.69258E-16   -0.12290E-16
      1       4.203    0.40505E-03   -0.54449E-01    0.21824E-16   -0.12468E-16
      1       4.133    0.41223E-03   -0.55045E-01    0.48999E-16   -0.36304E-18
      1       4.062    0.41947E-03   -0.55666E-01    0.17037E-16   -0.20867E-17
      1       3.992    0.42678E-03   -0.56313E-01    0.13312E-16   -0.12057E-16
      1       3.922    0.43413E-03   -0.56988E-01    0.72432E-16   -0.56332E-17
      1       3.851    0.44153E-03   -0.57690E-01    0.21013E-16   -0.10358E-16
      1       3.781    0.44897E-03   -0.58420E-01    0.47550E-16   -0.28611E-17
      1       3.710    0.45643E-03   -0.59175E-01    0.42798E-16    0.26445E-16
      1       3.640    0.46389E-03   -0.59950E-01    0.18534E-16   -0.14852E-16
      1       3.570    0.47134E-03   -0.60737E-01    0.14906E-16   -0.88538E-17
      1       3.499    0.47874E-03   -0.61521E-01    0.36640E-16   -0.17949E-16
      1       3.429    0.48606E-03   -0.62286E-01    0.23749E-16    0.24598E-17
      1       3.358    0.49323E-03   -0.63004E-01    0.19104E-17   -0.11505E-16
      1       3.288    0.50021E-03   -0.63644E-01    0.45102E-16    0.98894E-17
      1       3.218    0.50692E-03   -0.64168E-01    0.35458E-16    0.14513E-17
      1       3.147    0.51327E-03   -0.64532E-01    0.56869E-16   -0.16265E-16
      1       3.077    0.51919E-03   -0.64689E-01   -0.82114E-17   -0.77410E-17
      1       3.006    0.52457E-03   -0.64593E-01    0.22355E-16   -0.81731E-17
      1       2.936    0.52934E-03   -0.64202E-01    0.43275E-16   -0.11197E-16
      1       2.866    0.53341E-03   -0.63484E-01    0.70152E-16    0.88006E-17
      1       2.795    0.53674E-03   -0.62424E-01    0.27110E-16    0.10960E-16
      1       2.725    0.53931E-03   -0.61036E-01    0.31821E-16    0.14778E-16
      1       2.654    0.54113E-03   -0.59354E-01    0.34520E-16   -0.23336E-16
      1       2.584    0.54225E-03   -0.57425E-01    0.35457E-16   -0.10513E-16
      1       2.514    0.54272E-03   -0.55302E-01    0.21206E-16    0.14031E-16
      1       2.443    0.54259E-03   -0.53039E-01    0.41683E-16    0.23250E-16
      1       2.373    0.54192E-03   -0.50688E-01    0.67890E-16    0.94995E-18
      1       2.302    0.54078E-03   -0.48295E-01    0.46271E-16    0.14227E-16
      1       2.232    0.53921E-03   -0.45899E-01    0.62044E-16    0.23613E-16
      1       2.162    0.53724E-03   -0.43526E-01    0.48293E-16    0.80647E-17
      1       2.091    0.53492E-03   -0.41197E-01    0.35592E-16    0.12461E-16
      1       2.021    0.53225E-03   -0.38925E-01    0.71537E-16   -0.91905E-17
      1       1.950    0.52926E-03   -0.36715E-01    0.61722E-16    0.24387E-16
      1       1.880    0.52596E-03   -0.34570E-01    0.64551E-16   -0.20188E-16
      1       1.810    0.52235E-03   -0.32495E-01    0.68560E-16   -0.11638E-16
      1       1.739    0.51844E-03   -0.30490E-01    0.43987E-16    0.10604E-16
      1       1.669    0.51423E-03   -0.28558E-01    0.31976E-16    0.56665E-16
      1       1.598    0.50973E-03   -0.26699E-01    0.32265E-16    0.15065E-16
      1       1.528    0.50493E-03   -0.24913E-01    0.63045E-16    0.28928E-16
      1       1.458    0.49981E-03   -0.23201E-01    0.26448E-16   -0.29883E-16
      1       1.387    0.49437E-03   -0.21561E-01    0.44155E-16   -0.57374E-17
      1       1.317    0.48858E-03   -0.19993E-01    0.63270E-16   -0.23899E-16
      1       1.246    0.48242E-03   -0.18495E-01    0.86871E-16   -0.10248E-16
      1       1.176    0.47583E-03   -0.17067E-01    0.68691E-16   -0.15910E-16
      1       1.106    0.46878E-03   -0.15708E-01    0.70122E-16   -0.34405E-16
      1       1.035    0.46119E-03   -0.14412E-01    0.71281E-16   -0.69509E-17
      1       0.965    0.45300E-03   -0.13171E-01    0.76867E-16    0.14925E-17
      1       0.894    0.44409E-03   -0.11977E-01    0.50601E-16    0.10860E-16
      1       0.824    0.43434E-03   -0.10822E-01    0.73399E-16    0.21743E-16
      1       0.754    0.42359E-03   -0.96995E-02    0.15662E-16   -0.18826E-16
      1       0.683    0.41166E-03   -0.86041E-02    0.32759E-16    0.15086E-16
      1       0.613    0.39828E-03   -0.75329E-02    0.62121E-16   -0.16132E-16
      1       0.542    0.38315E-03   -0.64866E-02    0.28765E-16   -0.14882E-16
      1       0.472    0.36584E-03   -0.54761E-02    0.67376E-16    0.25158E-16
      1       0.402    0.34577E-03   -0.45215E-02    0.78718E-16   -0.13374E-16
      1       0.331    0.32212E-03   -0.36327E-02    0.57828E-16   -0.88159E-17
      1       0.261    0.29361E-03   -0.28123E-02    0.72441E-16    0.23922E-16
      1       0.190    0.25807E-03   -0.20684E-02    0.66236E-16   -0.13907E-16
      1       0.120    0.21116E-03   -0.14070E-02    0.50259E-16    0.24536E-16
