   3N SYSTEM INCLUSIVE  PHOTODESINTEGRATION
        DETECTED PARTICLE: 1- PROTON
        NOT DETECTED PARTICLES:2- PROTON  3-NEUTRON

      OMEGA 0.30000E+02
     MTTWE1,MTTWE2,MTTWE3=    1    1   -1
     TH1LAB,PHI1LAB=    90.000     0.000
   Unit of cross sections ... fm**2/(MeV*sr**2)
      I       E1      CROSS           AX           AY           AZ
      1      14.695    0.27006E-05   -0.93204E+00   -0.64385E-17   -0.62183E-17
      1      14.682    0.76838E-03   -0.92984E+00   -0.17551E-18   -0.67466E-18
      1      14.675    0.85646E-03   -0.92915E+00   -0.31151E-18    0.11594E-17
      1      14.668    0.90707E-03   -0.92850E+00    0.22178E-18    0.45625E-18
      1      14.662    0.93613E-03   -0.92787E+00   -0.35659E-18   -0.24049E-17
      1      14.655    0.95190E-03   -0.92726E+00   -0.68322E-19   -0.28694E-18
      1      14.648    0.95914E-03   -0.92668E+00   -0.48347E-18   -0.13945E-17
      1      14.642    0.96080E-03   -0.92612E+00   -0.11612E-17   -0.42377E-17
      1      14.635    0.95876E-03   -0.92559E+00   -0.93597E-18   -0.18963E-17
      1      14.628    0.95430E-03   -0.92508E+00   -0.23680E-17    0.32300E-17
      1      14.622    0.94828E-03   -0.92459E+00   -0.96190E-17   -0.30799E-17
      1      14.615    0.94131E-03   -0.92413E+00    0.26517E-17   -0.55636E-19
      1      14.608    0.93380E-03   -0.92369E+00    0.31862E-18   -0.48569E-18
      1      14.602    0.92606E-03   -0.92327E+00    0.17305E-18    0.94404E-18
      1      14.595    0.91822E-03   -0.92287E+00    0.32384E-18    0.25864E-17
      1      14.588    0.91037E-03   -0.92250E+00    0.21001E-17    0.38430E-17
      1      14.582    0.90258E-03   -0.92213E+00    0.37100E-17    0.48714E-18
      1      14.575    0.89489E-03   -0.92179E+00   -0.10452E-17   -0.57395E-17
      1      14.496    0.81364E-03   -0.91825E+00   -0.12619E-17   -0.53736E-17
      1      14.416    0.75108E-03   -0.91525E+00   -0.14008E-17    0.50113E-18
      1      14.337    0.70393E-03   -0.91262E+00    0.72395E-19    0.80383E-17
      1      14.257    0.66765E-03   -0.91028E+00    0.41371E-17   -0.10490E-16
      1      14.178    0.63871E-03   -0.90809E+00   -0.21882E-18   -0.12282E-16
      1      14.098    0.61482E-03   -0.90595E+00   -0.12381E-17   -0.80061E-17
      1      14.019    0.59452E-03   -0.90380E+00    0.41351E-17   -0.13246E-16
      1      13.940    0.57685E-03   -0.90157E+00    0.45153E-17    0.59322E-17
      1      13.860    0.56117E-03   -0.89924E+00   -0.24052E-17   -0.92900E-17
      1      13.781    0.54702E-03   -0.89676E+00   -0.75230E-17   -0.20716E-17
      1      13.701    0.53411E-03   -0.89415E+00   -0.40912E-17   -0.63994E-17
      1      13.622    0.52230E-03   -0.89139E+00    0.36159E-17    0.99606E-17
      1      13.542    0.51146E-03   -0.88851E+00    0.39082E-18    0.47571E-17
      1      13.463    0.50151E-03   -0.88552E+00    0.26988E-17   -0.80452E-17
      1      13.384    0.49234E-03   -0.88242E+00    0.56328E-17    0.45994E-18
      1      13.304    0.48389E-03   -0.87922E+00    0.44610E-17    0.23055E-16
      1      13.225    0.47608E-03   -0.87591E+00    0.57404E-17    0.34263E-17
      1      13.145    0.46884E-03   -0.87250E+00    0.73496E-17   -0.70577E-17
      1      13.066    0.46213E-03   -0.86898E+00    0.12534E-16    0.15639E-17
      1      12.986    0.45588E-03   -0.86535E+00   -0.10412E-17    0.16440E-16
      1      12.907    0.45006E-03   -0.86162E+00    0.17382E-17    0.79041E-17
      1      12.828    0.44464E-03   -0.85777E+00    0.42325E-17   -0.21062E-16
      1      12.748    0.43960E-03   -0.85382E+00    0.77291E-17    0.93509E-17
      1      12.669    0.43493E-03   -0.84976E+00   -0.35686E-17   -0.96874E-18
      1      12.589    0.43062E-03   -0.84560E+00   -0.10325E-16    0.15272E-17
      1      12.510    0.42666E-03   -0.84136E+00    0.10765E-16    0.33578E-16
      1      12.431    0.42305E-03   -0.83704E+00    0.14573E-17   -0.77157E-18
      1      12.351    0.41978E-03   -0.83265E+00    0.14218E-16    0.10572E-16
      1      12.272    0.41684E-03   -0.82822E+00   -0.34057E-17   -0.16018E-16
      1      12.192    0.41423E-03   -0.82375E+00    0.33326E-17    0.18624E-17
      1      12.113    0.41193E-03   -0.81926E+00    0.52180E-18    0.50871E-17
      1      12.033    0.40994E-03   -0.81477E+00   -0.15289E-16    0.92947E-17
      1      11.954    0.40824E-03   -0.81027E+00   -0.12624E-17    0.82774E-17
      1      11.875    0.40681E-03   -0.80578E+00    0.39162E-18   -0.28773E-16
      1      11.795    0.40563E-03   -0.80130E+00    0.74108E-17    0.49840E-17
      1      11.716    0.40470E-03   -0.79683E+00   -0.86177E-17   -0.80467E-17
      1      11.636    0.40398E-03   -0.79237E+00    0.27379E-17   -0.26441E-17
      1      11.557    0.40346E-03   -0.78793E+00    0.99859E-17   -0.33909E-16
      1      11.477    0.40312E-03   -0.78349E+00    0.20935E-16    0.15153E-16
      1      11.398    0.40297E-03   -0.77906E+00   -0.12028E-16   -0.15983E-17
      1      11.319    0.40299E-03   -0.77465E+00    0.30996E-16   -0.35381E-16
      1      11.239    0.40317E-03   -0.77025E+00   -0.14417E-17   -0.98157E-18
      1      11.160    0.40352E-03   -0.76588E+00    0.34142E-17    0.23789E-16
      1      11.080    0.40404E-03   -0.76155E+00    0.46129E-17    0.98711E-17
      1      11.001    0.40474E-03   -0.75727E+00    0.30676E-16   -0.54749E-16
      1      10.921    0.40562E-03   -0.75304E+00    0.16083E-16   -0.69198E-17
      1      10.842    0.40669E-03   -0.74888E+00   -0.14111E-16    0.21018E-17
      1      10.763    0.40797E-03   -0.74480E+00   -0.15681E-16    0.44412E-16
      1      10.683    0.40944E-03   -0.74080E+00    0.82463E-17   -0.19650E-16
      1      10.604    0.41112E-03   -0.73689E+00   -0.22860E-19    0.89398E-17
      1      10.524    0.41300E-03   -0.73307E+00    0.20345E-16    0.38853E-16
      1      10.445    0.41508E-03   -0.72935E+00   -0.89081E-17   -0.27838E-17
      1      10.366    0.41736E-03   -0.72572E+00   -0.37864E-16    0.37153E-16
      1      10.286    0.41983E-03   -0.72219E+00   -0.17901E-16    0.26880E-17
      1      10.207    0.42250E-03   -0.71876E+00   -0.28206E-16   -0.23039E-16
      1      10.127    0.42535E-03   -0.71541E+00   -0.57887E-17   -0.85649E-18
      1      10.048    0.42838E-03   -0.71216E+00   -0.12121E-16    0.38670E-16
      1       9.968    0.43159E-03   -0.70899E+00    0.12856E-16   -0.88198E-17
      1       9.889    0.43496E-03   -0.70590E+00   -0.57752E-17   -0.10020E-17
      1       9.810    0.43848E-03   -0.70289E+00   -0.12381E-16    0.32745E-16
      1       9.730    0.44217E-03   -0.69993E+00    0.85698E-17   -0.58558E-17
      1       9.651    0.44601E-03   -0.69704E+00   -0.10839E-16   -0.26700E-16
      1       9.571    0.45000E-03   -0.69420E+00   -0.59445E-17    0.50805E-17
      1       9.492    0.45415E-03   -0.69142E+00    0.27251E-16   -0.20353E-17
      1       9.412    0.45847E-03   -0.68869E+00   -0.42786E-16    0.17725E-16
      1       9.333    0.46296E-03   -0.68602E+00    0.73922E-17    0.66420E-18
      1       9.254    0.46764E-03   -0.68340E+00    0.13431E-16    0.28808E-17
      1       9.174    0.47251E-03   -0.68086E+00   -0.19826E-16    0.28474E-16
      1       9.095    0.47760E-03   -0.67839E+00   -0.12155E-16    0.32578E-16
      1       9.015    0.48291E-03   -0.67600E+00   -0.19732E-16   -0.13666E-16
      1       8.936    0.48848E-03   -0.67371E+00   -0.16780E-16    0.48517E-17
      1       8.856    0.49431E-03   -0.67153E+00    0.23021E-16    0.29613E-16
      1       8.777    0.50042E-03   -0.66946E+00   -0.51601E-17    0.12961E-16
      1       8.698    0.50682E-03   -0.66750E+00   -0.13491E-16    0.35748E-17
      1       8.618    0.51353E-03   -0.66568E+00   -0.12842E-16    0.19414E-16
      1       8.539    0.52054E-03   -0.66397E+00    0.68408E-17   -0.31793E-16
      1       8.459    0.52786E-03   -0.66240E+00   -0.63663E-17   -0.26268E-17
      1       8.380    0.53549E-03   -0.66094E+00    0.24324E-16   -0.18707E-16
      1       8.301    0.54344E-03   -0.65961E+00    0.46986E-16   -0.39412E-17
      1       8.221    0.55171E-03   -0.65840E+00   -0.37716E-16    0.25765E-16
      1       8.142    0.56031E-03   -0.65732E+00    0.82194E-17    0.89761E-17
      1       8.062    0.56924E-03   -0.65635E+00   -0.33303E-16   -0.28401E-16
      1       7.983    0.57851E-03   -0.65550E+00    0.19620E-16   -0.42379E-18
      1       7.903    0.58811E-03   -0.65475E+00   -0.11555E-17    0.10979E-16
      1       7.824    0.59806E-03   -0.65412E+00    0.26201E-16    0.11447E-16
      1       7.745    0.60835E-03   -0.65359E+00    0.18265E-16    0.30225E-16
      1       7.665    0.61900E-03   -0.65315E+00   -0.22302E-16    0.14143E-16
      1       7.586    0.63000E-03   -0.65281E+00    0.27714E-16   -0.46854E-17
      1       7.506    0.64136E-03   -0.65256E+00   -0.19462E-16    0.37295E-18
      1       7.427    0.65310E-03   -0.65240E+00    0.31126E-16    0.41885E-16
      1       7.347    0.66522E-03   -0.65233E+00    0.22391E-16    0.27145E-16
      1       7.268    0.67774E-03   -0.65234E+00   -0.40290E-16    0.19683E-16
      1       7.189    0.69068E-03   -0.65244E+00    0.77465E-17    0.19785E-16
      1       7.109    0.70405E-03   -0.65262E+00    0.40234E-17    0.65853E-17
      1       7.030    0.71787E-03   -0.65290E+00    0.14711E-16   -0.74212E-17
      1       6.950    0.73216E-03   -0.65327E+00   -0.48406E-16    0.87650E-17
      1       6.871    0.74694E-03   -0.65373E+00    0.18017E-17    0.16632E-16
      1       6.792    0.76224E-03   -0.65429E+00    0.82428E-18   -0.24317E-16
      1       6.712    0.77808E-03   -0.65494E+00   -0.25491E-16    0.26987E-17
      1       6.633    0.79449E-03   -0.65570E+00   -0.45963E-16    0.34273E-16
      1       6.553    0.81147E-03   -0.65655E+00   -0.26036E-16    0.52283E-17
      1       6.474    0.82905E-03   -0.65750E+00   -0.10528E-16   -0.45969E-17
      1       6.394    0.84722E-03   -0.65855E+00   -0.48058E-16    0.16066E-16
      1       6.315    0.86602E-03   -0.65968E+00   -0.30928E-16    0.16619E-16
      1       6.236    0.88546E-03   -0.66092E+00   -0.13047E-16    0.29841E-16
      1       6.156    0.90554E-03   -0.66224E+00    0.54073E-16    0.16810E-16
      1       6.077    0.92630E-03   -0.66365E+00    0.82733E-16    0.58939E-17
      1       5.997    0.94775E-03   -0.66516E+00    0.56180E-16    0.19431E-17
      1       5.918    0.96990E-03   -0.66675E+00    0.17154E-16    0.17241E-17
      1       5.838    0.99278E-03   -0.66843E+00   -0.47020E-16    0.60449E-17
      1       5.759    0.10164E-02   -0.67020E+00    0.29473E-16    0.21077E-16
      1       5.680    0.10408E-02   -0.67206E+00    0.31224E-16   -0.15608E-16
      1       5.600    0.10660E-02   -0.67401E+00   -0.44184E-16   -0.66374E-17
      1       5.521    0.10920E-02   -0.67604E+00    0.10513E-16    0.18971E-16
      1       5.441    0.11189E-02   -0.67817E+00   -0.58622E-16    0.10913E-16
      1       5.362    0.11466E-02   -0.68038E+00   -0.29556E-16   -0.11957E-16
      1       5.282    0.11753E-02   -0.68267E+00   -0.11893E-15    0.17241E-16
      1       5.203    0.12048E-02   -0.68505E+00    0.29733E-17    0.28335E-17
      1       5.124    0.12354E-02   -0.68750E+00   -0.33130E-16    0.11082E-16
      1       5.044    0.12668E-02   -0.69004E+00   -0.11960E-15    0.33476E-17
      1       4.965    0.12993E-02   -0.69265E+00   -0.44189E-16   -0.58062E-17
      1       4.885    0.13328E-02   -0.69535E+00   -0.14839E-16    0.11274E-16
      1       4.806    0.13674E-02   -0.69812E+00   -0.79647E-16    0.15375E-17
      1       4.727    0.14031E-02   -0.70097E+00   -0.89740E-16    0.18936E-16
      1       4.647    0.14398E-02   -0.70388E+00    0.13453E-15    0.11074E-17
      1       4.568    0.14776E-02   -0.70685E+00    0.48656E-16    0.85992E-17
      1       4.488    0.15162E-02   -0.70984E+00    0.49306E-16    0.13341E-16
      1       4.409    0.15555E-02   -0.71282E+00   -0.23813E-17    0.21938E-17
      1       4.329    0.15951E-02   -0.71574E+00    0.15400E-15    0.21023E-17
      1       4.250    0.16346E-02   -0.71854E+00    0.73971E-16   -0.81189E-18
      1       4.171    0.16732E-02   -0.72114E+00    0.11410E-15    0.18868E-16
      1       4.091    0.17101E-02   -0.72342E+00   -0.10083E-15   -0.16843E-16
      1       4.012    0.17444E-02   -0.72529E+00   -0.82591E-16   -0.62608E-17
      1       3.932    0.17747E-02   -0.72662E+00   -0.71224E-16    0.31565E-18
      1       3.853    0.17999E-02   -0.72727E+00   -0.93582E-16   -0.21327E-17
      1       3.773    0.18186E-02   -0.72713E+00    0.21601E-16   -0.24323E-17
      1       3.694    0.18298E-02   -0.72606E+00   -0.23882E-15   -0.77077E-17
      1       3.615    0.18325E-02   -0.72395E+00   -0.12652E-16    0.39230E-17
      1       3.535    0.18263E-02   -0.72074E+00    0.86905E-16   -0.91128E-17
      1       3.456    0.18114E-02   -0.71640E+00   -0.17692E-15   -0.44958E-17
      1       3.376    0.17885E-02   -0.71097E+00    0.17450E-15   -0.15923E-16
      1       3.297    0.17587E-02   -0.70448E+00   -0.13856E-15   -0.30917E-17
      1       3.217    0.17232E-02   -0.69703E+00    0.15180E-15   -0.69899E-17
      1       3.138    0.16832E-02   -0.68868E+00   -0.11683E-15   -0.10600E-17
      1       3.059    0.16400E-02   -0.67954E+00    0.40190E-16   -0.18630E-16
      1       2.979    0.15947E-02   -0.66970E+00    0.11474E-16    0.29185E-16
      1       2.900    0.15481E-02   -0.65924E+00   -0.96969E-16    0.62177E-17
      1       2.820    0.15010E-02   -0.64823E+00   -0.66320E-16   -0.31419E-17
      1       2.741    0.14539E-02   -0.63671E+00   -0.77070E-17   -0.17279E-16
      1       2.662    0.14071E-02   -0.62473E+00    0.10226E-15   -0.24834E-17
      1       2.582    0.13609E-02   -0.61230E+00    0.49816E-16   -0.10477E-16
      1       2.503    0.13153E-02   -0.59943E+00   -0.16236E-15   -0.13989E-16
      1       2.423    0.12707E-02   -0.58613E+00    0.17215E-17    0.75247E-18
      1       2.344    0.12270E-02   -0.57241E+00    0.44322E-16   -0.38465E-16
      1       2.264    0.11844E-02   -0.55830E+00    0.17961E-16   -0.13838E-17
      1       2.185    0.11430E-02   -0.54382E+00   -0.39444E-16   -0.93035E-17
      1       2.106    0.11027E-02   -0.52898E+00    0.52483E-16   -0.20776E-16
      1       2.026    0.10637E-02   -0.51380E+00    0.30106E-16   -0.21470E-16
      1       1.947    0.10260E-02   -0.49831E+00   -0.23519E-16   -0.65823E-17
      1       1.867    0.98943E-03   -0.48253E+00    0.88732E-16    0.38479E-18
      1       1.788    0.95411E-03   -0.46649E+00    0.58967E-16    0.95972E-17
      1       1.708    0.91997E-03   -0.45021E+00    0.42912E-16    0.50097E-17
      1       1.629    0.88699E-03   -0.43374E+00    0.40389E-16   -0.31206E-16
      1       1.550    0.85510E-03   -0.41710E+00    0.27419E-16   -0.38259E-16
      1       1.470    0.82411E-03   -0.40025E+00    0.57167E-16   -0.16338E-16
      1       1.391    0.79382E-03   -0.38311E+00   -0.75481E-17   -0.15563E-16
      1       1.311    0.76401E-03   -0.36558E+00    0.68389E-16   -0.47944E-17
      1       1.232    0.73448E-03   -0.34755E+00    0.30898E-16    0.37263E-16
      1       1.152    0.70501E-03   -0.32890E+00    0.66835E-16   -0.52637E-17
      1       1.073    0.67542E-03   -0.30951E+00    0.73044E-16    0.72518E-17
      1       0.994    0.64555E-03   -0.28926E+00   -0.90109E-17   -0.14379E-16
      1       0.914    0.61527E-03   -0.26810E+00    0.35616E-16   -0.41608E-16
      1       0.835    0.58451E-03   -0.24607E+00    0.62415E-16   -0.21457E-16
      1       0.755    0.55340E-03   -0.22357E+00    0.48476E-16   -0.97447E-17
      1       0.676    0.52191E-03   -0.20101E+00    0.10289E-15   -0.22667E-16
      1       0.597    0.48980E-03   -0.17867E+00    0.56404E-16    0.49873E-17
      1       0.517    0.45659E-03   -0.15678E+00    0.78073E-16   -0.18756E-16
      1       0.438    0.42169E-03   -0.13570E+00    0.83171E-16    0.28277E-17
      1       0.358    0.38437E-03   -0.11635E+00    0.70307E-16   -0.44857E-17
      1       0.279    0.34292E-03   -0.98951E-01    0.90131E-16   -0.20527E-16
      1       0.199    0.29267E-03   -0.78326E-01    0.49459E-16   -0.14805E-16
      1       0.120    0.22721E-03   -0.48212E-01    0.49887E-16   -0.86725E-17
