   3N SYSTEM INCLUSIVE  PHOTODESINTEGRATION
        DETECTED PARTICLE: 1- PROTON
        NOT DETECTED PARTICLES:2- PROTON  3-NEUTRON

      OMEGA 0.10000E+03
     MTTWE1,MTTWE2,MTTWE3=    1    1   -1
     TH1LAB,PHI1LAB=   130.000     0.000
   Unit of cross sections ... fm**2/(MeV*sr**2)
      I       E1      CROSS           AX           AY           AZ
      1      52.577    0.27634E-07   -0.50755E-01   -0.28544E-18    0.47532E-17
      1      52.563    0.79226E-05   -0.44745E-01   -0.57193E-17    0.25416E-17
      1      52.557    0.89007E-05   -0.44410E-01    0.88363E-17    0.42472E-17
      1      52.550    0.95157E-05   -0.44383E-01    0.23719E-17   -0.71944E-17
      1      52.543    0.99223E-05   -0.44529E-01   -0.82494E-17   -0.66182E-17
      1      52.537    0.10198E-04   -0.44778E-01   -0.15610E-17   -0.34779E-17
      1      52.530    0.10388E-04   -0.45090E-01   -0.50241E-17   -0.30658E-18
      1      52.523    0.10519E-04   -0.45449E-01   -0.37840E-17    0.41710E-17
      1      52.517    0.10608E-04   -0.45849E-01   -0.55045E-18    0.47589E-17
      1      52.510    0.10667E-04   -0.46285E-01   -0.74926E-17    0.39351E-16
      1      52.503    0.10705E-04   -0.46754E-01    0.86395E-17   -0.14458E-16
      1      52.497    0.10727E-04   -0.47252E-01   -0.32771E-17   -0.13999E-17
      1      52.490    0.10738E-04   -0.47777E-01    0.13014E-17   -0.98476E-17
      1      52.483    0.10741E-04   -0.48327E-01    0.76721E-17   -0.10181E-16
      1      52.477    0.10737E-04   -0.48900E-01   -0.10542E-16   -0.48926E-17
      1      52.470    0.10729E-04   -0.49493E-01   -0.12191E-16    0.12742E-18
      1      52.463    0.10717E-04   -0.50105E-01   -0.32299E-18    0.51915E-17
      1      52.457    0.10704E-04   -0.50735E-01    0.15637E-16    0.12848E-17
      1      52.169    0.10252E-04   -0.76915E-01   -0.25311E-17    0.28560E-17
      1      51.881    0.10066E-04   -0.89303E-01   -0.96810E-17   -0.64920E-17
      1      51.594    0.99936E-05   -0.97042E-01   -0.80489E-17    0.93689E-17
      1      51.306    0.99552E-05   -0.10244E+00   -0.16752E-16    0.13876E-16
      1      51.019    0.99226E-05   -0.10619E+00   -0.15826E-16   -0.26438E-17
      1      50.731    0.98923E-05   -0.10868E+00   -0.18500E-16   -0.17625E-17
      1      50.444    0.98691E-05   -0.11013E+00   -0.16640E-16   -0.15216E-17
      1      50.156    0.98613E-05   -0.11077E+00   -0.13068E-16   -0.10231E-16
      1      49.868    0.98778E-05   -0.11083E+00   -0.23440E-16   -0.14646E-16
      1      49.581    0.99261E-05   -0.11055E+00   -0.80030E-17   -0.49196E-16
      1      49.293    0.10006E-04   -0.11008E+00   -0.16810E-16    0.21148E-16
      1      49.006    0.10113E-04   -0.10957E+00   -0.16282E-16   -0.60130E-17
      1      48.718    0.10246E-04   -0.10915E+00   -0.13827E-16   -0.22214E-17
      1      48.431    0.10403E-04   -0.10893E+00   -0.29444E-16    0.11517E-16
      1      48.143    0.10582E-04   -0.10898E+00   -0.21060E-16    0.72599E-18
      1      47.856    0.10781E-04   -0.10930E+00   -0.22381E-16   -0.24948E-17
      1      47.568    0.10998E-04   -0.10979E+00   -0.14072E-16   -0.58083E-17
      1      47.280    0.11230E-04   -0.11033E+00   -0.10056E-16    0.11340E-17
      1      46.993    0.11474E-04   -0.11077E+00   -0.22850E-16    0.13069E-16
      1      46.705    0.11727E-04   -0.11100E+00   -0.14781E-16    0.24578E-17
      1      46.418    0.11988E-04   -0.11089E+00   -0.88562E-17   -0.15241E-16
      1      46.130    0.12254E-04   -0.11037E+00   -0.13305E-16    0.19906E-16
      1      45.843    0.12525E-04   -0.10940E+00   -0.87530E-17    0.44056E-17
      1      45.555    0.12800E-04   -0.10797E+00   -0.75992E-17    0.13690E-16
      1      45.267    0.13080E-04   -0.10612E+00   -0.40591E-17    0.16568E-16
      1      44.980    0.13368E-04   -0.10396E+00   -0.18880E-16    0.20630E-16
      1      44.692    0.13664E-04   -0.10158E+00   -0.15427E-16   -0.12194E-16
      1      44.405    0.13970E-04   -0.99074E-01   -0.70359E-17   -0.63759E-17
      1      44.117    0.14287E-04   -0.96515E-01   -0.14342E-17    0.18746E-17
      1      43.830    0.14617E-04   -0.93987E-01   -0.20531E-16    0.15113E-16
      1      43.542    0.14958E-04   -0.91560E-01   -0.11461E-16    0.22216E-17
      1      43.255    0.15310E-04   -0.89304E-01   -0.11717E-16    0.84504E-17
      1      42.967    0.15674E-04   -0.87282E-01    0.87350E-17    0.99128E-17
      1      42.679    0.16048E-04   -0.85546E-01   -0.21911E-16    0.21269E-16
      1      42.392    0.16431E-04   -0.84132E-01   -0.60416E-17    0.19906E-16
      1      42.104    0.16822E-04   -0.83049E-01   -0.19917E-16    0.95045E-17
      1      41.817    0.17217E-04   -0.82280E-01   -0.48418E-17    0.91050E-17
      1      41.529    0.17615E-04   -0.81786E-01    0.34477E-17    0.68226E-17
      1      41.242    0.18012E-04   -0.81508E-01   -0.26676E-17    0.20196E-16
      1      40.954    0.18406E-04   -0.81385E-01   -0.19910E-16    0.64335E-17
      1      40.666    0.18793E-04   -0.81354E-01   -0.47172E-17    0.27657E-17
      1      40.379    0.19172E-04   -0.81363E-01    0.28684E-16   -0.11602E-16
      1      40.091    0.19540E-04   -0.81372E-01    0.71559E-17    0.12194E-16
      1      39.804    0.19894E-04   -0.81353E-01    0.10637E-15   -0.31415E-17
      1      39.516    0.20233E-04   -0.81296E-01   -0.15068E-16    0.15712E-16
      1      39.229    0.20556E-04   -0.81205E-01    0.19306E-17    0.24665E-17
      1      38.941    0.20863E-04   -0.81095E-01   -0.41925E-16    0.67111E-17
      1      38.653    0.21152E-04   -0.80996E-01   -0.44174E-16    0.19599E-16
      1      38.366    0.21424E-04   -0.80945E-01    0.30985E-16   -0.62997E-17
      1      38.078    0.21679E-04   -0.80989E-01    0.16776E-16    0.44908E-17
      1      37.791    0.21917E-04   -0.81160E-01   -0.12480E-16    0.12809E-16
      1      37.503    0.22138E-04   -0.81478E-01    0.22157E-16    0.17456E-16
      1      37.216    0.22341E-04   -0.81954E-01    0.38600E-16   -0.21234E-17
      1      36.928    0.22526E-04   -0.82595E-01   -0.54039E-17    0.88354E-17
      1      36.641    0.22693E-04   -0.83419E-01   -0.31616E-16    0.25139E-16
      1      36.353    0.22842E-04   -0.84451E-01   -0.37122E-16    0.93782E-17
      1      36.065    0.22972E-04   -0.85705E-01   -0.41788E-16    0.16658E-16
      1      35.778    0.23084E-04   -0.87187E-01    0.40134E-16    0.55738E-17
      1      35.490    0.23176E-04   -0.88889E-01    0.42512E-17    0.29519E-16
      1      35.203    0.23248E-04   -0.90795E-01   -0.13531E-16    0.16742E-16
      1      34.915    0.23299E-04   -0.92873E-01   -0.18238E-16    0.24555E-16
      1      34.628    0.23328E-04   -0.95080E-01   -0.55202E-17    0.15445E-16
      1      34.340    0.23335E-04   -0.97366E-01   -0.19405E-16    0.25587E-16
      1      34.052    0.23318E-04   -0.99684E-01   -0.35177E-16    0.14410E-16
      1      33.765    0.23279E-04   -0.10199E+00   -0.24631E-16    0.10684E-16
      1      33.477    0.23217E-04   -0.10424E+00    0.16179E-16    0.23706E-16
      1      33.190    0.23134E-04   -0.10641E+00   -0.73242E-17    0.22649E-16
      1      32.902    0.23030E-04   -0.10847E+00   -0.79085E-17    0.13061E-16
      1      32.615    0.22908E-04   -0.11043E+00   -0.26764E-16    0.15987E-16
      1      32.327    0.22770E-04   -0.11228E+00   -0.32870E-16    0.29856E-16
      1      32.040    0.22619E-04   -0.11405E+00   -0.21768E-16    0.12616E-16
      1      31.752    0.22458E-04   -0.11575E+00   -0.16004E-16    0.10798E-16
      1      31.464    0.22290E-04   -0.11746E+00   -0.13633E-16   -0.23516E-17
      1      31.177    0.22118E-04   -0.11922E+00   -0.20268E-16    0.23623E-16
      1      30.889    0.21947E-04   -0.12113E+00   -0.16409E-17    0.22161E-16
      1      30.602    0.21779E-04   -0.12326E+00   -0.16858E-16    0.19052E-16
      1      30.314    0.21616E-04   -0.12570E+00   -0.39666E-16    0.25211E-16
      1      30.027    0.21462E-04   -0.12851E+00   -0.26728E-16    0.21959E-16
      1      29.739    0.21319E-04   -0.13176E+00   -0.20584E-17    0.77456E-17
      1      29.451    0.21186E-04   -0.13547E+00   -0.23520E-16    0.20887E-16
      1      29.164    0.21064E-04   -0.13963E+00   -0.12342E-16    0.25376E-16
      1      28.876    0.20953E-04   -0.14423E+00   -0.20260E-16    0.41803E-16
      1      28.589    0.20852E-04   -0.14924E+00   -0.27368E-16    0.34347E-16
      1      28.301    0.20760E-04   -0.15462E+00   -0.23651E-16    0.26069E-16
      1      28.014    0.20677E-04   -0.16033E+00   -0.23552E-16    0.19582E-16
      1      27.726    0.20603E-04   -0.16633E+00   -0.26191E-16    0.31122E-16
      1      27.439    0.20536E-04   -0.17260E+00    0.36021E-18    0.13004E-16
      1      27.151    0.20478E-04   -0.17907E+00   -0.32093E-16    0.72508E-17
      1      26.863    0.20426E-04   -0.18571E+00   -0.24985E-16    0.33540E-16
      1      26.576    0.20381E-04   -0.19247E+00   -0.22991E-16    0.17910E-16
      1      26.288    0.20342E-04   -0.19930E+00   -0.23101E-16    0.26053E-16
      1      26.001    0.20310E-04   -0.20616E+00   -0.25575E-16    0.24046E-16
      1      25.713    0.20283E-04   -0.21299E+00   -0.11731E-16    0.33221E-16
      1      25.426    0.20263E-04   -0.21976E+00   -0.35492E-17    0.22678E-16
      1      25.138    0.20249E-04   -0.22643E+00   -0.86498E-17    0.17256E-16
      1      24.850    0.20241E-04   -0.23298E+00   -0.15496E-16    0.32761E-16
      1      24.563    0.20241E-04   -0.23937E+00   -0.28709E-16    0.32848E-16
      1      24.275    0.20249E-04   -0.24562E+00   -0.13985E-16    0.16326E-16
      1      23.988    0.20266E-04   -0.25169E+00   -0.74125E-17    0.11445E-16
      1      23.700    0.20294E-04   -0.25759E+00   -0.63329E-17    0.22613E-16
      1      23.413    0.20332E-04   -0.26332E+00    0.10236E-16    0.19850E-16
      1      23.125    0.20383E-04   -0.26888E+00    0.79479E-17    0.19221E-16
      1      22.838    0.20447E-04   -0.27427E+00   -0.24795E-16    0.10237E-17
      1      22.550    0.20525E-04   -0.27950E+00   -0.12125E-16    0.20544E-16
      1      22.262    0.20619E-04   -0.28459E+00    0.48224E-17    0.11668E-16
      1      21.975    0.20728E-04   -0.28953E+00    0.30740E-17    0.13524E-16
      1      21.687    0.20854E-04   -0.29435E+00   -0.12801E-16   -0.67924E-17
      1      21.400    0.20998E-04   -0.29907E+00    0.13272E-16    0.89148E-17
      1      21.112    0.21161E-04   -0.30368E+00   -0.18164E-16    0.11567E-16
      1      20.825    0.21342E-04   -0.30821E+00   -0.20414E-16    0.32482E-16
      1      20.537    0.21543E-04   -0.31267E+00   -0.34323E-16    0.16002E-16
      1      20.249    0.21764E-04   -0.31707E+00   -0.15353E-16    0.16011E-16
      1      19.962    0.22006E-04   -0.32142E+00   -0.54196E-17    0.17492E-16
      1      19.674    0.22268E-04   -0.32571E+00    0.11634E-16    0.11234E-16
      1      19.387    0.22551E-04   -0.32996E+00    0.10113E-16    0.14761E-16
      1      19.099    0.22855E-04   -0.33416E+00   -0.27740E-16    0.86788E-17
      1      18.812    0.23180E-04   -0.33832E+00    0.16064E-16    0.12526E-16
      1      18.524    0.23526E-04   -0.34244E+00    0.19624E-16    0.89760E-18
      1      18.236    0.23895E-04   -0.34652E+00    0.14565E-16    0.42838E-17
      1      17.949    0.24286E-04   -0.35058E+00   -0.17619E-16    0.91171E-17
      1      17.661    0.24700E-04   -0.35462E+00   -0.51113E-17    0.94112E-17
      1      17.374    0.25138E-04   -0.35864E+00   -0.26276E-16   -0.19344E-17
      1      17.086    0.25602E-04   -0.36266E+00    0.59657E-17    0.73039E-18
      1      16.799    0.26091E-04   -0.36668E+00    0.52566E-17    0.40238E-17
      1      16.511    0.26609E-04   -0.37072E+00    0.11187E-17   -0.12479E-17
      1      16.224    0.27156E-04   -0.37479E+00    0.42598E-16    0.81228E-18
      1      15.936    0.27735E-04   -0.37891E+00   -0.31747E-16    0.14054E-16
      1      15.648    0.28349E-04   -0.38310E+00    0.28574E-16    0.10917E-17
      1      15.361    0.29000E-04   -0.38739E+00    0.14888E-16   -0.18047E-17
      1      15.073    0.29691E-04   -0.39179E+00    0.28668E-16    0.61256E-17
      1      14.786    0.30426E-04   -0.39632E+00   -0.10444E-16    0.43083E-17
      1      14.498    0.31209E-04   -0.40099E+00   -0.75753E-17   -0.46532E-18
      1      14.211    0.32043E-04   -0.40582E+00    0.28804E-18    0.14620E-16
      1      13.923    0.32934E-04   -0.41082E+00   -0.59090E-16   -0.25186E-17
      1      13.635    0.33884E-04   -0.41599E+00    0.13103E-16   -0.14132E-16
      1      13.348    0.34897E-04   -0.42131E+00    0.87973E-16    0.62941E-17
      1      13.060    0.35972E-04   -0.42675E+00   -0.61547E-16    0.13627E-16
      1      12.773    0.37101E-04   -0.43221E+00   -0.12683E-15    0.10314E-16
      1      12.485    0.38263E-04   -0.43751E+00    0.16774E-15    0.28328E-17
      1      12.198    0.39417E-04   -0.44235E+00    0.37704E-16   -0.37543E-17
      1      11.910    0.40492E-04   -0.44628E+00   -0.11994E-15   -0.53960E-19
      1      11.623    0.41391E-04   -0.44865E+00   -0.91648E-17   -0.95091E-18
      1      11.335    0.41998E-04   -0.44876E+00    0.10518E-15    0.36117E-18
      1      11.047    0.42224E-04   -0.44599E+00   -0.18313E-16    0.13618E-16
      1      10.760    0.42057E-04   -0.44022E+00    0.23025E-16   -0.81046E-18
      1      10.472    0.41575E-04   -0.43186E+00    0.27324E-15   -0.29841E-17
      1      10.185    0.40903E-04   -0.42163E+00    0.54411E-16   -0.26051E-17
      1       9.897    0.40157E-04   -0.41016E+00    0.10053E-15   -0.84555E-17
      1       9.610    0.39422E-04   -0.39797E+00   -0.27672E-17    0.83172E-18
      1       9.322    0.38751E-04   -0.38537E+00    0.37535E-16    0.37987E-17
      1       9.034    0.38173E-04   -0.37252E+00   -0.11757E-16   -0.11535E-16
      1       8.747    0.37703E-04   -0.35951E+00    0.78930E-16   -0.52948E-17
      1       8.459    0.37346E-04   -0.34638E+00   -0.24436E-16    0.93320E-17
      1       8.172    0.37104E-04   -0.33311E+00    0.26616E-17   -0.15885E-16
      1       7.884    0.36980E-04   -0.31972E+00    0.33378E-16    0.17265E-17
      1       7.597    0.36974E-04   -0.30619E+00    0.22720E-16   -0.42641E-17
      1       7.309    0.37088E-04   -0.29254E+00    0.93320E-16    0.61091E-17
      1       7.022    0.37327E-04   -0.27879E+00    0.16634E-16   -0.13051E-16
      1       6.734    0.37694E-04   -0.26499E+00    0.58355E-16   -0.10130E-16
      1       6.446    0.38193E-04   -0.25119E+00    0.47753E-16   -0.48709E-17
      1       6.159    0.38828E-04   -0.23745E+00   -0.22822E-17   -0.31250E-17
      1       5.871    0.39606E-04   -0.22385E+00    0.52676E-16   -0.51128E-18
      1       5.584    0.40529E-04   -0.21048E+00    0.17795E-16    0.85317E-17
      1       5.296    0.41604E-04   -0.19745E+00    0.54286E-16    0.87702E-17
      1       5.009    0.42836E-04   -0.18487E+00    0.50838E-16   -0.11085E-16
      1       4.721    0.44228E-04   -0.17288E+00    0.94184E-17   -0.51509E-17
      1       4.433    0.45784E-04   -0.16164E+00    0.42615E-16   -0.55553E-17
      1       4.146    0.47505E-04   -0.15129E+00    0.62001E-16   -0.22969E-16
      1       3.858    0.49373E-04   -0.14178E+00    0.42073E-16   -0.71518E-17
      1       3.571    0.51353E-04   -0.13287E+00    0.56933E-16   -0.45691E-18
      1       3.283    0.53394E-04   -0.12427E+00    0.48258E-16    0.29124E-17
      1       2.996    0.55426E-04   -0.11563E+00    0.29673E-16   -0.47375E-17
      1       2.708    0.57361E-04   -0.10662E+00    0.19260E-16   -0.49904E-17
      1       2.421    0.59092E-04   -0.96974E-01    0.55420E-16   -0.90000E-17
      1       2.133    0.60486E-04   -0.86513E-01    0.52618E-16   -0.71757E-17
      1       1.845    0.61381E-04   -0.75206E-01    0.29729E-16   -0.46725E-17
      1       1.558    0.61617E-04   -0.63635E-01    0.45537E-16   -0.12401E-17
      1       1.270    0.60991E-04   -0.52825E-01    0.54118E-16   -0.10288E-16
      1       0.983    0.59097E-04   -0.43430E-01    0.69271E-16   -0.43219E-17
      1       0.695    0.55133E-04   -0.35727E-01    0.24856E-16   -0.61145E-17
      1       0.408    0.47283E-04   -0.29192E-01    0.53345E-16   -0.19495E-17
      1       0.120    0.28829E-04   -0.14005E-01    0.33092E-16   -0.73981E-17
