   3N SYSTEM INCLUSIVE  PHOTODESINTEGRATION
        DETECTED PARTICLE: 1- PROTON
        NOT DETECTED PARTICLES:2- PROTON  3-NEUTRON

      OMEGA 0.10000E+03
     MTTWE1,MTTWE2,MTTWE3=    1    1   -1
     TH1LAB,PHI1LAB=    90.000     0.000
   Unit of cross sections ... fm**2/(MeV*sr**2)
      I       E1      CROSS           AX           AY           AZ
      1      59.746    0.57715E-07   -0.60012E-01   -0.98193E-18   -0.12295E-16
      1      59.733    0.16749E-04   -0.55749E-01   -0.52982E-18    0.14007E-17
      1      59.726    0.18869E-04   -0.56210E-01    0.74284E-17    0.14755E-17
      1      59.720    0.20210E-04   -0.56919E-01    0.11625E-16    0.12181E-16
      1      59.713    0.21100E-04   -0.57742E-01    0.83507E-18   -0.19401E-18
      1      59.706    0.21702E-04   -0.58614E-01   -0.67623E-19    0.15047E-17
      1      59.700    0.22112E-04   -0.59495E-01   -0.29232E-16   -0.43910E-16
      1      59.693    0.22390E-04   -0.60374E-01    0.68012E-17   -0.10728E-17
      1      59.686    0.22573E-04   -0.61255E-01   -0.41032E-16   -0.75224E-16
      1      59.680    0.22688E-04   -0.62146E-01    0.35014E-17    0.24586E-18
      1      59.673    0.22754E-04   -0.63049E-01    0.97424E-17    0.24714E-17
      1      59.666    0.22784E-04   -0.63968E-01   -0.18675E-16    0.28864E-16
      1      59.660    0.22786E-04   -0.64906E-01   -0.63924E-17    0.33822E-16
      1      59.653    0.22769E-04   -0.65862E-01   -0.11043E-16   -0.57844E-17
      1      59.646    0.22737E-04   -0.66839E-01   -0.27342E-17   -0.88947E-18
      1      59.640    0.22695E-04   -0.67837E-01    0.62456E-17    0.18938E-17
      1      59.633    0.22645E-04   -0.68855E-01    0.10276E-17   -0.26653E-17
      1      59.626    0.22590E-04   -0.69895E-01   -0.39876E-17    0.56229E-17
      1      59.300    0.20668E-04   -0.12083E+00   -0.55983E-17   -0.85015E-17
      1      58.973    0.19875E-04   -0.14557E+00   -0.16733E-16   -0.46688E-16
      1      58.646    0.19469E-04   -0.15966E+00    0.27028E-17   -0.19436E-17
      1      58.319    0.19197E-04   -0.16844E+00    0.43166E-17   -0.16188E-16
      1      57.992    0.18979E-04   -0.17392E+00   -0.51457E-17   -0.12911E-16
      1      57.665    0.18796E-04   -0.17714E+00    0.37551E-18    0.19811E-16
      1      57.338    0.18654E-04   -0.17875E+00   -0.50674E-17    0.81015E-17
      1      57.011    0.18568E-04   -0.17936E+00   -0.91061E-17   -0.39095E-17
      1      56.684    0.18556E-04   -0.17954E+00    0.16262E-17   -0.19693E-16
      1      56.357    0.18625E-04   -0.17972E+00    0.50333E-17   -0.99392E-17
      1      56.030    0.18767E-04   -0.18010E+00   -0.57145E-17   -0.14334E-16
      1      55.703    0.18974E-04   -0.18085E+00   -0.50762E-17    0.56062E-18
      1      55.376    0.19241E-04   -0.18214E+00   -0.52323E-17   -0.21650E-16
      1      55.049    0.19564E-04   -0.18402E+00   -0.97333E-18   -0.19942E-16
      1      54.722    0.19935E-04   -0.18641E+00   -0.83897E-17    0.17367E-17
      1      54.395    0.20343E-04   -0.18905E+00   -0.16951E-16   -0.25133E-17
      1      54.068    0.20779E-04   -0.19160E+00   -0.36060E-17   -0.58837E-17
      1      53.741    0.21229E-04   -0.19371E+00    0.64538E-17   -0.22383E-16
      1      53.414    0.21683E-04   -0.19506E+00    0.30397E-17   -0.28535E-16
      1      53.087    0.22129E-04   -0.19539E+00   -0.48530E-17   -0.19774E-17
      1      52.760    0.22562E-04   -0.19450E+00   -0.13015E-16   -0.15047E-16
      1      52.433    0.22974E-04   -0.19230E+00   -0.17593E-16    0.94670E-17
      1      52.106    0.23363E-04   -0.18875E+00   -0.25525E-16   -0.15016E-16
      1      51.779    0.23733E-04   -0.18404E+00   -0.25637E-16    0.20178E-16
      1      51.453    0.24091E-04   -0.17848E+00   -0.20060E-16   -0.74503E-17
      1      51.126    0.24444E-04   -0.17236E+00   -0.11117E-16   -0.18262E-16
      1      50.799    0.24798E-04   -0.16594E+00   -0.15558E-16   -0.16756E-16
      1      50.472    0.25157E-04   -0.15948E+00   -0.19220E-16   -0.10073E-16
      1      50.145    0.25525E-04   -0.15320E+00   -0.39150E-16   -0.56258E-17
      1      49.818    0.25904E-04   -0.14733E+00   -0.42185E-16   -0.13747E-16
      1      49.491    0.26296E-04   -0.14202E+00   -0.15559E-16   -0.96405E-17
      1      49.164    0.26702E-04   -0.13741E+00   -0.22332E-16   -0.16211E-16
      1      48.837    0.27119E-04   -0.13358E+00   -0.23664E-16   -0.95076E-17
      1      48.510    0.27547E-04   -0.13058E+00   -0.20520E-16    0.23879E-17
      1      48.183    0.27981E-04   -0.12836E+00   -0.39753E-16   -0.12288E-16
      1      47.856    0.28415E-04   -0.12682E+00   -0.48777E-16   -0.35259E-17
      1      47.529    0.28843E-04   -0.12584E+00   -0.31827E-16   -0.49215E-17
      1      47.202    0.29258E-04   -0.12526E+00   -0.27452E-16   -0.12018E-17
      1      46.875    0.29654E-04   -0.12494E+00   -0.50237E-16   -0.12394E-16
      1      46.548    0.30024E-04   -0.12474E+00   -0.52845E-16    0.19708E-17
      1      46.221    0.30363E-04   -0.12459E+00   -0.40756E-16   -0.31486E-16
      1      45.894    0.30668E-04   -0.12441E+00    0.38443E-16   -0.17290E-16
      1      45.567    0.30935E-04   -0.12418E+00    0.97869E-17   -0.12757E-16
      1      45.240    0.31165E-04   -0.12391E+00    0.22003E-16   -0.25448E-16
      1      44.913    0.31357E-04   -0.12365E+00   -0.35031E-16   -0.47138E-17
      1      44.586    0.31512E-04   -0.12344E+00    0.82076E-16   -0.27076E-16
      1      44.259    0.31631E-04   -0.12338E+00   -0.79903E-17   -0.98483E-17
      1      43.932    0.31717E-04   -0.12353E+00   -0.38285E-17   -0.14644E-16
      1      43.605    0.31770E-04   -0.12391E+00    0.24520E-15   -0.57399E-16
      1      43.279    0.31790E-04   -0.12455E+00   -0.35471E-16   -0.11695E-17
      1      42.952    0.31776E-04   -0.12543E+00   -0.79075E-16   -0.20329E-18
      1      42.625    0.31729E-04   -0.12657E+00   -0.92791E-16   -0.70327E-17
      1      42.298    0.31650E-04   -0.12799E+00   -0.80219E-16   -0.62807E-17
      1      41.971    0.31541E-04   -0.12970E+00   -0.60950E-16   -0.10536E-16
      1      41.644    0.31402E-04   -0.13166E+00    0.83483E-16   -0.17847E-16
      1      41.317    0.31232E-04   -0.13385E+00   -0.97060E-16    0.77340E-17
      1      40.990    0.31030E-04   -0.13620E+00   -0.10069E-15    0.18923E-16
      1      40.663    0.30795E-04   -0.13861E+00    0.74066E-17   -0.10647E-16
      1      40.336    0.30526E-04   -0.14099E+00    0.49021E-17   -0.85553E-17
      1      40.009    0.30221E-04   -0.14323E+00   -0.67705E-16   -0.56217E-17
      1      39.682    0.29880E-04   -0.14523E+00   -0.70404E-17   -0.65775E-17
      1      39.355    0.29504E-04   -0.14689E+00   -0.39199E-16    0.48561E-17
      1      39.028    0.29094E-04   -0.14815E+00   -0.65974E-16    0.27967E-17
      1      38.701    0.28652E-04   -0.14896E+00   -0.65965E-16   -0.16681E-16
      1      38.374    0.28184E-04   -0.14929E+00   -0.70262E-16    0.99872E-17
      1      38.047    0.27693E-04   -0.14918E+00   -0.58920E-16    0.17865E-16
      1      37.720    0.27186E-04   -0.14867E+00   -0.73515E-16    0.80701E-17
      1      37.393    0.26669E-04   -0.14786E+00   -0.39096E-16   -0.34236E-17
      1      37.066    0.26150E-04   -0.14689E+00   -0.34044E-16    0.11841E-16
      1      36.739    0.25637E-04   -0.14595E+00   -0.71184E-16    0.20538E-16
      1      36.412    0.25137E-04   -0.14524E+00   -0.91245E-16    0.16090E-16
      1      36.085    0.24658E-04   -0.14498E+00   -0.42714E-16    0.28070E-16
      1      35.758    0.24205E-04   -0.14538E+00   -0.29683E-16   -0.21123E-17
      1      35.432    0.23784E-04   -0.14663E+00   -0.31338E-16   -0.10336E-16
      1      35.105    0.23397E-04   -0.14887E+00   -0.44686E-16    0.75371E-17
      1      34.778    0.23046E-04   -0.15217E+00   -0.37936E-16    0.14090E-16
      1      34.451    0.22730E-04   -0.15652E+00   -0.48057E-16    0.28671E-16
      1      34.124    0.22445E-04   -0.16184E+00   -0.61443E-16    0.31800E-16
      1      33.797    0.22189E-04   -0.16803E+00   -0.52631E-16    0.19938E-16
      1      33.470    0.21960E-04   -0.17500E+00   -0.36722E-16    0.83732E-17
      1      33.143    0.21754E-04   -0.18265E+00   -0.64619E-16    0.27279E-16
      1      32.816    0.21571E-04   -0.19088E+00   -0.27940E-16   -0.15746E-17
      1      32.489    0.21408E-04   -0.19956E+00   -0.36780E-17    0.12614E-16
      1      32.162    0.21262E-04   -0.20859E+00   -0.47208E-16    0.10570E-16
      1      31.835    0.21131E-04   -0.21786E+00   -0.68653E-16    0.11092E-16
      1      31.508    0.21014E-04   -0.22726E+00   -0.23144E-16    0.87722E-17
      1      31.181    0.20910E-04   -0.23670E+00   -0.31273E-16    0.78984E-18
      1      30.854    0.20815E-04   -0.24606E+00   -0.70010E-17   -0.12311E-16
      1      30.527    0.20730E-04   -0.25528E+00   -0.49859E-16    0.54369E-17
      1      30.200    0.20653E-04   -0.26428E+00   -0.25965E-16    0.62173E-17
      1      29.873    0.20583E-04   -0.27300E+00   -0.41731E-16    0.11929E-16
      1      29.546    0.20522E-04   -0.28141E+00    0.14491E-16   -0.16786E-16
      1      29.219    0.20469E-04   -0.28951E+00   -0.20273E-16   -0.51478E-17
      1      28.892    0.20426E-04   -0.29729E+00   -0.16955E-16   -0.84122E-17
      1      28.565    0.20393E-04   -0.30475E+00    0.11272E-16    0.71976E-17
      1      28.238    0.20372E-04   -0.31192E+00   -0.13238E-16   -0.44171E-17
      1      27.911    0.20363E-04   -0.31880E+00   -0.17170E-16   -0.11995E-16
      1      27.585    0.20368E-04   -0.32543E+00    0.38133E-16   -0.54919E-17
      1      27.258    0.20387E-04   -0.33183E+00   -0.82434E-17    0.10930E-16
      1      26.931    0.20423E-04   -0.33802E+00    0.51390E-17   -0.19366E-16
      1      26.604    0.20476E-04   -0.34404E+00   -0.31747E-16   -0.13108E-16
      1      26.277    0.20548E-04   -0.34994E+00   -0.36136E-16   -0.10537E-16
      1      25.950    0.20639E-04   -0.35573E+00   -0.15480E-16    0.40133E-16
      1      25.623    0.20750E-04   -0.36146E+00    0.36859E-16   -0.61127E-17
      1      25.296    0.20883E-04   -0.36714E+00   -0.39482E-16    0.18921E-16
      1      24.969    0.21037E-04   -0.37280E+00   -0.56644E-16    0.27624E-17
      1      24.642    0.21214E-04   -0.37845E+00    0.89751E-17   -0.10316E-16
      1      24.315    0.21413E-04   -0.38410E+00   -0.10316E-16    0.54108E-17
      1      23.988    0.21635E-04   -0.38974E+00   -0.83469E-17    0.19057E-16
      1      23.661    0.21879E-04   -0.39537E+00    0.58828E-17    0.17868E-16
      1      23.334    0.22146E-04   -0.40099E+00   -0.49277E-16    0.22090E-16
      1      23.007    0.22435E-04   -0.40659E+00    0.31100E-16   -0.28731E-16
      1      22.680    0.22746E-04   -0.41216E+00   -0.12968E-16    0.11588E-16
      1      22.353    0.23081E-04   -0.41772E+00   -0.44645E-16    0.14518E-17
      1      22.026    0.23438E-04   -0.42326E+00   -0.15391E-16    0.51122E-17
      1      21.699    0.23820E-04   -0.42879E+00   -0.34146E-18    0.28039E-16
      1      21.372    0.24226E-04   -0.43429E+00   -0.28096E-16    0.12391E-16
      1      21.045    0.24657E-04   -0.43980E+00   -0.48505E-17    0.17267E-16
      1      20.718    0.25115E-04   -0.44530E+00   -0.19923E-16   -0.19824E-16
      1      20.391    0.25601E-04   -0.45081E+00    0.35265E-16    0.14267E-16
      1      20.064    0.26117E-04   -0.45635E+00    0.14946E-17   -0.11746E-16
      1      19.738    0.26665E-04   -0.46195E+00   -0.16587E-16   -0.28944E-17
      1      19.411    0.27250E-04   -0.46763E+00    0.13989E-16   -0.49912E-17
      1      19.084    0.27872E-04   -0.47341E+00   -0.83872E-16    0.17983E-18
      1      18.757    0.28537E-04   -0.47931E+00    0.39688E-16    0.14019E-16
      1      18.430    0.29247E-04   -0.48536E+00    0.15548E-16   -0.10138E-16
      1      18.103    0.30007E-04   -0.49159E+00    0.78991E-16   -0.30740E-16
      1      17.776    0.30820E-04   -0.49799E+00   -0.24479E-16    0.30383E-17
      1      17.449    0.31690E-04   -0.50460E+00    0.34732E-16    0.84242E-17
      1      17.122    0.32620E-04   -0.51141E+00   -0.89413E-17   -0.25079E-16
      1      16.795    0.33609E-04   -0.51840E+00    0.38184E-16   -0.98034E-17
      1      16.468    0.34654E-04   -0.52551E+00   -0.10092E-15   -0.12031E-16
      1      16.141    0.35739E-04   -0.53263E+00    0.62195E-16    0.17771E-16
      1      15.814    0.36837E-04   -0.53953E+00    0.11545E-15   -0.14926E-16
      1      15.487    0.37896E-04   -0.54585E+00   -0.16584E-15   -0.13557E-16
      1      15.160    0.38842E-04   -0.55105E+00   -0.79600E-16    0.38508E-18
      1      14.833    0.39579E-04   -0.55450E+00   -0.14716E-15   -0.17361E-16
      1      14.506    0.40020E-04   -0.55560E+00   -0.13739E-15   -0.39207E-17
      1      14.179    0.40117E-04   -0.55403E+00   -0.17603E-15   -0.68685E-17
      1      13.852    0.39892E-04   -0.54995E+00    0.33794E-16    0.14857E-16
      1      13.525    0.39426E-04   -0.54388E+00   -0.23940E-15    0.27641E-17
      1      13.198    0.38819E-04   -0.53650E+00    0.60106E-16   -0.45273E-17
      1      12.871    0.38161E-04   -0.52836E+00   -0.59476E-16   -0.14275E-16
      1      12.544    0.37518E-04   -0.51985E+00    0.19627E-15    0.31905E-17
      1      12.217    0.36929E-04   -0.51115E+00   -0.12333E-15    0.88681E-17
      1      11.891    0.36417E-04   -0.50236E+00   -0.10349E-15   -0.84834E-18
      1      11.564    0.35994E-04   -0.49346E+00   -0.13343E-15    0.18861E-16
      1      11.237    0.35665E-04   -0.48441E+00    0.63027E-16   -0.23724E-16
      1      10.910    0.35435E-04   -0.47517E+00   -0.52380E-16    0.44756E-17
      1      10.583    0.35306E-04   -0.46566E+00   -0.63748E-16   -0.19558E-18
      1      10.256    0.35279E-04   -0.45583E+00    0.24654E-16   -0.12574E-16
      1       9.929    0.35359E-04   -0.44562E+00    0.31229E-16    0.19150E-16
      1       9.602    0.35550E-04   -0.43500E+00    0.23102E-16   -0.87585E-17
      1       9.275    0.35858E-04   -0.42395E+00    0.50237E-16   -0.34215E-17
      1       8.948    0.36289E-04   -0.41245E+00    0.10638E-16   -0.67524E-17
      1       8.621    0.36847E-04   -0.40048E+00    0.10902E-16   -0.28188E-16
      1       8.294    0.37540E-04   -0.38808E+00    0.12300E-16    0.11488E-16
      1       7.967    0.38377E-04   -0.37527E+00    0.52151E-16    0.37888E-17
      1       7.640    0.39367E-04   -0.36214E+00    0.34478E-16   -0.38891E-18
      1       7.313    0.40523E-04   -0.34883E+00    0.21441E-16   -0.19237E-16
      1       6.986    0.41862E-04   -0.33552E+00   -0.18847E-16   -0.49661E-17
      1       6.659    0.43401E-04   -0.32245E+00   -0.10559E-16    0.70578E-17
      1       6.332    0.45163E-04   -0.30992E+00    0.17081E-17    0.50995E-17
      1       6.005    0.47167E-04   -0.29815E+00    0.55843E-16   -0.29024E-17
      1       5.678    0.49410E-04   -0.28704E+00    0.25362E-16   -0.56575E-18
      1       5.351    0.51871E-04   -0.27628E+00    0.25385E-16    0.29392E-17
      1       5.024    0.54514E-04   -0.26545E+00    0.25904E-16    0.78479E-17
      1       4.697    0.57287E-04   -0.25408E+00    0.33807E-16    0.18536E-17
      1       4.370    0.60126E-04   -0.24169E+00    0.35763E-16   -0.11646E-18
      1       4.044    0.62960E-04   -0.22791E+00    0.58780E-17   -0.45504E-17
      1       3.717    0.65713E-04   -0.21249E+00    0.29421E-16    0.49544E-17
      1       3.390    0.68304E-04   -0.19536E+00    0.46542E-16   -0.10572E-17
      1       3.063    0.70671E-04   -0.17682E+00    0.20665E-16    0.28217E-17
      1       2.736    0.72858E-04   -0.15846E+00    0.43423E-16   -0.92256E-17
      1       2.409    0.74882E-04   -0.14189E+00    0.43535E-16   -0.80930E-17
      1       2.082    0.76672E-04   -0.12829E+00    0.79232E-16   -0.43913E-17
      1       1.755    0.78060E-04   -0.11869E+00    0.84846E-16   -0.11142E-16
      1       1.428    0.78728E-04   -0.11417E+00    0.67867E-16   -0.49183E-17
      1       1.101    0.78024E-04   -0.11528E+00    0.70971E-16    0.25874E-17
      1       0.774    0.73932E-04   -0.11477E+00    0.45800E-16    0.30711E-17
      1       0.447    0.61845E-04   -0.90213E-01    0.72649E-16   -0.62463E-17
      1       0.120    0.33815E-04   -0.28251E-01    0.56933E-16   -0.37419E-17
