   3N SYSTEM INCLUSIVE  PHOTODESINTEGRATION
        DETECTED PARTICLE: 1- PROTON
        NOT DETECTED PARTICLES:2- PROTON  3-NEUTRON

      OMEGA 0.10000E+03
     MTTWE1,MTTWE2,MTTWE3=    1    1   -1
     TH1LAB,PHI1LAB=    10.000     0.000
   Unit of cross sections ... fm**2/(MeV*sr**2)
      I       E1      CROSS           AX           AY           AZ
      1      72.660    0.84758E-07   -0.11064E+00    0.71026E-18   -0.42419E-17
      1      72.647    0.25041E-04   -0.11016E+00   -0.30500E-17   -0.10549E-16
      1      72.640    0.28397E-04   -0.10979E+00   -0.29498E-17    0.37334E-16
      1      72.634    0.30591E-04   -0.10941E+00   -0.18480E-17   -0.64508E-18
      1      72.627    0.32098E-04   -0.10900E+00   -0.32523E-18    0.64027E-17
      1      72.620    0.33162E-04   -0.10859E+00    0.13839E-17    0.45014E-17
      1      72.614    0.33925E-04   -0.10816E+00   -0.33807E-17   -0.30269E-17
      1      72.607    0.34475E-04   -0.10773E+00    0.61464E-17    0.11376E-16
      1      72.600    0.34871E-04   -0.10730E+00    0.39603E-17    0.15500E-16
      1      72.594    0.35155E-04   -0.10686E+00   -0.67339E-17    0.13048E-16
      1      72.587    0.35353E-04   -0.10643E+00   -0.13648E-17    0.17946E-16
      1      72.580    0.35488E-04   -0.10601E+00    0.18856E-17   -0.94740E-17
      1      72.574    0.35575E-04   -0.10559E+00   -0.10048E-16    0.29562E-17
      1      72.567    0.35624E-04   -0.10517E+00    0.81799E-17   -0.93820E-17
      1      72.560    0.35645E-04   -0.10477E+00    0.40028E-18   -0.41480E-17
      1      72.554    0.35644E-04   -0.10437E+00    0.68530E-18   -0.36666E-17
      1      72.547    0.35627E-04   -0.10398E+00   -0.19132E-18   -0.26553E-17
      1      72.540    0.35597E-04   -0.10360E+00   -0.67190E-18   -0.12159E-17
      1      72.142    0.33482E-04   -0.91866E-01   -0.42517E-17    0.74813E-18
      1      71.744    0.32747E-04   -0.86170E-01   -0.48802E-17    0.28583E-16
      1      71.346    0.32442E-04   -0.82047E-01   -0.43858E-17    0.10721E-16
      1      70.949    0.32242E-04   -0.78642E-01   -0.14349E-17    0.39656E-17
      1      70.551    0.32090E-04   -0.75579E-01    0.48754E-20    0.88851E-17
      1      70.153    0.32011E-04   -0.72666E-01   -0.25538E-17    0.37152E-18
      1      69.755    0.32049E-04   -0.69821E-01   -0.25530E-17    0.14889E-16
      1      69.357    0.32241E-04   -0.67042E-01   -0.59469E-18   -0.26150E-18
      1      68.959    0.32606E-04   -0.64362E-01   -0.25587E-17    0.68972E-17
      1      68.561    0.33114E-04   -0.61819E-01   -0.47093E-18    0.19243E-16
      1      68.163    0.33732E-04   -0.59445E-01   -0.26266E-17   -0.35622E-17
      1      67.765    0.34433E-04   -0.57262E-01   -0.36358E-17    0.19922E-17
      1      67.367    0.35192E-04   -0.55271E-01   -0.67955E-17    0.62710E-17
      1      66.969    0.35990E-04   -0.53454E-01   -0.33870E-17   -0.70193E-17
      1      66.572    0.36806E-04   -0.51773E-01   -0.29341E-17   -0.41582E-17
      1      66.174    0.37627E-04   -0.50188E-01   -0.33855E-17    0.67304E-17
      1      65.776    0.38438E-04   -0.48659E-01   -0.50726E-17   -0.55890E-17
      1      65.378    0.39228E-04   -0.47147E-01   -0.37848E-17   -0.52432E-17
      1      64.980    0.39986E-04   -0.45622E-01   -0.58943E-17    0.26741E-17
      1      64.582    0.40702E-04   -0.44061E-01   -0.72947E-17    0.45024E-17
      1      64.184    0.41372E-04   -0.42450E-01   -0.33232E-17    0.18922E-17
      1      63.786    0.41992E-04   -0.40812E-01   -0.20386E-17    0.48302E-17
      1      63.388    0.42565E-04   -0.39181E-01   -0.50512E-17   -0.16807E-17
      1      62.990    0.43087E-04   -0.37588E-01   -0.74976E-17   -0.13651E-17
      1      62.592    0.43557E-04   -0.36063E-01   -0.11667E-16    0.17755E-17
      1      62.194    0.43972E-04   -0.34623E-01   -0.65017E-17   -0.35640E-17
      1      61.797    0.44327E-04   -0.33283E-01   -0.27770E-17   -0.10265E-17
      1      61.399    0.44619E-04   -0.32049E-01   -0.76224E-17    0.66553E-17
      1      61.001    0.44845E-04   -0.30925E-01   -0.29934E-17   -0.29308E-17
      1      60.603    0.45002E-04   -0.29906E-01   -0.11071E-16   -0.60985E-17
      1      60.205    0.45088E-04   -0.28983E-01   -0.10611E-16   -0.55481E-17
      1      59.807    0.45102E-04   -0.28144E-01   -0.97916E-17   -0.27322E-17
      1      59.409    0.45044E-04   -0.27372E-01   -0.59040E-17   -0.30370E-17
      1      59.011    0.44915E-04   -0.26650E-01   -0.44078E-17   -0.26998E-17
      1      58.613    0.44717E-04   -0.25963E-01   -0.49902E-17   -0.30097E-18
      1      58.215    0.44452E-04   -0.25297E-01   -0.92287E-17   -0.14470E-17
      1      57.817    0.44123E-04   -0.24644E-01   -0.40061E-17   -0.48579E-18
      1      57.419    0.43733E-04   -0.23996E-01   -0.92435E-17   -0.26269E-17
      1      57.022    0.43283E-04   -0.23351E-01   -0.10197E-16    0.62219E-17
      1      56.624    0.42778E-04   -0.22710E-01   -0.63836E-17   -0.17112E-17
      1      56.226    0.42221E-04   -0.22076E-01    0.77362E-17   -0.68789E-18
      1      55.828    0.41612E-04   -0.21456E-01    0.12956E-16   -0.75159E-17
      1      55.430    0.40956E-04   -0.20856E-01   -0.47660E-17   -0.77496E-18
      1      55.032    0.40256E-04   -0.20284E-01   -0.92594E-17   -0.27473E-17
      1      54.634    0.39513E-04   -0.19742E-01   -0.88605E-17   -0.74592E-18
      1      54.236    0.38732E-04   -0.19233E-01   -0.45190E-17   -0.85329E-18
      1      53.838    0.37917E-04   -0.18755E-01   -0.13096E-16   -0.16615E-17
      1      53.440    0.37071E-04   -0.18306E-01   -0.13625E-16    0.28649E-17
      1      53.042    0.36202E-04   -0.17882E-01   -0.12878E-16   -0.15774E-17
      1      52.645    0.35315E-04   -0.17477E-01   -0.22588E-16    0.12181E-17
      1      52.247    0.34413E-04   -0.17085E-01    0.56210E-17    0.42878E-17
      1      51.849    0.33503E-04   -0.16702E-01   -0.15381E-19   -0.57994E-17
      1      51.451    0.32589E-04   -0.16321E-01   -0.11453E-16   -0.28899E-17
      1      51.053    0.31676E-04   -0.15934E-01   -0.11001E-16    0.68386E-18
      1      50.655    0.30770E-04   -0.15530E-01   -0.10532E-16   -0.25170E-17
      1      50.257    0.29873E-04   -0.15102E-01   -0.12238E-16   -0.26342E-17
      1      49.859    0.28991E-04   -0.14646E-01   -0.15461E-16   -0.52582E-17
      1      49.461    0.28128E-04   -0.14158E-01   -0.75854E-17   -0.41900E-17
      1      49.063    0.27287E-04   -0.13641E-01   -0.84274E-17    0.12054E-17
      1      48.665    0.26472E-04   -0.13099E-01   -0.61711E-17   -0.13567E-17
      1      48.267    0.25684E-04   -0.12537E-01   -0.13112E-16   -0.14436E-17
      1      47.870    0.24927E-04   -0.11962E-01   -0.31535E-17   -0.59613E-17
      1      47.472    0.24201E-04   -0.11386E-01   -0.53974E-17   -0.43554E-17
      1      47.074    0.23508E-04   -0.10827E-01   -0.59059E-17   -0.59177E-17
      1      46.676    0.22848E-04   -0.10299E-01   -0.11004E-16    0.40358E-17
      1      46.278    0.22220E-04   -0.98155E-02   -0.11314E-16    0.20460E-17
      1      45.880    0.21623E-04   -0.93902E-02   -0.74760E-17    0.14665E-17
      1      45.482    0.21057E-04   -0.90315E-02    0.20288E-17   -0.36071E-17
      1      45.084    0.20521E-04   -0.87437E-02   -0.65056E-17    0.18556E-17
      1      44.686    0.20013E-04   -0.85286E-02   -0.48336E-17    0.24458E-17
      1      44.288    0.19532E-04   -0.83826E-02   -0.76649E-17    0.65797E-18
      1      43.890    0.19076E-04   -0.83002E-02   -0.21676E-17    0.10701E-16
      1      43.493    0.18643E-04   -0.82745E-02   -0.10277E-17    0.23730E-17
      1      43.095    0.18231E-04   -0.82983E-02    0.16027E-17    0.10004E-17
      1      42.697    0.17841E-04   -0.83658E-02   -0.57572E-17    0.92160E-17
      1      42.299    0.17470E-04   -0.84724E-02    0.75049E-17    0.13650E-16
      1      41.901    0.17118E-04   -0.86118E-02    0.25765E-17    0.34913E-17
      1      41.503    0.16783E-04   -0.87761E-02   -0.55817E-17    0.65464E-17
      1      41.105    0.16466E-04   -0.89584E-02    0.56608E-17    0.72212E-17
      1      40.707    0.16165E-04   -0.91530E-02    0.81775E-19    0.23135E-17
      1      40.309    0.15881E-04   -0.93541E-02    0.11744E-16    0.47364E-17
      1      39.911    0.15611E-04   -0.95571E-02    0.34905E-17    0.11110E-16
      1      39.513    0.15357E-04   -0.97579E-02   -0.29785E-17    0.65275E-17
      1      39.115    0.15118E-04   -0.99540E-02   -0.41505E-17    0.72467E-17
      1      38.718    0.14892E-04   -0.10143E-01   -0.21451E-17    0.93468E-17
      1      38.320    0.14681E-04   -0.10326E-01    0.79706E-17    0.64365E-17
      1      37.922    0.14482E-04   -0.10503E-01    0.68491E-17    0.97279E-17
      1      37.524    0.14297E-04   -0.10675E-01    0.88748E-17    0.16817E-16
      1      37.126    0.14124E-04   -0.10844E-01    0.50178E-17    0.13449E-16
      1      36.728    0.13963E-04   -0.11011E-01    0.56277E-17    0.39129E-17
      1      36.330    0.13813E-04   -0.11179E-01    0.40681E-17    0.17332E-16
      1      35.932    0.13675E-04   -0.11350E-01    0.11306E-17    0.25426E-17
      1      35.534    0.13548E-04   -0.11531E-01    0.61664E-17    0.11236E-16
      1      35.136    0.13431E-04   -0.11725E-01    0.22053E-16    0.47494E-17
      1      34.738    0.13325E-04   -0.11937E-01    0.23160E-16    0.11615E-16
      1      34.341    0.13229E-04   -0.12169E-01    0.22024E-16   -0.62048E-17
      1      33.943    0.13142E-04   -0.12426E-01    0.21384E-16    0.65808E-17
      1      33.545    0.13065E-04   -0.12707E-01    0.67792E-17    0.17984E-16
      1      33.147    0.12996E-04   -0.13014E-01    0.89843E-17    0.27413E-16
      1      32.749    0.12937E-04   -0.13349E-01    0.73301E-17    0.11236E-16
      1      32.351    0.12886E-04   -0.13709E-01    0.13579E-16    0.23960E-17
      1      31.953    0.12844E-04   -0.14096E-01   -0.99740E-18    0.21545E-17
      1      31.555    0.12810E-04   -0.14509E-01    0.11143E-16    0.24032E-16
      1      31.157    0.12785E-04   -0.14946E-01    0.40675E-17    0.11161E-16
      1      30.759    0.12767E-04   -0.15409E-01    0.16334E-16    0.89889E-17
      1      30.361    0.12758E-04   -0.15896E-01    0.25703E-16    0.12846E-16
      1      29.963    0.12757E-04   -0.16408E-01   -0.21631E-17    0.11884E-16
      1      29.566    0.12764E-04   -0.16945E-01    0.17221E-16   -0.11492E-17
      1      29.168    0.12780E-04   -0.17506E-01    0.97724E-18   -0.30546E-17
      1      28.770    0.12804E-04   -0.18093E-01    0.96546E-17    0.36945E-18
      1      28.372    0.12836E-04   -0.18706E-01    0.62729E-17   -0.32593E-17
      1      27.974    0.12877E-04   -0.19346E-01    0.19459E-16   -0.29554E-17
      1      27.576    0.12926E-04   -0.20015E-01    0.92054E-17   -0.60554E-17
      1      27.178    0.12983E-04   -0.20713E-01    0.32535E-16   -0.48045E-18
      1      26.780    0.13049E-04   -0.21444E-01    0.20094E-16    0.18601E-16
      1      26.382    0.13124E-04   -0.22209E-01    0.11157E-16   -0.51282E-17
      1      25.984    0.13208E-04   -0.23010E-01    0.22007E-16    0.17509E-16
      1      25.586    0.13301E-04   -0.23851E-01    0.22533E-16    0.63693E-18
      1      25.189    0.13404E-04   -0.24734E-01    0.37278E-16   -0.10182E-16
      1      24.791    0.13516E-04   -0.25660E-01   -0.53037E-18    0.17367E-17
      1      24.393    0.13639E-04   -0.26630E-01    0.55894E-17    0.41291E-17
      1      23.995    0.13771E-04   -0.27641E-01    0.34252E-16    0.20496E-17
      1      23.597    0.13912E-04   -0.28683E-01    0.90114E-17   -0.40619E-17
      1      23.199    0.14058E-04   -0.29735E-01    0.36897E-16   -0.11294E-17
      1      22.801    0.14203E-04   -0.30759E-01    0.22939E-16   -0.30453E-17
      1      22.403    0.14337E-04   -0.31692E-01    0.15921E-16    0.60644E-17
      1      22.005    0.14443E-04   -0.32449E-01    0.14195E-16    0.20215E-16
      1      21.607    0.14505E-04   -0.32934E-01    0.34976E-16   -0.21448E-17
      1      21.209    0.14512E-04   -0.33088E-01    0.18059E-17   -0.47481E-17
      1      20.811    0.14468E-04   -0.32925E-01    0.21940E-16    0.68394E-17
      1      20.414    0.14388E-04   -0.32522E-01    0.24852E-16    0.14800E-16
      1      20.016    0.14290E-04   -0.31968E-01    0.24952E-16   -0.50651E-17
      1      19.618    0.14189E-04   -0.31338E-01    0.26462E-16   -0.10928E-16
      1      19.220    0.14096E-04   -0.30681E-01    0.39344E-17   -0.25836E-16
      1      18.822    0.14017E-04   -0.30027E-01    0.11906E-16    0.66529E-17
      1      18.424    0.13957E-04   -0.29389E-01    0.53376E-17    0.50931E-17
      1      18.026    0.13919E-04   -0.28771E-01    0.19090E-16   -0.33511E-17
      1      17.628    0.13905E-04   -0.28173E-01    0.30032E-17   -0.11384E-16
      1      17.230    0.13917E-04   -0.27593E-01    0.15967E-16    0.11369E-16
      1      16.832    0.13959E-04   -0.27025E-01    0.27342E-16   -0.85156E-17
      1      16.434    0.14034E-04   -0.26467E-01    0.35096E-16   -0.11074E-17
      1      16.037    0.14145E-04   -0.25914E-01    0.25964E-16   -0.75065E-17
      1      15.639    0.14296E-04   -0.25362E-01    0.46686E-16   -0.97193E-17
      1      15.241    0.14490E-04   -0.24804E-01    0.41823E-16   -0.22158E-16
      1      14.843    0.14732E-04   -0.24234E-01    0.30381E-16   -0.21078E-16
      1      14.445    0.15026E-04   -0.23644E-01   -0.89794E-17    0.14856E-16
      1      14.047    0.15377E-04   -0.23029E-01    0.44091E-16   -0.93811E-17
      1      13.649    0.15790E-04   -0.22385E-01    0.32322E-16   -0.14347E-16
      1      13.251    0.16269E-04   -0.21713E-01    0.52774E-16   -0.74295E-18
      1      12.853    0.16822E-04   -0.21018E-01    0.26624E-16    0.86063E-18
      1      12.455    0.17453E-04   -0.20311E-01    0.16150E-16   -0.13660E-16
      1      12.057    0.18169E-04   -0.19611E-01    0.97263E-17    0.38062E-17
      1      11.659    0.18977E-04   -0.18939E-01    0.24086E-16   -0.11968E-16
      1      11.262    0.19886E-04   -0.18323E-01    0.36474E-16    0.10796E-16
      1      10.864    0.20904E-04   -0.17778E-01    0.25935E-16    0.17747E-16
      1      10.466    0.22045E-04   -0.17291E-01    0.41145E-16    0.38353E-17
      1      10.068    0.23321E-04   -0.16831E-01    0.41617E-16    0.78717E-17
      1       9.670    0.24744E-04   -0.16353E-01   -0.52314E-17   -0.42341E-17
      1       9.272    0.26330E-04   -0.15811E-01    0.41001E-16    0.10399E-16
      1       8.874    0.28092E-04   -0.15165E-01    0.21518E-16   -0.22672E-17
      1       8.476    0.30047E-04   -0.14392E-01    0.95860E-16    0.14108E-16
      1       8.078    0.32212E-04   -0.13486E-01    0.87499E-16   -0.14320E-17
      1       7.680    0.34603E-04   -0.12467E-01    0.24501E-16    0.17066E-17
      1       7.282    0.37238E-04   -0.11373E-01    0.68397E-16   -0.11686E-16
      1       6.885    0.40124E-04   -0.10304E-01    0.32004E-16   -0.41222E-18
      1       6.487    0.43253E-04   -0.93535E-02    0.78138E-16   -0.16919E-17
      1       6.089    0.46604E-04   -0.85499E-02    0.70358E-16    0.46613E-18
      1       5.691    0.50149E-04   -0.79096E-02    0.58608E-16   -0.53127E-17
      1       5.293    0.53850E-04   -0.74925E-02    0.52494E-16   -0.38690E-17
      1       4.895    0.57667E-04   -0.74517E-02    0.73164E-16    0.83654E-17
      1       4.497    0.61562E-04   -0.80721E-02    0.18202E-16   -0.15669E-17
      1       4.099    0.65496E-04   -0.97702E-02    0.55530E-16    0.22851E-17
      1       3.701    0.69481E-04   -0.12356E-01    0.52464E-16   -0.11413E-16
      1       3.303    0.73476E-04   -0.14518E-01    0.31510E-16   -0.13666E-18
      1       2.905    0.77303E-04   -0.14797E-01    0.50780E-16    0.27742E-17
      1       2.507    0.80694E-04   -0.12495E-01    0.58517E-16    0.12001E-17
      1       2.110    0.83294E-04   -0.81939E-02    0.65971E-16   -0.82382E-17
      1       1.712    0.84531E-04   -0.37543E-02    0.38502E-16   -0.39395E-17
      1       1.314    0.83239E-04   -0.14973E-02    0.41358E-16   -0.16465E-17
      1       0.916    0.77358E-04   -0.15559E-02    0.29169E-16   -0.32789E-17
      1       0.518    0.63503E-04   -0.13371E-02    0.24779E-16   -0.28908E-17
      1       0.120    0.32954E-04   -0.21581E-03    0.40380E-16    0.29763E-17
