   3N SYSTEM INCLUSIVE  PHOTODESINTEGRATION
        DETECTED PARTICLE: 1- PROTON
        NOT DETECTED PARTICLES:2- PROTON  3-NEUTRON

      OMEGA 0.30000E+02
     MTTWE1,MTTWE2,MTTWE3=    1    1   -1
     TH1LAB,PHI1LAB=    50.000     0.000
   Unit of cross sections ... fm**2/(MeV*sr**2)
      I       E1      CROSS           AX           AY           AZ
      1      15.877    0.30622E-05   -0.91008E+00   -0.83033E-18   -0.27996E-17
      1      15.864    0.88110E-03   -0.90821E+00   -0.19187E-17   -0.13603E-18
      1      15.857    0.98562E-03   -0.90768E+00   -0.28872E-18   -0.27824E-17
      1      15.850    0.10471E-02   -0.90718E+00    0.31744E-18    0.56953E-19
      1      15.844    0.10836E-02   -0.90672E+00   -0.11974E-17    0.14434E-17
      1      15.837    0.11044E-02   -0.90627E+00    0.35910E-18    0.25083E-18
      1      15.830    0.11151E-02   -0.90584E+00    0.22445E-17   -0.10806E-17
      1      15.824    0.11190E-02   -0.90544E+00    0.37073E-17   -0.34084E-18
      1      15.817    0.11183E-02   -0.90505E+00    0.93363E-18   -0.18243E-17
      1      15.810    0.11146E-02   -0.90469E+00   -0.20136E-17    0.11358E-17
      1      15.804    0.11088E-02   -0.90434E+00   -0.47936E-17   -0.53983E-17
      1      15.797    0.11016E-02   -0.90401E+00    0.11626E-18   -0.38258E-17
      1      15.790    0.10936E-02   -0.90370E+00    0.82818E-18    0.84363E-18
      1      15.784    0.10851E-02   -0.90341E+00   -0.57634E-17   -0.41584E-17
      1      15.777    0.10765E-02   -0.90313E+00    0.18728E-17   -0.30455E-17
      1      15.770    0.10677E-02   -0.90287E+00    0.49805E-18    0.36090E-18
      1      15.764    0.10589E-02   -0.90262E+00    0.17278E-17   -0.41185E-18
      1      15.757    0.10501E-02   -0.90238E+00   -0.24601E-17    0.18869E-17
      1      15.671    0.94857E-03   -0.89979E+00    0.94357E-18    0.10824E-17
      1      15.585    0.86995E-03   -0.89754E+00    0.16028E-17   -0.16230E-17
      1      15.499    0.81037E-03   -0.89549E+00   -0.81457E-17    0.89785E-18
      1      15.413    0.76409E-03   -0.89357E+00   -0.35313E-17   -0.22655E-17
      1      15.327    0.72678E-03   -0.89168E+00    0.15374E-17   -0.26755E-16
      1      15.241    0.69571E-03   -0.88973E+00   -0.33924E-17   -0.13567E-16
      1      15.156    0.66912E-03   -0.88768E+00   -0.59761E-19    0.17821E-17
      1      15.070    0.64585E-03   -0.88548E+00   -0.12800E-17   -0.39023E-18
      1      14.984    0.62512E-03   -0.88312E+00    0.49868E-18   -0.10415E-16
      1      14.898    0.60638E-03   -0.88056E+00   -0.53847E-18   -0.38840E-17
      1      14.812    0.58928E-03   -0.87782E+00    0.60446E-17   -0.11983E-16
      1      14.726    0.57359E-03   -0.87489E+00    0.11813E-16   -0.22396E-17
      1      14.640    0.55915E-03   -0.87180E+00    0.10348E-16    0.62707E-17
      1      14.554    0.54581E-03   -0.86854E+00   -0.20053E-18   -0.12048E-16
      1      14.468    0.53343E-03   -0.86513E+00    0.38069E-17    0.13159E-17
      1      14.382    0.52193E-03   -0.86156E+00    0.80133E-17   -0.79055E-17
      1      14.296    0.51121E-03   -0.85785E+00   -0.26678E-17    0.88376E-17
      1      14.210    0.50120E-03   -0.85399E+00   -0.13755E-16   -0.20933E-16
      1      14.125    0.49182E-03   -0.84997E+00   -0.15320E-17    0.10210E-16
      1      14.039    0.48303E-03   -0.84581E+00    0.98561E-18   -0.16494E-16
      1      13.953    0.47477E-03   -0.84149E+00    0.67445E-17   -0.10088E-16
      1      13.867    0.46702E-03   -0.83703E+00    0.13855E-17   -0.12306E-16
      1      13.781    0.45974E-03   -0.83242E+00   -0.73144E-17   -0.13438E-16
      1      13.695    0.45293E-03   -0.82767E+00   -0.29939E-17   -0.12191E-16
      1      13.609    0.44656E-03   -0.82280E+00    0.66208E-17   -0.11673E-16
      1      13.523    0.44060E-03   -0.81781E+00    0.34345E-17   -0.17960E-17
      1      13.437    0.43505E-03   -0.81271E+00    0.37908E-17    0.30497E-16
      1      13.351    0.42988E-03   -0.80752E+00   -0.81481E-17   -0.36057E-16
      1      13.265    0.42507E-03   -0.80225E+00    0.62224E-17    0.30841E-16
      1      13.179    0.42062E-03   -0.79691E+00    0.43836E-17    0.37734E-17
      1      13.094    0.41651E-03   -0.79151E+00    0.11253E-16    0.74439E-17
      1      13.008    0.41271E-03   -0.78607E+00    0.11237E-16    0.20930E-16
      1      12.922    0.40921E-03   -0.78059E+00    0.18411E-16    0.17271E-16
      1      12.836    0.40599E-03   -0.77507E+00   -0.10824E-16    0.28959E-16
      1      12.750    0.40303E-03   -0.76952E+00    0.10569E-16    0.34230E-16
      1      12.664    0.40031E-03   -0.76393E+00   -0.17795E-16    0.12902E-16
      1      12.578    0.39783E-03   -0.75832E+00    0.13396E-16   -0.66034E-17
      1      12.492    0.39556E-03   -0.75267E+00   -0.92834E-17    0.24417E-16
      1      12.406    0.39351E-03   -0.74700E+00    0.35878E-17    0.58948E-17
      1      12.320    0.39165E-03   -0.74132E+00    0.29817E-16    0.34506E-17
      1      12.234    0.39000E-03   -0.73562E+00   -0.12576E-16    0.11762E-16
      1      12.148    0.38854E-03   -0.72991E+00   -0.94965E-17   -0.15981E-16
      1      12.063    0.38728E-03   -0.72422E+00   -0.66796E-17    0.16841E-16
      1      11.977    0.38621E-03   -0.71855E+00    0.17769E-16    0.75883E-17
      1      11.891    0.38536E-03   -0.71292E+00    0.99121E-17    0.20407E-16
      1      11.805    0.38471E-03   -0.70733E+00    0.11841E-16    0.92875E-17
      1      11.719    0.38426E-03   -0.70179E+00    0.84751E-17   -0.12510E-16
      1      11.633    0.38402E-03   -0.69632E+00    0.10123E-16   -0.23113E-16
      1      11.547    0.38399E-03   -0.69092E+00    0.69176E-17    0.10776E-16
      1      11.461    0.38415E-03   -0.68559E+00    0.18133E-16   -0.48105E-17
      1      11.375    0.38452E-03   -0.68034E+00    0.26777E-16   -0.75777E-17
      1      11.289    0.38509E-03   -0.67517E+00    0.22132E-17    0.18367E-16
      1      11.203    0.38585E-03   -0.67010E+00    0.46100E-18    0.12296E-16
      1      11.117    0.38679E-03   -0.66511E+00   -0.92419E-18   -0.23353E-16
      1      11.031    0.38792E-03   -0.66020E+00   -0.76769E-17   -0.87837E-17
      1      10.946    0.38922E-03   -0.65539E+00    0.38732E-17    0.34368E-16
      1      10.860    0.39070E-03   -0.65066E+00    0.93897E-17    0.18387E-16
      1      10.774    0.39234E-03   -0.64601E+00   -0.39758E-17    0.83908E-17
      1      10.688    0.39416E-03   -0.64144E+00    0.13559E-16    0.34600E-16
      1      10.602    0.39614E-03   -0.63695E+00   -0.48876E-17    0.86479E-17
      1      10.516    0.39828E-03   -0.63253E+00   -0.10481E-16    0.26879E-16
      1      10.430    0.40060E-03   -0.62819E+00    0.23674E-16    0.11091E-16
      1      10.344    0.40310E-03   -0.62393E+00   -0.72074E-17    0.62061E-17
      1      10.258    0.40578E-03   -0.61974E+00   -0.50693E-17   -0.56198E-17
      1      10.172    0.40864E-03   -0.61564E+00    0.35490E-16   -0.54912E-18
      1      10.086    0.41171E-03   -0.61163E+00    0.57399E-17    0.78526E-17
      1      10.000    0.41499E-03   -0.60773E+00    0.35686E-17    0.64401E-17
      1       9.915    0.41849E-03   -0.60394E+00    0.45375E-16   -0.13342E-16
      1       9.829    0.42222E-03   -0.60028E+00   -0.41694E-17   -0.24689E-16
      1       9.743    0.42619E-03   -0.59676E+00    0.20947E-16    0.35263E-16
      1       9.657    0.43040E-03   -0.59338E+00   -0.15338E-16    0.15562E-16
      1       9.571    0.43487E-03   -0.59015E+00    0.50222E-17    0.41051E-16
      1       9.485    0.43960E-03   -0.58708E+00    0.75221E-17    0.20780E-16
      1       9.399    0.44459E-03   -0.58416E+00   -0.34289E-16    0.21286E-16
      1       9.313    0.44983E-03   -0.58140E+00    0.68349E-17    0.60408E-16
      1       9.227    0.45534E-03   -0.57881E+00    0.13957E-16    0.21387E-16
      1       9.141    0.46112E-03   -0.57637E+00   -0.49714E-16    0.31584E-17
      1       9.055    0.46717E-03   -0.57408E+00    0.28538E-17    0.14833E-16
      1       8.969    0.47350E-03   -0.57196E+00    0.49678E-17   -0.85911E-17
      1       8.884    0.48010E-03   -0.56999E+00   -0.90196E-17    0.15246E-16
      1       8.798    0.48699E-03   -0.56817E+00   -0.74446E-17    0.27596E-16
      1       8.712    0.49416E-03   -0.56651E+00    0.92750E-17    0.11421E-16
      1       8.626    0.50162E-03   -0.56498E+00    0.66914E-17    0.17744E-16
      1       8.540    0.50937E-03   -0.56361E+00    0.13465E-17    0.24069E-16
      1       8.454    0.51742E-03   -0.56237E+00    0.90926E-17    0.32727E-16
      1       8.368    0.52578E-03   -0.56126E+00    0.12111E-16   -0.16150E-17
      1       8.282    0.53445E-03   -0.56029E+00   -0.23980E-16    0.30331E-16
      1       8.196    0.54343E-03   -0.55946E+00    0.12166E-16    0.83739E-17
      1       8.110    0.55275E-03   -0.55875E+00    0.20974E-16   -0.12304E-16
      1       8.024    0.56241E-03   -0.55819E+00   -0.16586E-16    0.68730E-17
      1       7.938    0.57242E-03   -0.55775E+00    0.46326E-16    0.71334E-17
      1       7.853    0.58280E-03   -0.55746E+00    0.44043E-16    0.38361E-17
      1       7.767    0.59356E-03   -0.55730E+00   -0.40463E-16   -0.10189E-18
      1       7.681    0.60472E-03   -0.55728E+00   -0.17466E-16   -0.67852E-17
      1       7.595    0.61630E-03   -0.55741E+00   -0.23985E-17    0.17666E-16
      1       7.509    0.62830E-03   -0.55768E+00    0.43022E-16    0.68912E-17
      1       7.423    0.64075E-03   -0.55809E+00    0.17825E-16    0.14901E-16
      1       7.337    0.65365E-03   -0.55865E+00    0.18343E-16   -0.53143E-17
      1       7.251    0.66701E-03   -0.55935E+00    0.15787E-16   -0.72910E-18
      1       7.165    0.68083E-03   -0.56019E+00    0.17768E-16   -0.15784E-16
      1       7.079    0.69514E-03   -0.56115E+00   -0.85766E-17    0.33304E-16
      1       6.993    0.70994E-03   -0.56225E+00   -0.47974E-16    0.15361E-17
      1       6.907    0.72524E-03   -0.56349E+00    0.18450E-16    0.13211E-16
      1       6.822    0.74105E-03   -0.56485E+00    0.44888E-16   -0.10082E-16
      1       6.736    0.75739E-03   -0.56634E+00   -0.23287E-16    0.32986E-16
      1       6.650    0.77427E-03   -0.56796E+00   -0.14779E-17    0.13376E-16
      1       6.564    0.79171E-03   -0.56970E+00    0.80504E-16    0.21835E-16
      1       6.478    0.80972E-03   -0.57158E+00   -0.21822E-16    0.19203E-16
      1       6.392    0.82832E-03   -0.57357E+00    0.15488E-16    0.63385E-17
      1       6.306    0.84753E-03   -0.57570E+00    0.78785E-16   -0.17623E-16
      1       6.220    0.86736E-03   -0.57795E+00   -0.41749E-16    0.59622E-17
      1       6.134    0.88785E-03   -0.58032E+00    0.69592E-16   -0.12825E-17
      1       6.048    0.90901E-03   -0.58282E+00    0.52139E-16    0.14381E-16
      1       5.962    0.93085E-03   -0.58545E+00    0.68360E-16    0.62822E-17
      1       5.876    0.95341E-03   -0.58820E+00   -0.10256E-16    0.15603E-16
      1       5.791    0.97668E-03   -0.59107E+00    0.30716E-16    0.68366E-17
      1       5.705    0.10007E-02   -0.59405E+00   -0.52868E-16    0.10066E-16
      1       5.619    0.10255E-02   -0.59716E+00    0.21477E-16   -0.20108E-17
      1       5.533    0.10511E-02   -0.60039E+00    0.11247E-16    0.71857E-17
      1       5.447    0.10775E-02   -0.60375E+00   -0.16096E-16   -0.21877E-16
      1       5.361    0.11047E-02   -0.60721E+00    0.10101E-15   -0.63125E-17
      1       5.275    0.11328E-02   -0.61078E+00    0.30109E-16    0.41929E-17
      1       5.189    0.11615E-02   -0.61441E+00    0.22244E-16   -0.13525E-16
      1       5.103    0.11909E-02   -0.61809E+00    0.79804E-17   -0.87056E-18
      1       5.017    0.12207E-02   -0.62174E+00    0.64289E-16    0.59225E-17
      1       4.931    0.12506E-02   -0.62530E+00   -0.73883E-16   -0.28924E-16
      1       4.845    0.12801E-02   -0.62867E+00   -0.93966E-17   -0.11599E-16
      1       4.760    0.13088E-02   -0.63173E+00    0.55276E-16    0.10388E-16
      1       4.674    0.13360E-02   -0.63436E+00    0.12411E-15   -0.92005E-17
      1       4.588    0.13608E-02   -0.63640E+00    0.13403E-15    0.80957E-17
      1       4.502    0.13825E-02   -0.63769E+00    0.58179E-16    0.77580E-17
      1       4.416    0.14000E-02   -0.63808E+00    0.16093E-15    0.13971E-16
      1       4.330    0.14126E-02   -0.63742E+00    0.85940E-16    0.50572E-17
      1       4.244    0.14196E-02   -0.63556E+00    0.89626E-16   -0.11212E-16
      1       4.158    0.14205E-02   -0.63242E+00   -0.63316E-16   -0.80527E-17
      1       4.072    0.14153E-02   -0.62799E+00    0.92466E-16    0.12412E-16
      1       3.986    0.14046E-02   -0.62231E+00    0.24518E-15    0.13303E-16
      1       3.900    0.13890E-02   -0.61547E+00   -0.33345E-16   -0.27650E-16
      1       3.814    0.13691E-02   -0.60757E+00    0.51305E-16    0.15017E-16
      1       3.729    0.13460E-02   -0.59872E+00   -0.16905E-15   -0.12026E-16
      1       3.643    0.13203E-02   -0.58907E+00    0.68552E-16   -0.28291E-17
      1       3.557    0.12929E-02   -0.57874E+00   -0.39156E-16    0.14409E-16
      1       3.471    0.12643E-02   -0.56785E+00   -0.37049E-16    0.68168E-17
      1       3.385    0.12351E-02   -0.55650E+00    0.31824E-16    0.15063E-16
      1       3.299    0.12057E-02   -0.54476E+00    0.74385E-16   -0.83245E-18
      1       3.213    0.11762E-02   -0.53269E+00   -0.18612E-15   -0.28639E-17
      1       3.127    0.11470E-02   -0.52034E+00   -0.31022E-16   -0.53040E-17
      1       3.041    0.11180E-02   -0.50772E+00   -0.35853E-16   -0.24860E-16
      1       2.955    0.10894E-02   -0.49486E+00    0.10236E-15    0.17041E-16
      1       2.869    0.10613E-02   -0.48178E+00   -0.26504E-16    0.12801E-16
      1       2.783    0.10337E-02   -0.46852E+00   -0.58846E-16   -0.96037E-17
      1       2.698    0.10067E-02   -0.45510E+00   -0.35792E-16   -0.62571E-17
      1       2.612    0.98033E-03   -0.44156E+00   -0.85908E-16   -0.23815E-16
      1       2.526    0.95465E-03   -0.42791E+00    0.38797E-16    0.30734E-17
      1       2.440    0.92964E-03   -0.41418E+00    0.63585E-16   -0.19159E-16
      1       2.354    0.90531E-03   -0.40040E+00    0.59564E-16    0.94612E-17
      1       2.268    0.88166E-03   -0.38659E+00    0.28693E-17    0.48488E-17
      1       2.182    0.85868E-03   -0.37279E+00   -0.32610E-16    0.66469E-17
      1       2.096    0.83635E-03   -0.35901E+00    0.69225E-16   -0.22131E-16
      1       2.010    0.81466E-03   -0.34531E+00    0.13686E-16   -0.11293E-16
      1       1.924    0.79352E-03   -0.33166E+00   -0.20754E-16    0.88150E-17
      1       1.838    0.77284E-03   -0.31804E+00    0.23747E-16   -0.35782E-16
      1       1.752    0.75247E-03   -0.30437E+00    0.15340E-16   -0.22466E-16
      1       1.667    0.73229E-03   -0.29060E+00    0.38070E-16   -0.81918E-17
      1       1.581    0.71217E-03   -0.27666E+00    0.46680E-16   -0.22174E-16
      1       1.495    0.69198E-03   -0.26246E+00   -0.32127E-16   -0.41078E-17
      1       1.409    0.67161E-03   -0.24794E+00    0.14629E-16   -0.53384E-17
      1       1.323    0.65095E-03   -0.23305E+00   -0.15463E-17    0.66041E-17
      1       1.237    0.62994E-03   -0.21778E+00    0.45525E-16   -0.13144E-17
      1       1.151    0.60853E-03   -0.20218E+00    0.65353E-16   -0.10133E-16
      1       1.065    0.58681E-03   -0.18652E+00    0.10492E-15   -0.12024E-16
      1       0.979    0.56477E-03   -0.17106E+00    0.15364E-16   -0.31543E-16
      1       0.893    0.54229E-03   -0.15595E+00    0.53685E-16   -0.49142E-16
      1       0.807    0.51913E-03   -0.14129E+00    0.85265E-16   -0.13277E-16
      1       0.721    0.49503E-03   -0.12726E+00    0.73196E-16   -0.67046E-17
      1       0.636    0.46975E-03   -0.11430E+00    0.68405E-16   -0.75290E-17
      1       0.550    0.44309E-03   -0.10329E+00    0.70326E-16   -0.19377E-17
      1       0.464    0.41385E-03   -0.93669E-01    0.96169E-16    0.12110E-16
      1       0.378    0.37933E-03   -0.81954E-01    0.45084E-16    0.22406E-17
      1       0.292    0.33680E-03   -0.64477E-01    0.67558E-16    0.16344E-17
      1       0.206    0.28448E-03   -0.41654E-01    0.73736E-16    0.67814E-18
      1       0.120    0.21910E-03   -0.21175E-01    0.81362E-16   -0.27491E-16
