   3N SYSTEM INCLUSIVE  PHOTODESINTEGRATION
        DETECTED PARTICLE: 1- PROTON
        NOT DETECTED PARTICLES:2- PROTON  3-NEUTRON

      OMEGA 0.10000E+03
     MTTWE1,MTTWE2,MTTWE3=    1    1   -1
     TH1LAB,PHI1LAB=    90.000     0.000
   Unit of cross sections ... fm**2/(MeV*sr**2)
      I       E1      CROSS           AX           AY           AZ
      1      59.746    0.59642E-07   -0.90457E-01    0.23535E-16   -0.18123E-16
      1      59.733    0.17286E-04   -0.86320E-01   -0.94113E-17   -0.12931E-16
      1      59.726    0.19467E-04   -0.86787E-01   -0.38812E-18    0.82205E-18
      1      59.720    0.20844E-04   -0.87497E-01   -0.27871E-17    0.11884E-16
      1      59.713    0.21755E-04   -0.88324E-01   -0.44315E-17   -0.26041E-17
      1      59.706    0.22370E-04   -0.89199E-01   -0.67967E-17   -0.99917E-17
      1      59.700    0.22786E-04   -0.90086E-01   -0.64742E-17   -0.20002E-16
      1      59.693    0.23066E-04   -0.90972E-01   -0.90245E-17   -0.75542E-17
      1      59.686    0.23249E-04   -0.91862E-01   -0.39454E-17    0.73494E-17
      1      59.680    0.23362E-04   -0.92762E-01   -0.13744E-16   -0.75667E-17
      1      59.673    0.23425E-04   -0.93674E-01   -0.68014E-17   -0.26148E-17
      1      59.666    0.23450E-04   -0.94602E-01   -0.13952E-17    0.51579E-18
      1      59.660    0.23448E-04   -0.95548E-01   -0.21502E-17   -0.82556E-17
      1      59.653    0.23425E-04   -0.96513E-01   -0.45769E-18   -0.48054E-17
      1      59.646    0.23388E-04   -0.97498E-01    0.46218E-18    0.67446E-17
      1      59.640    0.23340E-04   -0.98502E-01   -0.24918E-17   -0.19490E-17
      1      59.633    0.23284E-04   -0.99527E-01    0.54209E-17    0.27646E-17
      1      59.626    0.23224E-04   -0.10057E+00   -0.21108E-16   -0.54001E-17
      1      59.300    0.21179E-04   -0.15123E+00   -0.38070E-17    0.69243E-18
      1      58.973    0.20342E-04   -0.17585E+00    0.43151E-17   -0.17103E-17
      1      58.646    0.19910E-04   -0.18995E+00   -0.31406E-17   -0.11096E-16
      1      58.319    0.19618E-04   -0.19879E+00   -0.11844E-16    0.48371E-17
      1      57.992    0.19382E-04   -0.20436E+00   -0.48167E-17    0.10914E-16
      1      57.665    0.19182E-04   -0.20768E+00   -0.73183E-17   -0.12638E-16
      1      57.338    0.19023E-04   -0.20941E+00   -0.48113E-17   -0.90090E-17
      1      57.011    0.18920E-04   -0.21012E+00   -0.12802E-16    0.95019E-17
      1      56.684    0.18891E-04   -0.21037E+00    0.81262E-17   -0.17884E-16
      1      56.357    0.18944E-04   -0.21058E+00   -0.17724E-17   -0.18332E-16
      1      56.030    0.19069E-04   -0.21093E+00   -0.12394E-16    0.47300E-18
      1      55.703    0.19259E-04   -0.21159E+00    0.24623E-17   -0.25795E-16
      1      55.376    0.19509E-04   -0.21272E+00   -0.41943E-18    0.50060E-17
      1      55.049    0.19813E-04   -0.21439E+00   -0.11252E-17    0.11830E-16
      1      54.722    0.20164E-04   -0.21651E+00   -0.25930E-17   -0.81577E-19
      1      54.395    0.20553E-04   -0.21885E+00   -0.18606E-16    0.10459E-16
      1      54.068    0.20967E-04   -0.22109E+00    0.34079E-18    0.57787E-17
      1      53.741    0.21396E-04   -0.22291E+00   -0.61220E-17   -0.88305E-17
      1      53.414    0.21828E-04   -0.22402E+00   -0.17179E-16   -0.25506E-16
      1      53.087    0.22253E-04   -0.22416E+00   -0.14914E-17   -0.85324E-17
      1      52.760    0.22663E-04   -0.22316E+00   -0.19978E-16   -0.71212E-17
      1      52.433    0.23053E-04   -0.22091E+00   -0.22762E-16    0.68954E-17
      1      52.106    0.23421E-04   -0.21738E+00   -0.22012E-16    0.46472E-17
      1      51.779    0.23769E-04   -0.21275E+00   -0.28126E-16    0.13734E-17
      1      51.453    0.24106E-04   -0.20730E+00   -0.18285E-16    0.11793E-16
      1      51.126    0.24437E-04   -0.20131E+00   -0.15586E-16   -0.11636E-16
      1      50.799    0.24768E-04   -0.19504E+00   -0.13807E-16   -0.15972E-16
      1      50.472    0.25104E-04   -0.18872E+00   -0.21826E-16   -0.12699E-16
      1      50.145    0.25450E-04   -0.18259E+00   -0.34187E-16   -0.21724E-16
      1      49.818    0.25806E-04   -0.17683E+00   -0.41661E-16   -0.57500E-17
      1      49.491    0.26176E-04   -0.17162E+00   -0.81701E-17   -0.62956E-17
      1      49.164    0.26558E-04   -0.16707E+00   -0.29243E-16   -0.14411E-17
      1      48.837    0.26952E-04   -0.16327E+00   -0.21504E-16   -0.10996E-16
      1      48.510    0.27356E-04   -0.16025E+00   -0.12160E-16   -0.10808E-16
      1      48.183    0.27766E-04   -0.15797E+00   -0.45557E-16   -0.10918E-16
      1      47.856    0.28176E-04   -0.15633E+00   -0.54171E-16   -0.70981E-17
      1      47.529    0.28581E-04   -0.15521E+00   -0.30159E-16    0.54745E-17
      1      47.202    0.28972E-04   -0.15447E+00   -0.21670E-16    0.23364E-19
      1      46.875    0.29345E-04   -0.15397E+00   -0.46658E-16   -0.31648E-17
      1      46.548    0.29692E-04   -0.15359E+00   -0.44873E-16    0.31718E-17
      1      46.221    0.30011E-04   -0.15324E+00   -0.40830E-16   -0.25700E-16
      1      45.894    0.30295E-04   -0.15286E+00    0.48784E-16   -0.13258E-16
      1      45.567    0.30545E-04   -0.15244E+00    0.81741E-17   -0.93397E-17
      1      45.240    0.30757E-04   -0.15198E+00    0.12523E-16   -0.29530E-16
      1      44.913    0.30933E-04   -0.15152E+00   -0.19267E-16    0.59360E-17
      1      44.586    0.31074E-04   -0.15112E+00    0.75883E-16   -0.13404E-16
      1      44.259    0.31181E-04   -0.15086E+00   -0.22483E-16   -0.13569E-16
      1      43.932    0.31256E-04   -0.15079E+00    0.83612E-17   -0.49323E-17
      1      43.605    0.31300E-04   -0.15095E+00    0.24919E-15   -0.52013E-16
      1      43.279    0.31313E-04   -0.15136E+00   -0.19115E-16   -0.11593E-17
      1      42.952    0.31293E-04   -0.15200E+00   -0.85746E-16    0.14275E-16
      1      42.625    0.31242E-04   -0.15289E+00   -0.10675E-15   -0.15477E-16
      1      42.298    0.31162E-04   -0.15405E+00   -0.61699E-16   -0.33736E-17
      1      41.971    0.31052E-04   -0.15549E+00   -0.64360E-16   -0.45381E-17
      1      41.644    0.30914E-04   -0.15719E+00    0.78794E-16   -0.25866E-16
      1      41.317    0.30748E-04   -0.15910E+00   -0.70036E-16   -0.74863E-17
      1      40.990    0.30551E-04   -0.16117E+00   -0.96223E-16    0.95339E-18
      1      40.663    0.30323E-04   -0.16332E+00    0.21485E-17   -0.91674E-17
      1      40.336    0.30062E-04   -0.16544E+00    0.33045E-17   -0.54302E-17
      1      40.009    0.29768E-04   -0.16744E+00   -0.55223E-16    0.98663E-17
      1      39.682    0.29440E-04   -0.16923E+00   -0.31417E-16   -0.15061E-16
      1      39.355    0.29079E-04   -0.17071E+00   -0.38889E-16   -0.13881E-16
      1      39.028    0.28685E-04   -0.17183E+00   -0.62512E-16   -0.59614E-17
      1      38.701    0.28263E-04   -0.17254E+00   -0.69977E-16   -0.12213E-16
      1      38.374    0.27815E-04   -0.17282E+00   -0.81204E-16    0.13855E-18
      1      38.047    0.27346E-04   -0.17269E+00   -0.62558E-16    0.15140E-16
      1      37.720    0.26862E-04   -0.17220E+00   -0.61929E-16   -0.33890E-17
      1      37.393    0.26369E-04   -0.17145E+00   -0.52149E-16   -0.12302E-16
      1      37.066    0.25874E-04   -0.17058E+00   -0.13638E-16    0.10083E-16
      1      36.739    0.25385E-04   -0.16975E+00   -0.61912E-16    0.30195E-16
      1      36.412    0.24909E-04   -0.16916E+00   -0.77633E-16    0.18545E-16
      1      36.085    0.24454E-04   -0.16901E+00   -0.55770E-16    0.30180E-16
      1      35.758    0.24024E-04   -0.16951E+00   -0.16422E-16    0.41392E-17
      1      35.432    0.23624E-04   -0.17082E+00   -0.45697E-16    0.90463E-17
      1      35.105    0.23258E-04   -0.17309E+00   -0.57799E-16   -0.15512E-16
      1      34.778    0.22927E-04   -0.17637E+00   -0.40834E-16    0.29569E-16
      1      34.451    0.22629E-04   -0.18066E+00   -0.36598E-16    0.17525E-16
      1      34.124    0.22362E-04   -0.18588E+00   -0.73580E-16    0.29838E-16
      1      33.797    0.22124E-04   -0.19194E+00   -0.70754E-16    0.68048E-17
      1      33.470    0.21911E-04   -0.19875E+00   -0.36687E-16    0.13668E-16
      1      33.143    0.21722E-04   -0.20620E+00   -0.58792E-16    0.17998E-16
      1      32.816    0.21555E-04   -0.21421E+00   -0.36631E-16    0.21422E-16
      1      32.489    0.21407E-04   -0.22266E+00   -0.10141E-16    0.12984E-16
      1      32.162    0.21277E-04   -0.23144E+00   -0.27562E-16    0.24265E-16
      1      31.835    0.21161E-04   -0.24045E+00   -0.58777E-16    0.12915E-16
      1      31.508    0.21060E-04   -0.24960E+00   -0.16149E-16    0.52334E-17
      1      31.181    0.20970E-04   -0.25877E+00   -0.15732E-16   -0.15934E-17
      1      30.854    0.20891E-04   -0.26788E+00   -0.17719E-16   -0.14901E-16
      1      30.527    0.20821E-04   -0.27685E+00   -0.33374E-16    0.10939E-17
      1      30.200    0.20759E-04   -0.28561E+00   -0.29219E-16    0.15255E-16
      1      29.873    0.20705E-04   -0.29410E+00   -0.30507E-16    0.14644E-16
      1      29.546    0.20659E-04   -0.30231E+00    0.21365E-16    0.49599E-17
      1      29.219    0.20622E-04   -0.31021E+00   -0.28198E-16    0.90049E-17
      1      28.892    0.20595E-04   -0.31782E+00   -0.12041E-16    0.31994E-17
      1      28.565    0.20579E-04   -0.32512E+00   -0.31139E-17    0.20562E-16
      1      28.238    0.20573E-04   -0.33213E+00   -0.66027E-17   -0.54299E-17
      1      27.911    0.20581E-04   -0.33888E+00    0.18045E-16    0.75242E-18
      1      27.585    0.20602E-04   -0.34537E+00    0.31474E-16   -0.25603E-16
      1      27.258    0.20639E-04   -0.35164E+00    0.81600E-17    0.21329E-17
      1      26.931    0.20692E-04   -0.35770E+00    0.11022E-16   -0.96714E-17
      1      26.604    0.20762E-04   -0.36361E+00   -0.19634E-16   -0.17406E-16
      1      26.277    0.20851E-04   -0.36938E+00   -0.45265E-16   -0.20299E-16
      1      25.950    0.20959E-04   -0.37504E+00   -0.25307E-16    0.22065E-16
      1      25.623    0.21089E-04   -0.38064E+00    0.43655E-16   -0.60207E-17
      1      25.296    0.21239E-04   -0.38618E+00   -0.46117E-16    0.12123E-16
      1      24.969    0.21412E-04   -0.39169E+00   -0.64014E-16    0.87992E-17
      1      24.642    0.21608E-04   -0.39718E+00   -0.42048E-17   -0.17071E-17
      1      24.315    0.21826E-04   -0.40266E+00   -0.17050E-16   -0.63690E-18
      1      23.988    0.22068E-04   -0.40813E+00    0.89631E-17    0.25369E-16
      1      23.661    0.22332E-04   -0.41358E+00   -0.81050E-17    0.76090E-17
      1      23.334    0.22620E-04   -0.41900E+00   -0.58750E-16    0.20426E-17
      1      23.007    0.22930E-04   -0.42441E+00    0.30744E-16   -0.10954E-16
      1      22.680    0.23264E-04   -0.42978E+00   -0.68440E-17    0.92764E-17
      1      22.353    0.23622E-04   -0.43514E+00   -0.60908E-16   -0.50934E-18
      1      22.026    0.24003E-04   -0.44047E+00   -0.28041E-16   -0.39311E-17
      1      21.699    0.24410E-04   -0.44578E+00   -0.11262E-16    0.10475E-16
      1      21.372    0.24842E-04   -0.45107E+00   -0.33788E-16   -0.18191E-17
      1      21.045    0.25301E-04   -0.45636E+00   -0.25620E-16   -0.62034E-17
      1      20.718    0.25787E-04   -0.46164E+00   -0.19119E-17   -0.10632E-16
      1      20.391    0.26303E-04   -0.46694E+00    0.21593E-16    0.10682E-16
      1      20.064    0.26851E-04   -0.47227E+00   -0.80280E-17   -0.23497E-16
      1      19.738    0.27433E-04   -0.47765E+00    0.21727E-16    0.92820E-17
      1      19.411    0.28052E-04   -0.48310E+00    0.36337E-16   -0.10222E-17
      1      19.084    0.28711E-04   -0.48866E+00   -0.70948E-16   -0.83139E-17
      1      18.757    0.29415E-04   -0.49434E+00    0.32225E-16    0.18473E-16
      1      18.430    0.30166E-04   -0.50016E+00    0.76718E-17   -0.66644E-17
      1      18.103    0.30970E-04   -0.50615E+00    0.99181E-16   -0.19990E-16
      1      17.776    0.31829E-04   -0.51233E+00   -0.27831E-17   -0.32367E-17
      1      17.449    0.32749E-04   -0.51870E+00    0.50982E-16    0.18821E-16
      1      17.122    0.33731E-04   -0.52527E+00   -0.91861E-17   -0.20563E-16
      1      16.795    0.34776E-04   -0.53201E+00    0.46586E-16   -0.22833E-17
      1      16.468    0.35879E-04   -0.53888E+00   -0.10342E-15   -0.29678E-17
      1      16.141    0.37026E-04   -0.54574E+00    0.66261E-16    0.11548E-16
      1      15.814    0.38184E-04   -0.55239E+00    0.13184E-15   -0.73190E-17
      1      15.487    0.39302E-04   -0.55845E+00   -0.18620E-15   -0.20702E-16
      1      15.160    0.40297E-04   -0.56339E+00   -0.76042E-16   -0.10181E-16
      1      14.833    0.41070E-04   -0.56656E+00   -0.15828E-15   -0.12611E-17
      1      14.506    0.41525E-04   -0.56737E+00   -0.15408E-15    0.21351E-17
      1      14.179    0.41614E-04   -0.56551E+00   -0.18324E-15    0.49040E-18
      1      13.852    0.41357E-04   -0.56110E+00    0.43137E-16   -0.46113E-17
      1      13.525    0.40842E-04   -0.55469E+00   -0.26008E-15   -0.28174E-17
      1      13.198    0.40176E-04   -0.54691E+00    0.67495E-16    0.48587E-17
      1      12.871    0.39454E-04   -0.53834E+00   -0.75960E-16   -0.21865E-16
      1      12.544    0.38745E-04   -0.52935E+00    0.19449E-15    0.57542E-17
      1      12.217    0.38092E-04   -0.52016E+00   -0.16180E-15   -0.10610E-18
      1      11.891    0.37516E-04   -0.51084E+00   -0.11998E-15    0.25959E-17
      1      11.564    0.37032E-04   -0.50139E+00   -0.11361E-15    0.12460E-16
      1      11.237    0.36644E-04   -0.49179E+00    0.76580E-16   -0.32806E-16
      1      10.910    0.36355E-04   -0.48198E+00   -0.63500E-16   -0.94868E-17
      1      10.583    0.36168E-04   -0.47191E+00   -0.51640E-16    0.12717E-16
      1      10.256    0.36085E-04   -0.46151E+00    0.19926E-16   -0.16340E-16
      1       9.929    0.36109E-04   -0.45073E+00    0.30238E-16    0.19431E-16
      1       9.602    0.36243E-04   -0.43956E+00    0.22837E-16   -0.18375E-16
      1       9.275    0.36494E-04   -0.42798E+00    0.67328E-16    0.15058E-16
      1       8.948    0.36866E-04   -0.41596E+00    0.40106E-17   -0.78689E-17
      1       8.621    0.37364E-04   -0.40351E+00    0.24179E-16   -0.18950E-16
      1       8.294    0.37996E-04   -0.39064E+00    0.19838E-16    0.17346E-16
      1       7.967    0.38769E-04   -0.37740E+00    0.62269E-16    0.27615E-17
      1       7.640    0.39692E-04   -0.36387E+00    0.37826E-16   -0.31355E-17
      1       7.313    0.40777E-04   -0.35018E+00    0.19003E-16   -0.18787E-16
      1       6.986    0.42039E-04   -0.33649E+00   -0.16035E-16   -0.87221E-18
      1       6.659    0.43495E-04   -0.32305E+00   -0.21639E-17    0.20961E-17
      1       6.332    0.45165E-04   -0.31013E+00   -0.13764E-16    0.14448E-16
      1       6.005    0.47066E-04   -0.29794E+00    0.64517E-16    0.10506E-17
      1       5.678    0.49194E-04   -0.28638E+00    0.17313E-16   -0.10343E-16
      1       5.351    0.51529E-04   -0.27517E+00    0.18546E-16    0.88226E-17
      1       5.024    0.54034E-04   -0.26389E+00    0.31284E-16   -0.79022E-18
      1       4.697    0.56660E-04   -0.25211E+00    0.38549E-16    0.45418E-17
      1       4.370    0.59348E-04   -0.23936E+00    0.42106E-16   -0.37498E-17
      1       4.044    0.62027E-04   -0.22530E+00    0.44689E-17   -0.99742E-17
      1       3.717    0.64626E-04   -0.20968E+00    0.30098E-16    0.41119E-17
      1       3.390    0.67068E-04   -0.19244E+00    0.41191E-16    0.45790E-17
      1       3.063    0.69293E-04   -0.17388E+00    0.28210E-16    0.57316E-17
      1       2.736    0.71337E-04   -0.15552E+00    0.45693E-16   -0.26454E-17
      1       2.409    0.73212E-04   -0.13888E+00    0.44936E-16   -0.46330E-17
      1       2.082    0.74842E-04   -0.12509E+00    0.83271E-16   -0.61405E-17
      1       1.755    0.76059E-04   -0.11514E+00    0.80755E-16   -0.59493E-17
      1       1.428    0.76548E-04   -0.11004E+00    0.77083E-16   -0.70987E-17
      1       1.101    0.75680E-04   -0.11036E+00    0.65422E-16   -0.16652E-17
      1       0.774    0.71550E-04   -0.10927E+00    0.42759E-16   -0.23092E-18
      1       0.447    0.59818E-04   -0.85466E-01    0.73788E-16   -0.64050E-17
      1       0.120    0.32773E-04   -0.26561E-01    0.52040E-16   -0.52948E-17
