   3N SYSTEM INCLUSIVE  PHOTODESINTEGRATION
        DETECTED PARTICLE: 1- PROTON
        NOT DETECTED PARTICLES:2- PROTON  3-NEUTRON

      OMEGA 0.30000E+02
     MTTWE1,MTTWE2,MTTWE3=    1    1   -1
     TH1LAB,PHI1LAB=   130.000     0.000
   Unit of cross sections ... fm**2/(MeV*sr**2)
      I       E1      CROSS           AX           AY           AZ
      1      13.601    0.93923E-06   -0.90357E+00   -0.50023E-18    0.13767E-17
      1      13.588    0.26408E-03   -0.89865E+00    0.86864E-17    0.10808E-16
      1      13.581    0.29330E-03   -0.89692E+00   -0.74907E-18    0.38144E-17
      1      13.574    0.30968E-03   -0.89524E+00    0.25157E-17   -0.14685E-17
      1      13.568    0.31876E-03   -0.89361E+00    0.21406E-17   -0.18706E-18
      1      13.561    0.32341E-03   -0.89202E+00    0.72813E-19    0.27982E-17
      1      13.554    0.32526E-03   -0.89047E+00    0.23353E-18    0.97506E-19
      1      13.548    0.32531E-03   -0.88897E+00    0.57557E-18   -0.17209E-18
      1      13.541    0.32420E-03   -0.88752E+00    0.23090E-17    0.32176E-17
      1      13.534    0.32236E-03   -0.88611E+00   -0.10354E-17   -0.21624E-17
      1      13.528    0.32007E-03   -0.88475E+00    0.33456E-17   -0.33690E-17
      1      13.521    0.31752E-03   -0.88344E+00   -0.38876E-17   -0.25819E-17
      1      13.514    0.31487E-03   -0.88219E+00   -0.26693E-18   -0.15740E-17
      1      13.508    0.31217E-03   -0.88098E+00    0.32899E-17    0.87482E-17
      1      13.501    0.30948E-03   -0.87982E+00    0.23734E-17    0.57431E-17
      1      13.494    0.30681E-03   -0.87869E+00   -0.20139E-17    0.38572E-17
      1      13.488    0.30419E-03   -0.87760E+00   -0.17742E-17    0.28711E-17
      1      13.481    0.30161E-03   -0.87654E+00    0.12574E-17   -0.26450E-17
      1      13.407    0.27682E-03   -0.86619E+00    0.14085E-17   -0.84662E-18
      1      13.334    0.25795E-03   -0.85729E+00   -0.61372E-17   -0.18100E-17
      1      13.261    0.24393E-03   -0.84950E+00    0.22695E-17   -0.66398E-17
      1      13.187    0.23337E-03   -0.84259E+00   -0.54689E-17    0.17122E-16
      1      13.114    0.22515E-03   -0.83628E+00    0.95445E-17    0.19179E-16
      1      13.040    0.21853E-03   -0.83035E+00    0.57017E-17    0.45331E-17
      1      12.967    0.21306E-03   -0.82464E+00    0.34279E-17   -0.89293E-17
      1      12.894    0.20842E-03   -0.81900E+00    0.49636E-18   -0.15272E-18
      1      12.820    0.20441E-03   -0.81336E+00   -0.66008E-17   -0.83316E-17
      1      12.747    0.20088E-03   -0.80764E+00    0.21134E-17   -0.45260E-17
      1      12.673    0.19775E-03   -0.80180E+00    0.17624E-18    0.98282E-17
      1      12.600    0.19496E-03   -0.79584E+00    0.47970E-19    0.22685E-16
      1      12.527    0.19249E-03   -0.78978E+00    0.38038E-18   -0.47133E-17
      1      12.453    0.19033E-03   -0.78366E+00   -0.53377E-17   -0.63786E-17
      1      12.380    0.18843E-03   -0.77747E+00    0.36364E-17    0.50386E-17
      1      12.306    0.18679E-03   -0.77122E+00    0.90249E-17    0.61988E-17
      1      12.233    0.18539E-03   -0.76493E+00    0.24936E-17   -0.27099E-17
      1      12.160    0.18419E-03   -0.75859E+00    0.80777E-17   -0.68760E-17
      1      12.086    0.18320E-03   -0.75220E+00   -0.20877E-17   -0.18773E-16
      1      12.013    0.18237E-03   -0.74575E+00    0.68274E-18    0.95517E-17
      1      11.939    0.18172E-03   -0.73924E+00   -0.61503E-17   -0.33210E-16
      1      11.866    0.18122E-03   -0.73267E+00   -0.81087E-17   -0.20590E-16
      1      11.792    0.18086E-03   -0.72603E+00   -0.14959E-16   -0.24256E-16
      1      11.719    0.18065E-03   -0.71933E+00    0.14003E-16   -0.13951E-17
      1      11.646    0.18058E-03   -0.71258E+00    0.70172E-17    0.31247E-16
      1      11.572    0.18066E-03   -0.70581E+00    0.61644E-17   -0.65684E-17
      1      11.499    0.18088E-03   -0.69903E+00   -0.36399E-18   -0.33842E-16
      1      11.425    0.18124E-03   -0.69226E+00   -0.61192E-17    0.65687E-17
      1      11.352    0.18174E-03   -0.68553E+00    0.16189E-16    0.41878E-16
      1      11.279    0.18238E-03   -0.67886E+00    0.48567E-17   -0.30669E-17
      1      11.205    0.18316E-03   -0.67227E+00    0.13945E-16    0.14260E-16
      1      11.132    0.18408E-03   -0.66580E+00    0.14848E-16   -0.24696E-17
      1      11.058    0.18513E-03   -0.65944E+00    0.53586E-17    0.85270E-17
      1      10.985    0.18630E-03   -0.65321E+00   -0.83068E-17    0.64341E-17
      1      10.912    0.18759E-03   -0.64712E+00    0.12878E-16    0.34856E-16
      1      10.838    0.18899E-03   -0.64117E+00   -0.12142E-16   -0.13753E-16
      1      10.765    0.19050E-03   -0.63535E+00    0.31249E-16    0.16917E-17
      1      10.691    0.19211E-03   -0.62966E+00    0.24247E-17    0.17294E-17
      1      10.618    0.19381E-03   -0.62409E+00   -0.64932E-17   -0.15726E-16
      1      10.544    0.19559E-03   -0.61863E+00    0.11833E-16    0.36286E-16
      1      10.471    0.19745E-03   -0.61328E+00    0.35513E-17    0.30533E-16
      1      10.398    0.19940E-03   -0.60804E+00    0.23824E-17    0.53388E-17
      1      10.324    0.20142E-03   -0.60289E+00    0.29264E-16    0.21128E-16
      1      10.251    0.20351E-03   -0.59786E+00    0.74596E-17    0.27218E-17
      1      10.177    0.20569E-03   -0.59294E+00   -0.23768E-17    0.13940E-16
      1      10.104    0.20794E-03   -0.58815E+00   -0.14243E-16    0.29294E-16
      1      10.031    0.21028E-03   -0.58349E+00   -0.18915E-16    0.20314E-16
      1       9.957    0.21271E-03   -0.57898E+00    0.23087E-16    0.41640E-17
      1       9.884    0.21523E-03   -0.57462E+00    0.34788E-17   -0.78417E-17
      1       9.810    0.21784E-03   -0.57041E+00    0.20710E-17    0.30661E-16
      1       9.737    0.22056E-03   -0.56637E+00   -0.16668E-16   -0.17336E-16
      1       9.664    0.22337E-03   -0.56249E+00   -0.13995E-16    0.39405E-16
      1       9.590    0.22628E-03   -0.55876E+00    0.13166E-16   -0.41696E-16
      1       9.517    0.22930E-03   -0.55520E+00    0.31842E-16   -0.17756E-16
      1       9.443    0.23241E-03   -0.55179E+00    0.14152E-16    0.18042E-16
      1       9.370    0.23562E-03   -0.54852E+00    0.32711E-16    0.33374E-16
      1       9.296    0.23892E-03   -0.54540E+00    0.24566E-16    0.18839E-16
      1       9.223    0.24232E-03   -0.54242E+00   -0.60196E-17    0.24742E-17
      1       9.150    0.24581E-03   -0.53956E+00    0.18588E-16    0.20082E-16
      1       9.076    0.24939E-03   -0.53682E+00    0.13604E-16    0.10448E-16
      1       9.003    0.25306E-03   -0.53418E+00   -0.22699E-16    0.26085E-16
      1       8.929    0.25680E-03   -0.53164E+00   -0.20346E-16   -0.57357E-17
      1       8.856    0.26064E-03   -0.52918E+00   -0.99001E-17    0.20526E-16
      1       8.783    0.26455E-03   -0.52680E+00   -0.29171E-17    0.29195E-16
      1       8.709    0.26856E-03   -0.52448E+00    0.63055E-17    0.41502E-16
      1       8.636    0.27264E-03   -0.52222E+00   -0.87008E-18   -0.93657E-18
      1       8.562    0.27682E-03   -0.52002E+00    0.66361E-17    0.13332E-16
      1       8.489    0.28110E-03   -0.51788E+00    0.92915E-17    0.38826E-16
      1       8.416    0.28548E-03   -0.51580E+00    0.24281E-16   -0.20452E-16
      1       8.342    0.28997E-03   -0.51379E+00   -0.85319E-17    0.95775E-18
      1       8.269    0.29458E-03   -0.51185E+00   -0.42913E-17    0.10587E-16
      1       8.195    0.29932E-03   -0.50999E+00   -0.14058E-16    0.13259E-16
      1       8.122    0.30420E-03   -0.50823E+00   -0.19152E-16    0.16170E-16
      1       8.048    0.30922E-03   -0.50656E+00    0.85371E-17   -0.25874E-17
      1       7.975    0.31440E-03   -0.50501E+00    0.86673E-17    0.54687E-17
      1       7.902    0.31974E-03   -0.50357E+00    0.38368E-16    0.41258E-16
      1       7.828    0.32525E-03   -0.50226E+00   -0.54275E-18    0.93933E-17
      1       7.755    0.33092E-03   -0.50107E+00    0.37205E-16    0.29733E-16
      1       7.681    0.33677E-03   -0.50000E+00   -0.17568E-16    0.31431E-16
      1       7.608    0.34280E-03   -0.49905E+00   -0.32582E-16   -0.95341E-18
      1       7.535    0.34900E-03   -0.49822E+00    0.12306E-16    0.15553E-16
      1       7.461    0.35538E-03   -0.49750E+00    0.11412E-16    0.14203E-16
      1       7.388    0.36194E-03   -0.49690E+00    0.36192E-16    0.27476E-16
      1       7.314    0.36869E-03   -0.49641E+00    0.20777E-16    0.13567E-16
      1       7.241    0.37562E-03   -0.49602E+00    0.43833E-16    0.63482E-17
      1       7.168    0.38275E-03   -0.49573E+00    0.13175E-16    0.22034E-16
      1       7.094    0.39007E-03   -0.49554E+00    0.35992E-16    0.17977E-16
      1       7.021    0.39759E-03   -0.49543E+00   -0.14959E-17    0.22485E-16
      1       6.947    0.40530E-03   -0.49542E+00    0.36128E-16    0.71525E-17
      1       6.874    0.41322E-03   -0.49548E+00    0.22032E-17    0.47390E-17
      1       6.800    0.42133E-03   -0.49562E+00   -0.11443E-19    0.11629E-16
      1       6.727    0.42966E-03   -0.49583E+00   -0.10902E-16    0.48031E-17
      1       6.654    0.43821E-03   -0.49611E+00    0.45094E-17    0.33128E-16
      1       6.580    0.44697E-03   -0.49646E+00   -0.14147E-16    0.57893E-17
      1       6.507    0.45596E-03   -0.49688E+00    0.90846E-18    0.26168E-16
      1       6.433    0.46520E-03   -0.49736E+00    0.32284E-16    0.34072E-17
      1       6.360    0.47468E-03   -0.49792E+00    0.12515E-16    0.26855E-16
      1       6.287    0.48442E-03   -0.49855E+00   -0.71217E-17    0.34507E-17
      1       6.213    0.49443E-03   -0.49926E+00    0.23687E-16    0.20975E-17
      1       6.140    0.50472E-03   -0.50004E+00    0.21618E-16   -0.33101E-17
      1       6.066    0.51530E-03   -0.50091E+00   -0.13765E-16    0.11352E-16
      1       5.993    0.52619E-03   -0.50186E+00   -0.45594E-16    0.74025E-17
      1       5.920    0.53740E-03   -0.50290E+00    0.30907E-16    0.19647E-17
      1       5.846    0.54894E-03   -0.50403E+00    0.48496E-16    0.25151E-16
      1       5.773    0.56080E-03   -0.50525E+00   -0.43503E-16    0.76748E-17
      1       5.699    0.57301E-03   -0.50656E+00    0.76328E-16   -0.66311E-17
      1       5.626    0.58556E-03   -0.50795E+00   -0.13278E-16   -0.62842E-17
      1       5.552    0.59847E-03   -0.50943E+00    0.48707E-17    0.25941E-16
      1       5.479    0.61175E-03   -0.51100E+00   -0.17523E-16    0.82671E-17
      1       5.406    0.62539E-03   -0.51265E+00    0.54344E-17    0.10382E-16
      1       5.332    0.63941E-03   -0.51440E+00    0.28872E-16    0.14629E-16
      1       5.259    0.65383E-03   -0.51623E+00   -0.34905E-16   -0.19557E-16
      1       5.185    0.66864E-03   -0.51815E+00   -0.95316E-17   -0.97608E-17
      1       5.112    0.68385E-03   -0.52016E+00    0.14479E-16    0.15926E-16
      1       5.039    0.69949E-03   -0.52226E+00   -0.38551E-16   -0.27425E-17
      1       4.965    0.71555E-03   -0.52445E+00   -0.48024E-16    0.14965E-16
      1       4.892    0.73206E-03   -0.52674E+00   -0.49831E-16   -0.49184E-18
      1       4.818    0.74902E-03   -0.52911E+00    0.17039E-16   -0.18327E-17
      1       4.745    0.76644E-03   -0.53158E+00   -0.29652E-17   -0.10107E-16
      1       4.672    0.78434E-03   -0.53414E+00    0.15773E-16    0.24679E-17
      1       4.598    0.80273E-03   -0.53680E+00   -0.39392E-16    0.58601E-17
      1       4.525    0.82161E-03   -0.53955E+00    0.18072E-16    0.17503E-18
      1       4.451    0.84099E-03   -0.54238E+00    0.52700E-16    0.54379E-17
      1       4.378    0.86089E-03   -0.54531E+00   -0.30292E-16   -0.36639E-17
      1       4.304    0.88132E-03   -0.54833E+00    0.95418E-16    0.69917E-17
      1       4.231    0.90229E-03   -0.55145E+00    0.92327E-16    0.60487E-17
      1       4.158    0.92381E-03   -0.55465E+00   -0.10120E-15    0.11306E-16
      1       4.084    0.94588E-03   -0.55795E+00    0.42725E-16   -0.10688E-16
      1       4.011    0.96846E-03   -0.56132E+00   -0.42166E-16    0.72462E-17
      1       3.937    0.99151E-03   -0.56474E+00   -0.23448E-17   -0.25085E-18
      1       3.864    0.10149E-02   -0.56818E+00   -0.85194E-16    0.10766E-17
      1       3.791    0.10385E-02   -0.57159E+00    0.10339E-15   -0.40937E-17
      1       3.717    0.10621E-02   -0.57489E+00    0.17478E-15   -0.79133E-17
      1       3.644    0.10853E-02   -0.57800E+00   -0.13703E-16    0.94615E-17
      1       3.570    0.11077E-02   -0.58079E+00   -0.19745E-16    0.34090E-17
      1       3.497    0.11287E-02   -0.58313E+00   -0.45891E-16   -0.22192E-16
      1       3.424    0.11478E-02   -0.58487E+00    0.14081E-15   -0.14877E-16
      1       3.350    0.11641E-02   -0.58585E+00    0.37166E-16   -0.31867E-18
      1       3.277    0.11771E-02   -0.58588E+00    0.38324E-16    0.13404E-16
      1       3.203    0.11859E-02   -0.58481E+00    0.39990E-16   -0.55622E-17
      1       3.130    0.11901E-02   -0.58249E+00   -0.21720E-15    0.74775E-17
      1       3.056    0.11890E-02   -0.57877E+00    0.60348E-16   -0.13173E-17
      1       2.983    0.11829E-02   -0.57362E+00    0.36292E-16    0.92785E-17
      1       2.910    0.11719E-02   -0.56709E+00    0.91236E-16    0.12261E-16
      1       2.836    0.11566E-02   -0.55924E+00    0.65711E-16   -0.78926E-17
      1       2.763    0.11377E-02   -0.55018E+00    0.12489E-15    0.46336E-17
      1       2.689    0.11159E-02   -0.54004E+00    0.11481E-15   -0.19625E-16
      1       2.616    0.10919E-02   -0.52896E+00   -0.32619E-16   -0.13629E-17
      1       2.543    0.10665E-02   -0.51710E+00    0.33493E-16   -0.95485E-17
      1       2.469    0.10400E-02   -0.50459E+00    0.54529E-16   -0.65308E-17
      1       2.396    0.10131E-02   -0.49154E+00   -0.16443E-16    0.89312E-17
      1       2.322    0.98610E-03   -0.47806E+00    0.84733E-16    0.10473E-16
      1       2.249    0.95913E-03   -0.46421E+00    0.24764E-16   -0.22142E-16
      1       2.176    0.93240E-03   -0.45005E+00   -0.85591E-17   -0.24250E-16
      1       2.102    0.90599E-03   -0.43560E+00    0.41437E-16    0.14123E-16
      1       2.029    0.87998E-03   -0.42090E+00    0.89992E-16   -0.36437E-17
      1       1.955    0.85443E-03   -0.40597E+00    0.61412E-16    0.99043E-17
      1       1.882    0.82940E-03   -0.39086E+00    0.18698E-16    0.42852E-17
      1       1.808    0.80493E-03   -0.37560E+00    0.90473E-16   -0.81174E-18
      1       1.735    0.78102E-03   -0.36023E+00    0.17466E-16    0.12435E-16
      1       1.662    0.75770E-03   -0.34477E+00   -0.20856E-17   -0.48995E-17
      1       1.588    0.73495E-03   -0.32928E+00    0.89783E-16   -0.93507E-18
      1       1.515    0.71275E-03   -0.31377E+00    0.51433E-16   -0.10971E-16
      1       1.441    0.69109E-03   -0.29828E+00   -0.10243E-16    0.14248E-16
      1       1.368    0.66991E-03   -0.28286E+00   -0.24349E-17   -0.70819E-17
      1       1.295    0.64919E-03   -0.26755E+00    0.47518E-16    0.43739E-16
      1       1.221    0.62884E-03   -0.25237E+00    0.13923E-16    0.37622E-17
      1       1.148    0.60873E-03   -0.23728E+00    0.65496E-16   -0.67937E-17
      1       1.074    0.58872E-03   -0.22224E+00    0.28172E-17    0.73251E-17
      1       1.001    0.56863E-03   -0.20716E+00    0.71089E-16   -0.50542E-18
      1       0.928    0.54830E-03   -0.19198E+00    0.53492E-16    0.21352E-16
      1       0.854    0.52752E-03   -0.17662E+00    0.55718E-16    0.24198E-16
      1       0.781    0.50610E-03   -0.16101E+00    0.56558E-16   -0.39544E-16
      1       0.707    0.48384E-03   -0.14514E+00    0.79905E-17    0.17489E-16
      1       0.634    0.46052E-03   -0.12902E+00    0.59037E-16   -0.14999E-16
      1       0.560    0.43591E-03   -0.11285E+00    0.92802E-16   -0.10414E-16
      1       0.487    0.40975E-03   -0.97009E-01    0.25902E-16    0.25028E-17
      1       0.414    0.38151E-03   -0.81715E-01    0.71159E-16    0.22293E-17
      1       0.340    0.35031E-03   -0.67099E-01    0.45107E-16   -0.68920E-17
      1       0.267    0.31484E-03   -0.53356E-01    0.42007E-16    0.33434E-17
      1       0.193    0.27287E-03   -0.40969E-01    0.80717E-16    0.43606E-17
      1       0.120    0.21917E-03   -0.28442E-01    0.80962E-16   -0.21837E-17
