   3N SYSTEM INCLUSIVE  PHOTODESINTEGRATION
        DETECTED PARTICLE: 1- PROTON
        NOT DETECTED PARTICLES:2- PROTON  3-NEUTRON

      OMEGA 0.30000E+02
     MTTWE1,MTTWE2,MTTWE3=    1    1   -1
     TH1LAB,PHI1LAB=    10.000     0.000
   Unit of cross sections ... fm**2/(MeV*sr**2)
      I       E1      CROSS           AX           AY           AZ
      1      16.544    0.40187E-06   -0.50561E+00   -0.31610E-18    0.52440E-18
      1      16.530    0.11825E-03   -0.49652E+00    0.13222E-18    0.78692E-17
      1      16.524    0.13315E-03   -0.49398E+00   -0.48306E-17    0.33165E-17
      1      16.517    0.14230E-03   -0.49171E+00    0.26237E-17    0.33531E-17
      1      16.510    0.14805E-03   -0.48963E+00   -0.25355E-17   -0.14711E-17
      1      16.504    0.15165E-03   -0.48769E+00    0.95504E-18    0.41021E-16
      1      16.497    0.15384E-03   -0.48585E+00    0.17900E-17    0.21664E-17
      1      16.490    0.15505E-03   -0.48410E+00   -0.42283E-17    0.41336E-17
      1      16.484    0.15559E-03   -0.48244E+00   -0.14477E-17    0.38246E-17
      1      16.477    0.15567E-03   -0.48084E+00    0.43494E-18    0.90446E-18
      1      16.470    0.15542E-03   -0.47932E+00   -0.12466E-17   -0.18681E-17
      1      16.464    0.15494E-03   -0.47785E+00   -0.10581E-16   -0.31999E-17
      1      16.457    0.15432E-03   -0.47644E+00    0.10156E-17    0.10293E-16
      1      16.450    0.15359E-03   -0.47508E+00   -0.61913E-18    0.70504E-17
      1      16.444    0.15281E-03   -0.47377E+00   -0.83206E-17    0.28977E-16
      1      16.437    0.15198E-03   -0.47251E+00   -0.26740E-18    0.10898E-16
      1      16.430    0.15113E-03   -0.47129E+00    0.34274E-17    0.78490E-17
      1      16.424    0.15026E-03   -0.47010E+00   -0.32365E-17   -0.69222E-17
      1      16.334    0.13914E-03   -0.45618E+00    0.12061E-17    0.13783E-17
      1      16.244    0.13032E-03   -0.44421E+00   -0.32001E-17   -0.65168E-17
      1      16.155    0.12374E-03   -0.43347E+00    0.10977E-17    0.19239E-16
      1      16.065    0.11878E-03   -0.42357E+00   -0.25465E-17    0.23548E-17
      1      15.976    0.11495E-03   -0.41416E+00    0.42156E-17   -0.86573E-17
      1      15.886    0.11193E-03   -0.40500E+00    0.42103E-17   -0.71535E-17
      1      15.796    0.10952E-03   -0.39595E+00    0.52141E-17    0.11432E-16
      1      15.707    0.10760E-03   -0.38688E+00    0.12576E-17   -0.76412E-17
      1      15.617    0.10606E-03   -0.37773E+00    0.26930E-17   -0.74543E-17
      1      15.528    0.10485E-03   -0.36848E+00   -0.19821E-17   -0.10173E-16
      1      15.438    0.10391E-03   -0.35915E+00   -0.23630E-17   -0.84047E-17
      1      15.349    0.10321E-03   -0.34979E+00    0.15825E-16   -0.12797E-16
      1      15.259    0.10272E-03   -0.34043E+00    0.87699E-17    0.32487E-17
      1      15.169    0.10242E-03   -0.33112E+00    0.69976E-17    0.78014E-17
      1      15.080    0.10227E-03   -0.32186E+00    0.14296E-16    0.59090E-17
      1      14.990    0.10228E-03   -0.31269E+00   -0.10084E-16    0.42486E-17
      1      14.901    0.10242E-03   -0.30361E+00    0.10454E-16   -0.32340E-17
      1      14.811    0.10269E-03   -0.29465E+00   -0.12717E-17    0.69563E-17
      1      14.721    0.10307E-03   -0.28580E+00    0.12518E-16    0.84281E-18
      1      14.632    0.10357E-03   -0.27709E+00    0.66657E-17   -0.26245E-17
      1      14.542    0.10416E-03   -0.26852E+00    0.91057E-17   -0.81776E-17
      1      14.453    0.10486E-03   -0.26011E+00    0.22899E-16    0.17808E-17
      1      14.363    0.10565E-03   -0.25186E+00    0.54725E-17    0.21419E-16
      1      14.274    0.10653E-03   -0.24381E+00    0.42597E-17   -0.99855E-17
      1      14.184    0.10749E-03   -0.23597E+00    0.47194E-17    0.37488E-18
      1      14.094    0.10854E-03   -0.22834E+00    0.96769E-17   -0.93570E-17
      1      14.005    0.10966E-03   -0.22096E+00    0.13526E-16   -0.23205E-17
      1      13.915    0.11084E-03   -0.21382E+00    0.18502E-17    0.42777E-18
      1      13.826    0.11208E-03   -0.20693E+00    0.19345E-16   -0.14423E-16
      1      13.736    0.11338E-03   -0.20030E+00    0.40325E-16    0.59588E-18
      1      13.647    0.11474E-03   -0.19393E+00    0.36602E-16   -0.11137E-16
      1      13.557    0.11613E-03   -0.18781E+00    0.26584E-16    0.99375E-17
      1      13.467    0.11758E-03   -0.18193E+00   -0.13172E-17    0.13188E-17
      1      13.378    0.11906E-03   -0.17628E+00    0.65058E-17    0.29400E-17
      1      13.288    0.12058E-03   -0.17085E+00    0.36250E-16   -0.15990E-17
      1      13.199    0.12214E-03   -0.16563E+00    0.23499E-16    0.10665E-16
      1      13.109    0.12374E-03   -0.16062E+00    0.66750E-17    0.25642E-16
      1      13.019    0.12538E-03   -0.15579E+00   -0.19907E-16    0.41963E-17
      1      12.930    0.12705E-03   -0.15115E+00    0.21486E-16   -0.23433E-16
      1      12.840    0.12876E-03   -0.14670E+00    0.19817E-16    0.25256E-16
      1      12.751    0.13050E-03   -0.14242E+00    0.19674E-16    0.23323E-16
      1      12.661    0.13227E-03   -0.13832E+00    0.14241E-16   -0.17889E-16
      1      12.572    0.13408E-03   -0.13438E+00    0.29951E-16    0.10996E-16
      1      12.482    0.13592E-03   -0.13062E+00    0.11099E-16   -0.86769E-18
      1      12.392    0.13779E-03   -0.12703E+00    0.28023E-16    0.26186E-16
      1      12.303    0.13969E-03   -0.12360E+00   -0.13258E-16   -0.19869E-16
      1      12.213    0.14163E-03   -0.12032E+00    0.21029E-16   -0.99911E-18
      1      12.124    0.14361E-03   -0.11719E+00    0.16002E-16   -0.11632E-16
      1      12.034    0.14561E-03   -0.11421E+00    0.42453E-16   -0.16510E-16
      1      11.945    0.14766E-03   -0.11137E+00    0.23263E-16    0.10958E-16
      1      11.855    0.14973E-03   -0.10866E+00    0.67096E-17    0.11142E-16
      1      11.765    0.15185E-03   -0.10608E+00    0.13921E-16    0.43453E-16
      1      11.676    0.15400E-03   -0.10362E+00    0.27587E-16    0.11211E-16
      1      11.586    0.15619E-03   -0.10127E+00    0.28188E-16    0.16485E-16
      1      11.497    0.15842E-03   -0.99027E-01    0.13743E-16    0.52386E-17
      1      11.407    0.16069E-03   -0.96881E-01    0.86426E-17    0.33339E-17
      1      11.317    0.16300E-03   -0.94825E-01   -0.10968E-16   -0.44602E-17
      1      11.228    0.16536E-03   -0.92854E-01   -0.12223E-17   -0.65456E-17
      1      11.138    0.16777E-03   -0.90964E-01    0.43568E-16    0.14663E-16
      1      11.049    0.17023E-03   -0.89149E-01    0.83107E-17   -0.85203E-17
      1      10.959    0.17274E-03   -0.87409E-01    0.25681E-16   -0.13611E-16
      1      10.870    0.17532E-03   -0.85738E-01    0.19276E-16   -0.57982E-17
      1      10.780    0.17795E-03   -0.84137E-01    0.20432E-16   -0.16530E-16
      1      10.690    0.18066E-03   -0.82603E-01    0.17569E-16    0.85952E-17
      1      10.601    0.18343E-03   -0.81138E-01    0.10455E-16    0.19935E-16
      1      10.511    0.18628E-03   -0.79742E-01    0.44421E-16    0.26931E-17
      1      10.422    0.18919E-03   -0.78416E-01    0.21895E-16   -0.28184E-17
      1      10.332    0.19219E-03   -0.77159E-01    0.16836E-16   -0.10669E-16
      1      10.243    0.19525E-03   -0.75971E-01    0.31908E-16    0.26011E-16
      1      10.153    0.19840E-03   -0.74851E-01    0.22184E-16   -0.31345E-16
      1      10.063    0.20162E-03   -0.73799E-01    0.31391E-16    0.25340E-16
      1       9.974    0.20491E-03   -0.72813E-01    0.31713E-16    0.53719E-17
      1       9.884    0.20829E-03   -0.71890E-01    0.30882E-16    0.20132E-16
      1       9.795    0.21174E-03   -0.71028E-01    0.22097E-16    0.37079E-17
      1       9.705    0.21527E-03   -0.70227E-01    0.99134E-17    0.25588E-16
      1       9.615    0.21888E-03   -0.69483E-01    0.40911E-16   -0.86586E-17
      1       9.526    0.22257E-03   -0.68795E-01    0.30668E-16    0.55477E-17
      1       9.436    0.22635E-03   -0.68161E-01    0.39745E-16    0.38137E-16
      1       9.347    0.23021E-03   -0.67579E-01    0.32097E-16   -0.67111E-17
      1       9.257    0.23416E-03   -0.67046E-01    0.30345E-16   -0.30890E-16
      1       9.168    0.23820E-03   -0.66560E-01    0.15597E-16   -0.37863E-17
      1       9.078    0.24233E-03   -0.66119E-01    0.92441E-17   -0.26725E-16
      1       8.988    0.24655E-03   -0.65720E-01    0.18080E-16    0.20119E-16
      1       8.899    0.25086E-03   -0.65362E-01    0.68359E-17    0.11093E-16
      1       8.809    0.25527E-03   -0.65044E-01    0.48375E-16    0.10273E-16
      1       8.720    0.25978E-03   -0.64765E-01    0.17528E-16   -0.21367E-16
      1       8.630    0.26439E-03   -0.64524E-01    0.36613E-16   -0.47866E-17
      1       8.540    0.26911E-03   -0.64321E-01    0.25016E-16    0.22062E-16
      1       8.451    0.27393E-03   -0.64156E-01    0.39486E-16    0.21800E-16
      1       8.361    0.27886E-03   -0.64029E-01    0.13258E-16    0.37009E-18
      1       8.272    0.28390E-03   -0.63941E-01    0.30011E-16    0.12716E-16
      1       8.182    0.28905E-03   -0.63891E-01   -0.71388E-17    0.77234E-17
      1       8.093    0.29432E-03   -0.63879E-01    0.64887E-17    0.68463E-17
      1       8.003    0.29971E-03   -0.63907E-01    0.62914E-16   -0.54398E-17
      1       7.913    0.30521E-03   -0.63975E-01    0.40517E-16    0.26860E-16
      1       7.824    0.31083E-03   -0.64081E-01    0.36454E-16   -0.46568E-17
      1       7.734    0.31657E-03   -0.64225E-01    0.47801E-16    0.83369E-17
      1       7.645    0.32243E-03   -0.64407E-01    0.57194E-16    0.10169E-16
      1       7.555    0.32840E-03   -0.64626E-01   -0.13119E-16    0.34596E-17
      1       7.466    0.33449E-03   -0.64882E-01    0.18123E-16   -0.15809E-17
      1       7.376    0.34069E-03   -0.65176E-01    0.54902E-16    0.27429E-16
      1       7.286    0.34701E-03   -0.65507E-01    0.70699E-17    0.64265E-17
      1       7.197    0.35344E-03   -0.65875E-01    0.13433E-16    0.37235E-17
      1       7.107    0.35998E-03   -0.66281E-01    0.46824E-16    0.26392E-16
      1       7.018    0.36664E-03   -0.66725E-01    0.52523E-16    0.12837E-17
      1       6.928    0.37340E-03   -0.67207E-01   -0.16233E-17    0.86895E-17
      1       6.838    0.38028E-03   -0.67729E-01    0.28126E-16   -0.20538E-16
      1       6.749    0.38726E-03   -0.68291E-01    0.60465E-17    0.47089E-17
      1       6.659    0.39434E-03   -0.68893E-01    0.55889E-16    0.38574E-16
      1       6.570    0.40154E-03   -0.69537E-01    0.21805E-16    0.62238E-19
      1       6.480    0.40883E-03   -0.70224E-01    0.48009E-16   -0.15424E-16
      1       6.391    0.41622E-03   -0.70954E-01    0.37936E-16    0.20096E-16
      1       6.301    0.42371E-03   -0.71728E-01    0.71299E-16    0.79838E-17
      1       6.211    0.43129E-03   -0.72547E-01    0.31558E-16   -0.10551E-16
      1       6.122    0.43896E-03   -0.73411E-01    0.11767E-16    0.19810E-16
      1       6.032    0.44671E-03   -0.74324E-01    0.44435E-16    0.17970E-16
      1       5.943    0.45455E-03   -0.75287E-01    0.74910E-16   -0.54648E-17
      1       5.853    0.46245E-03   -0.76301E-01    0.39427E-16    0.25642E-16
      1       5.764    0.47043E-03   -0.77364E-01    0.54103E-16   -0.82157E-17
      1       5.674    0.47845E-03   -0.78475E-01    0.22587E-16   -0.11772E-16
      1       5.584    0.48652E-03   -0.79629E-01    0.36294E-16   -0.22565E-16
      1       5.495    0.49460E-03   -0.80813E-01   -0.58363E-17    0.64607E-17
      1       5.405    0.50267E-03   -0.82011E-01    0.34632E-16    0.17868E-16
      1       5.316    0.51069E-03   -0.83199E-01    0.15491E-16    0.79651E-17
      1       5.226    0.51860E-03   -0.84344E-01    0.67396E-16   -0.14042E-16
      1       5.136    0.52637E-03   -0.85404E-01    0.30544E-16    0.91599E-17
      1       5.047    0.53391E-03   -0.86329E-01    0.47900E-16   -0.22184E-17
      1       4.957    0.54114E-03   -0.87065E-01   -0.10296E-16   -0.19641E-17
      1       4.868    0.54799E-03   -0.87550E-01    0.39458E-16    0.73027E-17
      1       4.778    0.55436E-03   -0.87725E-01    0.16485E-16   -0.18591E-16
      1       4.689    0.56018E-03   -0.87537E-01    0.60681E-16    0.69601E-18
      1       4.599    0.56537E-03   -0.86944E-01    0.52899E-16    0.40524E-17
      1       4.509    0.56990E-03   -0.85931E-01    0.45105E-16   -0.27472E-17
      1       4.420    0.57375E-03   -0.84512E-01    0.32231E-16   -0.13854E-16
      1       4.330    0.57693E-03   -0.82730E-01    0.27140E-16    0.65811E-17
      1       4.241    0.57949E-03   -0.80638E-01    0.44545E-16    0.62634E-17
      1       4.151    0.58146E-03   -0.78300E-01    0.53184E-16   -0.14919E-16
      1       4.062    0.58292E-03   -0.75781E-01    0.59102E-16    0.10005E-16
      1       3.972    0.58390E-03   -0.73140E-01    0.39658E-16    0.87862E-17
      1       3.882    0.58448E-03   -0.70431E-01   -0.40497E-17   -0.18297E-16
      1       3.793    0.58469E-03   -0.67697E-01    0.32333E-16   -0.25960E-17
      1       3.703    0.58458E-03   -0.64971E-01    0.30366E-16    0.19059E-17
      1       3.614    0.58417E-03   -0.62278E-01    0.28524E-16    0.26045E-16
      1       3.524    0.58349E-03   -0.59632E-01    0.38980E-16   -0.13077E-16
      1       3.434    0.58256E-03   -0.57042E-01    0.40373E-16    0.13124E-17
      1       3.345    0.58140E-03   -0.54512E-01   -0.13194E-16    0.11394E-16
      1       3.255    0.58003E-03   -0.52049E-01    0.86431E-16   -0.37371E-17
      1       3.166    0.57847E-03   -0.49655E-01    0.72638E-16   -0.22211E-16
      1       3.076    0.57672E-03   -0.47332E-01    0.68897E-16   -0.23316E-16
      1       2.987    0.57481E-03   -0.45085E-01    0.39418E-16    0.15944E-16
      1       2.897    0.57274E-03   -0.42913E-01    0.61547E-16   -0.77906E-17
      1       2.807    0.57052E-03   -0.40817E-01    0.73659E-16   -0.16719E-16
      1       2.718    0.56818E-03   -0.38798E-01    0.52704E-16   -0.10517E-16
      1       2.628    0.56570E-03   -0.36854E-01    0.59308E-16   -0.10329E-17
      1       2.539    0.56309E-03   -0.34985E-01    0.65197E-17   -0.11803E-16
      1       2.449    0.56037E-03   -0.33191E-01    0.48601E-16    0.13081E-16
      1       2.359    0.55751E-03   -0.31472E-01    0.61384E-16    0.20780E-16
      1       2.270    0.55454E-03   -0.29828E-01    0.75322E-16   -0.81997E-17
      1       2.180    0.55142E-03   -0.28252E-01    0.40529E-16   -0.12326E-16
      1       2.091    0.54816E-03   -0.26736E-01    0.75565E-16   -0.59398E-17
      1       2.001    0.54472E-03   -0.25270E-01    0.49599E-16   -0.76596E-17
      1       1.912    0.54108E-03   -0.23843E-01    0.44190E-16   -0.29997E-17
      1       1.822    0.53721E-03   -0.22445E-01    0.51606E-16    0.26770E-16
      1       1.732    0.53307E-03   -0.21068E-01    0.63803E-16   -0.61573E-17
      1       1.643    0.52861E-03   -0.19702E-01    0.70821E-16    0.15471E-16
      1       1.553    0.52379E-03   -0.18345E-01    0.61763E-16   -0.44430E-16
      1       1.464    0.51854E-03   -0.16994E-01    0.78128E-16    0.59111E-16
      1       1.374    0.51279E-03   -0.15657E-01    0.69087E-16    0.24027E-16
      1       1.285    0.50646E-03   -0.14356E-01    0.30693E-16    0.24691E-16
      1       1.195    0.49945E-03   -0.13116E-01    0.44005E-16    0.16573E-16
      1       1.105    0.49161E-03   -0.11945E-01    0.43294E-16   -0.61037E-17
      1       1.016    0.48278E-03   -0.10847E-01    0.10616E-15    0.23279E-16
      1       0.926    0.47274E-03   -0.98324E-02    0.75706E-16   -0.81212E-17
      1       0.837    0.46122E-03   -0.89263E-02    0.71540E-16   -0.11348E-16
      1       0.747    0.44789E-03   -0.81942E-02    0.57496E-16    0.66799E-18
      1       0.657    0.43232E-03   -0.76674E-02    0.31249E-16    0.50615E-17
      1       0.568    0.41379E-03   -0.71354E-02    0.20244E-16   -0.98171E-17
      1       0.478    0.39133E-03   -0.62653E-02    0.44001E-16   -0.26802E-16
      1       0.389    0.36367E-03   -0.48675E-02    0.57032E-16   -0.23633E-16
      1       0.299    0.32904E-03   -0.31902E-02    0.78461E-16   -0.25590E-16
      1       0.210    0.28436E-03   -0.20345E-02    0.93899E-16   -0.25029E-16
      1       0.120    0.22234E-03   -0.18160E-02    0.61289E-16    0.27127E-16
