   3N SYSTEM INCLUSIVE  PHOTODESINTEGRATION
        DETECTED PARTICLE: 1- PROTON
        NOT DETECTED PARTICLES:2- PROTON  3-NEUTRON

      OMEGA 0.10000E+03
     MTTWE1,MTTWE2,MTTWE3=    1    1   -1
     TH1LAB,PHI1LAB=   170.000     0.000
   Unit of cross sections ... fm**2/(MeV*sr**2)
      I       E1      CROSS           AX           AY           AZ
      1      49.128    0.20139E-07    0.11473E-02    0.84607E-18    0.23231E-16
      1      49.115    0.57352E-05    0.13476E-02    0.26210E-18   -0.38234E-17
      1      49.108    0.64303E-05    0.13147E-02    0.19230E-17   -0.69380E-17
      1      49.101    0.68645E-05    0.12668E-02    0.27833E-17    0.91624E-16
      1      49.095    0.71503E-05    0.12109E-02    0.22525E-19   -0.29345E-16
      1      49.088    0.73440E-05    0.11507E-02    0.19772E-17   -0.11638E-16
      1      49.081    0.74775E-05    0.10883E-02   -0.19386E-18   -0.26231E-16
      1      49.075    0.75701E-05    0.10246E-02    0.33847E-18    0.32331E-16
      1      49.068    0.76340E-05    0.96001E-03   -0.23748E-17    0.30655E-16
      1      49.061    0.76777E-05    0.89492E-03   -0.96363E-19   -0.82103E-17
      1      49.055    0.77067E-05    0.82957E-03    0.27792E-18    0.69784E-17
      1      49.048    0.77251E-05    0.76414E-03    0.59668E-18   -0.18946E-16
      1      49.041    0.77357E-05    0.69877E-03   -0.13021E-18    0.35077E-16
      1      49.035    0.77406E-05    0.63359E-03    0.19504E-17   -0.16391E-16
      1      49.028    0.77413E-05    0.56867E-03   -0.60354E-18   -0.21383E-16
      1      49.021    0.77390E-05    0.50410E-03   -0.11811E-17    0.58721E-17
      1      49.015    0.77345E-05    0.43992E-03    0.14367E-17    0.23092E-17
      1      49.008    0.77284E-05    0.37618E-03   -0.14366E-17    0.15813E-16
      1      48.739    0.75156E-05   -0.15317E-02    0.67244E-18    0.29446E-16
      1      48.471    0.74569E-05   -0.24302E-02   -0.10778E-17   -0.26517E-17
      1      48.202    0.74679E-05   -0.29734E-02   -0.22910E-18   -0.14513E-16
      1      47.933    0.75017E-05   -0.33241E-02   -0.28609E-17    0.42850E-18
      1      47.665    0.75409E-05   -0.35469E-02   -0.25436E-17    0.52276E-16
      1      47.396    0.75838E-05   -0.36794E-02   -0.19826E-17   -0.27383E-17
      1      47.128    0.76338E-05   -0.37478E-02   -0.34418E-17   -0.15360E-16
      1      46.859    0.76960E-05   -0.37739E-02   -0.16195E-17   -0.62732E-17
      1      46.590    0.77760E-05   -0.37765E-02   -0.62740E-17    0.24786E-16
      1      46.322    0.78788E-05   -0.37711E-02   -0.17848E-17   -0.81076E-17
      1      46.053    0.80054E-05   -0.37677E-02   -0.44796E-17    0.11148E-16
      1      45.784    0.81530E-05   -0.37704E-02   -0.16755E-17   -0.29087E-16
      1      45.516    0.83192E-05   -0.37833E-02   -0.15078E-17   -0.16672E-16
      1      45.247    0.85025E-05   -0.38102E-02   -0.30767E-17    0.20070E-17
      1      44.979    0.87017E-05   -0.38538E-02   -0.43192E-17   -0.36044E-17
      1      44.710    0.89158E-05   -0.39135E-02   -0.41550E-17    0.53277E-17
      1      44.441    0.91437E-05   -0.39849E-02   -0.28892E-18   -0.11307E-16
      1      44.173    0.93846E-05   -0.40610E-02   -0.67190E-18   -0.80597E-17
      1      43.904    0.96377E-05   -0.41336E-02    0.81170E-18   -0.77896E-17
      1      43.636    0.99024E-05   -0.41948E-02    0.12749E-17   -0.12873E-16
      1      43.367    0.10178E-04   -0.42380E-02   -0.29088E-17    0.12873E-17
      1      43.098    0.10465E-04   -0.42582E-02   -0.57024E-17   -0.16522E-16
      1      42.830    0.10763E-04   -0.42527E-02   -0.14498E-18   -0.13776E-16
      1      42.561    0.11072E-04   -0.42210E-02   -0.13127E-17   -0.11237E-16
      1      42.293    0.11393E-04   -0.41642E-02   -0.13020E-17   -0.82251E-17
      1      42.024    0.11727E-04   -0.40861E-02   -0.96686E-18    0.28920E-17
      1      41.755    0.12075E-04   -0.39912E-02    0.16977E-17    0.41965E-17
      1      41.487    0.12438E-04   -0.38834E-02   -0.55692E-18   -0.98937E-17
      1      41.218    0.12818E-04   -0.37667E-02   -0.91048E-18   -0.43948E-17
      1      40.949    0.13214E-04   -0.36432E-02   -0.22048E-18   -0.14517E-16
      1      40.681    0.13626E-04   -0.35161E-02   -0.48620E-17   -0.11800E-16
      1      40.412    0.14055E-04   -0.33896E-02    0.98628E-18   -0.67543E-17
      1      40.144    0.14499E-04   -0.32673E-02   -0.18485E-17   -0.16911E-16
      1      39.875    0.14957E-04   -0.31516E-02    0.19794E-17   -0.10265E-16
      1      39.606    0.15426E-04   -0.30446E-02   -0.62448E-17   -0.74769E-17
      1      39.338    0.15906E-04   -0.29485E-02   -0.44924E-17   -0.72654E-17
      1      39.069    0.16394E-04   -0.28647E-02   -0.73011E-17   -0.13528E-16
      1      38.801    0.16887E-04   -0.27937E-02   -0.95967E-17   -0.76711E-18
      1      38.532    0.17382E-04   -0.27348E-02   -0.11129E-16   -0.75865E-17
      1      38.263    0.17879E-04   -0.26863E-02    0.38056E-17    0.70283E-17
      1      37.995    0.18373E-04   -0.26461E-02   -0.25346E-17   -0.10758E-16
      1      37.726    0.18863E-04   -0.26116E-02    0.44152E-17   -0.13560E-16
      1      37.457    0.19346E-04   -0.25805E-02   -0.24562E-17   -0.13963E-16
      1      37.189    0.19821E-04   -0.25507E-02   -0.60661E-17   -0.11179E-16
      1      36.920    0.20285E-04   -0.25210E-02   -0.32660E-17   -0.76565E-17
      1      36.652    0.20736E-04   -0.24907E-02   -0.47733E-17   -0.78873E-17
      1      36.383    0.21174E-04   -0.24600E-02   -0.11505E-16   -0.79305E-17
      1      36.114    0.21596E-04   -0.24296E-02    0.15965E-17   -0.81750E-17
      1      35.846    0.22002E-04   -0.24006E-02   -0.96018E-17    0.18752E-17
      1      35.577    0.22390E-04   -0.23748E-02    0.20492E-17   -0.12399E-16
      1      35.309    0.22760E-04   -0.23544E-02   -0.79799E-17    0.31243E-17
      1      35.040    0.23110E-04   -0.23413E-02   -0.10328E-16   -0.50565E-17
      1      34.771    0.23440E-04   -0.23370E-02   -0.40232E-17   -0.82975E-17
      1      34.503    0.23748E-04   -0.23428E-02   -0.43626E-17   -0.24192E-17
      1      34.234    0.24033E-04   -0.23595E-02    0.12618E-16   -0.36217E-17
      1      33.965    0.24295E-04   -0.23879E-02   -0.47646E-17   -0.15432E-16
      1      33.697    0.24531E-04   -0.24294E-02   -0.63568E-17    0.18525E-17
      1      33.428    0.24742E-04   -0.24849E-02   -0.11243E-16   -0.11118E-17
      1      33.160    0.24926E-04   -0.25548E-02   -0.49018E-17    0.14883E-17
      1      32.891    0.25082E-04   -0.26388E-02   -0.12709E-16    0.68588E-17
      1      32.622    0.25209E-04   -0.27357E-02   -0.11251E-16   -0.10787E-17
      1      32.354    0.25306E-04   -0.28439E-02   -0.21245E-16   -0.99860E-18
      1      32.085    0.25373E-04   -0.29616E-02   -0.34123E-16   -0.54974E-17
      1      31.817    0.25409E-04   -0.30870E-02   -0.11684E-16   -0.90359E-17
      1      31.548    0.25415E-04   -0.32186E-02   -0.85493E-17    0.16643E-18
      1      31.279    0.25391E-04   -0.33557E-02    0.37189E-17   -0.29013E-17
      1      31.011    0.25339E-04   -0.34973E-02   -0.12113E-16   -0.28947E-17
      1      30.742    0.25259E-04   -0.36406E-02   -0.59772E-17    0.12437E-17
      1      30.473    0.25154E-04   -0.37818E-02   -0.50560E-17    0.17393E-17
      1      30.205    0.25026E-04   -0.39178E-02   -0.68548E-17    0.36631E-17
      1      29.936    0.24876E-04   -0.40484E-02   -0.26057E-17    0.15284E-17
      1      29.668    0.24708E-04   -0.41740E-02   -0.67763E-17    0.10328E-16
      1      29.399    0.24524E-04   -0.42972E-02   -0.19766E-16    0.21230E-17
      1      29.130    0.24327E-04   -0.44197E-02   -0.10632E-16    0.42043E-18
      1      28.862    0.24119E-04   -0.45412E-02   -0.16648E-17    0.74309E-17
      1      28.593    0.23902E-04   -0.46632E-02   -0.53435E-17    0.82562E-17
      1      28.325    0.23678E-04   -0.47909E-02   -0.34649E-17   -0.32488E-17
      1      28.056    0.23450E-04   -0.49299E-02   -0.63662E-17    0.99652E-17
      1      27.787    0.23219E-04   -0.50845E-02   -0.69483E-17    0.80494E-17
      1      27.519    0.22986E-04   -0.52600E-02   -0.14435E-17    0.20856E-17
      1      27.250    0.22752E-04   -0.54596E-02   -0.56601E-18    0.10856E-16
      1      26.981    0.22518E-04   -0.56855E-02   -0.12437E-16    0.61716E-17
      1      26.713    0.22283E-04   -0.59383E-02    0.23379E-17    0.10217E-16
      1      26.444    0.22047E-04   -0.62173E-02   -0.58587E-17    0.39289E-17
      1      26.176    0.21811E-04   -0.65218E-02   -0.93577E-17    0.12020E-16
      1      25.907    0.21576E-04   -0.68521E-02    0.37390E-17    0.10263E-16
      1      25.638    0.21340E-04   -0.72076E-02   -0.73159E-17    0.90332E-17
      1      25.370    0.21104E-04   -0.75868E-02   -0.13343E-16    0.98901E-17
      1      25.101    0.20870E-04   -0.79872E-02   -0.28381E-17    0.65545E-17
      1      24.833    0.20636E-04   -0.84066E-02   -0.63289E-17    0.67437E-17
      1      24.564    0.20404E-04   -0.88440E-02   -0.44488E-17    0.14047E-16
      1      24.295    0.20173E-04   -0.92981E-02   -0.97543E-17    0.15102E-16
      1      24.027    0.19946E-04   -0.97663E-02    0.55240E-17    0.18027E-16
      1      23.758    0.19721E-04   -0.10247E-01    0.22287E-17    0.11234E-16
      1      23.489    0.19501E-04   -0.10736E-01   -0.25787E-17    0.12803E-16
      1      23.221    0.19286E-04   -0.11232E-01   -0.37495E-17    0.15251E-16
      1      22.952    0.19077E-04   -0.11730E-01    0.84918E-18    0.15104E-16
      1      22.684    0.18874E-04   -0.12229E-01    0.24979E-17    0.19631E-16
      1      22.415    0.18680E-04   -0.12728E-01   -0.32862E-17    0.13810E-16
      1      22.146    0.18495E-04   -0.13224E-01    0.34053E-17    0.13131E-16
      1      21.878    0.18320E-04   -0.13718E-01    0.38600E-17    0.10592E-16
      1      21.609    0.18157E-04   -0.14208E-01    0.27391E-17    0.16497E-16
      1      21.341    0.18005E-04   -0.14692E-01   -0.27044E-17    0.59101E-17
      1      21.072    0.17867E-04   -0.15170E-01   -0.11746E-19    0.91905E-18
      1      20.803    0.17742E-04   -0.15643E-01    0.40691E-17    0.14352E-16
      1      20.535    0.17632E-04   -0.16110E-01   -0.89281E-17    0.13442E-16
      1      20.266    0.17537E-04   -0.16572E-01    0.23888E-18    0.17161E-16
      1      19.997    0.17458E-04   -0.17027E-01   -0.22006E-18    0.40371E-17
      1      19.729    0.17394E-04   -0.17478E-01    0.15506E-16    0.17837E-16
      1      19.460    0.17346E-04   -0.17925E-01    0.61956E-17    0.14931E-16
      1      19.192    0.17315E-04   -0.18368E-01    0.15592E-17    0.13821E-16
      1      18.923    0.17300E-04   -0.18809E-01    0.10507E-16    0.21361E-16
      1      18.654    0.17301E-04   -0.19248E-01    0.11931E-16    0.17287E-16
      1      18.386    0.17318E-04   -0.19688E-01    0.27149E-17    0.12144E-16
      1      18.117    0.17351E-04   -0.20127E-01    0.67936E-17    0.10422E-16
      1      17.849    0.17400E-04   -0.20567E-01    0.72474E-18    0.23309E-16
      1      17.580    0.17464E-04   -0.21008E-01    0.13479E-16    0.21265E-16
      1      17.311    0.17544E-04   -0.21449E-01    0.36261E-17    0.11373E-16
      1      17.043    0.17638E-04   -0.21893E-01    0.94744E-18    0.23542E-16
      1      16.774    0.17748E-04   -0.22337E-01    0.86947E-17    0.16953E-16
      1      16.505    0.17872E-04   -0.22784E-01   -0.12710E-18    0.17264E-16
      1      16.237    0.18012E-04   -0.23233E-01    0.30551E-17    0.17381E-16
      1      15.968    0.18166E-04   -0.23685E-01   -0.83818E-19    0.87886E-17
      1      15.700    0.18335E-04   -0.24141E-01    0.98681E-17    0.10631E-16
      1      15.431    0.18520E-04   -0.24601E-01    0.79933E-17    0.12260E-16
      1      15.162    0.18720E-04   -0.25068E-01    0.15311E-16    0.79675E-17
      1      14.894    0.18936E-04   -0.25541E-01    0.24246E-16    0.18959E-16
      1      14.625    0.19169E-04   -0.26022E-01    0.11647E-16    0.20793E-16
      1      14.357    0.19418E-04   -0.26514E-01    0.96514E-17    0.43914E-17
      1      14.088    0.19685E-04   -0.27019E-01    0.85761E-17    0.14766E-16
      1      13.819    0.19971E-04   -0.27539E-01    0.17101E-16    0.60247E-17
      1      13.551    0.20276E-04   -0.28078E-01    0.26732E-17    0.84143E-17
      1      13.282    0.20601E-04   -0.28638E-01    0.10188E-16    0.28608E-17
      1      13.014    0.20947E-04   -0.29221E-01    0.19140E-16    0.72839E-17
      1      12.745    0.21317E-04   -0.29830E-01    0.19115E-16    0.80210E-17
      1      12.476    0.21711E-04   -0.30466E-01    0.29672E-17    0.17773E-16
      1      12.208    0.22132E-04   -0.31131E-01    0.14057E-16    0.10383E-16
      1      11.939    0.22581E-04   -0.31825E-01    0.14483E-16    0.11981E-16
      1      11.670    0.23059E-04   -0.32545E-01    0.10086E-16    0.57680E-17
      1      11.402    0.23567E-04   -0.33283E-01    0.10774E-16    0.95468E-17
      1      11.133    0.24101E-04   -0.34022E-01    0.18773E-16    0.86138E-17
      1      10.865    0.24654E-04   -0.34731E-01    0.78135E-17    0.26485E-17
      1      10.596    0.25208E-04   -0.35357E-01    0.29240E-16   -0.12030E-17
      1      10.327    0.25734E-04   -0.35818E-01    0.15067E-16    0.14612E-16
      1      10.059    0.26193E-04   -0.36005E-01    0.10470E-16    0.20025E-17
      1       9.790    0.26540E-04   -0.35810E-01    0.23241E-17    0.10944E-16
      1       9.522    0.26748E-04   -0.35164E-01    0.20424E-16    0.48816E-17
      1       9.253    0.26837E-04   -0.34118E-01    0.15426E-16    0.64794E-17
      1       8.984    0.26855E-04   -0.32783E-01    0.37579E-16    0.50558E-17
      1       8.716    0.26852E-04   -0.31278E-01    0.33354E-16    0.64013E-17
      1       8.447    0.26872E-04   -0.29700E-01    0.14509E-16    0.49783E-17
      1       8.178    0.26942E-04   -0.28111E-01    0.14392E-16    0.38207E-17
      1       7.910    0.27083E-04   -0.26544E-01    0.28033E-16    0.53060E-17
      1       7.641    0.27305E-04   -0.25017E-01   -0.14266E-16    0.73477E-17
      1       7.373    0.27618E-04   -0.23535E-01    0.28329E-16   -0.10491E-17
      1       7.104    0.28028E-04   -0.22101E-01    0.56069E-16   -0.22873E-17
      1       6.835    0.28541E-04   -0.20712E-01    0.17579E-16    0.73142E-17
      1       6.567    0.29163E-04   -0.19368E-01    0.39173E-16    0.83771E-17
      1       6.298    0.29900E-04   -0.18069E-01    0.49164E-16    0.10899E-16
      1       6.030    0.30758E-04   -0.16817E-01    0.41102E-16   -0.57470E-17
      1       5.761    0.31744E-04   -0.15613E-01    0.42956E-16    0.95695E-18
      1       5.492    0.32864E-04   -0.14461E-01    0.64317E-16   -0.76982E-17
      1       5.224    0.34123E-04   -0.13364E-01    0.22421E-16   -0.72521E-17
      1       4.955    0.35528E-04   -0.12325E-01    0.34782E-16    0.34848E-17
      1       4.686    0.37083E-04   -0.11348E-01    0.55973E-16   -0.69332E-17
      1       4.418    0.38791E-04   -0.10436E-01    0.47853E-16    0.27069E-17
      1       4.149    0.40652E-04   -0.95952E-02    0.73047E-16   -0.68104E-17
      1       3.881    0.42663E-04   -0.88293E-02    0.91735E-16   -0.22827E-17
      1       3.612    0.44819E-04   -0.81436E-02    0.27487E-16   -0.61930E-17
      1       3.343    0.47106E-04   -0.75408E-02    0.37214E-16   -0.24912E-18
      1       3.075    0.49495E-04   -0.70068E-02    0.19468E-16   -0.85276E-18
      1       2.806    0.51942E-04   -0.65163E-02    0.41083E-16   -0.27514E-17
      1       2.538    0.54383E-04   -0.60408E-02    0.19862E-16    0.75226E-17
      1       2.269    0.56729E-04   -0.55520E-02    0.57443E-16   -0.10374E-16
      1       2.000    0.58857E-04   -0.50261E-02    0.60254E-16    0.12797E-17
      1       1.732    0.60597E-04   -0.44461E-02    0.42448E-16   -0.42734E-17
      1       1.463    0.61711E-04   -0.38047E-02    0.71036E-16   -0.17336E-18
      1       1.194    0.61880E-04   -0.31261E-02    0.68634E-16    0.59371E-18
      1       0.926    0.60665E-04   -0.24824E-02    0.67974E-16    0.16149E-17
      1       0.657    0.57264E-04   -0.19208E-02    0.80995E-16    0.11773E-17
      1       0.389    0.49886E-04   -0.14439E-02    0.58394E-16   -0.64395E-17
      1       0.120    0.32152E-04   -0.78610E-03    0.20755E-16   -0.30778E-17
