   3N SYSTEM INCLUSIVE  PHOTODESINTEGRATION
        DETECTED PARTICLE: 1- PROTON
        NOT DETECTED PARTICLES:2- PROTON  3-NEUTRON

      OMEGA 0.30000E+02
     MTTWE1,MTTWE2,MTTWE3=    1    1   -1
     TH1LAB,PHI1LAB=    50.000     0.000
   Unit of cross sections ... fm**2/(MeV*sr**2)
      I       E1      CROSS           AX           AY           AZ
      1      15.877    0.30312E-05   -0.90906E+00   -0.31348E-18   -0.54051E-18
      1      15.864    0.87264E-03   -0.90709E+00    0.11521E-16    0.10044E-16
      1      15.857    0.97632E-03   -0.90652E+00   -0.83548E-19   -0.14023E-17
      1      15.850    0.10374E-02   -0.90599E+00    0.93515E-18   -0.18135E-17
      1      15.844    0.10737E-02   -0.90549E+00   -0.32502E-17   -0.21079E-18
      1      15.837    0.10946E-02   -0.90502E+00   -0.47781E-18   -0.26208E-17
      1      15.830    0.11053E-02   -0.90457E+00    0.13481E-17   -0.23955E-17
      1      15.824    0.11094E-02   -0.90414E+00   -0.12309E-17    0.12855E-17
      1      15.817    0.11089E-02   -0.90372E+00   -0.71216E-18    0.14601E-17
      1      15.810    0.11053E-02   -0.90333E+00   -0.21418E-18   -0.12654E-17
      1      15.804    0.10997E-02   -0.90296E+00   -0.48581E-17   -0.40057E-17
      1      15.797    0.10927E-02   -0.90261E+00   -0.10707E-17   -0.11370E-17
      1      15.790    0.10850E-02   -0.90228E+00   -0.18467E-17   -0.43725E-18
      1      15.784    0.10767E-02   -0.90197E+00    0.64113E-18   -0.26269E-17
      1      15.777    0.10682E-02   -0.90167E+00   -0.29788E-17   -0.24424E-17
      1      15.770    0.10596E-02   -0.90139E+00    0.29704E-18    0.26446E-17
      1      15.764    0.10510E-02   -0.90112E+00    0.33483E-17    0.48278E-17
      1      15.757    0.10424E-02   -0.90087E+00   -0.16651E-19    0.66029E-18
      1      15.671    0.94245E-03   -0.89809E+00   -0.69191E-17   -0.18787E-16
      1      15.585    0.86491E-03   -0.89570E+00   -0.19036E-18   -0.79119E-17
      1      15.499    0.80612E-03   -0.89352E+00    0.28256E-17   -0.15410E-17
      1      15.413    0.76044E-03   -0.89148E+00   -0.33219E-17   -0.39215E-17
      1      15.327    0.72361E-03   -0.88947E+00   -0.19241E-17   -0.65985E-17
      1      15.241    0.69294E-03   -0.88741E+00   -0.25981E-17    0.50879E-17
      1      15.156    0.66669E-03   -0.88524E+00    0.21685E-17    0.90595E-17
      1      15.070    0.64372E-03   -0.88293E+00   -0.21660E-18   -0.35376E-17
      1      14.984    0.62326E-03   -0.88045E+00    0.80477E-17    0.33127E-17
      1      14.898    0.60477E-03   -0.87777E+00   -0.63024E-17   -0.80330E-17
      1      14.812    0.58791E-03   -0.87489E+00   -0.40092E-17   -0.39988E-17
      1      14.726    0.57244E-03   -0.87184E+00    0.54927E-17    0.77097E-17
      1      14.640    0.55821E-03   -0.86861E+00    0.72799E-17    0.14608E-16
      1      14.554    0.54507E-03   -0.86522E+00   -0.18687E-17    0.27627E-17
      1      14.468    0.53288E-03   -0.86167E+00   -0.72502E-18    0.10241E-16
      1      14.382    0.52155E-03   -0.85796E+00    0.74233E-17   -0.26316E-17
      1      14.296    0.51099E-03   -0.85410E+00    0.83318E-17    0.73061E-18
      1      14.210    0.50111E-03   -0.85009E+00   -0.11824E-16    0.11950E-17
      1      14.125    0.49185E-03   -0.84593E+00    0.33874E-17    0.47015E-18
      1      14.039    0.48316E-03   -0.84161E+00   -0.18224E-17   -0.13647E-16
      1      13.953    0.47498E-03   -0.83713E+00   -0.19231E-17   -0.14658E-17
      1      13.867    0.46729E-03   -0.83250E+00    0.94867E-17    0.27880E-17
      1      13.781    0.46005E-03   -0.82772E+00   -0.75835E-17   -0.13438E-16
      1      13.695    0.45327E-03   -0.82280E+00    0.87571E-17    0.36590E-17
      1      13.609    0.44691E-03   -0.81775E+00    0.13391E-16    0.24891E-17
      1      13.523    0.44096E-03   -0.81259E+00   -0.14549E-17   -0.16221E-16
      1      13.437    0.43540E-03   -0.80731E+00   -0.39252E-17    0.70915E-17
      1      13.351    0.43023E-03   -0.80195E+00    0.13295E-17   -0.32824E-16
      1      13.265    0.42542E-03   -0.79651E+00    0.50499E-17    0.11065E-16
      1      13.179    0.42096E-03   -0.79101E+00    0.40066E-17    0.66765E-17
      1      13.094    0.41683E-03   -0.78547E+00    0.22088E-16    0.45329E-17
      1      13.008    0.41301E-03   -0.77988E+00    0.10189E-16   -0.18722E-16
      1      12.922    0.40949E-03   -0.77426E+00    0.16727E-16    0.12352E-16
      1      12.836    0.40625E-03   -0.76862E+00    0.19360E-17    0.13077E-16
      1      12.750    0.40326E-03   -0.76295E+00    0.41970E-17    0.11063E-16
      1      12.664    0.40051E-03   -0.75725E+00   -0.95116E-17   -0.49435E-17
      1      12.578    0.39798E-03   -0.75154E+00   -0.58128E-17    0.12368E-16
      1      12.492    0.39567E-03   -0.74580E+00    0.46787E-17   -0.16081E-17
      1      12.406    0.39356E-03   -0.74004E+00   -0.12188E-16   -0.12793E-16
      1      12.320    0.39164E-03   -0.73428E+00   -0.23301E-17    0.88557E-17
      1      12.234    0.38992E-03   -0.72851E+00   -0.11963E-16   -0.22989E-17
      1      12.148    0.38838E-03   -0.72275E+00    0.11874E-16   -0.25076E-16
      1      12.063    0.38704E-03   -0.71700E+00    0.13265E-16    0.12546E-16
      1      11.977    0.38589E-03   -0.71129E+00    0.23969E-16   -0.12328E-16
      1      11.891    0.38494E-03   -0.70563E+00    0.12022E-16    0.23438E-16
      1      11.805    0.38420E-03   -0.70002E+00    0.25529E-17    0.18527E-16
      1      11.719    0.38365E-03   -0.69447E+00    0.11624E-16   -0.22566E-16
      1      11.633    0.38332E-03   -0.68900E+00    0.55804E-17    0.18934E-16
      1      11.547    0.38318E-03   -0.68362E+00    0.66935E-17    0.99746E-17
      1      11.461    0.38324E-03   -0.67831E+00    0.32091E-16    0.11544E-16
      1      11.375    0.38350E-03   -0.67310E+00    0.62385E-17    0.16768E-16
      1      11.289    0.38396E-03   -0.66799E+00    0.10832E-16   -0.94848E-17
      1      11.203    0.38460E-03   -0.66297E+00    0.38335E-17    0.29806E-16
      1      11.117    0.38542E-03   -0.65805E+00   -0.34402E-17   -0.37519E-16
      1      11.031    0.38643E-03   -0.65323E+00    0.34912E-17   -0.37422E-16
      1      10.946    0.38760E-03   -0.64850E+00    0.48546E-17    0.39296E-16
      1      10.860    0.38894E-03   -0.64386E+00   -0.11089E-17    0.28679E-16
      1      10.774    0.39045E-03   -0.63931E+00   -0.18600E-16    0.28134E-16
      1      10.688    0.39211E-03   -0.63485E+00   -0.69840E-17    0.14662E-16
      1      10.602    0.39394E-03   -0.63046E+00    0.34712E-17   -0.22786E-17
      1      10.516    0.39593E-03   -0.62615E+00   -0.27091E-16    0.24374E-16
      1      10.430    0.39809E-03   -0.62192E+00    0.34531E-16    0.24533E-16
      1      10.344    0.40041E-03   -0.61776E+00    0.16967E-16    0.18292E-16
      1      10.258    0.40292E-03   -0.61369E+00   -0.47866E-17    0.10592E-17
      1      10.172    0.40561E-03   -0.60970E+00    0.32321E-16    0.12767E-16
      1      10.086    0.40850E-03   -0.60581E+00    0.15142E-16    0.13421E-16
      1      10.000    0.41160E-03   -0.60202E+00   -0.21392E-17    0.24442E-16
      1       9.915    0.41491E-03   -0.59835E+00    0.28328E-16   -0.26843E-16
      1       9.829    0.41846E-03   -0.59481E+00    0.64552E-17   -0.43473E-17
      1       9.743    0.42225E-03   -0.59141E+00   -0.25067E-17    0.24152E-16
      1       9.657    0.42628E-03   -0.58816E+00   -0.12924E-16    0.17848E-16
      1       9.571    0.43058E-03   -0.58507E+00    0.76765E-17    0.21098E-16
      1       9.485    0.43512E-03   -0.58214E+00    0.13069E-17    0.23351E-16
      1       9.399    0.43993E-03   -0.57937E+00   -0.15040E-16    0.43349E-17
      1       9.313    0.44500E-03   -0.57676E+00   -0.65111E-17    0.54800E-16
      1       9.227    0.45033E-03   -0.57431E+00    0.19878E-16    0.27305E-16
      1       9.141    0.45593E-03   -0.57203E+00   -0.25820E-16   -0.16607E-17
      1       9.055    0.46181E-03   -0.56990E+00   -0.13384E-17    0.69194E-17
      1       8.969    0.46795E-03   -0.56794E+00   -0.10733E-16    0.28342E-17
      1       8.884    0.47437E-03   -0.56613E+00   -0.24818E-16    0.20319E-16
      1       8.798    0.48106E-03   -0.56447E+00    0.81940E-18    0.28846E-16
      1       8.712    0.48804E-03   -0.56295E+00   -0.11922E-16    0.15252E-16
      1       8.626    0.49530E-03   -0.56158E+00    0.27375E-17    0.14994E-16
      1       8.540    0.50285E-03   -0.56036E+00    0.15801E-16    0.32200E-16
      1       8.454    0.51069E-03   -0.55926E+00    0.30163E-17    0.24446E-16
      1       8.368    0.51883E-03   -0.55830E+00   -0.37442E-17    0.93137E-17
      1       8.282    0.52727E-03   -0.55747E+00   -0.81503E-17    0.39114E-16
      1       8.196    0.53602E-03   -0.55677E+00    0.32743E-17   -0.16594E-17
      1       8.110    0.54510E-03   -0.55619E+00    0.26035E-16   -0.23758E-17
      1       8.024    0.55451E-03   -0.55575E+00   -0.29084E-16    0.15404E-16
      1       7.938    0.56427E-03   -0.55543E+00    0.48596E-16   -0.85421E-18
      1       7.853    0.57439E-03   -0.55525E+00    0.25995E-16    0.12857E-16
      1       7.767    0.58488E-03   -0.55520E+00   -0.46122E-16    0.15841E-16
      1       7.681    0.59577E-03   -0.55528E+00   -0.12365E-16   -0.17769E-17
      1       7.595    0.60705E-03   -0.55551E+00   -0.17338E-16    0.12194E-16
      1       7.509    0.61876E-03   -0.55587E+00    0.14923E-16    0.37834E-17
      1       7.423    0.63091E-03   -0.55638E+00    0.10048E-16    0.66906E-17
      1       7.337    0.64350E-03   -0.55702E+00    0.21699E-16    0.12410E-16
      1       7.251    0.65654E-03   -0.55780E+00    0.18298E-16   -0.41804E-17
      1       7.165    0.67004E-03   -0.55872E+00    0.20369E-16   -0.13162E-16
      1       7.079    0.68401E-03   -0.55976E+00    0.10501E-16    0.24986E-16
      1       6.993    0.69847E-03   -0.56094E+00   -0.46799E-16    0.30569E-17
      1       6.907    0.71341E-03   -0.56225E+00    0.15946E-16    0.12501E-16
      1       6.822    0.72887E-03   -0.56368E+00    0.37714E-16   -0.63831E-17
      1       6.736    0.74484E-03   -0.56524E+00    0.26169E-17    0.35812E-16
      1       6.650    0.76135E-03   -0.56693E+00    0.18382E-17    0.17425E-17
      1       6.564    0.77840E-03   -0.56874E+00    0.59478E-16    0.58410E-17
      1       6.478    0.79601E-03   -0.57067E+00   -0.20770E-16    0.17283E-16
      1       6.392    0.81420E-03   -0.57273E+00    0.21773E-17    0.17556E-16
      1       6.306    0.83299E-03   -0.57492E+00    0.61822E-16   -0.15828E-16
      1       6.220    0.85239E-03   -0.57722E+00   -0.13265E-16    0.11016E-16
      1       6.134    0.87243E-03   -0.57965E+00    0.64632E-16    0.79367E-18
      1       6.048    0.89313E-03   -0.58221E+00    0.55822E-16    0.21305E-16
      1       5.962    0.91449E-03   -0.58489E+00    0.74416E-16    0.64786E-17
      1       5.876    0.93655E-03   -0.58768E+00   -0.38629E-16    0.19134E-16
      1       5.791    0.95931E-03   -0.59059E+00    0.25169E-16    0.10411E-16
      1       5.705    0.98279E-03   -0.59362E+00   -0.38915E-16    0.49030E-17
      1       5.619    0.10070E-02   -0.59677E+00   -0.27098E-16    0.11265E-16
      1       5.533    0.10321E-02   -0.60004E+00    0.18684E-16    0.11801E-16
      1       5.447    0.10579E-02   -0.60342E+00   -0.14424E-16   -0.19601E-16
      1       5.361    0.10845E-02   -0.60692E+00    0.96452E-16   -0.85708E-18
      1       5.275    0.11119E-02   -0.61051E+00    0.36778E-16   -0.88068E-17
      1       5.189    0.11399E-02   -0.61417E+00    0.12069E-16   -0.12776E-16
      1       5.103    0.11686E-02   -0.61786E+00   -0.19348E-17    0.45112E-17
      1       5.017    0.11977E-02   -0.62153E+00    0.68747E-16    0.26917E-17
      1       4.931    0.12268E-02   -0.62510E+00   -0.60841E-16   -0.22012E-16
      1       4.845    0.12557E-02   -0.62848E+00   -0.11179E-16   -0.11559E-16
      1       4.760    0.12837E-02   -0.63155E+00    0.58656E-16    0.27641E-17
      1       4.674    0.13102E-02   -0.63419E+00    0.10550E-15    0.55215E-17
      1       4.588    0.13344E-02   -0.63625E+00    0.14588E-15    0.10479E-16
      1       4.502    0.13554E-02   -0.63756E+00    0.26723E-16    0.11364E-16
      1       4.416    0.13725E-02   -0.63797E+00    0.16687E-15    0.19706E-16
      1       4.330    0.13848E-02   -0.63734E+00    0.73860E-16    0.22221E-16
      1       4.244    0.13916E-02   -0.63553E+00    0.64669E-16    0.13149E-17
      1       4.158    0.13925E-02   -0.63245E+00   -0.54787E-16   -0.91025E-17
      1       4.072    0.13876E-02   -0.62808E+00    0.78619E-16    0.75953E-17
      1       3.986    0.13772E-02   -0.62248E+00    0.25196E-15    0.13944E-16
      1       3.900    0.13619E-02   -0.61572E+00   -0.23206E-16   -0.23023E-16
      1       3.814    0.13426E-02   -0.60790E+00    0.74409E-16    0.42143E-17
      1       3.729    0.13201E-02   -0.59916E+00   -0.18162E-15   -0.10586E-16
      1       3.643    0.12951E-02   -0.58962E+00    0.50674E-16   -0.10054E-17
      1       3.557    0.12684E-02   -0.57940E+00   -0.37972E-16    0.55916E-17
      1       3.471    0.12405E-02   -0.56862E+00   -0.39241E-16    0.76273E-17
      1       3.385    0.12121E-02   -0.55738E+00    0.33462E-16    0.20141E-16
      1       3.299    0.11834E-02   -0.54576E+00    0.92394E-16    0.21008E-17
      1       3.213    0.11547E-02   -0.53382E+00   -0.16156E-15   -0.52930E-17
      1       3.127    0.11261E-02   -0.52158E+00   -0.22907E-16   -0.80247E-17
      1       3.041    0.10979E-02   -0.50907E+00   -0.48430E-16   -0.19394E-16
      1       2.955    0.10700E-02   -0.49632E+00    0.11084E-15    0.21460E-17
      1       2.869    0.10425E-02   -0.48335E+00   -0.26461E-16    0.16362E-16
      1       2.783    0.10156E-02   -0.47019E+00   -0.41184E-16   -0.19576E-16
      1       2.698    0.98934E-03   -0.45688E+00   -0.15274E-16   -0.14120E-16
      1       2.612    0.96369E-03   -0.44343E+00   -0.83026E-16   -0.20312E-16
      1       2.526    0.93870E-03   -0.42988E+00    0.26655E-16    0.89270E-18
      1       2.440    0.91439E-03   -0.41625E+00    0.87861E-16   -0.17235E-16
      1       2.354    0.89077E-03   -0.40257E+00    0.44801E-16    0.88730E-17
      1       2.268    0.86784E-03   -0.38886E+00   -0.12009E-16    0.35797E-17
      1       2.182    0.84559E-03   -0.37515E+00   -0.18966E-16    0.10657E-16
      1       2.096    0.82401E-03   -0.36148E+00    0.78061E-16   -0.90094E-17
      1       2.010    0.80309E-03   -0.34788E+00   -0.24524E-16   -0.21216E-16
      1       1.924    0.78275E-03   -0.33434E+00   -0.33621E-16    0.22593E-16
      1       1.838    0.76287E-03   -0.32082E+00    0.19986E-16   -0.31317E-16
      1       1.752    0.74332E-03   -0.30726E+00    0.10337E-16   -0.10069E-16
      1       1.667    0.72397E-03   -0.29357E+00    0.66170E-16   -0.20386E-16
      1       1.581    0.70468E-03   -0.27969E+00    0.64308E-16   -0.23560E-16
      1       1.495    0.68532E-03   -0.26552E+00   -0.15200E-16    0.97641E-17
      1       1.409    0.66577E-03   -0.25099E+00    0.31542E-16   -0.92361E-17
      1       1.323    0.64592E-03   -0.23604E+00    0.59325E-17    0.86473E-17
      1       1.237    0.62569E-03   -0.22066E+00    0.30504E-16   -0.99055E-17
      1       1.151    0.60507E-03   -0.20491E+00    0.67823E-16   -0.13961E-16
      1       1.065    0.58414E-03   -0.18908E+00    0.11542E-15    0.13292E-17
      1       0.979    0.56292E-03   -0.17346E+00    0.35232E-16   -0.43797E-16
      1       0.893    0.54129E-03   -0.15822E+00    0.70379E-16   -0.55326E-16
      1       0.807    0.51900E-03   -0.14348E+00    0.97481E-16   -0.16668E-16
      1       0.721    0.49579E-03   -0.12943E+00    0.90848E-16   -0.85773E-17
      1       0.636    0.47144E-03   -0.11658E+00    0.53572E-16   -0.15516E-16
      1       0.550    0.44575E-03   -0.10591E+00    0.85296E-16    0.67061E-17
      1       0.464    0.41743E-03   -0.96733E-01    0.83069E-16    0.12644E-16
      1       0.378    0.38351E-03   -0.85168E-01    0.65664E-16    0.13575E-16
      1       0.292    0.34110E-03   -0.67157E-01    0.47518E-16    0.19257E-17
      1       0.206    0.28842E-03   -0.43147E-01    0.77979E-16   -0.12922E-17
      1       0.120    0.22242E-03   -0.21620E-01    0.68874E-16   -0.29994E-16
