   3N SYSTEM INCLUSIVE  PHOTODESINTEGRATION
        DETECTED PARTICLE: 1- PROTON
        NOT DETECTED PARTICLES:2- PROTON  3-NEUTRON

      OMEGA 0.30000E+02
     MTTWE1,MTTWE2,MTTWE3=    1    1   -1
     TH1LAB,PHI1LAB=   130.000     0.000
   Unit of cross sections ... fm**2/(MeV*sr**2)
      I       E1      CROSS           AX           AY           AZ
      1      13.601    0.97662E-06   -0.92365E+00   -0.13114E-17    0.58600E-18
      1      13.588    0.27496E-03   -0.91971E+00    0.52610E-18    0.10833E-17
      1      13.581    0.30542E-03   -0.91828E+00   -0.75552E-18   -0.10569E-17
      1      13.574    0.32248E-03   -0.91689E+00    0.44893E-18   -0.40377E-17
      1      13.568    0.33191E-03   -0.91553E+00    0.40379E-18   -0.24643E-17
      1      13.561    0.33671E-03   -0.91421E+00    0.23965E-17    0.52207E-17
      1      13.554    0.33858E-03   -0.91291E+00   -0.12531E-18    0.15940E-17
      1      13.548    0.33857E-03   -0.91165E+00   -0.12159E-17    0.30361E-18
      1      13.541    0.33735E-03   -0.91042E+00   -0.30737E-18   -0.70687E-18
      1      13.534    0.33537E-03   -0.90922E+00   -0.66201E-17   -0.14070E-17
      1      13.528    0.33291E-03   -0.90807E+00   -0.29680E-18   -0.41511E-17
      1      13.521    0.33020E-03   -0.90696E+00   -0.10793E-16   -0.32552E-17
      1      13.514    0.32737E-03   -0.90588E+00   -0.16351E-17    0.13581E-17
      1      13.508    0.32450E-03   -0.90485E+00    0.14700E-17    0.42875E-17
      1      13.501    0.32164E-03   -0.90385E+00   -0.88115E-18   -0.13356E-17
      1      13.494    0.31881E-03   -0.90288E+00    0.61229E-18   -0.26925E-17
      1      13.488    0.31602E-03   -0.90194E+00   -0.69370E-17   -0.39093E-17
      1      13.481    0.31328E-03   -0.90102E+00    0.40199E-17    0.21410E-18
      1      13.407    0.28695E-03   -0.89198E+00   -0.19672E-17   -0.34164E-17
      1      13.334    0.26686E-03   -0.88411E+00   -0.34280E-17   -0.65403E-17
      1      13.261    0.25187E-03   -0.87714E+00   -0.22387E-17   -0.37511E-17
      1      13.187    0.24051E-03   -0.87087E+00   -0.13920E-17    0.37461E-18
      1      13.114    0.23161E-03   -0.86510E+00    0.60809E-17    0.15702E-16
      1      13.040    0.22441E-03   -0.85962E+00    0.53619E-17    0.12777E-17
      1      12.967    0.21841E-03   -0.85431E+00    0.29400E-17   -0.17121E-18
      1      12.894    0.21330E-03   -0.84905E+00    0.47967E-17    0.77928E-17
      1      12.820    0.20885E-03   -0.84376E+00   -0.42284E-17   -0.72077E-17
      1      12.747    0.20491E-03   -0.83838E+00   -0.20932E-17   -0.10189E-16
      1      12.673    0.20138E-03   -0.83286E+00   -0.60605E-17    0.12858E-16
      1      12.600    0.19822E-03   -0.82722E+00    0.10272E-16    0.42392E-17
      1      12.527    0.19539E-03   -0.82145E+00   -0.28471E-17   -0.34421E-17
      1      12.453    0.19287E-03   -0.81558E+00   -0.79006E-17   -0.11369E-16
      1      12.380    0.19064E-03   -0.80962E+00    0.69412E-17    0.72092E-17
      1      12.306    0.18868E-03   -0.80357E+00    0.12121E-16   -0.47650E-17
      1      12.233    0.18697E-03   -0.79744E+00   -0.17135E-18   -0.10851E-16
      1      12.160    0.18549E-03   -0.79124E+00   -0.41460E-17    0.36585E-17
      1      12.086    0.18422E-03   -0.78496E+00   -0.57765E-17   -0.20239E-16
      1      12.013    0.18316E-03   -0.77861E+00    0.51568E-17    0.17074E-16
      1      11.939    0.18228E-03   -0.77218E+00   -0.15497E-16   -0.23533E-16
      1      11.866    0.18158E-03   -0.76567E+00    0.12972E-17   -0.11943E-16
      1      11.792    0.18104E-03   -0.75910E+00   -0.16492E-16   -0.26197E-16
      1      11.719    0.18067E-03   -0.75246E+00   -0.14950E-17   -0.21021E-16
      1      11.646    0.18046E-03   -0.74576E+00    0.59320E-17    0.21119E-16
      1      11.572    0.18042E-03   -0.73903E+00    0.84745E-17   -0.49910E-17
      1      11.499    0.18053E-03   -0.73226E+00   -0.17480E-17   -0.13321E-16
      1      11.425    0.18079E-03   -0.72549E+00    0.23712E-17    0.71429E-17
      1      11.352    0.18120E-03   -0.71873E+00    0.81167E-17    0.29352E-16
      1      11.279    0.18176E-03   -0.71200E+00    0.15415E-16    0.75237E-17
      1      11.205    0.18246E-03   -0.70532E+00    0.17822E-16    0.24756E-16
      1      11.132    0.18330E-03   -0.69870E+00    0.23236E-16   -0.39431E-17
      1      11.058    0.18427E-03   -0.69217E+00   -0.47001E-17    0.16476E-16
      1      10.985    0.18538E-03   -0.68572E+00    0.10747E-16   -0.77811E-17
      1      10.912    0.18661E-03   -0.67937E+00    0.66654E-17    0.77272E-16
      1      10.838    0.18797E-03   -0.67313E+00    0.89734E-17   -0.10077E-16
      1      10.765    0.18943E-03   -0.66698E+00    0.65902E-17    0.63095E-17
      1      10.691    0.19100E-03   -0.66092E+00   -0.10155E-16    0.27941E-16
      1      10.618    0.19268E-03   -0.65497E+00   -0.20155E-17   -0.15607E-16
      1      10.544    0.19445E-03   -0.64910E+00    0.55624E-16   -0.11751E-16
      1      10.471    0.19632E-03   -0.64332E+00   -0.80655E-17    0.73878E-17
      1      10.398    0.19827E-03   -0.63763E+00   -0.13803E-16    0.10703E-16
      1      10.324    0.20032E-03   -0.63203E+00    0.21237E-16   -0.72403E-17
      1      10.251    0.20245E-03   -0.62653E+00    0.20420E-16   -0.12800E-16
      1      10.177    0.20467E-03   -0.62112E+00    0.19110E-17    0.20056E-16
      1      10.104    0.20699E-03   -0.61583E+00    0.42076E-17   -0.46798E-17
      1      10.031    0.20940E-03   -0.61065E+00    0.20892E-16   -0.21784E-16
      1       9.957    0.21191E-03   -0.60560E+00    0.19687E-16    0.46347E-16
      1       9.884    0.21452E-03   -0.60069E+00   -0.38855E-17    0.21987E-16
      1       9.810    0.21724E-03   -0.59591E+00    0.12647E-16    0.33844E-16
      1       9.737    0.22006E-03   -0.59127E+00   -0.11407E-16    0.10206E-17
      1       9.664    0.22299E-03   -0.58678E+00   -0.47502E-17    0.54955E-16
      1       9.590    0.22603E-03   -0.58243E+00    0.30651E-16   -0.62068E-17
      1       9.517    0.22917E-03   -0.57822E+00    0.61942E-16   -0.11088E-16
      1       9.443    0.23242E-03   -0.57416E+00    0.20500E-16    0.26461E-17
      1       9.370    0.23578E-03   -0.57023E+00    0.98537E-17    0.11105E-16
      1       9.296    0.23925E-03   -0.56643E+00    0.10382E-16    0.26918E-16
      1       9.223    0.24282E-03   -0.56277E+00    0.13882E-16    0.71325E-17
      1       9.150    0.24649E-03   -0.55923E+00    0.13732E-16    0.29208E-16
      1       9.076    0.25026E-03   -0.55580E+00    0.16994E-16    0.85775E-17
      1       9.003    0.25413E-03   -0.55248E+00    0.33827E-16    0.21771E-16
      1       8.929    0.25810E-03   -0.54926E+00   -0.10897E-16   -0.15778E-16
      1       8.856    0.26217E-03   -0.54613E+00   -0.34550E-17   -0.20111E-17
      1       8.783    0.26633E-03   -0.54308E+00   -0.12389E-16    0.15940E-16
      1       8.709    0.27059E-03   -0.54012E+00   -0.12829E-16    0.39886E-16
      1       8.636    0.27495E-03   -0.53723E+00    0.35799E-17   -0.15177E-16
      1       8.562    0.27941E-03   -0.53442E+00    0.11401E-16    0.20293E-16
      1       8.489    0.28398E-03   -0.53168E+00    0.17601E-16    0.17247E-16
      1       8.416    0.28866E-03   -0.52901E+00    0.37650E-17    0.78391E-17
      1       8.342    0.29347E-03   -0.52642E+00   -0.14071E-18    0.54979E-17
      1       8.269    0.29840E-03   -0.52392E+00   -0.11243E-16   -0.31800E-17
      1       8.195    0.30346E-03   -0.52151E+00    0.57682E-17    0.18101E-16
      1       8.122    0.30867E-03   -0.51920E+00    0.76044E-17    0.14851E-16
      1       8.048    0.31403E-03   -0.51700E+00    0.15997E-17   -0.74723E-17
      1       7.975    0.31954E-03   -0.51491E+00   -0.11477E-18    0.19468E-17
      1       7.902    0.32522E-03   -0.51294E+00    0.12310E-16    0.31370E-16
      1       7.828    0.33106E-03   -0.51110E+00    0.20481E-16    0.26842E-16
      1       7.755    0.33708E-03   -0.50938E+00    0.23722E-16    0.25380E-16
      1       7.681    0.34327E-03   -0.50778E+00   -0.25168E-16    0.22953E-16
      1       7.608    0.34963E-03   -0.50631E+00   -0.19083E-16    0.79739E-17
      1       7.535    0.35618E-03   -0.50495E+00    0.36572E-16    0.12927E-16
      1       7.461    0.36291E-03   -0.50372E+00    0.17026E-16   -0.59540E-18
      1       7.388    0.36983E-03   -0.50261E+00    0.11983E-16    0.25644E-16
      1       7.314    0.37693E-03   -0.50162E+00   -0.12972E-16    0.20446E-16
      1       7.241    0.38423E-03   -0.50073E+00    0.47408E-16    0.10156E-16
      1       7.168    0.39173E-03   -0.49996E+00    0.16128E-16    0.23295E-16
      1       7.094    0.39943E-03   -0.49929E+00    0.38976E-16    0.13155E-17
      1       7.021    0.40733E-03   -0.49873E+00    0.15096E-16    0.15494E-16
      1       6.947    0.41544E-03   -0.49826E+00    0.10595E-16    0.74248E-17
      1       6.874    0.42375E-03   -0.49789E+00    0.17154E-16    0.16478E-16
      1       6.800    0.43228E-03   -0.49761E+00   -0.94379E-17    0.82763E-17
      1       6.727    0.44103E-03   -0.49741E+00    0.25885E-17   -0.13412E-17
      1       6.654    0.45001E-03   -0.49731E+00   -0.21559E-16    0.25727E-16
      1       6.580    0.45921E-03   -0.49728E+00   -0.11308E-16   -0.71978E-17
      1       6.507    0.46866E-03   -0.49734E+00    0.89298E-17    0.21624E-16
      1       6.433    0.47835E-03   -0.49749E+00    0.24945E-16   -0.13881E-16
      1       6.360    0.48830E-03   -0.49772E+00    0.76863E-17    0.19268E-16
      1       6.287    0.49852E-03   -0.49804E+00    0.21183E-16    0.97704E-17
      1       6.213    0.50902E-03   -0.49845E+00    0.13801E-16    0.80178E-17
      1       6.140    0.51981E-03   -0.49895E+00    0.24939E-16    0.11215E-16
      1       6.066    0.53090E-03   -0.49954E+00   -0.62791E-17    0.22206E-16
      1       5.993    0.54230E-03   -0.50024E+00   -0.61812E-16   -0.99811E-17
      1       5.920    0.55403E-03   -0.50103E+00    0.31469E-16   -0.13364E-16
      1       5.846    0.56609E-03   -0.50192E+00    0.51116E-16    0.28368E-16
      1       5.773    0.57849E-03   -0.50291E+00   -0.30273E-16   -0.52472E-17
      1       5.699    0.59124E-03   -0.50400E+00    0.74166E-16   -0.74850E-17
      1       5.626    0.60434E-03   -0.50518E+00    0.60769E-17   -0.39569E-17
      1       5.552    0.61780E-03   -0.50646E+00    0.13986E-16    0.54706E-17
      1       5.479    0.63163E-03   -0.50783E+00   -0.11553E-16    0.24136E-17
      1       5.406    0.64584E-03   -0.50930E+00    0.34586E-17    0.66670E-17
      1       5.332    0.66044E-03   -0.51086E+00    0.16163E-16    0.99611E-17
      1       5.259    0.67543E-03   -0.51251E+00   -0.57205E-16   -0.20120E-16
      1       5.185    0.69082E-03   -0.51427E+00   -0.17729E-16   -0.11452E-16
      1       5.112    0.70663E-03   -0.51611E+00    0.45743E-16    0.11798E-16
      1       5.039    0.72286E-03   -0.51806E+00   -0.38651E-16   -0.40608E-17
      1       4.965    0.73953E-03   -0.52010E+00   -0.60758E-16    0.16780E-16
      1       4.892    0.75665E-03   -0.52224E+00   -0.31237E-16   -0.45849E-18
      1       4.818    0.77423E-03   -0.52448E+00    0.15133E-16   -0.83042E-17
      1       4.745    0.79229E-03   -0.52681E+00    0.25358E-16   -0.10743E-16
      1       4.672    0.81083E-03   -0.52925E+00    0.35883E-16    0.10379E-16
      1       4.598    0.82987E-03   -0.53179E+00   -0.31556E-16   -0.70464E-17
      1       4.525    0.84941E-03   -0.53443E+00    0.11719E-16    0.32843E-17
      1       4.451    0.86946E-03   -0.53716E+00    0.58680E-16    0.31554E-17
      1       4.378    0.89004E-03   -0.53999E+00   -0.40837E-16   -0.59621E-17
      1       4.304    0.91116E-03   -0.54292E+00    0.10272E-15   -0.89814E-17
      1       4.231    0.93283E-03   -0.54595E+00    0.87876E-16    0.14628E-16
      1       4.158    0.95506E-03   -0.54908E+00   -0.89368E-16    0.49839E-17
      1       4.084    0.97785E-03   -0.55230E+00    0.22428E-16   -0.51339E-17
      1       4.011    0.10012E-02   -0.55560E+00   -0.46459E-16    0.45296E-17
      1       3.937    0.10249E-02   -0.55897E+00   -0.80570E-17    0.34818E-17
      1       3.864    0.10491E-02   -0.56235E+00   -0.78792E-16    0.30652E-17
      1       3.791    0.10734E-02   -0.56571E+00    0.93485E-16   -0.48657E-17
      1       3.717    0.10977E-02   -0.56896E+00    0.15045E-15   -0.11242E-16
      1       3.644    0.11216E-02   -0.57202E+00   -0.23081E-16   -0.37602E-20
      1       3.570    0.11446E-02   -0.57477E+00   -0.15479E-16    0.67087E-17
      1       3.497    0.11663E-02   -0.57706E+00   -0.70102E-16   -0.14972E-16
      1       3.424    0.11859E-02   -0.57875E+00    0.12607E-15   -0.14160E-16
      1       3.350    0.12027E-02   -0.57966E+00    0.37752E-16    0.26295E-17
      1       3.277    0.12160E-02   -0.57963E+00    0.40491E-16    0.23085E-16
      1       3.203    0.12251E-02   -0.57848E+00    0.35909E-16    0.52864E-17
      1       3.130    0.12294E-02   -0.57607E+00   -0.22147E-15    0.81518E-17
      1       3.056    0.12284E-02   -0.57224E+00    0.51906E-16   -0.16764E-17
      1       2.983    0.12220E-02   -0.56697E+00    0.33772E-16    0.12933E-17
      1       2.910    0.12108E-02   -0.56030E+00    0.89105E-16    0.96392E-17
      1       2.836    0.11951E-02   -0.55230E+00    0.40975E-16   -0.64547E-17
      1       2.763    0.11757E-02   -0.54309E+00    0.12724E-15    0.12439E-16
      1       2.689    0.11533E-02   -0.53279E+00    0.13343E-15   -0.35286E-17
      1       2.616    0.11287E-02   -0.52156E+00   -0.48684E-16   -0.15229E-16
      1       2.543    0.11025E-02   -0.50954E+00    0.32396E-16   -0.11010E-16
      1       2.469    0.10753E-02   -0.49688E+00    0.52153E-16   -0.60394E-17
      1       2.396    0.10475E-02   -0.48369E+00   -0.21795E-16    0.13265E-16
      1       2.322    0.10196E-02   -0.47008E+00    0.10255E-15    0.11253E-16
      1       2.249    0.99177E-03   -0.45612E+00    0.35552E-16   -0.26210E-16
      1       2.176    0.96411E-03   -0.44186E+00   -0.25543E-16   -0.20068E-16
      1       2.102    0.93674E-03   -0.42734E+00    0.31355E-16    0.48311E-17
      1       2.029    0.90973E-03   -0.41258E+00    0.74137E-16   -0.14662E-16
      1       1.955    0.88316E-03   -0.39763E+00    0.29857E-16    0.15226E-16
      1       1.882    0.85705E-03   -0.38251E+00    0.27395E-16    0.10998E-16
      1       1.808    0.83145E-03   -0.36726E+00    0.75693E-16    0.10847E-16
      1       1.735    0.80638E-03   -0.35193E+00    0.13737E-16    0.31314E-17
      1       1.662    0.78184E-03   -0.33653E+00   -0.40022E-17   -0.74232E-17
      1       1.588    0.75782E-03   -0.32111E+00    0.69582E-16   -0.10769E-16
      1       1.515    0.73429E-03   -0.30570E+00    0.42870E-16   -0.13740E-16
      1       1.441    0.71123E-03   -0.29033E+00    0.20963E-16    0.20120E-16
      1       1.368    0.68859E-03   -0.27503E+00    0.34344E-16   -0.84190E-17
      1       1.295    0.66633E-03   -0.25983E+00    0.44982E-16    0.47598E-16
      1       1.221    0.64437E-03   -0.24477E+00    0.15112E-16    0.50942E-17
      1       1.148    0.62260E-03   -0.22981E+00    0.60488E-16   -0.16256E-16
      1       1.074    0.60087E-03   -0.21491E+00   -0.31110E-17    0.88609E-17
      1       1.001    0.57902E-03   -0.20001E+00    0.82950E-16   -0.37292E-17
      1       0.928    0.55691E-03   -0.18505E+00    0.51284E-16    0.26080E-16
      1       0.854    0.53436E-03   -0.16998E+00    0.36217E-16    0.16841E-16
      1       0.781    0.51118E-03   -0.15474E+00    0.52359E-16   -0.35982E-16
      1       0.707    0.48720E-03   -0.13933E+00    0.49576E-17    0.18197E-16
      1       0.634    0.46219E-03   -0.12377E+00    0.70296E-16   -0.13962E-16
      1       0.560    0.43595E-03   -0.10822E+00    0.85876E-16   -0.10362E-16
      1       0.487    0.40820E-03   -0.92971E-01    0.50231E-16    0.65430E-17
      1       0.414    0.37843E-03   -0.78218E-01    0.63653E-16   -0.26789E-17
      1       0.340    0.34583E-03   -0.64055E-01    0.33225E-16   -0.46991E-17
      1       0.267    0.30917E-03   -0.50626E-01    0.21591E-16    0.62746E-17
      1       0.193    0.26636E-03   -0.38295E-01    0.69895E-16    0.15916E-16
      1       0.120    0.21260E-03   -0.25948E-01    0.70340E-16    0.66074E-17
