   3N SYSTEM INCLUSIVE  PHOTODESINTEGRATION
        DETECTED PARTICLE: 1- PROTON
        NOT DETECTED PARTICLES:2- PROTON  3-NEUTRON

      OMEGA 0.10000E+03
     MTTWE1,MTTWE2,MTTWE3=    1    1   -1
     TH1LAB,PHI1LAB=   170.000     0.000
   Unit of cross sections ... fm**2/(MeV*sr**2)
      I       E1      CROSS           AX           AY           AZ
      1      49.128    0.23484E-07   -0.22045E-01   -0.20873E-18    0.21233E-16
      1      49.115    0.66393E-05   -0.20646E-01    0.51659E-18   -0.11600E-16
      1      49.108    0.74206E-05   -0.20223E-01   -0.10500E-17   -0.20664E-16
      1      49.101    0.78963E-05   -0.19841E-01   -0.44244E-18   -0.73924E-17
      1      49.095    0.81985E-05   -0.19488E-01   -0.10211E-17   -0.10744E-16
      1      49.088    0.83930E-05   -0.19156E-01    0.79387E-18    0.26992E-16
      1      49.081    0.85173E-05   -0.18843E-01   -0.15640E-17    0.19392E-16
      1      49.075    0.85942E-05   -0.18546E-01    0.77014E-18   -0.21201E-16
      1      49.068    0.86385E-05   -0.18263E-01   -0.22031E-17    0.38986E-16
      1      49.061    0.86599E-05   -0.17994E-01   -0.15184E-17   -0.27687E-16
      1      49.055    0.86652E-05   -0.17736E-01   -0.92816E-18   -0.34460E-17
      1      49.048    0.86592E-05   -0.17490E-01   -0.12960E-17   -0.31514E-16
      1      49.041    0.86451E-05   -0.17254E-01    0.15744E-17    0.45629E-16
      1      49.035    0.86255E-05   -0.17029E-01   -0.11684E-17   -0.32458E-17
      1      49.028    0.86020E-05   -0.16813E-01    0.12148E-17    0.15827E-16
      1      49.021    0.85761E-05   -0.16605E-01    0.45014E-19    0.56439E-17
      1      49.015    0.85486E-05   -0.16406E-01    0.14767E-17   -0.53469E-17
      1      49.008    0.85203E-05   -0.16216E-01   -0.14929E-17    0.21672E-16
      1      48.739    0.78303E-05   -0.11985E-01   -0.51529E-18   -0.10696E-16
      1      48.471    0.75285E-05   -0.10133E-01   -0.13828E-17   -0.15319E-16
      1      48.202    0.73531E-05   -0.91406E-02   -0.25317E-17    0.15974E-17
      1      47.933    0.72239E-05   -0.85813E-02   -0.47129E-18   -0.28014E-16
      1      47.665    0.71123E-05   -0.82693E-02    0.10985E-17    0.14925E-16
      1      47.396    0.70114E-05   -0.81055E-02   -0.28196E-17    0.62707E-16
      1      47.128    0.69219E-05   -0.80320E-02   -0.16567E-17   -0.20797E-16
      1      46.859    0.68468E-05   -0.80143E-02   -0.61770E-18   -0.11282E-16
      1      46.590    0.67899E-05   -0.80315E-02   -0.26318E-17   -0.45086E-17
      1      46.322    0.67546E-05   -0.80704E-02   -0.73791E-18    0.17840E-16
      1      46.053    0.67407E-05   -0.81255E-02   -0.22538E-17   -0.21461E-16
      1      45.784    0.67445E-05   -0.81969E-02   -0.17631E-17   -0.20817E-16
      1      45.516    0.67632E-05   -0.82858E-02    0.30471E-18   -0.25013E-16
      1      45.247    0.67944E-05   -0.83937E-02   -0.23794E-17    0.54731E-16
      1      44.979    0.68365E-05   -0.85217E-02   -0.17767E-17    0.83368E-17
      1      44.710    0.68879E-05   -0.86687E-02   -0.27498E-17   -0.33029E-16
      1      44.441    0.69476E-05   -0.88310E-02    0.15968E-18   -0.14931E-16
      1      44.173    0.70144E-05   -0.90034E-02    0.79208E-18    0.24552E-16
      1      43.904    0.70877E-05   -0.91795E-02    0.11775E-17    0.11640E-16
      1      43.636    0.71668E-05   -0.93531E-02    0.13214E-17   -0.11730E-16
      1      43.367    0.72513E-05   -0.95183E-02    0.92099E-18   -0.26887E-17
      1      43.098    0.73407E-05   -0.96702E-02   -0.10001E-17   -0.14959E-16
      1      42.830    0.74350E-05   -0.98053E-02    0.27805E-17    0.16198E-16
      1      42.561    0.75338E-05   -0.99217E-02   -0.20383E-17    0.18405E-17
      1      42.293    0.76374E-05   -0.10019E-01   -0.31235E-17    0.85495E-17
      1      42.024    0.77459E-05   -0.10098E-01    0.23989E-17    0.16662E-16
      1      41.755    0.78593E-05   -0.10164E-01    0.15850E-18   -0.71681E-17
      1      41.487    0.79780E-05   -0.10220E-01   -0.18037E-17   -0.79904E-17
      1      41.218    0.81019E-05   -0.10269E-01    0.44125E-17   -0.63073E-17
      1      40.949    0.82310E-05   -0.10315E-01    0.20875E-17    0.11554E-16
      1      40.681    0.83651E-05   -0.10360E-01   -0.52414E-17   -0.49373E-17
      1      40.412    0.85039E-05   -0.10408E-01    0.46372E-18   -0.35526E-17
      1      40.144    0.86470E-05   -0.10461E-01   -0.24436E-17   -0.11095E-16
      1      39.875    0.87938E-05   -0.10522E-01    0.35925E-17   -0.57581E-18
      1      39.606    0.89438E-05   -0.10592E-01   -0.95100E-17   -0.11043E-16
      1      39.338    0.90964E-05   -0.10672E-01   -0.33426E-17   -0.17281E-17
      1      39.069    0.92509E-05   -0.10762E-01    0.10862E-17   -0.44697E-17
      1      38.801    0.94068E-05   -0.10864E-01    0.58578E-18   -0.14055E-16
      1      38.532    0.95635E-05   -0.10975E-01   -0.94936E-17   -0.83533E-17
      1      38.263    0.97204E-05   -0.11094E-01    0.55206E-17   -0.15498E-16
      1      37.995    0.98772E-05   -0.11218E-01    0.49085E-19   -0.15855E-16
      1      37.726    0.10033E-04   -0.11347E-01    0.76316E-17   -0.17534E-16
      1      37.457    0.10188E-04   -0.11477E-01   -0.26452E-17   -0.47424E-17
      1      37.189    0.10342E-04   -0.11607E-01    0.52346E-17   -0.97889E-17
      1      36.920    0.10494E-04   -0.11737E-01    0.43909E-18   -0.14200E-17
      1      36.652    0.10644E-04   -0.11866E-01    0.36317E-17    0.28210E-17
      1      36.383    0.10792E-04   -0.11995E-01    0.82639E-18   -0.44779E-17
      1      36.114    0.10938E-04   -0.12125E-01   -0.45525E-17   -0.86660E-17
      1      35.846    0.11081E-04   -0.12257E-01   -0.69406E-17   -0.27310E-18
      1      35.577    0.11221E-04   -0.12392E-01    0.10334E-16   -0.58070E-17
      1      35.309    0.11357E-04   -0.12533E-01    0.18985E-18   -0.47394E-18
      1      35.040    0.11491E-04   -0.12682E-01   -0.39742E-17    0.22723E-17
      1      34.771    0.11622E-04   -0.12839E-01    0.15576E-17   -0.10700E-16
      1      34.503    0.11749E-04   -0.13005E-01   -0.60981E-17   -0.64648E-17
      1      34.234    0.11873E-04   -0.13180E-01    0.20052E-16   -0.66723E-17
      1      33.965    0.11993E-04   -0.13366E-01    0.36437E-17   -0.13710E-16
      1      33.697    0.12109E-04   -0.13562E-01    0.82898E-17   -0.96491E-17
      1      33.428    0.12221E-04   -0.13770E-01   -0.13457E-16   -0.19161E-16
      1      33.160    0.12328E-04   -0.13990E-01    0.70819E-17    0.21218E-17
      1      32.891    0.12431E-04   -0.14220E-01    0.70656E-18    0.57095E-17
      1      32.622    0.12530E-04   -0.14461E-01   -0.73771E-17   -0.95343E-18
      1      32.354    0.12624E-04   -0.14711E-01    0.91599E-18   -0.14426E-16
      1      32.085    0.12712E-04   -0.14970E-01   -0.11830E-16   -0.94586E-17
      1      31.817    0.12796E-04   -0.15236E-01    0.19897E-17   -0.48502E-17
      1      31.548    0.12876E-04   -0.15508E-01    0.63890E-17    0.84476E-17
      1      31.279    0.12951E-04   -0.15786E-01    0.10063E-16   -0.26342E-17
      1      31.011    0.13021E-04   -0.16069E-01    0.24157E-17   -0.84823E-17
      1      30.742    0.13089E-04   -0.16356E-01    0.41846E-17    0.46136E-17
      1      30.473    0.13153E-04   -0.16644E-01   -0.37401E-17    0.24937E-17
      1      30.205    0.13214E-04   -0.16931E-01    0.12295E-16   -0.16236E-16
      1      29.936    0.13274E-04   -0.17217E-01   -0.80131E-18   -0.40965E-17
      1      29.668    0.13332E-04   -0.17503E-01    0.10385E-16    0.51692E-17
      1      29.399    0.13390E-04   -0.17790E-01   -0.92074E-17   -0.13842E-17
      1      29.130    0.13448E-04   -0.18078E-01   -0.62320E-17    0.10472E-17
      1      28.862    0.13507E-04   -0.18367E-01    0.47224E-17    0.12612E-16
      1      28.593    0.13567E-04   -0.18657E-01    0.54749E-17   -0.63591E-17
      1      28.325    0.13629E-04   -0.18952E-01    0.11936E-16   -0.53936E-17
      1      28.056    0.13693E-04   -0.19253E-01    0.58559E-17    0.74207E-17
      1      27.787    0.13760E-04   -0.19564E-01    0.80415E-17   -0.68940E-17
      1      27.519    0.13830E-04   -0.19887E-01    0.89026E-17    0.18357E-16
      1      27.250    0.13903E-04   -0.20223E-01    0.11749E-16   -0.49705E-17
      1      26.981    0.13978E-04   -0.20573E-01    0.51596E-17    0.16908E-17
      1      26.713    0.14057E-04   -0.20937E-01    0.14999E-16    0.17328E-16
      1      26.444    0.14139E-04   -0.21313E-01    0.92697E-17    0.78665E-17
      1      26.176    0.14224E-04   -0.21702E-01    0.23470E-17   -0.31811E-17
      1      25.907    0.14312E-04   -0.22102E-01    0.84485E-17   -0.20227E-17
      1      25.638    0.14403E-04   -0.22513E-01    0.35151E-17    0.17260E-16
      1      25.370    0.14498E-04   -0.22934E-01    0.49118E-17   -0.58488E-17
      1      25.101    0.14596E-04   -0.23361E-01    0.12079E-16    0.71282E-17
      1      24.833    0.14698E-04   -0.23794E-01    0.12374E-16    0.19243E-16
      1      24.564    0.14804E-04   -0.24232E-01    0.67502E-17   -0.10905E-16
      1      24.295    0.14915E-04   -0.24674E-01    0.13938E-16    0.47567E-17
      1      24.027    0.15029E-04   -0.25117E-01    0.18202E-16    0.19938E-16
      1      23.758    0.15149E-04   -0.25561E-01    0.17711E-16    0.22788E-17
      1      23.489    0.15273E-04   -0.26004E-01    0.10736E-16   -0.56587E-18
      1      23.221    0.15403E-04   -0.26443E-01    0.72500E-17   -0.83920E-18
      1      22.952    0.15539E-04   -0.26877E-01    0.15753E-16   -0.68348E-17
      1      22.684    0.15682E-04   -0.27306E-01    0.69327E-17    0.10426E-16
      1      22.415    0.15831E-04   -0.27727E-01   -0.17741E-17    0.22777E-17
      1      22.146    0.15987E-04   -0.28141E-01    0.89599E-17    0.35883E-17
      1      21.878    0.16152E-04   -0.28547E-01    0.16505E-16   -0.22784E-17
      1      21.609    0.16325E-04   -0.28946E-01    0.21944E-16    0.10376E-16
      1      21.341    0.16506E-04   -0.29335E-01    0.22716E-16   -0.16926E-16
      1      21.072    0.16697E-04   -0.29716E-01    0.12993E-16   -0.21092E-16
      1      20.803    0.16898E-04   -0.30089E-01    0.22701E-16    0.51997E-17
      1      20.535    0.17108E-04   -0.30455E-01   -0.97990E-17   -0.48633E-17
      1      20.266    0.17329E-04   -0.30814E-01    0.15702E-16    0.11569E-16
      1      19.997    0.17561E-04   -0.31168E-01    0.21624E-16   -0.18976E-17
      1      19.729    0.17803E-04   -0.31516E-01    0.15565E-16    0.33065E-16
      1      19.460    0.18057E-04   -0.31861E-01    0.18950E-16   -0.19017E-16
      1      19.192    0.18323E-04   -0.32203E-01    0.20785E-16   -0.14766E-16
      1      18.923    0.18599E-04   -0.32543E-01    0.27257E-16    0.21489E-16
      1      18.654    0.18888E-04   -0.32884E-01    0.25899E-16    0.69384E-17
      1      18.386    0.19188E-04   -0.33225E-01    0.21182E-16    0.77123E-17
      1      18.117    0.19500E-04   -0.33568E-01    0.26042E-16   -0.88204E-17
      1      17.849    0.19824E-04   -0.33914E-01    0.13859E-16    0.23417E-16
      1      17.580    0.20160E-04   -0.34265E-01    0.27958E-16    0.21120E-16
      1      17.311    0.20508E-04   -0.34620E-01    0.17921E-16    0.10935E-16
      1      17.043    0.20868E-04   -0.34982E-01    0.57029E-17    0.91365E-17
      1      16.774    0.21240E-04   -0.35350E-01    0.34515E-16    0.16569E-16
      1      16.505    0.21624E-04   -0.35727E-01    0.99284E-17    0.21807E-16
      1      16.237    0.22020E-04   -0.36113E-01    0.19528E-16    0.19244E-16
      1      15.968    0.22429E-04   -0.36510E-01    0.23834E-16   -0.16178E-18
      1      15.700    0.22850E-04   -0.36920E-01    0.22962E-16    0.31962E-17
      1      15.431    0.23285E-04   -0.37344E-01    0.19512E-16   -0.26266E-17
      1      15.162    0.23733E-04   -0.37784E-01    0.41162E-16   -0.65951E-17
      1      14.894    0.24194E-04   -0.38244E-01    0.50555E-16    0.43465E-17
      1      14.625    0.24670E-04   -0.38724E-01    0.12957E-16    0.24869E-17
      1      14.357    0.25161E-04   -0.39227E-01    0.13832E-16   -0.10854E-16
      1      14.088    0.25667E-04   -0.39757E-01    0.20127E-16    0.20806E-17
      1      13.819    0.26189E-04   -0.40317E-01    0.41020E-16    0.10975E-16
      1      13.551    0.26729E-04   -0.40911E-01    0.18291E-16    0.69627E-17
      1      13.282    0.27287E-04   -0.41541E-01    0.30011E-16   -0.33162E-17
      1      13.014    0.27864E-04   -0.42213E-01    0.45030E-16    0.10906E-16
      1      12.745    0.28462E-04   -0.42930E-01    0.36974E-16   -0.97343E-17
      1      12.476    0.29082E-04   -0.43697E-01    0.14673E-16    0.21795E-16
      1      12.208    0.29724E-04   -0.44518E-01    0.28844E-16    0.65174E-17
      1      11.939    0.30392E-04   -0.45398E-01    0.37270E-16    0.74112E-17
      1      11.670    0.31085E-04   -0.46338E-01    0.22165E-16    0.81784E-18
      1      11.402    0.31802E-04   -0.47330E-01    0.22873E-16    0.69370E-17
      1      11.133    0.32537E-04   -0.48351E-01    0.28307E-16    0.14824E-17
      1      10.865    0.33277E-04   -0.49353E-01    0.14479E-16   -0.70714E-17
      1      10.596    0.33995E-04   -0.50249E-01    0.46206E-16    0.18929E-17
      1      10.327    0.34649E-04   -0.50904E-01    0.22628E-16    0.55106E-17
      1      10.059    0.35177E-04   -0.51140E-01    0.12490E-16    0.59044E-17
      1       9.790    0.35517E-04   -0.50771E-01    0.60944E-17    0.97461E-17
      1       9.522    0.35625E-04   -0.49679E-01    0.37721E-16    0.12886E-16
      1       9.253    0.35523E-04   -0.47942E-01    0.28260E-16    0.79607E-17
      1       8.984    0.35274E-04   -0.45747E-01    0.53247E-16    0.60347E-17
      1       8.716    0.34942E-04   -0.43297E-01    0.62085E-16    0.10262E-16
      1       8.447    0.34581E-04   -0.40754E-01    0.36857E-16    0.40957E-17
      1       8.178    0.34225E-04   -0.38227E-01    0.19812E-16   -0.16832E-17
      1       7.910    0.33891E-04   -0.35775E-01    0.41724E-16    0.10863E-16
      1       7.641    0.33591E-04   -0.33427E-01    0.16100E-17    0.16513E-16
      1       7.373    0.33327E-04   -0.31191E-01    0.47988E-16    0.52409E-17
      1       7.104    0.33100E-04   -0.29063E-01    0.77757E-16   -0.95580E-17
      1       6.835    0.32911E-04   -0.27039E-01    0.47089E-16    0.13319E-16
      1       6.567    0.32760E-04   -0.25114E-01    0.48068E-16    0.39156E-17
      1       6.298    0.32647E-04   -0.23282E-01    0.67876E-16    0.51553E-17
      1       6.030    0.32572E-04   -0.21540E-01    0.59487E-16   -0.44132E-17
      1       5.761    0.32536E-04   -0.19884E-01    0.62780E-16   -0.52405E-17
      1       5.492    0.32539E-04   -0.18312E-01    0.74500E-16   -0.12679E-16
      1       5.224    0.32581E-04   -0.16821E-01    0.31573E-16   -0.74159E-17
      1       4.955    0.32660E-04   -0.15410E-01    0.46655E-16    0.94990E-17
      1       4.686    0.32775E-04   -0.14076E-01    0.51660E-16   -0.55581E-18
      1       4.418    0.32923E-04   -0.12820E-01    0.53924E-16    0.10163E-16
      1       4.149    0.33102E-04   -0.11641E-01    0.82801E-16   -0.91557E-17
      1       3.881    0.33305E-04   -0.10540E-01    0.98597E-16    0.49943E-17
      1       3.612    0.33525E-04   -0.95154E-02    0.42733E-16   -0.14705E-16
      1       3.343    0.33751E-04   -0.85685E-02    0.48988E-16    0.52891E-17
      1       3.075    0.33968E-04   -0.76914E-02    0.37053E-16    0.93134E-17
      1       2.806    0.34153E-04   -0.68721E-02    0.57202E-16    0.50862E-17
      1       2.538    0.34275E-04   -0.60974E-02    0.35340E-16    0.13334E-16
      1       2.269    0.34295E-04   -0.53539E-02    0.69936E-16    0.11532E-16
      1       2.000    0.34162E-04   -0.46297E-02    0.65354E-16   -0.27378E-18
      1       1.732    0.33803E-04   -0.39162E-02    0.68744E-16   -0.68854E-18
      1       1.463    0.33123E-04   -0.32099E-02    0.98755E-16    0.19792E-17
      1       1.194    0.31988E-04   -0.25234E-02    0.79952E-16   -0.63832E-17
      1       0.926    0.30201E-04   -0.18912E-02    0.90463E-16   -0.31625E-17
      1       0.657    0.27415E-04   -0.13339E-02    0.10001E-15    0.18339E-16
      1       0.389    0.22878E-04   -0.85689E-03    0.73271E-16   -0.31805E-17
      1       0.120    0.13997E-04   -0.38030E-03    0.42608E-16   -0.25804E-17
