   3N SYSTEM INCLUSIVE  PHOTODESINTEGRATION
        DETECTED PARTICLE: 1- PROTON
        NOT DETECTED PARTICLES:2- PROTON  3-NEUTRON

      OMEGA 0.30000E+02
     MTTWE1,MTTWE2,MTTWE3=    1    1   -1
     TH1LAB,PHI1LAB=    10.000     0.000
   Unit of cross sections ... fm**2/(MeV*sr**2)
      I       E1      CROSS           AX           AY           AZ
      1      16.544    0.41079E-06   -0.49596E+00   -0.44813E-18    0.30144E-17
      1      16.530    0.12081E-03   -0.48732E+00   -0.21983E-17    0.10729E-16
      1      16.524    0.13601E-03   -0.48494E+00   -0.63313E-18    0.12228E-16
      1      16.517    0.14532E-03   -0.48284E+00   -0.16382E-17   -0.29863E-17
      1      16.510    0.15116E-03   -0.48091E+00   -0.37925E-18    0.26419E-17
      1      16.504    0.15480E-03   -0.47912E+00   -0.11910E-17    0.17471E-17
      1      16.497    0.15699E-03   -0.47743E+00   -0.17945E-18   -0.31564E-17
      1      16.490    0.15819E-03   -0.47583E+00   -0.93712E-18    0.10632E-16
      1      16.484    0.15871E-03   -0.47430E+00   -0.22561E-17    0.25480E-16
      1      16.477    0.15875E-03   -0.47285E+00   -0.72682E-18    0.12725E-17
      1      16.470    0.15846E-03   -0.47145E+00   -0.21456E-17   -0.21815E-17
      1      16.464    0.15795E-03   -0.47011E+00   -0.13843E-17   -0.43200E-17
      1      16.457    0.15728E-03   -0.46883E+00   -0.23468E-17    0.29050E-16
      1      16.450    0.15651E-03   -0.46759E+00   -0.23575E-18    0.79369E-17
      1      16.444    0.15568E-03   -0.46640E+00   -0.42383E-18    0.57424E-17
      1      16.437    0.15481E-03   -0.46526E+00    0.79895E-17    0.12006E-16
      1      16.430    0.15391E-03   -0.46415E+00    0.96196E-18    0.37000E-17
      1      16.424    0.15300E-03   -0.46307E+00    0.14013E-17   -0.10491E-16
      1      16.334    0.14137E-03   -0.45046E+00    0.41241E-17   -0.20273E-16
      1      16.244    0.13216E-03   -0.43959E+00   -0.18651E-18    0.16689E-16
      1      16.155    0.12527E-03   -0.42982E+00   -0.12098E-18    0.16294E-16
      1      16.065    0.12005E-03   -0.42080E+00   -0.89388E-17    0.32389E-16
      1      15.976    0.11598E-03   -0.41220E+00    0.29561E-17   -0.87527E-17
      1      15.886    0.11275E-03   -0.40380E+00   -0.40712E-18   -0.81379E-17
      1      15.796    0.11015E-03   -0.39545E+00    0.10997E-16    0.95648E-18
      1      15.707    0.10804E-03   -0.38705E+00   -0.25487E-18   -0.10025E-16
      1      15.617    0.10633E-03   -0.37853E+00    0.80412E-17    0.22194E-17
      1      15.528    0.10494E-03   -0.36988E+00   -0.13958E-17   -0.12802E-16
      1      15.438    0.10384E-03   -0.36111E+00   -0.35534E-17   -0.64240E-17
      1      15.349    0.10297E-03   -0.35227E+00   -0.26551E-18    0.42584E-17
      1      15.259    0.10232E-03   -0.34339E+00    0.88717E-17    0.38857E-17
      1      15.169    0.10185E-03   -0.33452E+00    0.14009E-16    0.55100E-17
      1      15.080    0.10156E-03   -0.32566E+00    0.11789E-16    0.97099E-17
      1      14.990    0.10141E-03   -0.31685E+00   -0.10056E-16    0.24683E-17
      1      14.901    0.10141E-03   -0.30810E+00    0.81485E-17    0.73448E-17
      1      14.811    0.10153E-03   -0.29942E+00    0.56220E-17    0.93353E-17
      1      14.721    0.10178E-03   -0.29084E+00    0.76529E-17    0.41370E-17
      1      14.632    0.10213E-03   -0.28236E+00    0.18591E-17    0.10891E-16
      1      14.542    0.10260E-03   -0.27398E+00    0.18650E-16   -0.12122E-16
      1      14.453    0.10317E-03   -0.26574E+00    0.21450E-16    0.26673E-17
      1      14.363    0.10383E-03   -0.25765E+00    0.12597E-16    0.12708E-16
      1      14.274    0.10460E-03   -0.24971E+00    0.14597E-16   -0.64120E-17
      1      14.184    0.10544E-03   -0.24196E+00    0.12427E-16   -0.14515E-16
      1      14.094    0.10638E-03   -0.23441E+00    0.16454E-16   -0.76192E-17
      1      14.005    0.10739E-03   -0.22707E+00    0.87157E-17    0.29725E-17
      1      13.915    0.10847E-03   -0.21995E+00    0.90517E-17   -0.70536E-17
      1      13.826    0.10961E-03   -0.21307E+00    0.15260E-16    0.36128E-17
      1      13.736    0.11082E-03   -0.20642E+00    0.35501E-16    0.12991E-16
      1      13.647    0.11208E-03   -0.20000E+00    0.18982E-16   -0.16401E-16
      1      13.557    0.11340E-03   -0.19382E+00    0.20652E-16    0.90182E-17
      1      13.467    0.11476E-03   -0.18787E+00   -0.85486E-17    0.12246E-16
      1      13.378    0.11618E-03   -0.18214E+00    0.20171E-16    0.99974E-18
      1      13.288    0.11764E-03   -0.17662E+00    0.11028E-16    0.44730E-17
      1      13.199    0.11914E-03   -0.17130E+00    0.14819E-16   -0.99668E-17
      1      13.109    0.12069E-03   -0.16617E+00    0.30765E-17    0.14547E-16
      1      13.019    0.12228E-03   -0.16123E+00    0.90831E-17    0.62184E-17
      1      12.930    0.12392E-03   -0.15648E+00    0.27099E-16   -0.16397E-16
      1      12.840    0.12559E-03   -0.15190E+00    0.12330E-16    0.65149E-17
      1      12.751    0.12731E-03   -0.14749E+00    0.24437E-16    0.29420E-16
      1      12.661    0.12906E-03   -0.14326E+00    0.10141E-16   -0.63065E-17
      1      12.572    0.13086E-03   -0.13920E+00    0.28081E-16    0.14299E-16
      1      12.482    0.13269E-03   -0.13531E+00    0.17999E-16   -0.85057E-17
      1      12.392    0.13456E-03   -0.13158E+00    0.45617E-16    0.15386E-16
      1      12.303    0.13647E-03   -0.12801E+00    0.33991E-17   -0.18075E-16
      1      12.213    0.13842E-03   -0.12460E+00    0.26347E-16    0.94113E-17
      1      12.124    0.14042E-03   -0.12134E+00   -0.43150E-17   -0.16038E-16
      1      12.034    0.14245E-03   -0.11823E+00    0.38590E-16   -0.12835E-16
      1      11.945    0.14452E-03   -0.11526E+00    0.36443E-16    0.19916E-17
      1      11.855    0.14664E-03   -0.11242E+00    0.13883E-16    0.85682E-17
      1      11.765    0.14880E-03   -0.10971E+00    0.22152E-16    0.52416E-16
      1      11.676    0.15100E-03   -0.10712E+00    0.29674E-16    0.42284E-17
      1      11.586    0.15324E-03   -0.10464E+00    0.42106E-17    0.15778E-16
      1      11.497    0.15553E-03   -0.10228E+00    0.21439E-16    0.65123E-17
      1      11.407    0.15787E-03   -0.10001E+00    0.15613E-16    0.52705E-18
      1      11.317    0.16025E-03   -0.97836E-01   -0.20056E-16   -0.11933E-16
      1      11.228    0.16268E-03   -0.95752E-01   -0.19338E-16    0.43366E-17
      1      11.138    0.16517E-03   -0.93752E-01    0.35673E-16    0.13682E-16
      1      11.049    0.16771E-03   -0.91832E-01    0.16889E-16   -0.24604E-16
      1      10.959    0.17031E-03   -0.89989E-01    0.10825E-16   -0.10465E-17
      1      10.870    0.17298E-03   -0.88220E-01    0.29670E-17   -0.15710E-16
      1      10.780    0.17571E-03   -0.86524E-01    0.27579E-16   -0.13386E-16
      1      10.690    0.17851E-03   -0.84899E-01    0.31348E-16   -0.24519E-17
      1      10.601    0.18138E-03   -0.83346E-01    0.10233E-16    0.26817E-16
      1      10.511    0.18433E-03   -0.81865E-01    0.32728E-16    0.10966E-16
      1      10.422    0.18735E-03   -0.80455E-01   -0.16047E-17   -0.38366E-17
      1      10.332    0.19044E-03   -0.79117E-01    0.21249E-16   -0.21387E-16
      1      10.243    0.19361E-03   -0.77851E-01    0.32030E-16    0.21775E-16
      1      10.153    0.19686E-03   -0.76654E-01    0.78001E-17   -0.37711E-16
      1      10.063    0.20019E-03   -0.75527E-01    0.52300E-16    0.21858E-16
      1       9.974    0.20360E-03   -0.74467E-01    0.29297E-16   -0.56223E-17
      1       9.884    0.20708E-03   -0.73472E-01    0.38771E-16    0.20468E-16
      1       9.795    0.21065E-03   -0.72541E-01    0.33602E-16   -0.49924E-17
      1       9.705    0.21430E-03   -0.71670E-01    0.30934E-16    0.22648E-16
      1       9.615    0.21803E-03   -0.70859E-01    0.30827E-16   -0.48842E-17
      1       9.526    0.22184E-03   -0.70107E-01    0.37737E-16   -0.56892E-18
      1       9.436    0.22574E-03   -0.69410E-01    0.29224E-16    0.31028E-16
      1       9.347    0.22973E-03   -0.68767E-01    0.23774E-16   -0.12267E-16
      1       9.257    0.23380E-03   -0.68175E-01    0.19997E-16   -0.37192E-16
      1       9.168    0.23797E-03   -0.67632E-01    0.23168E-16    0.52378E-17
      1       9.078    0.24222E-03   -0.67136E-01    0.12831E-16   -0.32979E-16
      1       8.988    0.24657E-03   -0.66684E-01    0.16465E-16    0.26728E-16
      1       8.899    0.25102E-03   -0.66276E-01    0.17043E-16   -0.29798E-17
      1       8.809    0.25557E-03   -0.65910E-01    0.41659E-16    0.12394E-16
      1       8.720    0.26021E-03   -0.65585E-01    0.50333E-17   -0.28681E-16
      1       8.630    0.26496E-03   -0.65300E-01    0.29740E-16   -0.47596E-17
      1       8.540    0.26981E-03   -0.65055E-01    0.46273E-16    0.15886E-16
      1       8.451    0.27477E-03   -0.64851E-01    0.48089E-16    0.83322E-17
      1       8.361    0.27984E-03   -0.64686E-01    0.63080E-17    0.64622E-17
      1       8.272    0.28502E-03   -0.64562E-01    0.40102E-16    0.20203E-16
      1       8.182    0.29032E-03   -0.64477E-01    0.25621E-16    0.78542E-17
      1       8.093    0.29573E-03   -0.64433E-01    0.16630E-16    0.11376E-17
      1       8.003    0.30126E-03   -0.64430E-01    0.58364E-16   -0.54917E-17
      1       7.913    0.30691E-03   -0.64468E-01    0.65198E-16    0.22369E-16
      1       7.824    0.31267E-03   -0.64545E-01    0.33577E-16    0.49252E-17
      1       7.734    0.31856E-03   -0.64662E-01    0.33275E-16    0.22490E-17
      1       7.645    0.32456E-03   -0.64818E-01    0.38777E-16    0.33768E-17
      1       7.555    0.33068E-03   -0.65011E-01   -0.81153E-18   -0.16662E-17
      1       7.466    0.33692E-03   -0.65242E-01    0.26631E-16   -0.36148E-17
      1       7.376    0.34327E-03   -0.65512E-01    0.44749E-16    0.22674E-16
      1       7.286    0.34974E-03   -0.65819E-01    0.48510E-17    0.13845E-16
      1       7.197    0.35633E-03   -0.66165E-01    0.15860E-16    0.15975E-16
      1       7.107    0.36303E-03   -0.66548E-01    0.38579E-17    0.22038E-16
      1       7.018    0.36984E-03   -0.66970E-01    0.55419E-16    0.15268E-16
      1       6.928    0.37676E-03   -0.67431E-01   -0.46779E-17    0.72161E-17
      1       6.838    0.38379E-03   -0.67932E-01    0.30430E-16   -0.26964E-16
      1       6.749    0.39094E-03   -0.68473E-01    0.13024E-16    0.77247E-18
      1       6.659    0.39819E-03   -0.69056E-01    0.43426E-16    0.31799E-16
      1       6.570    0.40555E-03   -0.69681E-01    0.48222E-16   -0.11853E-17
      1       6.480    0.41301E-03   -0.70348E-01    0.55491E-16   -0.75471E-17
      1       6.391    0.42057E-03   -0.71060E-01    0.46225E-16    0.20631E-16
      1       6.301    0.42824E-03   -0.71816E-01    0.65561E-16   -0.34910E-17
      1       6.211    0.43599E-03   -0.72617E-01    0.25440E-16    0.35523E-18
      1       6.122    0.44384E-03   -0.73464E-01    0.15824E-16    0.92152E-17
      1       6.032    0.45178E-03   -0.74361E-01    0.44956E-16    0.24472E-16
      1       5.943    0.45979E-03   -0.75308E-01    0.32245E-16   -0.10346E-16
      1       5.853    0.46789E-03   -0.76307E-01    0.36357E-16    0.22837E-16
      1       5.764    0.47605E-03   -0.77356E-01    0.24449E-16   -0.25142E-17
      1       5.674    0.48427E-03   -0.78453E-01    0.32279E-16   -0.19083E-17
      1       5.584    0.49253E-03   -0.79593E-01    0.32234E-16   -0.28067E-16
      1       5.495    0.50081E-03   -0.80765E-01    0.83981E-17    0.10286E-16
      1       5.405    0.50907E-03   -0.81951E-01    0.41849E-16    0.14762E-16
      1       5.316    0.51729E-03   -0.83127E-01    0.28085E-16    0.54632E-17
      1       5.226    0.52540E-03   -0.84260E-01    0.93011E-16    0.72688E-18
      1       5.136    0.53336E-03   -0.85308E-01    0.30794E-16    0.46427E-17
      1       5.047    0.54109E-03   -0.86222E-01    0.51724E-16    0.95309E-18
      1       4.957    0.54851E-03   -0.86945E-01   -0.14229E-16   -0.85561E-17
      1       4.868    0.55554E-03   -0.87417E-01    0.58722E-16    0.15210E-16
      1       4.778    0.56208E-03   -0.87577E-01    0.32694E-16   -0.20478E-16
      1       4.689    0.56806E-03   -0.87374E-01    0.58177E-16   -0.10340E-17
      1       4.599    0.57340E-03   -0.86766E-01    0.53284E-16   -0.10054E-16
      1       4.509    0.57806E-03   -0.85735E-01    0.45836E-16   -0.43437E-17
      1       4.420    0.58203E-03   -0.84298E-01    0.51902E-16   -0.12807E-16
      1       4.330    0.58532E-03   -0.82497E-01    0.33909E-16    0.14278E-16
      1       4.241    0.58797E-03   -0.80386E-01    0.49385E-16    0.44124E-17
      1       4.151    0.59003E-03   -0.78030E-01    0.49789E-16   -0.23087E-16
      1       4.062    0.59155E-03   -0.75492E-01    0.54168E-16    0.85982E-17
      1       3.972    0.59260E-03   -0.72834E-01    0.29122E-16   -0.78665E-18
      1       3.882    0.59323E-03   -0.70109E-01    0.22337E-16   -0.13854E-16
      1       3.793    0.59348E-03   -0.67361E-01    0.32791E-16   -0.19654E-17
      1       3.703    0.59339E-03   -0.64623E-01    0.37959E-16    0.58081E-17
      1       3.614    0.59301E-03   -0.61918E-01    0.30644E-16    0.24623E-16
      1       3.524    0.59234E-03   -0.59263E-01    0.35980E-16   -0.27699E-16
      1       3.434    0.59142E-03   -0.56665E-01    0.32992E-16   -0.10029E-16
      1       3.345    0.59025E-03   -0.54130E-01   -0.14499E-16    0.33319E-17
      1       3.255    0.58886E-03   -0.51662E-01    0.82639E-16   -0.85171E-17
      1       3.166    0.58725E-03   -0.49265E-01    0.64798E-16   -0.17059E-16
      1       3.076    0.58545E-03   -0.46941E-01    0.67332E-16   -0.10573E-16
      1       2.987    0.58347E-03   -0.44692E-01    0.36892E-16    0.23319E-16
      1       2.897    0.58132E-03   -0.42520E-01    0.79383E-16   -0.45959E-17
      1       2.807    0.57900E-03   -0.40425E-01    0.62897E-16   -0.13839E-16
      1       2.718    0.57653E-03   -0.38407E-01    0.42685E-16   -0.79006E-17
      1       2.628    0.57390E-03   -0.36464E-01    0.41725E-16   -0.18719E-17
      1       2.539    0.57112E-03   -0.34597E-01    0.36938E-16   -0.78814E-17
      1       2.449    0.56820E-03   -0.32804E-01    0.48837E-16    0.11147E-16
      1       2.359    0.56512E-03   -0.31086E-01    0.74252E-16    0.16624E-16
      1       2.270    0.56189E-03   -0.29442E-01    0.66869E-16   -0.38538E-17
      1       2.180    0.55848E-03   -0.27866E-01    0.47988E-16   -0.13002E-16
      1       2.091    0.55490E-03   -0.26350E-01    0.86001E-16   -0.56619E-17
      1       2.001    0.55110E-03   -0.24885E-01    0.42645E-16   -0.18728E-16
      1       1.912    0.54707E-03   -0.23461E-01    0.38477E-16   -0.19307E-17
      1       1.822    0.54277E-03   -0.22068E-01    0.59764E-16    0.26973E-16
      1       1.732    0.53816E-03   -0.20699E-01    0.49303E-16   -0.11450E-16
      1       1.643    0.53320E-03   -0.19346E-01    0.67147E-16    0.25935E-16
      1       1.553    0.52784E-03   -0.18005E-01    0.69058E-16   -0.44153E-16
      1       1.464    0.52200E-03   -0.16676E-01    0.75882E-16    0.57588E-16
      1       1.374    0.51563E-03   -0.15362E-01    0.62794E-16    0.29876E-16
      1       1.285    0.50864E-03   -0.14087E-01    0.32744E-16    0.15184E-16
      1       1.195    0.50093E-03   -0.12868E-01    0.30879E-16    0.11550E-16
      1       1.105    0.49237E-03   -0.11716E-01    0.59850E-16   -0.12816E-16
      1       1.016    0.48278E-03   -0.10633E-01    0.96760E-16    0.24199E-16
      1       0.926    0.47196E-03   -0.96254E-02    0.66966E-16   -0.16294E-16
      1       0.837    0.45965E-03   -0.87170E-02    0.87008E-16   -0.14716E-16
      1       0.747    0.44553E-03   -0.79661E-02    0.62621E-16   -0.47349E-19
      1       0.657    0.42919E-03   -0.74028E-02    0.29383E-16    0.49087E-17
      1       0.568    0.40995E-03   -0.68414E-02    0.21966E-16   -0.12461E-17
      1       0.478    0.38688E-03   -0.59829E-02    0.56581E-16   -0.23795E-16
      1       0.389    0.35877E-03   -0.46551E-02    0.56620E-16   -0.17564E-16
      1       0.299    0.32392E-03   -0.30828E-02    0.67971E-16   -0.17683E-16
      1       0.210    0.27931E-03   -0.19937E-02    0.11253E-15   -0.14059E-16
      1       0.120    0.21790E-03   -0.17585E-02    0.67621E-16    0.23380E-16
