   3N SYSTEM INCLUSIVE  PHOTODESINTEGRATION
        DETECTED PARTICLE: 1- PROTON
        NOT DETECTED PARTICLES:2- PROTON  3-NEUTRON

      OMEGA 0.30000E+02
     MTTWE1,MTTWE2,MTTWE3=    1    1   -1
     TH1LAB,PHI1LAB=    50.000     0.000
   Unit of cross sections ... fm**2/(MeV*sr**2)
      I       E1      CROSS           AX           AY           AZ
      1      15.877    0.30283E-05   -0.91002E+00    0.28023E-18    0.36171E-18
      1      15.864    0.87213E-03   -0.90814E+00   -0.30051E-17    0.21549E-17
      1      15.857    0.97587E-03   -0.90761E+00   -0.65811E-18    0.71258E-19
      1      15.850    0.10370E-02   -0.90713E+00   -0.16383E-18   -0.14034E-17
      1      15.844    0.10735E-02   -0.90668E+00   -0.60221E-18    0.14347E-17
      1      15.837    0.10944E-02   -0.90625E+00    0.13821E-18    0.18246E-17
      1      15.830    0.11053E-02   -0.90584E+00   -0.14065E-17   -0.43892E-17
      1      15.824    0.11094E-02   -0.90545E+00    0.13365E-18   -0.14367E-17
      1      15.817    0.11090E-02   -0.90508E+00   -0.56636E-18    0.34764E-17
      1      15.810    0.11055E-02   -0.90473E+00   -0.38164E-18    0.14624E-17
      1      15.804    0.11000E-02   -0.90440E+00    0.26568E-18   -0.88141E-18
      1      15.797    0.10931E-02   -0.90409E+00   -0.10057E-17    0.15179E-17
      1      15.790    0.10854E-02   -0.90380E+00    0.58646E-18    0.84075E-18
      1      15.784    0.10772E-02   -0.90352E+00   -0.12868E-17    0.50937E-18
      1      15.777    0.10688E-02   -0.90326E+00   -0.62085E-18    0.35949E-17
      1      15.770    0.10602E-02   -0.90302E+00   -0.73446E-17   -0.14373E-17
      1      15.764    0.10516E-02   -0.90279E+00   -0.45672E-17    0.34846E-18
      1      15.757    0.10431E-02   -0.90257E+00    0.27737E-17    0.52914E-18
      1      15.671    0.94373E-03   -0.90020E+00   -0.10945E-17    0.24030E-17
      1      15.585    0.86649E-03   -0.89817E+00   -0.10352E-17   -0.40735E-17
      1      15.499    0.80783E-03   -0.89632E+00    0.31623E-18   -0.23662E-17
      1      15.413    0.76218E-03   -0.89459E+00   -0.40143E-17   -0.37703E-18
      1      15.327    0.72531E-03   -0.89287E+00   -0.11366E-17   -0.48596E-17
      1      15.241    0.69454E-03   -0.89109E+00   -0.20028E-17    0.29634E-17
      1      15.156    0.66816E-03   -0.88921E+00   -0.46541E-18    0.15671E-16
      1      15.070    0.64504E-03   -0.88717E+00   -0.18974E-17   -0.28402E-17
      1      14.984    0.62440E-03   -0.88497E+00    0.38755E-17    0.52059E-18
      1      14.898    0.60572E-03   -0.88257E+00   -0.93105E-17    0.98938E-19
      1      14.812    0.58864E-03   -0.87998E+00    0.39223E-17   -0.12853E-16
      1      14.726    0.57297E-03   -0.87721E+00    0.44041E-17    0.96981E-17
      1      14.640    0.55851E-03   -0.87427E+00    0.17752E-18    0.10444E-16
      1      14.554    0.54514E-03   -0.87117E+00    0.39113E-17    0.56096E-17
      1      14.468    0.53272E-03   -0.86791E+00    0.81951E-17    0.12267E-17
      1      14.382    0.52118E-03   -0.86449E+00    0.17926E-17   -0.88248E-17
      1      14.296    0.51040E-03   -0.86093E+00    0.36295E-17    0.10610E-16
      1      14.210    0.50033E-03   -0.85721E+00   -0.78394E-17   -0.21136E-17
      1      14.125    0.49090E-03   -0.85333E+00    0.21180E-17   -0.11961E-18
      1      14.039    0.48205E-03   -0.84931E+00    0.13315E-17   -0.77841E-17
      1      13.953    0.47375E-03   -0.84513E+00    0.45779E-17   -0.47149E-17
      1      13.867    0.46595E-03   -0.84081E+00    0.12385E-16    0.19118E-17
      1      13.781    0.45865E-03   -0.83634E+00   -0.60267E-17   -0.13533E-16
      1      13.695    0.45180E-03   -0.83173E+00    0.33467E-17    0.14887E-18
      1      13.609    0.44539E-03   -0.82698E+00    0.52169E-17   -0.14874E-17
      1      13.523    0.43941E-03   -0.82212E+00    0.66072E-17   -0.14618E-16
      1      13.437    0.43383E-03   -0.81714E+00   -0.89354E-18    0.27089E-17
      1      13.351    0.42863E-03   -0.81207E+00   -0.13311E-16   -0.22652E-16
      1      13.265    0.42381E-03   -0.80690E+00    0.12566E-16    0.52921E-17
      1      13.179    0.41933E-03   -0.80167E+00    0.57274E-17    0.45222E-17
      1      13.094    0.41519E-03   -0.79636E+00    0.10257E-16    0.18345E-16
      1      13.008    0.41137E-03   -0.79100E+00   -0.50803E-17   -0.19638E-16
      1      12.922    0.40785E-03   -0.78559E+00    0.20056E-16    0.93125E-17
      1      12.836    0.40460E-03   -0.78014E+00   -0.12333E-16    0.85226E-17
      1      12.750    0.40163E-03   -0.77464E+00    0.10035E-16    0.96513E-17
      1      12.664    0.39890E-03   -0.76910E+00   -0.64945E-17   -0.69831E-18
      1      12.578    0.39640E-03   -0.76352E+00   -0.11899E-16    0.19752E-16
      1      12.492    0.39413E-03   -0.75791E+00   -0.26840E-17    0.39775E-17
      1      12.406    0.39207E-03   -0.75226E+00   -0.14317E-16   -0.42642E-17
      1      12.320    0.39021E-03   -0.74658E+00    0.50445E-17    0.89906E-18
      1      12.234    0.38856E-03   -0.74089E+00   -0.19653E-16   -0.42416E-17
      1      12.148    0.38711E-03   -0.73518E+00    0.14527E-16   -0.34477E-16
      1      12.063    0.38586E-03   -0.72948E+00    0.11230E-16    0.74648E-17
      1      11.977    0.38481E-03   -0.72379E+00    0.22000E-16   -0.95798E-17
      1      11.891    0.38397E-03   -0.71813E+00    0.58848E-17    0.18671E-16
      1      11.805    0.38334E-03   -0.71250E+00    0.41651E-17    0.18234E-16
      1      11.719    0.38291E-03   -0.70692E+00    0.64685E-17   -0.18844E-16
      1      11.633    0.38269E-03   -0.70139E+00    0.16472E-16    0.50086E-17
      1      11.547    0.38268E-03   -0.69592E+00    0.23824E-16    0.61917E-17
      1      11.461    0.38288E-03   -0.69052E+00    0.15913E-16    0.13693E-16
      1      11.375    0.38327E-03   -0.68519E+00    0.11255E-16    0.19323E-16
      1      11.289    0.38387E-03   -0.67994E+00    0.10151E-16    0.18172E-17
      1      11.203    0.38466E-03   -0.67477E+00    0.78853E-17    0.31019E-16
      1      11.117    0.38563E-03   -0.66968E+00    0.10188E-16   -0.32683E-16
      1      11.031    0.38680E-03   -0.66467E+00   -0.15394E-16   -0.32461E-16
      1      10.946    0.38814E-03   -0.65974E+00    0.22725E-16    0.40129E-16
      1      10.860    0.38966E-03   -0.65490E+00   -0.11978E-17    0.22621E-16
      1      10.774    0.39134E-03   -0.65013E+00   -0.11877E-17    0.26654E-16
      1      10.688    0.39320E-03   -0.64544E+00    0.11280E-17    0.15585E-16
      1      10.602    0.39523E-03   -0.64083E+00    0.12084E-16    0.11246E-17
      1      10.516    0.39743E-03   -0.63629E+00   -0.16638E-16    0.21920E-16
      1      10.430    0.39981E-03   -0.63182E+00    0.56118E-16    0.20792E-16
      1      10.344    0.40236E-03   -0.62743E+00    0.54774E-17    0.14911E-16
      1      10.258    0.40509E-03   -0.62312E+00   -0.74529E-17   -0.16521E-17
      1      10.172    0.40802E-03   -0.61890E+00    0.18395E-16    0.10915E-16
      1      10.086    0.41115E-03   -0.61477E+00    0.56548E-17    0.18077E-16
      1      10.000    0.41449E-03   -0.61074E+00   -0.64809E-17    0.16136E-16
      1       9.915    0.41804E-03   -0.60683E+00    0.31430E-16   -0.16408E-16
      1       9.829    0.42183E-03   -0.60304E+00   -0.24719E-17   -0.78194E-17
      1       9.743    0.42586E-03   -0.59939E+00    0.38814E-16    0.24502E-16
      1       9.657    0.43013E-03   -0.59588E+00   -0.16031E-16    0.18947E-16
      1       9.571    0.43465E-03   -0.59252E+00   -0.39495E-19    0.18878E-16
      1       9.485    0.43943E-03   -0.58932E+00    0.25594E-16    0.26957E-16
      1       9.399    0.44447E-03   -0.58628E+00   -0.14569E-16    0.12444E-17
      1       9.313    0.44976E-03   -0.58339E+00   -0.11320E-17    0.42181E-16
      1       9.227    0.45532E-03   -0.58066E+00    0.11542E-16    0.30721E-16
      1       9.141    0.46115E-03   -0.57809E+00   -0.46273E-16    0.31450E-17
      1       9.055    0.46724E-03   -0.57568E+00    0.22384E-16    0.13160E-16
      1       8.969    0.47362E-03   -0.57342E+00    0.19479E-16   -0.15704E-17
      1       8.884    0.48026E-03   -0.57133E+00   -0.12135E-16    0.24336E-16
      1       8.798    0.48720E-03   -0.56938E+00   -0.20887E-16    0.14965E-16
      1       8.712    0.49441E-03   -0.56759E+00    0.37094E-17    0.44357E-17
      1       8.626    0.50192E-03   -0.56595E+00    0.11861E-16    0.13479E-16
      1       8.540    0.50971E-03   -0.56446E+00   -0.19061E-16    0.19287E-16
      1       8.454    0.51781E-03   -0.56310E+00    0.32769E-17    0.16395E-16
      1       8.368    0.52621E-03   -0.56189E+00    0.15770E-16    0.68049E-17
      1       8.282    0.53492E-03   -0.56081E+00    0.55694E-17    0.38529E-16
      1       8.196    0.54395E-03   -0.55987E+00   -0.15017E-16    0.10591E-16
      1       8.110    0.55331E-03   -0.55907E+00    0.80931E-17   -0.11576E-16
      1       8.024    0.56302E-03   -0.55841E+00   -0.30351E-16    0.15455E-16
      1       7.938    0.57308E-03   -0.55788E+00    0.53122E-16    0.13537E-16
      1       7.853    0.58350E-03   -0.55750E+00    0.12114E-16    0.20376E-16
      1       7.767    0.59431E-03   -0.55725E+00   -0.41481E-16   -0.68205E-17
      1       7.681    0.60551E-03   -0.55715E+00   -0.13922E-16    0.35052E-17
      1       7.595    0.61713E-03   -0.55720E+00   -0.37978E-17    0.75382E-17
      1       7.509    0.62917E-03   -0.55739E+00    0.42641E-16    0.51152E-17
      1       7.423    0.64166E-03   -0.55773E+00    0.14409E-16    0.39316E-17
      1       7.337    0.65459E-03   -0.55822E+00    0.34037E-16   -0.31376E-17
      1       7.251    0.66799E-03   -0.55885E+00    0.32022E-17   -0.80412E-17
      1       7.165    0.68185E-03   -0.55962E+00    0.77067E-17   -0.13221E-16
      1       7.079    0.69619E-03   -0.56052E+00   -0.14522E-16    0.19006E-16
      1       6.993    0.71102E-03   -0.56156E+00   -0.23114E-16   -0.29555E-17
      1       6.907    0.72635E-03   -0.56273E+00    0.17614E-16    0.17569E-16
      1       6.822    0.74220E-03   -0.56404E+00    0.48842E-16   -0.46827E-17
      1       6.736    0.75856E-03   -0.56548E+00   -0.36648E-16    0.32890E-16
      1       6.650    0.77547E-03   -0.56704E+00    0.51890E-17    0.15545E-16
      1       6.564    0.79293E-03   -0.56874E+00    0.72437E-16    0.13757E-16
      1       6.478    0.81096E-03   -0.57056E+00   -0.34762E-16    0.19868E-16
      1       6.392    0.82957E-03   -0.57251E+00   -0.57766E-17    0.19281E-16
      1       6.306    0.84880E-03   -0.57459E+00    0.77699E-16   -0.19094E-16
      1       6.220    0.86865E-03   -0.57679E+00   -0.40407E-16    0.77740E-18
      1       6.134    0.88915E-03   -0.57913E+00    0.67565E-16   -0.68234E-17
      1       6.048    0.91032E-03   -0.58159E+00    0.42678E-16    0.17595E-16
      1       5.962    0.93217E-03   -0.58418E+00    0.80829E-16    0.62731E-17
      1       5.876    0.95472E-03   -0.58689E+00   -0.29661E-16    0.17452E-16
      1       5.791    0.97799E-03   -0.58972E+00    0.25355E-16    0.18962E-17
      1       5.705    0.10020E-02   -0.59267E+00   -0.59895E-16    0.78043E-17
      1       5.619    0.10268E-02   -0.59575E+00    0.11191E-16   -0.16519E-17
      1       5.533    0.10524E-02   -0.59895E+00    0.73792E-17    0.72233E-17
      1       5.447    0.10788E-02   -0.60227E+00    0.64709E-17   -0.24664E-16
      1       5.361    0.11060E-02   -0.60571E+00    0.70930E-16   -0.56828E-17
      1       5.275    0.11340E-02   -0.60924E+00    0.23686E-16   -0.78807E-19
      1       5.189    0.11627E-02   -0.61284E+00    0.21909E-16   -0.88310E-17
      1       5.103    0.11920E-02   -0.61648E+00    0.35118E-17    0.91121E-17
      1       5.017    0.12217E-02   -0.62011E+00    0.29035E-16    0.83337E-17
      1       4.931    0.12515E-02   -0.62363E+00   -0.66485E-16   -0.22534E-16
      1       4.845    0.12809E-02   -0.62697E+00   -0.15835E-16   -0.41264E-17
      1       4.760    0.13096E-02   -0.63000E+00    0.64555E-16    0.22367E-17
      1       4.674    0.13366E-02   -0.63259E+00    0.10981E-15   -0.10790E-17
      1       4.588    0.13614E-02   -0.63460E+00    0.13018E-15    0.43441E-17
      1       4.502    0.13829E-02   -0.63586E+00    0.30438E-16    0.15074E-16
      1       4.416    0.14004E-02   -0.63622E+00    0.18501E-15    0.72585E-17
      1       4.330    0.14129E-02   -0.63553E+00    0.61833E-16    0.24544E-16
      1       4.244    0.14199E-02   -0.63365E+00    0.62318E-16   -0.68526E-17
      1       4.158    0.14207E-02   -0.63048E+00   -0.64480E-16   -0.10689E-17
      1       4.072    0.14157E-02   -0.62602E+00    0.71801E-16    0.14552E-16
      1       3.986    0.14050E-02   -0.62032E+00    0.23917E-15    0.10796E-16
      1       3.900    0.13895E-02   -0.61345E+00   -0.73853E-17   -0.14528E-16
      1       3.814    0.13697E-02   -0.60552E+00    0.70481E-16    0.45047E-17
      1       3.729    0.13467E-02   -0.59666E+00   -0.16900E-15   -0.57563E-17
      1       3.643    0.13211E-02   -0.58698E+00    0.54349E-16    0.26796E-17
      1       3.557    0.12938E-02   -0.57663E+00   -0.44600E-16    0.68966E-17
      1       3.471    0.12653E-02   -0.56571E+00   -0.54779E-16    0.15482E-16
      1       3.385    0.12362E-02   -0.55434E+00    0.31258E-16    0.19334E-16
      1       3.299    0.12068E-02   -0.54258E+00    0.80462E-16    0.10693E-17
      1       3.213    0.11774E-02   -0.53049E+00   -0.17082E-15   -0.65076E-17
      1       3.127    0.11482E-02   -0.51811E+00   -0.26274E-16   -0.38388E-17
      1       3.041    0.11193E-02   -0.50547E+00   -0.37158E-16   -0.18647E-16
      1       2.955    0.10907E-02   -0.49259E+00    0.11277E-15    0.52511E-17
      1       2.869    0.10625E-02   -0.47950E+00   -0.27804E-16    0.17023E-16
      1       2.783    0.10349E-02   -0.46623E+00   -0.40830E-16   -0.20068E-16
      1       2.698    0.10079E-02   -0.45280E+00   -0.43201E-16   -0.10072E-16
      1       2.612    0.98154E-03   -0.43925E+00   -0.76439E-16   -0.19972E-16
      1       2.526    0.95579E-03   -0.42560E+00    0.19044E-16   -0.37683E-18
      1       2.440    0.93070E-03   -0.41187E+00    0.69747E-16   -0.17621E-16
      1       2.354    0.90628E-03   -0.39810E+00    0.30479E-16    0.33849E-17
      1       2.268    0.88251E-03   -0.38430E+00   -0.17658E-16    0.74783E-17
      1       2.182    0.85940E-03   -0.37051E+00   -0.26570E-16    0.87322E-17
      1       2.096    0.83691E-03   -0.35675E+00    0.71422E-16   -0.12256E-16
      1       2.010    0.81504E-03   -0.34306E+00    0.16492E-16   -0.17436E-16
      1       1.924    0.79370E-03   -0.32943E+00   -0.48516E-16    0.18044E-16
      1       1.838    0.77278E-03   -0.31582E+00    0.29567E-16   -0.32231E-16
      1       1.752    0.75217E-03   -0.30218E+00   -0.46751E-18   -0.18417E-16
      1       1.667    0.73173E-03   -0.28844E+00    0.32036E-16   -0.18188E-16
      1       1.581    0.71133E-03   -0.27453E+00    0.63057E-16   -0.15718E-16
      1       1.495    0.69086E-03   -0.26039E+00    0.23670E-16   -0.10371E-17
      1       1.409    0.67020E-03   -0.24594E+00    0.34668E-16   -0.54075E-17
      1       1.323    0.64926E-03   -0.23113E+00    0.21377E-16    0.11717E-16
      1       1.237    0.62795E-03   -0.21597E+00    0.27110E-16   -0.92916E-17
      1       1.151    0.60625E-03   -0.20049E+00    0.81817E-16   -0.16482E-16
      1       1.065    0.58423E-03   -0.18496E+00    0.97213E-16   -0.34777E-17
      1       0.979    0.56188E-03   -0.16963E+00    0.26117E-16   -0.35396E-16
      1       0.893    0.53907E-03   -0.15463E+00    0.79725E-16   -0.48570E-16
      1       0.807    0.51559E-03   -0.14007E+00    0.70719E-16   -0.24487E-16
      1       0.721    0.49116E-03   -0.12611E+00    0.81662E-16   -0.23768E-17
      1       0.636    0.46555E-03   -0.11316E+00    0.42232E-16   -0.10337E-16
      1       0.550    0.43855E-03   -0.10204E+00    0.79872E-16    0.75491E-17
      1       0.464    0.40900E-03   -0.92233E-01    0.73799E-16    0.19134E-16
      1       0.378    0.37436E-03   -0.80450E-01    0.68393E-16    0.16033E-17
      1       0.292    0.33204E-03   -0.63237E-01    0.72856E-16    0.10182E-16
      1       0.206    0.28024E-03   -0.40992E-01    0.88785E-16   -0.61751E-18
      1       0.120    0.21563E-03   -0.20978E-01    0.62464E-16   -0.20999E-16
