   3N SYSTEM INCLUSIVE  PHOTODESINTEGRATION
        DETECTED PARTICLE: 1- PROTON
        NOT DETECTED PARTICLES:2- PROTON  3-NEUTRON

      OMEGA 0.10000E+03
     MTTWE1,MTTWE2,MTTWE3=    1    1   -1
     TH1LAB,PHI1LAB=   170.000     0.000
   Unit of cross sections ... fm**2/(MeV*sr**2)
      I       E1      CROSS           AX           AY           AZ
      1      49.128    0.20579E-07    0.18566E-03    0.11300E-17   -0.20735E-16
      1      49.115    0.58582E-05    0.38823E-03    0.81554E-18   -0.11765E-16
      1      49.108    0.65672E-05    0.35555E-03   -0.35144E-18   -0.21897E-16
      1      49.101    0.70093E-05    0.30771E-03   -0.14553E-18    0.53882E-16
      1      49.095    0.72998E-05    0.25177E-03   -0.10466E-17   -0.24392E-17
      1      49.088    0.74962E-05    0.19145E-03   -0.60152E-18   -0.10098E-16
      1      49.081    0.76310E-05    0.12887E-03    0.67179E-18   -0.16483E-16
      1      49.075    0.77240E-05    0.64914E-04    0.80832E-19    0.53650E-16
      1      49.068    0.77878E-05    0.75833E-07    0.11662E-18    0.31797E-16
      1      49.061    0.78308E-05   -0.65303E-04    0.47792E-18   -0.46867E-17
      1      49.055    0.78590E-05   -0.13097E-03   -0.64778E-18   -0.22416E-16
      1      49.048    0.78763E-05   -0.19674E-03   -0.94128E-18   -0.37270E-16
      1      49.041    0.78858E-05   -0.26246E-03    0.46997E-18   -0.63368E-17
      1      49.035    0.78894E-05   -0.32802E-03    0.20640E-17   -0.12898E-16
      1      49.028    0.78889E-05   -0.39332E-03    0.73800E-18    0.99389E-17
      1      49.021    0.78853E-05   -0.45829E-03   -0.33588E-18    0.41542E-16
      1      49.015    0.78795E-05   -0.52288E-03    0.22999E-17   -0.17266E-16
      1      49.008    0.78722E-05   -0.58702E-03    0.28493E-19   -0.55695E-17
      1      48.739    0.76308E-05   -0.25105E-02   -0.54191E-17    0.87413E-17
      1      48.471    0.75566E-05   -0.34197E-02   -0.55774E-17   -0.12961E-17
      1      48.202    0.75554E-05   -0.39689E-02   -0.17964E-17   -0.16957E-16
      1      47.933    0.75781E-05   -0.43219E-02   -0.14099E-17    0.20437E-16
      1      47.665    0.76065E-05   -0.45441E-02   -0.43365E-17    0.10649E-16
      1      47.396    0.76387E-05   -0.46736E-02   -0.42605E-18   -0.45817E-18
      1      47.128    0.76781E-05   -0.47369E-02   -0.50452E-17    0.77440E-17
      1      46.859    0.77297E-05   -0.47561E-02   -0.26858E-17   -0.52873E-17
      1      46.590    0.77993E-05   -0.47501E-02   -0.56060E-17   -0.17573E-16
      1      46.322    0.78918E-05   -0.47354E-02   -0.11336E-17    0.25389E-17
      1      46.053    0.80082E-05   -0.47220E-02   -0.36117E-17   -0.12744E-16
      1      45.784    0.81454E-05   -0.47147E-02   -0.42526E-17   -0.38187E-18
      1      45.516    0.83012E-05   -0.47175E-02   -0.16658E-17   -0.14870E-16
      1      45.247    0.84738E-05   -0.47345E-02   -0.32418E-17   -0.70397E-17
      1      44.979    0.86621E-05   -0.47684E-02   -0.19655E-17   -0.12415E-16
      1      44.710    0.88649E-05   -0.48188E-02   -0.42773E-17   -0.28230E-16
      1      44.441    0.90812E-05   -0.48810E-02   -0.48537E-17   -0.19158E-16
      1      44.173    0.93101E-05   -0.49481E-02    0.12501E-17   -0.13909E-16
      1      43.904    0.95507E-05   -0.50118E-02   -0.36018E-18   -0.23491E-17
      1      43.636    0.98025E-05   -0.50642E-02    0.27052E-17   -0.16434E-16
      1      43.367    0.10065E-04   -0.50986E-02   -0.35793E-17    0.12145E-16
      1      43.098    0.10338E-04   -0.51098E-02   -0.49954E-17    0.11264E-16
      1      42.830    0.10621E-04   -0.50949E-02    0.18156E-17    0.40210E-17
      1      42.561    0.10916E-04   -0.50533E-02    0.22292E-17   -0.61472E-17
      1      42.293    0.11221E-04   -0.49859E-02   -0.46757E-17   -0.93358E-17
      1      42.024    0.11539E-04   -0.48965E-02   -0.25785E-17   -0.36806E-17
      1      41.755    0.11870E-04   -0.47899E-02    0.94929E-18   -0.13426E-16
      1      41.487    0.12216E-04   -0.46702E-02   -0.33272E-17    0.98348E-17
      1      41.218    0.12576E-04   -0.45417E-02   -0.30955E-17    0.45482E-17
      1      40.949    0.12953E-04   -0.44070E-02   -0.63608E-18   -0.67559E-17
      1      40.681    0.13345E-04   -0.42695E-02   -0.55717E-17   -0.72531E-17
      1      40.412    0.13752E-04   -0.41334E-02   -0.44647E-18   -0.39735E-17
      1      40.144    0.14174E-04   -0.40024E-02   -0.47401E-17   -0.15434E-16
      1      39.875    0.14608E-04   -0.38792E-02    0.70673E-18    0.41641E-17
      1      39.606    0.15054E-04   -0.37657E-02   -0.56587E-17   -0.13296E-16
      1      39.338    0.15510E-04   -0.36638E-02   -0.98173E-17   -0.66514E-17
      1      39.069    0.15972E-04   -0.35752E-02   -0.12636E-16   -0.12032E-16
      1      38.801    0.16440E-04   -0.35001E-02   -0.69291E-17   -0.92959E-17
      1      38.532    0.16911E-04   -0.34376E-02   -0.11519E-16   -0.12046E-16
      1      38.263    0.17381E-04   -0.33860E-02    0.20772E-17   -0.19975E-16
      1      37.995    0.17850E-04   -0.33430E-02    0.52977E-17   -0.87666E-17
      1      37.726    0.18315E-04   -0.33060E-02   -0.18679E-17   -0.99497E-17
      1      37.457    0.18773E-04   -0.32726E-02    0.12625E-16   -0.95649E-17
      1      37.189    0.19223E-04   -0.32407E-02   -0.38402E-17    0.46567E-18
      1      36.920    0.19663E-04   -0.32091E-02   -0.22776E-17   -0.11633E-16
      1      36.652    0.20092E-04   -0.31771E-02   -0.74933E-17   -0.70538E-17
      1      36.383    0.20508E-04   -0.31449E-02   -0.51865E-17   -0.59439E-17
      1      36.114    0.20909E-04   -0.31131E-02   -0.12436E-16   -0.42538E-17
      1      35.846    0.21294E-04   -0.30830E-02   -0.10238E-17    0.69956E-17
      1      35.577    0.21663E-04   -0.30565E-02   -0.68289E-17   -0.66527E-17
      1      35.309    0.22015E-04   -0.30355E-02   -0.97458E-17   -0.82692E-17
      1      35.040    0.22348E-04   -0.30222E-02   -0.89372E-17   -0.94362E-17
      1      34.771    0.22662E-04   -0.30180E-02   -0.13399E-16    0.81413E-18
      1      34.503    0.22956E-04   -0.30241E-02   -0.67850E-17   -0.10245E-17
      1      34.234    0.23229E-04   -0.30414E-02   -0.15009E-16   -0.11577E-16
      1      33.965    0.23480E-04   -0.30705E-02    0.88373E-17   -0.30617E-17
      1      33.697    0.23707E-04   -0.31129E-02   -0.51777E-17    0.17527E-17
      1      33.428    0.23910E-04   -0.31694E-02   -0.11127E-16   -0.30140E-17
      1      33.160    0.24088E-04   -0.32404E-02   -0.95001E-17   -0.42752E-17
      1      32.891    0.24240E-04   -0.33256E-02   -0.95298E-17   -0.78186E-17
      1      32.622    0.24364E-04   -0.34238E-02   -0.19428E-16   -0.31514E-17
      1      32.354    0.24461E-04   -0.35333E-02   -0.31165E-17   -0.18709E-17
      1      32.085    0.24530E-04   -0.36522E-02   -0.28285E-16   -0.54129E-17
      1      31.817    0.24569E-04   -0.37789E-02   -0.50804E-17   -0.36840E-17
      1      31.548    0.24581E-04   -0.39119E-02   -0.14742E-16   -0.32940E-17
      1      31.279    0.24565E-04   -0.40504E-02    0.24138E-17   -0.33382E-17
      1      31.011    0.24522E-04   -0.41934E-02   -0.96582E-17   -0.29409E-17
      1      30.742    0.24453E-04   -0.43382E-02   -0.42086E-17    0.41461E-17
      1      30.473    0.24361E-04   -0.44810E-02   -0.37709E-17    0.45098E-17
      1      30.205    0.24246E-04   -0.46190E-02   -0.43348E-17   -0.23347E-17
      1      29.936    0.24112E-04   -0.47518E-02   -0.33898E-17    0.29777E-17
      1      29.668    0.23961E-04   -0.48800E-02   -0.10768E-16    0.15462E-17
      1      29.399    0.23794E-04   -0.50060E-02   -0.20554E-16    0.37397E-17
      1      29.130    0.23616E-04   -0.51319E-02   -0.21613E-17    0.57575E-17
      1      28.862    0.23427E-04   -0.52570E-02    0.43889E-18    0.19542E-17
      1      28.593    0.23230E-04   -0.53830E-02    0.23362E-17    0.10427E-17
      1      28.325    0.23026E-04   -0.55151E-02   -0.54748E-17    0.23876E-17
      1      28.056    0.22819E-04   -0.56588E-02   -0.11960E-16    0.53429E-17
      1      27.787    0.22609E-04   -0.58184E-02   -0.85396E-18   -0.58615E-17
      1      27.519    0.22396E-04   -0.59989E-02   -0.39355E-17    0.10153E-16
      1      27.250    0.22183E-04   -0.62037E-02    0.39635E-17    0.42080E-17
      1      26.981    0.21969E-04   -0.64349E-02   -0.11656E-16    0.86687E-17
      1      26.713    0.21755E-04   -0.66931E-02   -0.18689E-17    0.17320E-16
      1      26.444    0.21541E-04   -0.69774E-02   -0.32934E-17    0.12714E-16
      1      26.176    0.21326E-04   -0.72872E-02   -0.53011E-17    0.15164E-16
      1      25.907    0.21110E-04   -0.76229E-02    0.25052E-17    0.10310E-16
      1      25.638    0.20895E-04   -0.79836E-02   -0.49100E-17    0.10016E-16
      1      25.370    0.20681E-04   -0.83679E-02   -0.28500E-17    0.79791E-17
      1      25.101    0.20467E-04   -0.87733E-02   -0.70386E-17    0.86817E-17
      1      24.833    0.20253E-04   -0.91975E-02    0.10535E-17    0.17209E-16
      1      24.564    0.20041E-04   -0.96396E-02   -0.11852E-16    0.60263E-17
      1      24.295    0.19831E-04   -0.10098E-01   -0.42803E-17    0.10329E-16
      1      24.027    0.19624E-04   -0.10571E-01    0.69869E-17    0.18203E-16
      1      23.758    0.19420E-04   -0.11055E-01   -0.48197E-17    0.67312E-17
      1      23.489    0.19219E-04   -0.11549E-01   -0.17111E-17    0.13585E-16
      1      23.221    0.19024E-04   -0.12048E-01    0.70720E-17    0.13751E-16
      1      22.952    0.18834E-04   -0.12549E-01    0.87296E-17    0.14908E-16
      1      22.684    0.18651E-04   -0.13052E-01    0.50908E-17    0.14692E-16
      1      22.415    0.18476E-04   -0.13553E-01    0.41625E-17    0.18003E-16
      1      22.146    0.18309E-04   -0.14053E-01   -0.10142E-16    0.69595E-17
      1      21.878    0.18153E-04   -0.14549E-01   -0.26867E-17    0.76530E-17
      1      21.609    0.18007E-04   -0.15041E-01    0.45552E-17    0.13892E-16
      1      21.341    0.17873E-04   -0.15528E-01    0.66100E-17    0.43472E-17
      1      21.072    0.17752E-04   -0.16008E-01   -0.13412E-18    0.92974E-17
      1      20.803    0.17645E-04   -0.16482E-01    0.56598E-17    0.18587E-16
      1      20.535    0.17551E-04   -0.16951E-01   -0.10814E-16    0.15860E-16
      1      20.266    0.17473E-04   -0.17414E-01    0.12726E-16    0.18673E-16
      1      19.997    0.17409E-04   -0.17871E-01   -0.11822E-17    0.11441E-16
      1      19.729    0.17361E-04   -0.18323E-01    0.84611E-17    0.20673E-16
      1      19.460    0.17329E-04   -0.18770E-01    0.76322E-17    0.93158E-17
      1      19.192    0.17313E-04   -0.19214E-01    0.12448E-16    0.11978E-16
      1      18.923    0.17312E-04   -0.19655E-01    0.64326E-17    0.26089E-16
      1      18.654    0.17328E-04   -0.20094E-01    0.10896E-16    0.14145E-16
      1      18.386    0.17360E-04   -0.20533E-01    0.70592E-17    0.99412E-17
      1      18.117    0.17408E-04   -0.20971E-01    0.11408E-16    0.73101E-17
      1      17.849    0.17471E-04   -0.21410E-01    0.11774E-16    0.16051E-16
      1      17.580    0.17550E-04   -0.21849E-01    0.13946E-16    0.23130E-16
      1      17.311    0.17644E-04   -0.22289E-01   -0.38435E-17    0.20833E-16
      1      17.043    0.17754E-04   -0.22730E-01    0.12021E-16    0.13951E-16
      1      16.774    0.17878E-04   -0.23172E-01    0.14475E-16    0.14722E-16
      1      16.505    0.18018E-04   -0.23615E-01   -0.74113E-17    0.25213E-16
      1      16.237    0.18172E-04   -0.24061E-01    0.10062E-16    0.97476E-17
      1      15.968    0.18342E-04   -0.24509E-01    0.99070E-17    0.45281E-17
      1      15.700    0.18527E-04   -0.24960E-01    0.17498E-16    0.15213E-16
      1      15.431    0.18728E-04   -0.25416E-01    0.25055E-17    0.14804E-16
      1      15.162    0.18945E-04   -0.25876E-01    0.20238E-16    0.10758E-16
      1      14.894    0.19178E-04   -0.26343E-01    0.14530E-16    0.14683E-16
      1      14.625    0.19429E-04   -0.26818E-01    0.59397E-17    0.13859E-16
      1      14.357    0.19696E-04   -0.27303E-01    0.10073E-16    0.50553E-17
      1      14.088    0.19982E-04   -0.27801E-01    0.57571E-17    0.11784E-16
      1      13.819    0.20287E-04   -0.28314E-01    0.24342E-16    0.15655E-16
      1      13.551    0.20612E-04   -0.28845E-01    0.18059E-16    0.37339E-17
      1      13.282    0.20958E-04   -0.29396E-01    0.10896E-16    0.56414E-17
      1      13.014    0.21326E-04   -0.29970E-01    0.15253E-16    0.10315E-16
      1      12.745    0.21718E-04   -0.30569E-01    0.24114E-16    0.12075E-17
      1      12.476    0.22135E-04   -0.31195E-01    0.18570E-17    0.17552E-16
      1      12.208    0.22580E-04   -0.31850E-01    0.13402E-16    0.84819E-17
      1      11.939    0.23054E-04   -0.32533E-01    0.22739E-16    0.74035E-17
      1      11.670    0.23558E-04   -0.33242E-01    0.74388E-17    0.11598E-16
      1      11.402    0.24093E-04   -0.33969E-01    0.10764E-16    0.17045E-16
      1      11.133    0.24654E-04   -0.34697E-01    0.15967E-16    0.53719E-17
      1      10.865    0.25234E-04   -0.35395E-01    0.46803E-17   -0.15939E-17
      1      10.596    0.25814E-04   -0.36008E-01    0.25844E-16    0.19279E-17
      1      10.327    0.26363E-04   -0.36455E-01    0.20604E-16    0.85052E-17
      1      10.059    0.26839E-04   -0.36625E-01    0.96399E-17    0.12246E-17
      1       9.790    0.27195E-04   -0.36410E-01   -0.39631E-17    0.14433E-17
      1       9.522    0.27401E-04   -0.35740E-01    0.21067E-16    0.12701E-16
      1       9.253    0.27479E-04   -0.34664E-01    0.14299E-16    0.58972E-17
      1       8.984    0.27479E-04   -0.33296E-01    0.29965E-16    0.11452E-16
      1       8.716    0.27454E-04   -0.31757E-01    0.31589E-16    0.57564E-17
      1       8.447    0.27448E-04   -0.30142E-01    0.13446E-16    0.29849E-17
      1       8.178    0.27491E-04   -0.28516E-01    0.15703E-16    0.39699E-17
      1       7.910    0.27604E-04   -0.26913E-01    0.32613E-16    0.68187E-17
      1       7.641    0.27798E-04   -0.25350E-01   -0.20570E-17    0.85922E-17
      1       7.373    0.28081E-04   -0.23835E-01    0.32757E-16    0.24774E-17
      1       7.104    0.28460E-04   -0.22369E-01    0.59175E-16   -0.45888E-17
      1       6.835    0.28941E-04   -0.20950E-01    0.19884E-16    0.76460E-17
      1       6.567    0.29529E-04   -0.19578E-01    0.39011E-16    0.58483E-17
      1       6.298    0.30230E-04   -0.18253E-01    0.49533E-16   -0.23766E-17
      1       6.030    0.31049E-04   -0.16976E-01    0.44565E-16   -0.31417E-17
      1       5.761    0.31993E-04   -0.15750E-01    0.43593E-16   -0.38112E-17
      1       5.492    0.33068E-04   -0.14577E-01    0.65628E-16   -0.99007E-17
      1       5.224    0.34279E-04   -0.13461E-01    0.23162E-16   -0.38539E-17
      1       4.955    0.35631E-04   -0.12404E-01    0.27959E-16    0.65716E-17
      1       4.686    0.37128E-04   -0.11410E-01    0.46234E-16   -0.20655E-17
      1       4.418    0.38772E-04   -0.10483E-01    0.41198E-16    0.36996E-17
      1       4.149    0.40564E-04   -0.96265E-02    0.70120E-16   -0.53739E-17
      1       3.881    0.42501E-04   -0.88451E-02    0.85396E-16    0.75747E-18
      1       3.612    0.44575E-04   -0.81433E-02    0.26494E-16   -0.93362E-17
      1       3.343    0.46773E-04   -0.75237E-02    0.47932E-16   -0.56995E-18
      1       3.075    0.49068E-04   -0.69725E-02    0.28162E-16   -0.27959E-17
      1       2.806    0.51415E-04   -0.64652E-02    0.36910E-16    0.10317E-17
      1       2.538    0.53752E-04   -0.59745E-02    0.26328E-16    0.10261E-17
      1       2.269    0.55991E-04   -0.54733E-02    0.51828E-16    0.10515E-16
      1       2.000    0.58012E-04   -0.49388E-02    0.64894E-16   -0.35372E-17
      1       1.732    0.59651E-04   -0.43548E-02    0.50424E-16    0.45812E-17
      1       1.463    0.60674E-04   -0.37146E-02    0.75529E-16   -0.28995E-17
      1       1.194    0.60770E-04   -0.30416E-02    0.70255E-16   -0.79360E-17
      1       0.926    0.59508E-04   -0.24051E-02    0.79252E-16   -0.38352E-17
      1       0.657    0.56105E-04   -0.18500E-02    0.74300E-16    0.65154E-17
      1       0.389    0.48813E-04   -0.13796E-02    0.50804E-16   -0.60260E-17
      1       0.120    0.31412E-04   -0.74510E-03    0.30286E-16   -0.69961E-19
