   3N SYSTEM INCLUSIVE  PHOTODESINTEGRATION
        DETECTED PARTICLE: 1- PROTON
        NOT DETECTED PARTICLES:2- PROTON  3-NEUTRON

      OMEGA 0.10000E+03
     MTTWE1,MTTWE2,MTTWE3=    1    1   -1
     TH1LAB,PHI1LAB=    10.000     0.000
   Unit of cross sections ... fm**2/(MeV*sr**2)
      I       E1      CROSS           AX           AY           AZ
      1      72.660    0.10125E-06   -0.12742E+00    0.39693E-19   -0.30380E-17
      1      72.647    0.29818E-04   -0.12741E+00    0.15121E-17    0.63166E-17
      1      72.640    0.33749E-04   -0.12730E+00    0.85597E-17    0.23600E-16
      1      72.634    0.36284E-04   -0.12717E+00    0.82095E-17    0.16840E-16
      1      72.627    0.37996E-04   -0.12702E+00   -0.47479E-18    0.57187E-17
      1      72.620    0.39177E-04   -0.12686E+00    0.75532E-17    0.38052E-16
      1      72.614    0.39999E-04   -0.12669E+00    0.46766E-18   -0.27364E-17
      1      72.607    0.40568E-04   -0.12651E+00   -0.45250E-18    0.32144E-16
      1      72.600    0.40955E-04   -0.12633E+00   -0.93487E-18    0.77665E-16
      1      72.594    0.41209E-04   -0.12614E+00   -0.27420E-17    0.77548E-17
      1      72.587    0.41363E-04   -0.12594E+00   -0.23734E-17    0.42341E-17
      1      72.580    0.41444E-04   -0.12575E+00    0.54324E-17    0.39468E-18
      1      72.574    0.41469E-04   -0.12556E+00    0.13268E-17    0.80878E-17
      1      72.567    0.41452E-04   -0.12537E+00    0.18045E-17    0.28620E-17
      1      72.560    0.41402E-04   -0.12518E+00    0.16291E-18    0.54054E-17
      1      72.554    0.41329E-04   -0.12499E+00   -0.44095E-17   -0.19941E-17
      1      72.547    0.41239E-04   -0.12481E+00   -0.39896E-17    0.12026E-17
      1      72.540    0.41135E-04   -0.12463E+00    0.14218E-17   -0.25808E-17
      1      72.142    0.36300E-04   -0.11879E+00    0.64279E-18   -0.65514E-17
      1      71.744    0.34373E-04   -0.11504E+00   -0.23914E-17    0.82462E-17
      1      71.346    0.33307E-04   -0.11174E+00    0.15353E-17    0.30268E-17
      1      70.949    0.32536E-04   -0.10859E+00   -0.21613E-17   -0.15295E-16
      1      70.551    0.31916E-04   -0.10543E+00   -0.16089E-17    0.25864E-17
      1      70.153    0.31427E-04   -0.10218E+00   -0.50480E-17   -0.67231E-18
      1      69.755    0.31085E-04   -0.98821E-01   -0.79872E-18    0.83221E-17
      1      69.357    0.30914E-04   -0.95392E-01   -0.48622E-18    0.58830E-17
      1      68.959    0.30921E-04   -0.91961E-01   -0.40250E-17    0.13437E-18
      1      68.561    0.31074E-04   -0.88588E-01   -0.36857E-17    0.12956E-16
      1      68.163    0.31340E-04   -0.85324E-01   -0.20770E-17    0.11261E-16
      1      67.765    0.31693E-04   -0.82212E-01   -0.37146E-17   -0.57288E-18
      1      67.367    0.32109E-04   -0.79271E-01   -0.68234E-17    0.30094E-17
      1      66.969    0.32571E-04   -0.76496E-01   -0.30848E-17    0.40391E-17
      1      66.572    0.33061E-04   -0.73866E-01   -0.49741E-17    0.58571E-17
      1      66.174    0.33566E-04   -0.71351E-01   -0.24635E-17   -0.62365E-17
      1      65.776    0.34073E-04   -0.68917E-01   -0.53238E-17    0.25264E-18
      1      65.378    0.34572E-04   -0.66534E-01   -0.23430E-17    0.81323E-17
      1      64.980    0.35055E-04   -0.64172E-01   -0.12035E-17   -0.30521E-17
      1      64.582    0.35513E-04   -0.61810E-01   -0.76222E-17    0.59990E-17
      1      64.184    0.35942E-04   -0.59436E-01   -0.20598E-17    0.12413E-16
      1      63.786    0.36339E-04   -0.57069E-01   -0.37438E-18    0.19995E-17
      1      63.388    0.36705E-04   -0.54739E-01   -0.63375E-17   -0.46481E-17
      1      62.990    0.37039E-04   -0.52478E-01   -0.86874E-17    0.18930E-17
      1      62.592    0.37338E-04   -0.50311E-01   -0.76149E-17   -0.13411E-17
      1      62.194    0.37600E-04   -0.48258E-01   -0.62222E-17   -0.85744E-17
      1      61.797    0.37822E-04   -0.46332E-01   -0.15869E-17    0.47076E-17
      1      61.399    0.38001E-04   -0.44538E-01   -0.39269E-17   -0.27976E-17
      1      61.001    0.38133E-04   -0.42880E-01   -0.16656E-17   -0.17999E-17
      1      60.603    0.38217E-04   -0.41352E-01   -0.92690E-17    0.41401E-17
      1      60.205    0.38250E-04   -0.39945E-01   -0.75912E-17    0.33649E-17
      1      59.807    0.38231E-04   -0.38644E-01   -0.89096E-17    0.39873E-17
      1      59.409    0.38160E-04   -0.37433E-01   -0.10945E-16    0.30392E-17
      1      59.011    0.38037E-04   -0.36293E-01   -0.43061E-17    0.17932E-17
      1      58.613    0.37864E-04   -0.35208E-01   -0.60977E-17   -0.63196E-17
      1      58.215    0.37641E-04   -0.34165E-01   -0.98358E-17    0.36595E-17
      1      57.817    0.37371E-04   -0.33152E-01   -0.24379E-17   -0.14426E-17
      1      57.419    0.37055E-04   -0.32163E-01   -0.55011E-18   -0.24416E-17
      1      57.022    0.36695E-04   -0.31195E-01   -0.86923E-17    0.28590E-17
      1      56.624    0.36294E-04   -0.30246E-01   -0.33060E-17    0.14618E-17
      1      56.226    0.35852E-04   -0.29321E-01    0.13643E-16   -0.98274E-18
      1      55.828    0.35373E-04   -0.28425E-01    0.82715E-17   -0.25260E-17
      1      55.430    0.34857E-04   -0.27564E-01   -0.43809E-17    0.20691E-17
      1      55.032    0.34307E-04   -0.26744E-01   -0.11440E-16   -0.47097E-17
      1      54.634    0.33725E-04   -0.25968E-01   -0.34379E-17   -0.49814E-17
      1      54.236    0.33113E-04   -0.25237E-01   -0.10118E-16   -0.78504E-17
      1      53.838    0.32475E-04   -0.24550E-01   -0.99924E-17   -0.13250E-17
      1      53.440    0.31813E-04   -0.23902E-01   -0.13402E-16    0.77686E-18
      1      53.042    0.31133E-04   -0.23290E-01   -0.12865E-16   -0.50964E-18
      1      52.645    0.30437E-04   -0.22708E-01   -0.16841E-16    0.10492E-16
      1      52.247    0.29730E-04   -0.22149E-01   -0.27218E-17   -0.28242E-17
      1      51.849    0.29015E-04   -0.21608E-01   -0.23060E-17    0.12242E-17
      1      51.451    0.28296E-04   -0.21077E-01   -0.10767E-16   -0.58255E-17
      1      51.053    0.27577E-04   -0.20549E-01   -0.10644E-16    0.45300E-17
      1      50.655    0.26862E-04   -0.20014E-01   -0.10882E-16   -0.24879E-17
      1      50.257    0.26153E-04   -0.19465E-01   -0.33949E-17    0.30962E-17
      1      49.859    0.25454E-04   -0.18896E-01   -0.10500E-17   -0.23531E-17
      1      49.461    0.24769E-04   -0.18305E-01   -0.24469E-17    0.32288E-17
      1      49.063    0.24099E-04   -0.17693E-01   -0.58473E-17    0.82498E-17
      1      48.665    0.23449E-04   -0.17066E-01   -0.32527E-17    0.54656E-17
      1      48.267    0.22819E-04   -0.16427E-01   -0.11374E-16   -0.68706E-17
      1      47.870    0.22212E-04   -0.15783E-01    0.24977E-18   -0.24345E-17
      1      47.472    0.21630E-04   -0.15146E-01   -0.12720E-16    0.18888E-17
      1      47.074    0.21072E-04   -0.14530E-01   -0.56083E-17    0.51032E-17
      1      46.676    0.20539E-04   -0.13951E-01   -0.76599E-17    0.10845E-16
      1      46.278    0.20031E-04   -0.13420E-01   -0.53085E-17   -0.61657E-18
      1      45.880    0.19548E-04   -0.12950E-01   -0.31590E-17   -0.28967E-17
      1      45.482    0.19089E-04   -0.12549E-01    0.15796E-16    0.37283E-17
      1      45.084    0.18653E-04   -0.12222E-01   -0.14511E-16    0.51973E-17
      1      44.686    0.18240E-04   -0.11968E-01    0.24612E-17    0.11051E-16
      1      44.288    0.17848E-04   -0.11786E-01   -0.36167E-17    0.46379E-17
      1      43.890    0.17476E-04   -0.11669E-01   -0.60949E-18    0.92430E-17
      1      43.493    0.17123E-04   -0.11611E-01   -0.49113E-17    0.15426E-17
      1      43.095    0.16788E-04   -0.11605E-01    0.91291E-17    0.41959E-17
      1      42.697    0.16470E-04   -0.11646E-01   -0.47071E-17    0.47515E-17
      1      42.299    0.16167E-04   -0.11729E-01    0.19640E-16    0.14231E-16
      1      41.901    0.15881E-04   -0.11848E-01    0.12163E-16    0.12027E-16
      1      41.503    0.15609E-04   -0.11995E-01    0.14745E-17    0.12836E-17
      1      41.105    0.15351E-04   -0.12164E-01    0.53880E-17    0.15217E-16
      1      40.707    0.15108E-04   -0.12350E-01    0.15996E-17    0.10590E-16
      1      40.309    0.14878E-04   -0.12546E-01   -0.16887E-17    0.99614E-18
      1      39.911    0.14661E-04   -0.12750E-01    0.13527E-17    0.11875E-16
      1      39.513    0.14458E-04   -0.12956E-01    0.89224E-18    0.11437E-16
      1      39.115    0.14267E-04   -0.13164E-01   -0.10343E-16   -0.51532E-17
      1      38.718    0.14088E-04   -0.13371E-01    0.99113E-17    0.10310E-16
      1      38.320    0.13921E-04   -0.13578E-01   -0.16772E-18    0.19535E-16
      1      37.922    0.13767E-04   -0.13785E-01    0.11365E-16    0.37419E-17
      1      37.524    0.13624E-04   -0.13995E-01    0.40432E-17    0.92077E-17
      1      37.126    0.13492E-04   -0.14209E-01    0.13861E-16    0.10253E-16
      1      36.728    0.13372E-04   -0.14428E-01    0.28347E-17   -0.52408E-17
      1      36.330    0.13262E-04   -0.14654E-01    0.25354E-17    0.10027E-16
      1      35.932    0.13162E-04   -0.14891E-01    0.14549E-16    0.29729E-17
      1      35.534    0.13073E-04   -0.15143E-01    0.80448E-17   -0.35492E-17
      1      35.136    0.12994E-04   -0.15414E-01    0.20957E-16    0.15071E-16
      1      34.738    0.12925E-04   -0.15709E-01    0.19958E-16   -0.15584E-18
      1      34.341    0.12865E-04   -0.16028E-01    0.15704E-16    0.59770E-18
      1      33.943    0.12815E-04   -0.16375E-01    0.10150E-16    0.81594E-17
      1      33.545    0.12774E-04   -0.16752E-01    0.29817E-17    0.23024E-16
      1      33.147    0.12741E-04   -0.17158E-01    0.33821E-18    0.26196E-16
      1      32.749    0.12718E-04   -0.17595E-01    0.12091E-16    0.11919E-16
      1      32.351    0.12702E-04   -0.18062E-01    0.12132E-16    0.92470E-18
      1      31.953    0.12695E-04   -0.18558E-01    0.11548E-16   -0.21855E-17
      1      31.555    0.12697E-04   -0.19083E-01    0.22064E-16    0.21737E-16
      1      31.157    0.12706E-04   -0.19638E-01   -0.96008E-18   -0.20380E-17
      1      30.759    0.12723E-04   -0.20221E-01    0.26978E-16    0.87365E-17
      1      30.361    0.12749E-04   -0.20832E-01    0.30030E-16    0.87068E-17
      1      29.963    0.12782E-04   -0.21473E-01    0.79116E-17    0.56345E-17
      1      29.566    0.12823E-04   -0.22143E-01    0.10408E-16    0.76966E-17
      1      29.168    0.12872E-04   -0.22843E-01    0.16284E-16   -0.20594E-17
      1      28.770    0.12929E-04   -0.23574E-01    0.35240E-17    0.27944E-17
      1      28.372    0.12994E-04   -0.24338E-01    0.17105E-16    0.54918E-17
      1      27.974    0.13067E-04   -0.25136E-01    0.33032E-16   -0.33903E-18
      1      27.576    0.13148E-04   -0.25971E-01    0.10363E-16   -0.38223E-17
      1      27.178    0.13236E-04   -0.26847E-01    0.43619E-16   -0.36335E-17
      1      26.780    0.13333E-04   -0.27766E-01    0.14009E-16    0.88040E-17
      1      26.382    0.13439E-04   -0.28732E-01    0.16135E-16   -0.67880E-17
      1      25.984    0.13552E-04   -0.29749E-01    0.25964E-16    0.12810E-16
      1      25.586    0.13674E-04   -0.30821E-01    0.17313E-16    0.90112E-17
      1      25.189    0.13805E-04   -0.31952E-01    0.39310E-16   -0.44992E-17
      1      24.791    0.13944E-04   -0.33146E-01   -0.19658E-17    0.67524E-17
      1      24.393    0.14093E-04   -0.34401E-01    0.11421E-16    0.75000E-17
      1      23.995    0.14251E-04   -0.35714E-01    0.45644E-16    0.12499E-17
      1      23.597    0.14416E-04   -0.37070E-01    0.21820E-16   -0.10766E-16
      1      23.199    0.14585E-04   -0.38440E-01    0.38877E-16   -0.40974E-17
      1      22.801    0.14752E-04   -0.39765E-01    0.21383E-16   -0.54426E-17
      1      22.403    0.14907E-04   -0.40954E-01    0.10279E-16    0.97414E-17
      1      22.005    0.15034E-04   -0.41880E-01    0.71470E-17    0.23610E-16
      1      21.607    0.15116E-04   -0.42406E-01    0.39021E-16   -0.61940E-17
      1      21.209    0.15145E-04   -0.42444E-01   -0.10083E-16   -0.47966E-17
      1      20.811    0.15122E-04   -0.42015E-01    0.13663E-16   -0.26490E-17
      1      20.414    0.15062E-04   -0.41232E-01    0.33257E-16    0.18795E-16
      1      20.016    0.14983E-04   -0.40227E-01    0.33220E-16    0.44073E-17
      1      19.618    0.14898E-04   -0.39112E-01    0.25130E-16   -0.12835E-16
      1      19.220    0.14818E-04   -0.37961E-01    0.85695E-17   -0.25199E-16
      1      18.822    0.14750E-04   -0.36819E-01    0.26851E-16    0.63230E-17
      1      18.424    0.14696E-04   -0.35707E-01    0.10216E-16    0.24873E-17
      1      18.026    0.14660E-04   -0.34634E-01    0.21981E-16   -0.16095E-17
      1      17.628    0.14644E-04   -0.33599E-01    0.13398E-17   -0.77686E-17
      1      17.230    0.14650E-04   -0.32602E-01    0.29799E-16    0.24168E-16
      1      16.832    0.14681E-04   -0.31636E-01    0.31107E-16   -0.52575E-17
      1      16.434    0.14739E-04   -0.30698E-01    0.37880E-16    0.43116E-17
      1      16.037    0.14827E-04   -0.29784E-01    0.43433E-16   -0.83273E-17
      1      15.639    0.14948E-04   -0.28889E-01    0.58135E-16   -0.86060E-17
      1      15.241    0.15106E-04   -0.28007E-01    0.42229E-16   -0.14337E-16
      1      14.843    0.15304E-04   -0.27133E-01    0.30377E-16   -0.26176E-16
      1      14.445    0.15546E-04   -0.26261E-01    0.47505E-17    0.65455E-17
      1      14.047    0.15836E-04   -0.25385E-01    0.39953E-16   -0.49498E-17
      1      13.649    0.16179E-04   -0.24503E-01    0.37854E-16   -0.94483E-17
      1      13.251    0.16578E-04   -0.23614E-01    0.64607E-16   -0.31217E-18
      1      12.853    0.17040E-04   -0.22723E-01    0.29352E-16   -0.40821E-17
      1      12.455    0.17568E-04   -0.21836E-01    0.32306E-16   -0.10989E-16
      1      12.057    0.18170E-04   -0.20968E-01    0.24331E-16    0.52034E-17
      1      11.659    0.18850E-04   -0.20136E-01    0.29814E-16   -0.79841E-18
      1      11.262    0.19616E-04   -0.19362E-01    0.38813E-16    0.18555E-16
      1      10.864    0.20475E-04   -0.18658E-01    0.19802E-16    0.26027E-16
      1      10.466    0.21438E-04   -0.18014E-01    0.49647E-16    0.46815E-17
      1      10.068    0.22513E-04   -0.17404E-01    0.44311E-16   -0.39624E-17
      1       9.670    0.23710E-04   -0.16792E-01   -0.13725E-17   -0.13054E-16
      1       9.272    0.25040E-04   -0.16138E-01    0.39380E-16    0.13008E-16
      1       8.874    0.26515E-04   -0.15407E-01    0.27902E-16   -0.11272E-16
      1       8.476    0.28145E-04   -0.14577E-01    0.84265E-16    0.19584E-16
      1       8.078    0.29942E-04   -0.13642E-01    0.88744E-16   -0.24766E-18
      1       7.680    0.31920E-04   -0.12615E-01    0.34132E-16    0.16862E-16
      1       7.282    0.34088E-04   -0.11528E-01    0.76371E-16   -0.23728E-17
      1       6.885    0.36453E-04   -0.10467E-01    0.35803E-16   -0.65294E-17
      1       6.487    0.39007E-04   -0.95111E-02    0.79486E-16   -0.13175E-17
      1       6.089    0.41735E-04   -0.86871E-02    0.64092E-16    0.48691E-17
      1       5.691    0.44612E-04   -0.80084E-02    0.65440E-16   -0.83599E-17
      1       5.293    0.47607E-04   -0.75254E-02    0.52239E-16   -0.92217E-17
      1       4.895    0.50686E-04   -0.73705E-02    0.83154E-16    0.12706E-16
      1       4.497    0.53815E-04   -0.77944E-02    0.29330E-16   -0.66370E-17
      1       4.099    0.56959E-04   -0.91708E-02    0.58527E-16    0.93215E-17
      1       3.701    0.60109E-04   -0.11349E-01    0.49863E-16   -0.10514E-16
      1       3.303    0.63210E-04   -0.13180E-01    0.30076E-16    0.14492E-17
      1       2.905    0.66101E-04   -0.13362E-01    0.57223E-16    0.54968E-17
      1       2.507    0.68557E-04   -0.11253E-01    0.68965E-16    0.58043E-17
      1       2.110    0.70290E-04   -0.73664E-02    0.73239E-16    0.49143E-18
      1       1.712    0.70855E-04   -0.33994E-02    0.42308E-16    0.86411E-18
      1       1.314    0.69348E-04   -0.14737E-02    0.41615E-16   -0.10160E-17
      1       0.916    0.64152E-04   -0.16693E-02    0.29930E-16   -0.18636E-17
      1       0.518    0.52537E-04   -0.14290E-02    0.24521E-16    0.12588E-17
      1       0.120    0.27215E-04   -0.19015E-03    0.45922E-16   -0.68228E-17
