   3N SYSTEM INCLUSIVE  PHOTODESINTEGRATION
        DETECTED PARTICLE: 1- PROTON
        NOT DETECTED PARTICLES:2- PROTON  3-NEUTRON

      OMEGA 0.30000E+02
     MTTWE1,MTTWE2,MTTWE3=    1    1   -1
     TH1LAB,PHI1LAB=    90.000     0.000
   Unit of cross sections ... fm**2/(MeV*sr**2)
      I       E1      CROSS           AX           AY           AZ
      1      14.695    0.26759E-05   -0.93124E+00   -0.76055E-20    0.19637E-18
      1      14.682    0.76129E-03   -0.92895E+00   -0.39284E-18   -0.11385E-18
      1      14.675    0.84858E-03   -0.92823E+00   -0.51392E-18   -0.21163E-18
      1      14.668    0.89875E-03   -0.92755E+00   -0.37832E-17   -0.43525E-17
      1      14.662    0.92757E-03   -0.92689E+00   -0.97222E-18   -0.85593E-18
      1      14.655    0.94324E-03   -0.92626E+00   -0.45402E-19   -0.99537E-18
      1      14.648    0.95046E-03   -0.92565E+00   -0.87523E-18    0.28661E-18
      1      14.642    0.95215E-03   -0.92507E+00    0.40042E-17   -0.52081E-17
      1      14.635    0.95018E-03   -0.92451E+00    0.90922E-19    0.54592E-18
      1      14.628    0.94581E-03   -0.92398E+00    0.86757E-18    0.17405E-17
      1      14.622    0.93990E-03   -0.92347E+00    0.28634E-17   -0.69704E-17
      1      14.615    0.93303E-03   -0.92299E+00    0.63649E-17    0.46927E-17
      1      14.608    0.92564E-03   -0.92253E+00   -0.93720E-18    0.48399E-18
      1      14.602    0.91801E-03   -0.92209E+00    0.84979E-18    0.67496E-18
      1      14.595    0.91028E-03   -0.92168E+00    0.20828E-17    0.25336E-17
      1      14.588    0.90255E-03   -0.92129E+00   -0.15713E-17   -0.17925E-17
      1      14.582    0.89487E-03   -0.92091E+00   -0.33323E-17   -0.10792E-17
      1      14.575    0.88728E-03   -0.92055E+00    0.76551E-18   -0.73146E-17
      1      14.496    0.80712E-03   -0.91686E+00    0.27113E-17   -0.65446E-17
      1      14.416    0.74538E-03   -0.91374E+00    0.12574E-17   -0.34687E-17
      1      14.337    0.69886E-03   -0.91102E+00   -0.51086E-17    0.10742E-16
      1      14.257    0.66309E-03   -0.90859E+00    0.48718E-18   -0.93156E-17
      1      14.178    0.63457E-03   -0.90632E+00    0.64841E-17   -0.11318E-16
      1      14.098    0.61103E-03   -0.90411E+00   -0.80059E-18   -0.87181E-18
      1      14.019    0.59104E-03   -0.90188E+00    0.36785E-17   -0.11416E-16
      1      13.940    0.57365E-03   -0.89958E+00    0.39375E-17    0.10309E-17
      1      13.860    0.55822E-03   -0.89717E+00   -0.13504E-17   -0.47759E-17
      1      13.781    0.54430E-03   -0.89462E+00    0.43927E-17   -0.28445E-17
      1      13.701    0.53161E-03   -0.89192E+00   -0.41504E-17   -0.11844E-16
      1      13.622    0.52000E-03   -0.88909E+00    0.91606E-18    0.96095E-17
      1      13.542    0.50936E-03   -0.88613E+00    0.23192E-17    0.10913E-18
      1      13.463    0.49960E-03   -0.88305E+00   -0.26395E-18   -0.33692E-17
      1      13.384    0.49061E-03   -0.87987E+00   -0.39694E-17   -0.11786E-16
      1      13.304    0.48232E-03   -0.87659E+00    0.10869E-16    0.17358E-16
      1      13.225    0.47467E-03   -0.87319E+00    0.12498E-16    0.42263E-17
      1      13.145    0.46758E-03   -0.86970E+00   -0.73363E-18   -0.62229E-17
      1      13.066    0.46100E-03   -0.86610E+00    0.91476E-17    0.10773E-16
      1      12.986    0.45487E-03   -0.86239E+00    0.12495E-17    0.49431E-17
      1      12.907    0.44916E-03   -0.85856E+00   -0.47621E-17    0.10318E-16
      1      12.828    0.44382E-03   -0.85462E+00   -0.20236E-18   -0.13769E-16
      1      12.748    0.43886E-03   -0.85057E+00    0.84655E-17    0.10862E-16
      1      12.669    0.43425E-03   -0.84641E+00   -0.76722E-17   -0.40698E-18
      1      12.589    0.42999E-03   -0.84216E+00   -0.26255E-17    0.11237E-16
      1      12.510    0.42608E-03   -0.83781E+00    0.12250E-16    0.72040E-17
      1      12.431    0.42250E-03   -0.83339E+00    0.25456E-17    0.18408E-16
      1      12.351    0.41927E-03   -0.82890E+00    0.18370E-16    0.11496E-16
      1      12.272    0.41636E-03   -0.82437E+00   -0.10404E-16   -0.80774E-18
      1      12.192    0.41378E-03   -0.81982E+00   -0.10286E-17   -0.96388E-17
      1      12.113    0.41152E-03   -0.81524E+00    0.91572E-17   -0.88800E-17
      1      12.033    0.40956E-03   -0.81066E+00   -0.55823E-17   -0.44204E-17
      1      11.954    0.40788E-03   -0.80609E+00    0.12038E-17   -0.15937E-16
      1      11.875    0.40648E-03   -0.80153E+00   -0.30648E-18   -0.33285E-17
      1      11.795    0.40533E-03   -0.79699E+00    0.39897E-17    0.12120E-17
      1      11.716    0.40442E-03   -0.79246E+00   -0.15207E-16    0.16097E-16
      1      11.636    0.40371E-03   -0.78796E+00   -0.50771E-18   -0.30266E-17
      1      11.557    0.40321E-03   -0.78346E+00    0.42335E-17   -0.24304E-16
      1      11.477    0.40289E-03   -0.77899E+00    0.80992E-17    0.24219E-16
      1      11.398    0.40274E-03   -0.77452E+00    0.25629E-17   -0.14610E-16
      1      11.319    0.40275E-03   -0.77008E+00    0.40427E-16   -0.37234E-16
      1      11.239    0.40293E-03   -0.76567E+00    0.57072E-17   -0.96909E-17
      1      11.160    0.40327E-03   -0.76128E+00   -0.37638E-17    0.33510E-16
      1      11.080    0.40378E-03   -0.75694E+00    0.27033E-16   -0.18791E-16
      1      11.001    0.40446E-03   -0.75264E+00    0.13449E-16   -0.95693E-17
      1      10.921    0.40532E-03   -0.74842E+00   -0.84976E-17    0.10408E-16
      1      10.842    0.40638E-03   -0.74427E+00   -0.16320E-16    0.30974E-16
      1      10.763    0.40762E-03   -0.74020E+00    0.15470E-16    0.25306E-16
      1      10.683    0.40907E-03   -0.73622E+00   -0.90099E-17    0.25977E-18
      1      10.604    0.41072E-03   -0.73235E+00   -0.28537E-16    0.17638E-16
      1      10.524    0.41257E-03   -0.72857E+00    0.17243E-16    0.23846E-16
      1      10.445    0.41462E-03   -0.72489E+00   -0.78924E-17    0.11246E-16
      1      10.366    0.41687E-03   -0.72132E+00   -0.27372E-16   -0.78889E-17
      1      10.286    0.41931E-03   -0.71785E+00   -0.25919E-17   -0.17499E-16
      1      10.207    0.42194E-03   -0.71448E+00   -0.28039E-17   -0.20105E-16
      1      10.127    0.42476E-03   -0.71121E+00    0.17707E-16   -0.26101E-17
      1      10.048    0.42775E-03   -0.70803E+00    0.32327E-17    0.18107E-16
      1       9.968    0.43091E-03   -0.70495E+00    0.23750E-16   -0.69859E-17
      1       9.889    0.43423E-03   -0.70195E+00    0.10363E-17    0.11954E-16
      1       9.810    0.43770E-03   -0.69902E+00   -0.10550E-17    0.14627E-16
      1       9.730    0.44133E-03   -0.69615E+00   -0.13338E-16    0.12555E-16
      1       9.651    0.44511E-03   -0.69335E+00   -0.18057E-16   -0.34725E-17
      1       9.571    0.44904E-03   -0.69061E+00    0.34475E-17   -0.70567E-17
      1       9.492    0.45312E-03   -0.68792E+00    0.48456E-17    0.14001E-16
      1       9.412    0.45736E-03   -0.68528E+00   -0.56245E-17    0.29354E-16
      1       9.333    0.46177E-03   -0.68270E+00   -0.85999E-17    0.26257E-16
      1       9.254    0.46637E-03   -0.68018E+00    0.11712E-17    0.26295E-16
      1       9.174    0.47116E-03   -0.67773E+00   -0.17908E-16    0.11758E-16
      1       9.095    0.47616E-03   -0.67535E+00   -0.26223E-17    0.22381E-16
      1       9.015    0.48139E-03   -0.67306E+00   -0.26826E-16    0.95900E-18
      1       8.936    0.48687E-03   -0.67087E+00   -0.36670E-16    0.12218E-16
      1       8.856    0.49262E-03   -0.66878E+00    0.19547E-16    0.29504E-17
      1       8.777    0.49865E-03   -0.66681E+00    0.16995E-16    0.29294E-16
      1       8.698    0.50497E-03   -0.66496E+00   -0.17152E-16   -0.10334E-16
      1       8.618    0.51160E-03   -0.66324E+00    0.26305E-17    0.35046E-16
      1       8.539    0.51854E-03   -0.66164E+00   -0.28838E-18   -0.14634E-16
      1       8.459    0.52578E-03   -0.66017E+00    0.68906E-17    0.13729E-16
      1       8.380    0.53334E-03   -0.65883E+00    0.33623E-16    0.15682E-16
      1       8.301    0.54122E-03   -0.65761E+00    0.40689E-16    0.11002E-16
      1       8.221    0.54942E-03   -0.65652E+00   -0.48498E-16    0.15263E-16
      1       8.142    0.55795E-03   -0.65555E+00    0.25913E-18    0.27775E-16
      1       8.062    0.56681E-03   -0.65469E+00   -0.55491E-16   -0.14599E-16
      1       7.983    0.57601E-03   -0.65395E+00    0.20697E-16    0.12619E-17
      1       7.903    0.58554E-03   -0.65332E+00   -0.23694E-16    0.11272E-16
      1       7.824    0.59541E-03   -0.65280E+00    0.16993E-16    0.21097E-16
      1       7.745    0.60563E-03   -0.65238E+00    0.51574E-16    0.36043E-16
      1       7.665    0.61620E-03   -0.65205E+00    0.84440E-18    0.18758E-16
      1       7.586    0.62712E-03   -0.65181E+00    0.22668E-16   -0.20663E-16
      1       7.506    0.63840E-03   -0.65166E+00    0.13025E-17   -0.25377E-17
      1       7.427    0.65005E-03   -0.65159E+00    0.45638E-16    0.46190E-16
      1       7.347    0.66208E-03   -0.65161E+00    0.10345E-16    0.32494E-16
      1       7.268    0.67450E-03   -0.65171E+00   -0.53395E-16    0.95529E-17
      1       7.189    0.68734E-03   -0.65189E+00    0.29129E-17    0.18238E-16
      1       7.109    0.70060E-03   -0.65216E+00    0.18004E-16   -0.13183E-17
      1       7.030    0.71432E-03   -0.65252E+00    0.17480E-16    0.65214E-18
      1       6.950    0.72850E-03   -0.65296E+00   -0.11374E-16    0.13739E-16
      1       6.871    0.74316E-03   -0.65349E+00   -0.23162E-16    0.19444E-16
      1       6.792    0.75835E-03   -0.65411E+00   -0.34222E-17   -0.22474E-16
      1       6.712    0.77407E-03   -0.65484E+00   -0.37742E-16    0.13475E-16
      1       6.633    0.79035E-03   -0.65565E+00   -0.30364E-16    0.29105E-16
      1       6.553    0.80721E-03   -0.65657E+00   -0.38227E-16    0.96398E-17
      1       6.474    0.82465E-03   -0.65757E+00   -0.11933E-16    0.18130E-16
      1       6.394    0.84270E-03   -0.65867E+00   -0.21485E-16    0.26493E-16
      1       6.315    0.86136E-03   -0.65986E+00   -0.26708E-16    0.30671E-16
      1       6.236    0.88066E-03   -0.66114E+00    0.81110E-17    0.22533E-16
      1       6.156    0.90061E-03   -0.66252E+00    0.39072E-16    0.11638E-16
      1       6.077    0.92123E-03   -0.66398E+00    0.74808E-16    0.52546E-17
      1       5.997    0.94254E-03   -0.66553E+00    0.42419E-16   -0.99318E-17
      1       5.918    0.96455E-03   -0.66716E+00    0.25306E-16    0.17618E-17
      1       5.838    0.98728E-03   -0.66889E+00   -0.19644E-16    0.22646E-17
      1       5.759    0.10108E-02   -0.67070E+00   -0.34356E-17    0.15183E-16
      1       5.680    0.10350E-02   -0.67260E+00    0.85497E-17   -0.31629E-17
      1       5.600    0.10601E-02   -0.67458E+00   -0.38956E-16   -0.90734E-17
      1       5.521    0.10859E-02   -0.67665E+00    0.37068E-17    0.69741E-17
      1       5.441    0.11126E-02   -0.67880E+00   -0.68629E-16    0.13849E-16
      1       5.362    0.11402E-02   -0.68105E+00   -0.48283E-16   -0.77238E-17
      1       5.282    0.11687E-02   -0.68337E+00   -0.12305E-15    0.18551E-16
      1       5.203    0.11981E-02   -0.68577E+00    0.31175E-16    0.25853E-17
      1       5.124    0.12284E-02   -0.68826E+00   -0.48884E-16    0.12999E-16
      1       5.044    0.12597E-02   -0.69082E+00   -0.11869E-15   -0.43224E-18
      1       4.965    0.12920E-02   -0.69345E+00   -0.52166E-16   -0.11419E-16
      1       4.885    0.13253E-02   -0.69617E+00   -0.29376E-16    0.35114E-17
      1       4.806    0.13597E-02   -0.69896E+00   -0.79665E-16    0.10011E-16
      1       4.727    0.13951E-02   -0.70182E+00   -0.75402E-16    0.96263E-17
      1       4.647    0.14316E-02   -0.70475E+00    0.13892E-15   -0.31305E-17
      1       4.568    0.14691E-02   -0.70772E+00    0.40581E-16    0.10879E-16
      1       4.488    0.15075E-02   -0.71072E+00    0.64261E-16    0.18925E-16
      1       4.409    0.15465E-02   -0.71371E+00    0.25324E-18    0.96193E-18
      1       4.329    0.15858E-02   -0.71664E+00    0.16860E-15   -0.27386E-17
      1       4.250    0.16250E-02   -0.71945E+00    0.94105E-16    0.13068E-16
      1       4.171    0.16634E-02   -0.72204E+00    0.13598E-15    0.20983E-16
      1       4.091    0.17001E-02   -0.72434E+00   -0.97940E-16   -0.10556E-16
      1       4.012    0.17341E-02   -0.72621E+00   -0.69830E-16   -0.41494E-17
      1       3.932    0.17642E-02   -0.72755E+00   -0.69085E-16    0.10389E-16
      1       3.853    0.17892E-02   -0.72822E+00   -0.76820E-16    0.30985E-17
      1       3.773    0.18078E-02   -0.72808E+00   -0.92674E-17   -0.18511E-16
      1       3.694    0.18189E-02   -0.72703E+00   -0.20733E-15   -0.19292E-16
      1       3.615    0.18216E-02   -0.72495E+00   -0.19407E-16   -0.67026E-17
      1       3.535    0.18154E-02   -0.72177E+00    0.93042E-16   -0.25627E-17
      1       3.456    0.18007E-02   -0.71748E+00   -0.15252E-15   -0.12012E-16
      1       3.376    0.17781E-02   -0.71209E+00    0.18522E-15   -0.14071E-16
      1       3.297    0.17485E-02   -0.70565E+00   -0.15779E-15    0.84664E-18
      1       3.217    0.17133E-02   -0.69825E+00    0.17422E-15   -0.14865E-16
      1       3.138    0.16737E-02   -0.68997E+00   -0.10735E-15    0.25582E-17
      1       3.059    0.16308E-02   -0.68090E+00    0.30689E-16   -0.31840E-16
      1       2.979    0.15859E-02   -0.67113E+00    0.18604E-16    0.27464E-16
      1       2.900    0.15397E-02   -0.66074E+00   -0.10355E-15    0.92437E-17
      1       2.820    0.14929E-02   -0.64980E+00   -0.39799E-16   -0.57381E-17
      1       2.741    0.14462E-02   -0.63836E+00    0.80411E-18   -0.65679E-17
      1       2.662    0.13998E-02   -0.62646E+00    0.10905E-15   -0.22415E-17
      1       2.582    0.13539E-02   -0.61410E+00    0.42547E-16   -0.17314E-16
      1       2.503    0.13088E-02   -0.60130E+00   -0.15824E-15   -0.28272E-16
      1       2.423    0.12645E-02   -0.58807E+00    0.30369E-16   -0.34007E-17
      1       2.344    0.12212E-02   -0.57443E+00    0.36855E-16   -0.27017E-16
      1       2.264    0.11790E-02   -0.56039E+00    0.26411E-16   -0.57369E-17
      1       2.185    0.11379E-02   -0.54598E+00   -0.39304E-16   -0.18444E-16
      1       2.106    0.10980E-02   -0.53120E+00    0.69433E-16   -0.13854E-16
      1       2.026    0.10594E-02   -0.51609E+00    0.25408E-16   -0.19094E-16
      1       1.947    0.10220E-02   -0.50067E+00   -0.25239E-16   -0.12115E-16
      1       1.867    0.98591E-03   -0.48495E+00    0.95458E-16    0.17314E-17
      1       1.788    0.95100E-03   -0.46896E+00    0.46807E-16   -0.24151E-17
      1       1.708    0.91729E-03   -0.45275E+00    0.15014E-16    0.79735E-17
      1       1.629    0.88476E-03   -0.43635E+00    0.49602E-16   -0.15401E-16
      1       1.550    0.85333E-03   -0.41978E+00   -0.16462E-16   -0.33261E-16
      1       1.470    0.82281E-03   -0.40300E+00    0.33855E-16   -0.12069E-16
      1       1.391    0.79300E-03   -0.38592E+00   -0.12212E-16   -0.13216E-16
      1       1.311    0.76367E-03   -0.36845E+00    0.56144E-16   -0.72138E-17
      1       1.232    0.73460E-03   -0.35046E+00    0.46333E-16    0.34576E-16
      1       1.152    0.70558E-03   -0.33183E+00    0.71629E-16   -0.10086E-16
      1       1.073    0.67641E-03   -0.31242E+00    0.57474E-16    0.21965E-16
      1       0.994    0.64693E-03   -0.29211E+00   -0.47501E-17   -0.15246E-17
      1       0.914    0.61700E-03   -0.27085E+00    0.33919E-16   -0.35065E-16
      1       0.835    0.58656E-03   -0.24867E+00    0.41808E-16   -0.24881E-16
      1       0.755    0.55575E-03   -0.22599E+00    0.39323E-16   -0.53229E-17
      1       0.676    0.52458E-03   -0.20326E+00    0.87909E-16   -0.23380E-16
      1       0.597    0.49277E-03   -0.18077E+00    0.66798E-16    0.25449E-17
      1       0.517    0.45986E-03   -0.15876E+00    0.66621E-16   -0.17450E-16
      1       0.438    0.42523E-03   -0.13762E+00    0.68825E-16   -0.10698E-17
      1       0.358    0.38817E-03   -0.11834E+00    0.67069E-16   -0.49987E-17
      1       0.279    0.34688E-03   -0.10113E+00    0.76448E-16   -0.16430E-16
      1       0.199    0.29648E-03   -0.80429E-01    0.65558E-16   -0.19244E-16
      1       0.120    0.23034E-03   -0.49592E-01    0.59065E-16   -0.16039E-16
