   3N SYSTEM INCLUSIVE  PHOTODESINTEGRATION
        DETECTED PARTICLE: 1- PROTON
        NOT DETECTED PARTICLES:2- PROTON  3-NEUTRON

      OMEGA 0.10000E+03
     MTTWE1,MTTWE2,MTTWE3=    1    1   -1
     TH1LAB,PHI1LAB=   130.000     0.000
   Unit of cross sections ... fm**2/(MeV*sr**2)
      I       E1      CROSS           AX           AY           AZ
      1      52.577    0.28066E-07    0.18468E-01    0.45608E-17    0.12019E-17
      1      52.563    0.80530E-05    0.22443E-01   -0.72022E-17    0.86987E-18
      1      52.557    0.90474E-05    0.22081E-01    0.50780E-18   -0.13482E-16
      1      52.550    0.96724E-05    0.21456E-01    0.18527E-16   -0.12607E-16
      1      52.543    0.10086E-04    0.20690E-01   -0.16746E-16   -0.11394E-16
      1      52.537    0.10366E-04    0.19846E-01   -0.59211E-17   -0.26369E-17
      1      52.530    0.10559E-04    0.18960E-01   -0.10811E-16   -0.69993E-17
      1      52.523    0.10692E-04    0.18048E-01   -0.15952E-18   -0.43877E-17
      1      52.517    0.10782E-04    0.17115E-01   -0.36901E-17    0.46941E-17
      1      52.510    0.10843E-04    0.16165E-01   -0.48842E-17    0.94012E-17
      1      52.503    0.10882E-04    0.15201E-01   -0.10106E-16    0.39791E-17
      1      52.497    0.10905E-04    0.14227E-01   -0.60162E-17    0.17926E-17
      1      52.490    0.10916E-04    0.13243E-01   -0.31996E-17   -0.18637E-17
      1      52.483    0.10918E-04    0.12253E-01    0.63367E-17   -0.32573E-16
      1      52.477    0.10914E-04    0.11256E-01    0.16500E-16    0.24273E-17
      1      52.470    0.10906E-04    0.10256E-01    0.11306E-17   -0.51738E-18
      1      52.463    0.10894E-04    0.92519E-02    0.13231E-16    0.55473E-17
      1      52.457    0.10880E-04    0.82457E-02    0.23860E-17   -0.15310E-17
      1      52.169    0.10396E-04   -0.26567E-01   -0.11227E-16   -0.23079E-17
      1      51.881    0.10212E-04   -0.42814E-01   -0.71842E-17   -0.88418E-17
      1      51.594    0.10154E-04   -0.52796E-01   -0.15024E-16    0.37374E-17
      1      51.306    0.10136E-04   -0.59639E-01   -0.15880E-16    0.10832E-16
      1      51.019    0.10128E-04   -0.64400E-01   -0.19074E-16   -0.35696E-17
      1      50.731    0.10124E-04   -0.67614E-01   -0.12590E-16   -0.16271E-16
      1      50.444    0.10129E-04   -0.69629E-01   -0.20212E-16   -0.19814E-16
      1      50.156    0.10151E-04   -0.70741E-01   -0.24095E-16   -0.40362E-17
      1      49.868    0.10198E-04   -0.71226E-01   -0.24837E-16   -0.13640E-16
      1      49.581    0.10278E-04   -0.71335E-01   -0.16239E-16   -0.20234E-16
      1      49.293    0.10390E-04   -0.71246E-01   -0.26877E-16    0.80886E-17
      1      49.006    0.10532E-04   -0.71102E-01   -0.12516E-16   -0.23042E-16
      1      48.718    0.10700E-04   -0.71040E-01   -0.26764E-16   -0.91203E-17
      1      48.431    0.10894E-04   -0.71187E-01   -0.12839E-16    0.15748E-18
      1      48.143    0.11111E-04   -0.71616E-01   -0.27139E-16    0.88804E-17
      1      47.856    0.11350E-04   -0.72311E-01   -0.17810E-16   -0.19359E-16
      1      47.568    0.11608E-04   -0.73183E-01   -0.28674E-17   -0.55069E-17
      1      47.280    0.11882E-04   -0.74097E-01   -0.14423E-16   -0.67054E-18
      1      46.993    0.12170E-04   -0.74904E-01   -0.24296E-16    0.38208E-18
      1      46.705    0.12468E-04   -0.75466E-01   -0.91949E-17    0.68122E-17
      1      46.418    0.12774E-04   -0.75674E-01   -0.17600E-16    0.57159E-17
      1      46.130    0.13086E-04   -0.75454E-01   -0.80448E-17    0.14394E-16
      1      45.843    0.13404E-04   -0.74766E-01   -0.15144E-16   -0.39712E-17
      1      45.555    0.13728E-04   -0.73609E-01   -0.20267E-16    0.40828E-17
      1      45.267    0.14058E-04   -0.72036E-01   -0.63487E-17    0.71385E-17
      1      44.980    0.14397E-04   -0.70145E-01   -0.71289E-17    0.13423E-16
      1      44.692    0.14746E-04   -0.68029E-01   -0.21872E-16    0.12877E-16
      1      44.405    0.15108E-04   -0.65768E-01   -0.22197E-16    0.19758E-16
      1      44.117    0.15482E-04   -0.63434E-01   -0.40719E-17    0.83075E-17
      1      43.830    0.15870E-04   -0.61099E-01   -0.13550E-16    0.23495E-16
      1      43.542    0.16271E-04   -0.58833E-01   -0.14568E-16    0.13339E-16
      1      43.255    0.16686E-04   -0.56706E-01   -0.89645E-17    0.12297E-16
      1      42.967    0.17113E-04   -0.54784E-01   -0.14947E-16    0.99164E-17
      1      42.679    0.17552E-04   -0.53127E-01   -0.20530E-16    0.11841E-16
      1      42.392    0.18001E-04   -0.51776E-01   -0.14592E-16    0.17449E-16
      1      42.104    0.18457E-04   -0.50747E-01   -0.12393E-16    0.18217E-16
      1      41.817    0.18919E-04   -0.50030E-01   -0.18197E-16   -0.87936E-18
      1      41.529    0.19384E-04   -0.49587E-01   -0.16965E-16    0.12956E-16
      1      41.242    0.19848E-04   -0.49362E-01   -0.13251E-16    0.24738E-16
      1      40.954    0.20307E-04   -0.49292E-01   -0.83429E-17    0.92456E-17
      1      40.666    0.20759E-04   -0.49315E-01   -0.13048E-16   -0.20545E-17
      1      40.379    0.21200E-04   -0.49376E-01   -0.24680E-16    0.10895E-16
      1      40.091    0.21627E-04   -0.49433E-01   -0.26231E-16    0.16020E-16
      1      39.804    0.22039E-04   -0.49457E-01   -0.15824E-16    0.22575E-16
      1      39.516    0.22432E-04   -0.49437E-01    0.34377E-16    0.60485E-17
      1      39.229    0.22805E-04   -0.49376E-01    0.47596E-17    0.14792E-16
      1      38.941    0.23158E-04   -0.49290E-01   -0.39086E-16    0.17556E-16
      1      38.653    0.23490E-04   -0.49210E-01   -0.36076E-16    0.18607E-16
      1      38.366    0.23801E-04   -0.49173E-01    0.30383E-16    0.38722E-17
      1      38.078    0.24090E-04   -0.49229E-01   -0.22730E-16    0.17452E-16
      1      37.791    0.24359E-04   -0.49412E-01   -0.55089E-16    0.30504E-16
      1      37.503    0.24606E-04   -0.49743E-01   -0.54924E-16    0.15162E-16
      1      37.216    0.24832E-04   -0.50236E-01   -0.19518E-16    0.12083E-16
      1      36.928    0.25035E-04   -0.50895E-01   -0.26550E-17    0.56701E-17
      1      36.641    0.25215E-04   -0.51745E-01   -0.38139E-16    0.29842E-16
      1      36.353    0.25372E-04   -0.52811E-01   -0.39094E-16    0.19176E-16
      1      36.065    0.25506E-04   -0.54109E-01   -0.28112E-16    0.16141E-16
      1      35.778    0.25617E-04   -0.55644E-01    0.34287E-16    0.23266E-16
      1      35.490    0.25703E-04   -0.57410E-01    0.71031E-16    0.15266E-16
      1      35.203    0.25765E-04   -0.59388E-01   -0.12225E-16    0.13392E-16
      1      34.915    0.25800E-04   -0.61542E-01    0.70259E-16    0.11799E-16
      1      34.628    0.25808E-04   -0.63824E-01    0.10653E-16    0.14301E-16
      1      34.340    0.25789E-04   -0.66179E-01   -0.44933E-16    0.17690E-16
      1      34.052    0.25741E-04   -0.68553E-01   -0.38179E-16    0.27927E-16
      1      33.765    0.25664E-04   -0.70892E-01   -0.22647E-16    0.26502E-16
      1      33.477    0.25560E-04   -0.73153E-01   -0.15021E-16    0.27469E-16
      1      33.190    0.25429E-04   -0.75299E-01   -0.22403E-16    0.17811E-16
      1      32.902    0.25272E-04   -0.77307E-01   -0.75198E-17    0.66908E-17
      1      32.615    0.25093E-04   -0.79164E-01   -0.26377E-16    0.69494E-17
      1      32.327    0.24894E-04   -0.80876E-01   -0.22024E-16    0.30343E-16
      1      32.040    0.24678E-04   -0.82460E-01   -0.10250E-16    0.20701E-16
      1      31.752    0.24449E-04   -0.83948E-01   -0.23357E-16    0.17873E-16
      1      31.464    0.24211E-04   -0.85397E-01    0.75650E-18    0.10899E-16
      1      31.177    0.23968E-04   -0.86881E-01   -0.34726E-16    0.24201E-16
      1      30.889    0.23725E-04   -0.88491E-01    0.37086E-18    0.18845E-16
      1      30.602    0.23484E-04   -0.90325E-01   -0.11392E-16    0.24529E-16
      1      30.314    0.23250E-04   -0.92472E-01   -0.29800E-16    0.16842E-16
      1      30.027    0.23025E-04   -0.95012E-01   -0.14907E-16    0.36796E-16
      1      29.739    0.22811E-04   -0.98015E-01   -0.52694E-17    0.24752E-16
      1      29.451    0.22610E-04   -0.10151E+00   -0.23960E-16    0.20952E-16
      1      29.164    0.22421E-04   -0.10551E+00   -0.22630E-17    0.16650E-16
      1      28.876    0.22243E-04   -0.10998E+00   -0.16166E-16    0.29871E-16
      1      28.589    0.22077E-04   -0.11490E+00   -0.72824E-17    0.13089E-16
      1      28.301    0.21920E-04   -0.12023E+00   -0.12496E-16    0.11752E-16
      1      28.014    0.21774E-04   -0.12592E+00   -0.27835E-16    0.20507E-16
      1      27.726    0.21637E-04   -0.13195E+00   -0.18730E-16    0.20468E-16
      1      27.439    0.21508E-04   -0.13827E+00    0.20283E-17    0.11145E-16
      1      27.151    0.21388E-04   -0.14483E+00   -0.16426E-16    0.25045E-16
      1      26.863    0.21275E-04   -0.15159E+00   -0.28359E-16    0.32695E-16
      1      26.576    0.21169E-04   -0.15848E+00   -0.25340E-17    0.23534E-16
      1      26.288    0.21069E-04   -0.16547E+00   -0.32065E-16    0.27046E-16
      1      26.001    0.20976E-04   -0.17250E+00   -0.19255E-17    0.21186E-16
      1      25.713    0.20888E-04   -0.17951E+00   -0.11755E-16    0.30729E-16
      1      25.426    0.20807E-04   -0.18647E+00   -0.16371E-16    0.13121E-16
      1      25.138    0.20731E-04   -0.19333E+00   -0.13765E-16    0.20783E-16
      1      24.850    0.20663E-04   -0.20006E+00   -0.67685E-17    0.19502E-16
      1      24.563    0.20601E-04   -0.20665E+00   -0.22152E-16    0.24995E-16
      1      24.275    0.20548E-04   -0.21307E+00   -0.27449E-17    0.20807E-16
      1      23.988    0.20504E-04   -0.21932E+00   -0.25596E-18    0.18023E-16
      1      23.700    0.20471E-04   -0.22540E+00    0.45632E-17    0.62101E-17
      1      23.413    0.20449E-04   -0.23129E+00   -0.11986E-16    0.27945E-16
      1      23.125    0.20439E-04   -0.23701E+00    0.16523E-16    0.11669E-16
      1      22.838    0.20442E-04   -0.24256E+00   -0.17753E-16    0.19505E-17
      1      22.550    0.20460E-04   -0.24795E+00   -0.30546E-16    0.14230E-16
      1      22.262    0.20494E-04   -0.25319E+00    0.73433E-17    0.23361E-16
      1      21.975    0.20544E-04   -0.25830E+00   -0.35835E-17    0.10465E-16
      1      21.687    0.20610E-04   -0.26328E+00    0.10109E-16   -0.10518E-16
      1      21.400    0.20695E-04   -0.26816E+00    0.16605E-16    0.62794E-17
      1      21.112    0.20798E-04   -0.27295E+00   -0.90817E-17    0.14790E-16
      1      20.825    0.20920E-04   -0.27766E+00   -0.12972E-16    0.24085E-16
      1      20.537    0.21062E-04   -0.28232E+00   -0.28837E-16    0.17449E-16
      1      20.249    0.21224E-04   -0.28694E+00   -0.33351E-17    0.18106E-16
      1      19.962    0.21406E-04   -0.29151E+00   -0.12428E-17    0.15785E-16
      1      19.674    0.21608E-04   -0.29605E+00    0.66235E-17    0.15685E-16
      1      19.387    0.21831E-04   -0.30056E+00   -0.69171E-17   -0.28656E-19
      1      19.099    0.22073E-04   -0.30503E+00   -0.31480E-16    0.98490E-18
      1      18.812    0.22336E-04   -0.30948E+00    0.24995E-16    0.40624E-18
      1      18.524    0.22620E-04   -0.31389E+00    0.11376E-16   -0.18153E-17
      1      18.236    0.22925E-04   -0.31829E+00    0.82485E-17    0.54945E-17
      1      17.949    0.23251E-04   -0.32267E+00   -0.32001E-16    0.88411E-17
      1      17.661    0.23600E-04   -0.32704E+00   -0.93799E-17    0.25483E-17
      1      17.374    0.23971E-04   -0.33141E+00   -0.34331E-16    0.69378E-17
      1      17.086    0.24365E-04   -0.33578E+00    0.15259E-16    0.74124E-18
      1      16.799    0.24785E-04   -0.34017E+00   -0.45080E-17    0.66689E-17
      1      16.511    0.25230E-04   -0.34458E+00    0.43702E-17   -0.30422E-17
      1      16.224    0.25703E-04   -0.34903E+00    0.49729E-16    0.31386E-17
      1      15.936    0.26206E-04   -0.35355E+00   -0.32143E-16    0.79285E-17
      1      15.648    0.26741E-04   -0.35814E+00    0.14284E-16    0.50752E-17
      1      15.361    0.27310E-04   -0.36284E+00    0.10067E-16    0.21749E-17
      1      15.073    0.27917E-04   -0.36766E+00    0.46365E-16    0.11966E-16
      1      14.786    0.28566E-04   -0.37261E+00   -0.24122E-16   -0.23386E-17
      1      14.498    0.29258E-04   -0.37772E+00   -0.15426E-16    0.14862E-17
      1      14.211    0.29998E-04   -0.38299E+00   -0.43036E-17    0.95055E-17
      1      13.923    0.30791E-04   -0.38844E+00   -0.64287E-16   -0.43271E-17
      1      13.635    0.31639E-04   -0.39405E+00   -0.57355E-17   -0.16270E-16
      1      13.348    0.32545E-04   -0.39982E+00    0.98536E-16    0.59763E-17
      1      13.060    0.33509E-04   -0.40570E+00   -0.79533E-16    0.12275E-16
      1      12.773    0.34524E-04   -0.41160E+00   -0.12402E-15    0.47884E-17
      1      12.485    0.35570E-04   -0.41734E+00    0.15622E-15   -0.17530E-17
      1      12.198    0.36613E-04   -0.42262E+00    0.40169E-16    0.70157E-17
      1      11.910    0.37591E-04   -0.42701E+00   -0.11799E-15    0.42106E-17
      1      11.623    0.38414E-04   -0.42986E+00   -0.13485E-17    0.60775E-17
      1      11.335    0.38983E-04   -0.43048E+00    0.98095E-16    0.71930E-17
      1      11.047    0.39218E-04   -0.42828E+00   -0.18383E-16    0.87065E-17
      1      10.760    0.39108E-04   -0.42314E+00    0.24702E-16    0.41651E-17
      1      10.472    0.38725E-04   -0.41550E+00    0.23584E-15   -0.60987E-17
      1      10.185    0.38180E-04   -0.40607E+00    0.59773E-16   -0.54684E-17
      1       9.897    0.37578E-04   -0.39549E+00    0.97178E-16   -0.42600E-18
      1       9.610    0.36995E-04   -0.38423E+00   -0.13502E-16   -0.57440E-17
      1       9.322    0.36479E-04   -0.37260E+00    0.46065E-16    0.92156E-17
      1       9.034    0.36058E-04   -0.36074E+00   -0.18309E-16   -0.19209E-16
      1       8.747    0.35744E-04   -0.34872E+00    0.73878E-16    0.61033E-18
      1       8.459    0.35546E-04   -0.33657E+00   -0.36647E-16    0.16817E-17
      1       8.172    0.35465E-04   -0.32427E+00    0.23365E-16   -0.21726E-16
      1       7.884    0.35505E-04   -0.31182E+00    0.36628E-16   -0.75559E-18
      1       7.597    0.35670E-04   -0.29920E+00    0.16358E-16   -0.15077E-17
      1       7.309    0.35960E-04   -0.28642E+00    0.94817E-16    0.31932E-17
      1       7.022    0.36383E-04   -0.27350E+00    0.15992E-16   -0.90899E-17
      1       6.734    0.36943E-04   -0.26049E+00    0.60991E-16    0.32734E-17
      1       6.446    0.37647E-04   -0.24743E+00    0.40211E-16    0.23325E-17
      1       6.159    0.38500E-04   -0.23439E+00    0.74245E-17   -0.29859E-17
      1       5.871    0.39510E-04   -0.22146E+00    0.41197E-16    0.21268E-17
      1       5.584    0.40683E-04   -0.20872E+00    0.21907E-16    0.11856E-16
      1       5.296    0.42027E-04   -0.19629E+00    0.65991E-16    0.92546E-17
      1       5.009    0.43550E-04   -0.18430E+00    0.48402E-16   -0.16641E-16
      1       4.721    0.45259E-04   -0.17290E+00    0.86721E-17   -0.56549E-17
      1       4.433    0.47159E-04   -0.16227E+00    0.37975E-16    0.20875E-17
      1       4.146    0.49257E-04   -0.15256E+00    0.49443E-16   -0.91482E-17
      1       3.858    0.51534E-04   -0.14371E+00    0.48256E-16   -0.38598E-17
      1       3.571    0.53953E-04   -0.13546E+00    0.55810E-16    0.20895E-17
      1       3.283    0.56456E-04   -0.12747E+00    0.47929E-16    0.62501E-18
      1       2.996    0.58968E-04   -0.11935E+00    0.25993E-16   -0.56172E-17
      1       2.708    0.61388E-04   -0.11075E+00    0.24879E-16    0.56434E-17
      1       2.421    0.63594E-04   -0.10136E+00    0.50744E-16   -0.61475E-17
      1       2.133    0.65437E-04   -0.90998E-01    0.54422E-16    0.59602E-17
      1       1.845    0.66731E-04   -0.79616E-01    0.47098E-16   -0.14598E-17
      1       1.558    0.67304E-04   -0.67851E-01    0.47688E-16   -0.34378E-18
      1       1.270    0.66944E-04   -0.56835E-01    0.46773E-16   -0.70729E-17
      1       0.983    0.65211E-04   -0.47301E-01    0.68565E-16    0.27440E-18
      1       0.695    0.61208E-04   -0.39549E-01    0.24493E-16    0.19029E-17
      1       0.408    0.52873E-04   -0.32891E-01    0.46434E-16   -0.39125E-17
      1       0.120    0.32457E-04   -0.15978E-01    0.32226E-16   -0.68754E-17
