 I,QD,S,D,D2
   1  0.10000E-02 -0.12772E+02  0.60844E-05  0.60844E+01
   2  0.10000E-01 -0.12748E+02  0.60728E-03  0.60728E+01
   3  0.48000E-01 -0.12230E+02  0.13418E-01  0.58237E+01
   4  0.86000E-01 -0.11177E+02  0.39326E-01  0.53172E+01
   5  0.12400E+00 -0.98392E+01  0.71869E-01  0.46741E+01
   6  0.16200E+00 -0.84478E+01  0.10512E+00  0.40055E+01
   7  0.20000E+00 -0.71504E+01  0.13530E+00  0.33825E+01
   8  0.30000E+00 -0.45318E+01  0.19143E+00  0.21270E+01
   9  0.40000E+00 -0.29309E+01  0.21804E+00  0.13627E+01
  10  0.50000E+00 -0.19633E+01  0.22602E+00  0.90410E+00
  11  0.60000E+00 -0.13586E+01  0.22331E+00  0.62032E+00
  12  0.70000E+00 -0.96515E+00  0.21462E+00  0.43800E+00
  13  0.80000E+00 -0.69958E+00  0.20271E+00  0.31673E+00
  14  0.90000E+00 -0.51474E+00  0.18925E+00  0.23364E+00
  15  0.10000E+01 -0.38279E+00  0.17525E+00  0.17525E+00
  16  0.12000E+01 -0.21547E+00  0.14789E+00  0.10270E+00
  17  0.14000E+01 -0.12158E+00  0.12310E+00  0.62805E-01
  18  0.16000E+01 -0.66925E-01  0.10158E+00  0.39678E-01
  19  0.18000E+01 -0.34507E-01  0.83288E-01  0.25706E-01
  20  0.20000E+01 -0.15218E-01  0.67934E-01  0.16983E-01
  21  0.22000E+01 -0.38888E-02  0.55137E-01  0.11392E-01
  22  0.24000E+01  0.25388E-02  0.44526E-01  0.77302E-02
  23  0.26000E+01  0.59345E-02  0.35765E-01  0.52907E-02
  24  0.28000E+01  0.74660E-02  0.28560E-01  0.36428E-02
  25  0.30000E+01  0.78724E-02  0.22659E-01  0.25176E-02
  26  0.32000E+01  0.76248E-02  0.17848E-01  0.17430E-02
  27  0.34000E+01  0.70223E-02  0.13946E-01  0.12064E-02
  28  0.36000E+01  0.62535E-02  0.10800E-01  0.83334E-03
  29  0.38000E+01  0.54343E-02  0.82797E-02  0.57339E-03
  30  0.40000E+01  0.46338E-02  0.62753E-02  0.39220E-03
  31  0.42000E+01  0.38903E-02  0.46942E-02  0.26611E-03
  32  0.44000E+01  0.32228E-02  0.34584E-02  0.17864E-03
  33  0.46000E+01  0.26378E-02  0.25024E-02  0.11826E-03
  34  0.48000E+01  0.21345E-02  0.17714E-02  0.76886E-04
  35  0.50000E+01  0.17079E-02  0.12198E-02  0.48793E-04
  36  0.52000E+01  0.13508E-02  0.80990E-03  0.29952E-04
  37  0.54000E+01  0.10552E-02  0.51072E-03  0.17514E-04
  38  0.56000E+01  0.81309E-03  0.29709E-03  0.94736E-05
  39  0.58000E+01  0.61667E-03  0.14867E-03  0.44194E-05
  40  0.60000E+01  0.45894E-03  0.49197E-04  0.13666E-05
  41  0.62000E+01  0.33362E-03 -0.14169E-04 -0.36860E-06
  42  0.64000E+01  0.23519E-03 -0.51464E-04 -0.12564E-05
  43  0.66000E+01  0.15889E-03 -0.70420E-04 -0.16166E-05
  44  0.68000E+01  0.10062E-03 -0.76907E-04 -0.16632E-05
  45  0.70000E+01  0.56925E-04 -0.75303E-04 -0.15368E-05
  46  0.72000E+01  0.24884E-04 -0.68809E-04 -0.13273E-05
  47  0.74000E+01  0.20621E-05 -0.59710E-04 -0.10904E-05
  48  0.76000E+01 -0.13560E-04 -0.49585E-04 -0.85846E-06
  49  0.78000E+01 -0.23641E-04 -0.39482E-04 -0.64894E-06
  50  0.80000E+01 -0.29533E-04 -0.30055E-04 -0.46961E-06
  51  0.82000E+01 -0.32325E-04 -0.21673E-04 -0.32233E-06
  52  0.84000E+01 -0.32888E-04 -0.14506E-04 -0.20559E-06
  53  0.86000E+01 -0.31906E-04 -0.85859E-05 -0.11609E-06
  54  0.88000E+01 -0.29912E-04 -0.38568E-05 -0.49804E-07
  55  0.90000E+01 -0.27311E-04 -0.21138E-06 -0.26096E-08
  56  0.92000E+01 -0.24405E-04  0.24854E-05  0.29364E-07
  57  0.94000E+01 -0.21412E-04  0.43777E-05  0.49544E-07
  58  0.96000E+01 -0.18488E-04  0.56076E-05  0.60846E-07
  59  0.98000E+01 -0.15733E-04  0.63074E-05  0.65675E-07
  60  0.10000E+02 -0.13209E-04  0.65956E-05  0.65956E-07
  61  0.10500E+02 -0.80766E-05  0.61500E-05  0.55782E-07
  62  0.11000E+02 -0.45745E-05  0.49141E-05  0.40612E-07
  63  0.11500E+02 -0.23850E-05  0.35557E-05  0.26886E-07
  64  0.12000E+02 -0.11216E-05  0.23862E-05  0.16571E-07
  65  0.12500E+02 -0.45102E-06  0.15029E-05  0.96188E-08
  66  0.13000E+02 -0.12825E-06  0.89250E-06  0.52811E-08
  67  0.13500E+02  0.60251E-08  0.50032E-06  0.27453E-08
  68  0.14000E+02  0.47511E-07  0.26437E-06  0.13488E-08
  69  0.14500E+02  0.49352E-07  0.13100E-06  0.62305E-09
  70  0.15000E+02  0.38011E-07  0.60366E-07  0.26829E-09
  71  0.15500E+02  0.25080E-07  0.25609E-07  0.10659E-09
  72  0.16000E+02  0.14710E-07  0.99630E-08  0.38918E-10
  73  0.16500E+02  0.76631E-08  0.37080E-08  0.13620E-10
  74  0.17000E+02  0.33993E-08  0.16143E-08  0.55860E-11
  75  0.17500E+02  0.10829E-08  0.11032E-08  0.36024E-11
  76  0.18000E+02 -0.21583E-10  0.10403E-08  0.32109E-11
  77  0.18500E+02 -0.44383E-09  0.10094E-08  0.29493E-11
  78  0.19000E+02 -0.52311E-09  0.90983E-09  0.25203E-11
  79  0.19500E+02 -0.45642E-09  0.75511E-09  0.19858E-11
  80  0.20000E+02 -0.34720E-09  0.58333E-09  0.14583E-11
  81  0.21000E+02 -0.15937E-09  0.29307E-09  0.66457E-12
  82  0.22000E+02 -0.59396E-10  0.12257E-09  0.25325E-12
  83  0.23000E+02 -0.18720E-10  0.44139E-10  0.83438E-13
  84  0.24000E+02 -0.50376E-11  0.13994E-10  0.24295E-13
  85  0.25000E+02 -0.11437E-11  0.39843E-11  0.63749E-14
  86  0.26000E+02 -0.21916E-12  0.10613E-11  0.15700E-14
  87  0.27000E+02 -0.43380E-13  0.29169E-12  0.40012E-15
  88  0.28000E+02 -0.16200E-13  0.95203E-13  0.12143E-15
  89  0.29000E+02 -0.98531E-14  0.38300E-13  0.45540E-16
  90  0.30000E+02 -0.56999E-14  0.16892E-13  0.18769E-16
  91  0.31000E+02 -0.28083E-14  0.72765E-14  0.75718E-17
  92  0.32000E+02 -0.11971E-14  0.29127E-14  0.28444E-17
  93  0.33000E+02 -0.45266E-15  0.10718E-14  0.98420E-18
  94  0.34000E+02 -0.15460E-15  0.36385E-15  0.31475E-18
  95  0.35000E+02 -0.48464E-16  0.11518E-15  0.94028E-19
  96  0.36000E+02 -0.14226E-16  0.34604E-16  0.26701E-19
  97  0.37000E+02 -0.40165E-17  0.10120E-16  0.73924E-20
  98  0.38000E+02 -0.11377E-17  0.29883E-17  0.20694E-20
  99  0.39000E+02 -0.34236E-18  0.92818E-18  0.61024E-21
 100  0.40000E+02 -0.11376E-18  0.30966E-18  0.19354E-21
