 #  phi,DGAMMADPHI(IPHI) 
   3.4906585039886591E-002   1.3906043457877646E-009   6.9813170079773182E-002
  0.10471975511965978        1.0267127250136287E-009   6.9813170079773182E-002
  0.17453292519943295        9.0780216265482089E-010   6.9813170079773182E-002
  0.24434609527920614        1.0390004203095511E-009   6.9813170079773182E-002
  0.31415926535897931        1.4065933456725650E-009   6.9813170079773182E-002
  0.38397243543875248        2.0135844264941009E-009   6.9813170079773182E-002
  0.45378560551852570        2.9117720791794194E-009   6.9813170079773182E-002
  0.52359877559829882        4.2728016256717588E-009   6.9813170079773182E-002
  0.59341194567807209        6.2390782121550152E-009   6.9813170079773182E-002
  0.66322511575784526        8.8968584167946431E-009   6.9813170079773182E-002
  0.73303828583761843        1.2211470768475853E-008   6.9813170079773182E-002
  0.80285145591739160        1.6016218679651603E-008   6.9813170079773182E-002
  0.87266462599716477        2.0109668825986014E-008   6.9813170079773182E-002
  0.94247779607693793        2.3811289707772836E-008   6.9813170079773182E-002
   1.0122909661567112        2.6032865207267482E-008   6.9813170079773182E-002
   1.0821041362364843        2.6032699725090123E-008   6.9813170079773182E-002
   1.1519173063162575        2.3810828573412081E-008   6.9813170079773182E-002
   1.2217304763960306        2.0109010762849722E-008   6.9813170079773182E-002
   1.2915436464758039        1.6015487464911508E-008   6.9813170079773182E-002
   1.3613568165555769        1.2210775176435355E-008   6.9813170079773182E-002
   1.4311699866353502        8.8962718601065048E-009   6.9813170079773182E-002
   1.5009831567151235        6.2386238499442006E-009   6.9813170079773182E-002
   1.5707963267948966        4.2724689441114186E-009   6.9813170079773182E-002
   1.6406094968746698        2.9115390128933090E-009   6.9813170079773182E-002
   1.7104226669544429        2.0134294964508314E-009   6.9813170079773182E-002
   1.7802358370342162        1.4065041812252773E-009   6.9813170079773182E-002
   1.8500490071139892        1.0389739701305085E-009   6.9813170079773182E-002
   1.9198621771937625        9.0783390426412057E-010   6.9813170079773182E-002
   1.9896753472735358        1.0267845016165796E-009   6.9813170079773182E-002
   2.0594885173533091        1.3906842748236504E-009   6.9813170079773182E-002
   2.1293016874330819        1.3906742162597491E-009   6.9813170079773182E-002
   2.1991148575128552        1.0267616904565687E-009   6.9813170079773182E-002
   2.2689280275926285        9.0782829120855243E-010   6.9813170079773182E-002
   2.3387411976724017        1.0390257211493503E-009   6.9813170079773182E-002
   2.4085543677521746        1.4066489021675312E-009   6.9813170079773182E-002
   2.4783675378319479        2.0136830698650991E-009   6.9813170079773182E-002
   2.5481807079117211        2.9118940146179585E-009   6.9813170079773182E-002
   2.6179938779914944        4.2729100814308465E-009   6.9813170079773182E-002
   2.6878070480712677        6.2391453277894392E-009   6.9813170079773182E-002
   2.7576202181510405        8.8968703106091127E-009   6.9813170079773182E-002
   2.8274333882308138        1.2211428089604550E-008   6.9813170079773182E-002
   2.8972465583105871        1.6016161084705241E-008   6.9813170079773182E-002
   2.9670597283903604        2.0109661348570701E-008   6.9813170079773182E-002
   3.0368728984701332        2.3811365140936764E-008   6.9813170079773182E-002
   3.1066860685499065        2.6033051479387924E-008   6.9813170079773182E-002
   3.1764992386296798        2.6033051479387917E-008   6.9813170079773182E-002
   3.2463124087094530        2.3811365140936754E-008   6.9813170079773182E-002
   3.3161255787892263        2.0109661348570705E-008   6.9813170079773182E-002
   3.3859387488689991        1.6016161084705241E-008   6.9813170079773182E-002
   3.4557519189487724        1.2211428089604576E-008   6.9813170079773182E-002
   3.5255650890285457        8.8968703106091210E-009   6.9813170079773182E-002
   3.5953782591083190        6.2391453277894285E-009   6.9813170079773182E-002
   3.6651914291880923        4.2729100814308382E-009   6.9813170079773182E-002
   3.7350045992678651        2.9118940146179643E-009   6.9813170079773182E-002
   3.8048177693476384        2.0136830698650999E-009   6.9813170079773182E-002
   3.8746309394274117        1.4066489021675335E-009   6.9813170079773182E-002
   3.9444441095071849        1.0390257211493472E-009   6.9813170079773182E-002
   4.0142572795869578        9.0782829120856122E-010   6.9813170079773182E-002
   4.0840704496667311        1.0267616904565621E-009   6.9813170079773182E-002
   4.1538836197465043        1.3906742162596660E-009   6.9813170079773182E-002
   4.2236967898262776        1.3906842748236675E-009   6.9813170079773182E-002
   4.2935099599060509        1.0267845016165918E-009   6.9813170079773182E-002
   4.3633231299858242        9.0783390426413039E-010   6.9813170079773182E-002
   4.4331363000655974        1.0389739701305102E-009   6.9813170079773182E-002
   4.5029494701453698        1.4065041812252742E-009   6.9813170079773182E-002
   4.5727626402251431        2.0134294964508244E-009   6.9813170079773182E-002
   4.6425758103049164        2.9115390128933090E-009   6.9813170079773182E-002
   4.7123889803846897        4.2724689441114351E-009   6.9813170079773182E-002
   4.7822021504644630        6.2386238499442072E-009   6.9813170079773182E-002
   4.8520153205442362        8.8962718601064817E-009   6.9813170079773182E-002
   4.9218284906240095        1.2210775176435393E-008   6.9813170079773182E-002
   4.9916416607037828        1.6015487464911475E-008   6.9813170079773182E-002
   5.0614548307835561        2.0109010762849772E-008   6.9813170079773182E-002
   5.1312680008633285        2.3810828573411949E-008   6.9813170079773182E-002
   5.2010811709431017        2.6032699725089964E-008   6.9813170079773182E-002
   5.2708943410228750        2.6032865207267290E-008   6.9813170079773182E-002
   5.3407075111026483        2.3811289707772836E-008   6.9813170079773182E-002
   5.4105206811824216        2.0109668825986018E-008   6.9813170079773182E-002
   5.4803338512621949        1.6016218679651656E-008   6.9813170079773182E-002
   5.5501470213419681        1.2211470768475858E-008   6.9813170079773182E-002
   5.6199601914217414        8.8968584167946481E-009   6.9813170079773182E-002
   5.6897733615015147        6.2390782121549970E-009   6.9813170079773182E-002
   5.7595865315812871        4.2728016256717927E-009   6.9813170079773182E-002
   5.8293997016610604        2.9117720791794243E-009   6.9813170079773182E-002
   5.8992128717408336        2.0135844264941042E-009   6.9813170079773182E-002
   5.9690260418206069        1.4065933456725683E-009   6.9813170079773182E-002
   6.0388392119003802        1.0390004203095523E-009   6.9813170079773182E-002
   6.1086523819801535        9.0780216265482109E-010   6.9813170079773182E-002
   6.1784655520599268        1.0267127250136287E-009   6.9813170079773182E-002
   6.2482787221397000        1.3906043457877644E-009   6.9813170079773182E-002
