 #  r,DGAMMADR(IR) 
   5.0000000000000001E-003   3.9764523366784692E-011   1.0000000000000000E-002
   1.4999999999999999E-002   1.1934376447618182E-010   1.0000000000000000E-002
   2.5000000000000001E-002   1.9907302414697720E-010   1.0000000000000000E-002
   3.5000000000000003E-002   2.7905049921580071E-010   1.0000000000000000E-002
   4.4999999999999998E-002   3.5937189658050008E-010   1.0000000000000000E-002
   5.5000000000000000E-002   4.4012990809733929E-010   1.0000000000000000E-002
   6.5000000000000002E-002   5.2141416606044431E-010   1.0000000000000000E-002
   7.4999999999999997E-002   6.0331185864365724E-010   1.0000000000000000E-002
   8.5000000000000006E-002   6.8591024823352637E-010   1.0000000000000000E-002
   9.5000000000000001E-002   7.6930042916962427E-010   1.0000000000000000E-002
  0.10500000000000000        8.5357851520530712E-010   1.0000000000000000E-002
  0.11500000000000000        9.3884640191219095E-010   1.0000000000000000E-002
  0.12500000000000000        1.0252124875200353E-009   1.0000000000000000E-002
  0.13500000000000001        1.1127924956084235E-009   1.0000000000000000E-002
  0.14499999999999999        1.2017106125351194E-009   1.0000000000000000E-002
  0.15500000000000000        1.2921011464490965E-009   1.0000000000000000E-002
  0.16500000000000001        1.3841109610755526E-009   1.0000000000000000E-002
  0.17500000000000002        1.4779030057129704E-009   1.0000000000000000E-002
  0.18500000000000000        1.5736620439076232E-009   1.0000000000000000E-002
  0.19500000000000001        1.6716134499478591E-009   1.0000000000000000E-002
  0.20500000000000002        1.7720340969101795E-009   1.0000000000000000E-002
  0.21500000000000000        1.8752474435645809E-009   1.0000000000000000E-002
  0.22500000000000001        1.9816216569722112E-009   1.0000000000000000E-002
  0.23500000000000001        2.0915676613541567E-009   1.0000000000000000E-002
  0.24500000000000000        2.2055372302771589E-009   1.0000000000000000E-002
  0.25500000000000000        2.3240201785503143E-009   1.0000000000000000E-002
  0.26500000000000001        2.4475415887285352E-009   1.0000000000000000E-002
  0.27500000000000002        2.5766583663359675E-009   1.0000000000000000E-002
  0.28500000000000003        2.7119556000592605E-009   1.0000000000000000E-002
  0.29499999999999998        2.8540461024007425E-009   1.0000000000000000E-002
  0.30499999999999999        3.0036225521734419E-009   1.0000000000000000E-002
  0.31500000000000000        3.1614987328958619E-009   1.0000000000000000E-002
  0.32500000000000001        3.3285873912049426E-009   1.0000000000000000E-002
  0.33500000000000002        3.5058921525658283E-009   1.0000000000000000E-002
  0.34500000000000003        3.6945081975723619E-009   1.0000000000000000E-002
  0.35499999999999998        3.8956197106773782E-009   1.0000000000000000E-002
  0.36499999999999999        4.1105075125829901E-009   1.0000000000000000E-002
  0.37500000000000000        4.3405509139784960E-009   1.0000000000000000E-002
  0.38500000000000001        4.5872349027632692E-009   1.0000000000000000E-002
  0.39500000000000002        4.8521619699407137E-009   1.0000000000000000E-002
  0.40500000000000003        5.1370609051887165E-009   1.0000000000000000E-002
  0.41500000000000004        5.4438011059769119E-009   1.0000000000000000E-002
  0.42499999999999999        5.7744113692598787E-009   1.0000000000000000E-002
  0.43500000000000000        6.1311005747696532E-009   1.0000000000000000E-002
  0.44500000000000001        6.5162803478234722E-009   1.0000000000000000E-002
  0.45500000000000002        6.9325914606603931E-009   1.0000000000000000E-002
  0.46500000000000002        7.3829770278708448E-009   1.0000000000000000E-002
  0.47500000000000003        7.8708780104524550E-009   1.0000000000000000E-002
  0.48499999999999999        8.4002623092698161E-009   1.0000000000000000E-002
  0.49500000000000000        8.9755025210343037E-009   1.0000000000000000E-002
  0.50500000000000000        9.6013542417508378E-009   1.0000000000000000E-002
  0.51500000000000001        1.0283014592091030E-008   1.0000000000000000E-002
  0.52500000000000002        1.1026194801643750E-008   1.0000000000000000E-002
  0.53500000000000003        1.1837127807304706E-008   1.0000000000000000E-002
  0.54500000000000004        1.2722601590760031E-008   1.0000000000000000E-002
  0.55500000000000005        1.3690009163525545E-008   1.0000000000000000E-002
  0.56500000000000006        1.4747361697929882E-008   1.0000000000000000E-002
  0.57500000000000007        1.5903301730428202E-008   1.0000000000000000E-002
  0.58499999999999996        1.7167149733165026E-008   1.0000000000000000E-002
  0.59499999999999997        1.8548961470677343E-008   1.0000000000000000E-002
  0.60499999999999998        2.0059529497853889E-008   1.0000000000000000E-002
  0.61499999999999999        2.1710418027738388E-008   1.0000000000000000E-002
  0.62500000000000000        2.3514008447069995E-008   1.0000000000000000E-002
  0.63500000000000001        2.5483563157496755E-008   1.0000000000000000E-002
  0.64500000000000002        2.7633488038846599E-008   1.0000000000000000E-002
  0.65500000000000003        2.9981588947535204E-008   1.0000000000000000E-002
  0.66500000000000004        3.2550385827141315E-008   1.0000000000000000E-002
  0.67500000000000004        3.5366547449988661E-008   1.0000000000000000E-002
  0.68500000000000005        3.8461178978420873E-008   1.0000000000000000E-002
  0.69500000000000006        4.1869696573243708E-008   1.0000000000000000E-002
  0.70499999999999996        4.5632643129696664E-008   1.0000000000000000E-002
  0.71499999999999997        4.9795898141137916E-008   1.0000000000000000E-002
  0.72499999999999998        5.4410634975550648E-008   1.0000000000000000E-002
  0.73499999999999999        5.9534338036953954E-008   1.0000000000000000E-002
  0.74500000000000000        6.5231239639928406E-008   1.0000000000000000E-002
  0.75500000000000000        7.1572504267450708E-008   1.0000000000000000E-002
  0.76500000000000001        7.8636677744906249E-008   1.0000000000000000E-002
  0.77500000000000002        8.6511142527734413E-008   1.0000000000000000E-002
  0.78500000000000003        9.5305025497371119E-008   1.0000000000000000E-002
  0.79500000000000004        1.0515942368855604E-007   1.0000000000000000E-002
  0.80500000000000005        1.1624508436764681E-007   1.0000000000000000E-002
  0.81500000000000006        1.2876610016360467E-007   1.0000000000000000E-002
  0.82500000000000007        1.4296324524495234E-007   1.0000000000000000E-002
  0.83499999999999996        1.5911634026787361E-007   1.0000000000000000E-002
  0.84499999999999997        1.7755358937756077E-007   1.0000000000000000E-002
  0.85499999999999998        1.9865870878740882E-007   1.0000000000000000E-002
  0.86499999999999999        2.2287298379312357E-007   1.0000000000000000E-002
  0.87500000000000000        2.5070614110739195E-007   1.0000000000000000E-002
  0.88500000000000001        2.8280612536143748E-007   1.0000000000000000E-002
  0.89500000000000002        3.2004257142691626E-007   1.0000000000000000E-002
  0.90500000000000003        3.6351571686883339E-007   1.0000000000000000E-002
  0.91500000000000004        4.1457842995398501E-007   1.0000000000000000E-002
  0.92500000000000004        4.7489465043126451E-007   1.0000000000000000E-002
  0.93500000000000005        5.4648501542770689E-007   1.0000000000000000E-002
  0.94500000000000006        6.3179836088117559E-007   1.0000000000000000E-002
  0.95500000000000007        7.3435984409577373E-007   1.0000000000000000E-002
  0.96499999999999997        8.6050099748572837E-007   1.0000000000000000E-002
  0.97499999999999998        1.0201528359865739E-006   1.0000000000000000E-002
  0.98499999999999999        1.2283677718724069E-006   1.0000000000000000E-002
  0.99500000000000000        1.5132467433430143E-006   1.0000000000000000E-002
