 #   q  dGamma/dq   dGamma/dE1 
   2.7679981925370382E-006   6.5384753238634558E-011   6.0621103783693280E-008
   2.4911983732833341E-005   5.8720911397159599E-010   1.8147586849431326E-007
   6.9199954813425955E-005   1.6241826441323204E-009   3.0117034861099957E-007
   1.3563191143431489E-004   3.1630092950336233E-009   4.1893802289089839E-007
   2.2420785359550006E-004   5.1838866928473706E-009   5.3402346647165917E-007
   3.3492778129698159E-004   7.6606918914041551E-009   6.4568791958520990E-007
   4.6779169453875936E-004   1.0561252555788615E-008   7.5321580874177947E-007
   6.2279959332083360E-004   1.3847713754977146E-008   8.5592196052552515E-007
   7.9995147764320388E-004   1.7477030211190124E-008   9.5316056544516328E-007
   9.9924734750587085E-004   2.1401616633868439E-008   1.0443361944718017E-006
   1.2206872029088339E-003   2.5570178130796601E-008   1.1289164707697708E-006
   1.4642710438520930E-003   2.9928743760855554E-008   1.2064463188553617E-006
   1.7299988703356488E-003   3.4421923964825088E-008   1.2765636768500176E-006
   2.0178706823595007E-003   3.8994405153372056E-008   1.3390163691744098E-006
   2.3278864799236489E-003   4.3592693886815401E-008   1.3936799770105754E-006
   2.6600462630280929E-003   4.8167108345572547E-008   1.4405761871063000E-006
   3.0143500316728348E-003   5.2674014902407955E-008   1.4798913544914868E-006
   3.3907977858578715E-003   5.7078127759219196E-008   1.5119903714040275E-006
   3.7893895255832052E-003   6.1349148375985441E-008   1.5372842049518518E-006
   4.2101252508488342E-003   6.5458041993225572E-008   1.5561295650661958E-006
   4.6530049616547598E-003   6.9380717279221059E-008   1.5689253468395777E-006
   5.1180286580009837E-003   7.3098295723867020E-008   1.5761086285576801E-006
   5.6051963398875025E-003   7.6596945615459850E-008   1.5781427659346170E-006
   6.1145080073143170E-003   7.9867545316874696E-008   1.5755051587965511E-006
   6.6459636602814297E-003   8.2905181245101843E-008   1.5686748860500377E-006
   7.1995632987888348E-003   8.5708487419815742E-008   1.5581203699053813E-006
   7.7753069228365399E-003   8.8278835396844044E-008   1.5442872158457745E-006
   8.3731945324245390E-003   9.0619386754731512E-008   1.5275863887282715E-006
   8.9932261275528381E-003   9.2734014717597101E-008   1.5083827495381461E-006
   9.6354017082214312E-003   9.4626104727892333E-008   1.4869840214319706E-006
   1.0299721274430318E-002   9.6297243375290441E-008   1.4636302295102233E-006
   1.0986184826179505E-002   9.7745805615016251E-008   1.4384836552305304E-006
   1.1694792363468985E-002   9.8965452647497487E-008   1.4116193710853833E-006
   1.2425543886298764E-002   9.9943558156466093E-008   1.3830164791874650E-006
   1.3178439394668836E-002   1.0066004555710471E-007   1.3525563962696533E-006
   1.3953478888579209E-002   1.0110437375822457E-007   1.3202584185728357E-006
   1.4750662368029877E-002   1.0128708353363741E-007   1.2864074801714788E-006
   1.5569989833020839E-002   1.0122194695851463E-007   1.2512980672755905E-006
   1.6411461283552097E-002   1.0092423124823873E-007   1.2152120728627344E-006
   1.7275076719623653E-002   1.0041033806889137E-007   1.1784161577044291E-006
   1.8160836141235506E-002   9.9697437745616587E-008   1.1411594439515222E-006
   1.9068739548387656E-002   9.8803086784191899E-008   1.1036713557787310E-006
   1.9998786941080097E-002   9.7744855606722880E-008   1.0661598762907385E-006
   2.0950978319312842E-002   9.6539945779833167E-008   1.0288099328783272E-006
   2.1925313683085874E-002   9.5204816753352962E-008   9.9178209935351994E-007
   2.2921793032399211E-002   9.3754831438042351E-008   9.5521166117133955E-007
   2.3940416367252845E-002   9.2203908738905281E-008   9.1920787061044774E-007
   2.4981183687646766E-002   9.0564160040980699E-008   8.8385313942180766E-007
   2.6044094993580992E-002   8.8845579416769018E-008   8.4920284483740801E-007
   2.7129150285055512E-002   8.7055768698951710E-008   8.1528548560984225E-007
   2.8236349562070325E-002   8.5199621895327375E-008   7.8210244628843354E-007
   2.9365692824625436E-002   8.3279189104857026E-008   7.4962940471986051E-007
   3.0517180072720848E-002   8.1300538627971433E-008   7.1787937236956288E-007
   3.1690811306356551E-002   7.9278410867106684E-008   6.8693953078291369E-007
   3.2886586525532543E-002   7.7227470894202973E-008   6.5689002210523265E-007
   3.4104505730248841E-002   7.5161359239456716E-008   6.2779665483103121E-007
   3.5344568920505443E-002   7.3092554149550206E-008   5.9971104212264453E-007
   3.6606776096302328E-002   7.1032247760561981E-008   5.7267083787750837E-007
   3.7891127257639504E-002   6.8990237995964776E-008   5.4670007319388282E-007
   3.9197622404517005E-002   6.6974806974846963E-008   5.2180935380667338E-007
   4.0526261536934775E-002   6.4992602071548308E-008   4.9799605825890455E-007
   4.1877044654892844E-002   6.3048534424553971E-008   4.7524464826769014E-007
   4.3249971758391223E-002   6.1145713284892109E-008   4.5352721512221528E-007
   4.4645042847429886E-002   5.9285397756459054E-008   4.3280410142070471E-007
   4.6062257922008847E-002   5.7466970220411868E-008   4.1302462081837285E-007
   4.7501616982128098E-002   5.5687900342877531E-008   3.9412764519827530E-007
   4.8963120027787667E-002   5.3943719510903595E-008   3.7604221155971397E-007
   5.0446767058987520E-002   5.2228029998238065E-008   3.5868831347630035E-007
   5.1952558075727663E-002   5.0532608656670485E-008   3.4197826292877792E-007
   5.3480493078008118E-002   4.8853752823797532E-008   3.2585957079700534E-007
   5.5030572065828856E-002   4.7197379916012962E-008   3.1034598281582667E-007
   5.6602795039189878E-002   4.5569890969402740E-008   2.9545361128918249E-007
   5.8197161998091239E-002   4.3977160577165652E-008   2.8119431343843502E-007
   5.9813672942532863E-002   4.2424539201888906E-008   2.6757599544753155E-007
   6.1452327872514777E-002   4.0916822247660712E-008   2.5460268518621513E-007
   6.3113126788036988E-002   3.9458200300003062E-008   2.4227448352378254E-007
   6.4796069689099525E-002   3.8052275075530881E-008   2.3058791764699713E-007
   6.6501156575702339E-002   3.6702072740795001E-008   2.1953625128792878E-007
   6.8228387447845443E-002   3.5410045355547369E-008   2.0910970111033639E-007
   6.9977762305528865E-002   3.4178059206220301E-008   1.9929556032057672E-007
   7.1749281148752564E-002   3.3007407703016719E-008   1.9007845451877334E-007
   7.3542943977516553E-002   3.1898893465644698E-008   1.8144097225946919E-007
   7.5358750791820847E-002   3.0852879810655625E-008   1.7336407781920167E-007
   7.7196701591665459E-002   2.9869315904365853E-008   1.6582734810170601E-007
   7.9056796377050348E-002   2.8947772834865596E-008   1.5880925262422804E-007
   8.0939035147975513E-002   2.8087505095598346E-008   1.5228755163458510E-007
   8.2843417904441011E-002   2.7289001954516856E-008   1.4624765123153649E-007
   8.4769944646446785E-002   2.6555507860089866E-008   1.4069022152085078E-007
   8.6718615373992863E-002   2.5890551376608976E-008   1.3561739054914658E-007
   8.8689430087079246E-002   2.5297617732326203E-008   1.3103096679244650E-007
   9.0682388785705906E-002   2.4780017382947714E-008   1.2693178354895784E-007
   9.2697491469872870E-002   2.4340679899479185E-008   1.2331870798858556E-007
   9.4734738139580110E-002   2.3981749310009293E-008   1.2018671944865469E-007
   9.6794128794827683E-002   2.3703776260646543E-008   1.1752311208049843E-007
   9.8875663435615532E-002   2.3504271834973256E-008   1.1530080719736507E-007
  0.10097934206194367        2.3375193793514005E-008   1.1346690358612403E-007
  0.10310516467381214        2.3298971004292773E-008   1.1192491739619284E-007
  0.10525313127122086        2.3243546764274451E-008   1.1051345019036627E-007
  0.10742324185416992        2.3159711418856506E-008   1.0899693056476307E-007
  0.10961549642265922        2.2988176533664592E-008   1.0710230011865536E-007
  0.11182989497668885        2.2681934238204488E-008   1.0462401449350328E-007
  0.11406643751625881        2.2232656521446923E-008   1.0154128877698284E-007
  0.11632512404136904        2.1674032792841797E-008   9.8024179485114343E-008
  0.11860595455201955        2.1059287923686483E-008   9.4323669417599057E-008
  0.12090892904821036        2.0437955761167480E-008   9.0664760634880219E-008
  0.12323404752994145        1.9845141415279077E-008   8.7200523735402241E-008
  0.12558130999721287        1.9302277508735567E-008   8.4018766716852617E-008
  0.12795071645002457        1.8821337241395078E-008   8.1163238440513103E-008
  0.13034226688837661        1.8408613446665582E-008   7.8651805230869897E-008
  0.13275596131226891        1.8067320542940087E-008   7.6488648181138549E-008
  0.13519179972170148        1.7799083638569734E-008   7.4671129522303596E-008
  0.13764978211667434        1.7604768994095430E-008   7.3193551129749433E-008
  0.14012990849718754        1.7484992619674476E-008   7.2049386286729635E-008
  0.14263217886324100        1.7440398552524883E-008   7.1232452764888285E-008
  0.14515659321483476        1.7471705531618628E-008   7.0737086751306565E-008
  0.14770315155196892        1.7579725477093476E-008   7.0558194575462436E-008
  0.15027185387464329        1.7765385054546683E-008   7.0691314047380292E-008
  0.15286270018285794        1.8029752036377779E-008   7.1132691589393566E-008
  0.15547569047661289        1.8373906985336589E-008   7.1878750362747959E-008
  0.15811082475590812        1.8798884560486120E-008   7.2925855182943067E-008
  0.16076810302074368        1.9306189287326994E-008   7.4272299145492829E-008
  0.16344752527111958        1.9898840775962460E-008   7.5922212207423186E-008
  0.16614909150703572        2.0580573562023765E-008   7.7882294935962040E-008
  0.16887280172849214        2.1355605040145986E-008   8.0160843345518740E-008
  0.17161865593548889        2.2228539507675333E-008   8.2767327533004109E-008
  0.17438665412802593        2.3204272634165562E-008   8.5711992030856144E-008
  0.17717679630610325        2.4287942007249567E-008   8.9005643967235828E-008
  0.17998908246972087        2.5484927350680100E-008   9.2659631796215439E-008
  0.18282351261887883        2.6800789538471463E-008   9.6685604224033758E-008
  0.18568008675357708        2.8241231468388966E-008   1.0109535855487086E-007
  0.18855880487381557        2.9812477189880877E-008   1.0590218176493302E-007
  0.19145966697959438        3.1522006819772990E-008   1.1112338463251055E-007
  0.19438267307091348        3.3378661272530699E-008   1.1678051631174640E-007
  0.19732782314777286        3.5392708036263920E-008   1.2289943399590230E-007
  0.20029511721017257        3.7575697812096125E-008   1.2950964865569124E-007
  0.20328455525811262        3.9941005508524288E-008   1.3664604106172563E-007
  0.20629613729159293        4.2503362563672550E-008   1.4434707679267207E-007
  0.20932986331061351        4.5279304060547922E-008   1.5265618329815119E-007
  0.21238573331517438        4.8284896470986316E-008   1.6161396532095625E-007
  0.21546374730527554        5.1536164235615044E-008   1.7125972363635562E-007
  0.21856390528091704        5.5050331503779419E-008   1.8163559851051980E-007
  0.22168620724209886        5.8845110185066552E-008   1.9278413693052856E-007
  0.22483065318882095        6.2937495004052945E-008   2.0474435848023777E-007
  0.22799724312108330        6.7344146729339781E-008   2.1755311625548011E-007
  0.23118597703888596        7.2082992582545250E-008   2.3125030612017792E-007
  0.23439685494222889        7.7172354866777773E-008   2.4587598589926912E-007
  0.23762987683111214        8.2629433422042028E-008   2.6146556786168057E-007
  0.24088504270553571        8.8469960974925590E-008   2.7804889300837344E-007
  0.24416235256549962        9.4706529426612155E-008   2.9564519383357869E-007
  0.24746180641100377        1.0134995376827461E-007   3.1426767837664380E-007
  0.25078340424204820        1.0840778641127213E-007   3.3391915418948182E-007
  0.25412714605863290        1.1588204136597012E-007   3.5458540784202393E-007
  0.25749303186075795        1.2377036631974531E-007   3.7623932589043722E-007
  0.26088106164842323        1.3206419077341515E-007   3.9883572241885942E-007
  0.26429123542162886        1.4074919622063798E-007   4.2231333466687232E-007
  0.26772355318037488        1.4981430504474030E-007   4.4662213741293400E-007
  0.27117801492466109        1.5925448265519124E-007   4.7173128421904076E-007
  0.27465462065448759        1.6906478918729046E-007   4.9761099085678077E-007
  0.27815337036985438        1.7923599738675614E-007   5.2421968522660740E-007
  0.28167426407076152        1.8974755310158821E-007   5.5148391719670184E-007
  0.28521730175720889        2.0056753868363314E-007   5.7929924598082510E-007
  0.28878248342919660        2.1164843569164778E-007   6.0751903679677014E-007
  0.29236980908672466        2.2292005505542174E-007   6.3593559065606032E-007
  0.29597927872979296        2.3429088893396874E-007   6.6428584469951871E-007
  0.29961089235840155        2.4564775326987569E-007   6.9225204768357648E-007
  0.30326464997255043        2.5684828586362833E-007   7.1944239900120322E-007
  0.30694055157223959        2.6771933770722158E-007   7.4538879350983082E-007
  0.31063859715746905        2.7806333490439816E-007   7.6956670649758182E-007
  0.31435878672823886        2.8767003875199518E-007   7.9142922183915212E-007
  0.31810112028454895        2.9632471058729816E-007   8.1043002286935953E-007
  0.32186559782639929        3.0381647227786984E-007   8.2604610612569352E-007
  0.32565221935378996        3.0994239093846695E-007   8.3778814283559506E-007
  0.32946098486672093        3.1450370448749362E-007   8.4518935949366098E-007
  0.33329189436519219        3.1732155955085975E-007   8.4784693773423565E-007
  0.33714494784920374        3.1824717110983316E-007   8.4544717166261047E-007
  0.34102014531875563        3.1716838036324423E-007   8.3778025121714927E-007
  0.34491748677384776        3.1401641160728742E-007   8.2475506569484757E-007
  0.34883697221448023        3.0877406090881023E-007   8.0641724625412863E-007
  0.35277860164065294        3.0148737039463728E-007   7.8297565424155945E-007
  0.35674237505236595        2.9227268669583350E-007   7.5481606334994308E-007
  0.36072829244961935        2.8131069566720224E-007   7.2248093856705368E-007
  0.36473635383241287        2.6882762427989274E-007   6.8661710705224301E-007
  0.36876655920074691        2.5506629348262092E-007   6.4789936965000854E-007
  0.37281890855462113        2.4026941886265448E-007   6.0698755147725565E-007
  0.37689340189403564        2.2465891031529768E-007   5.6447489640306851E-007
  0.38099003921899044        2.0842671781463028E-007   5.2086698489411839E-007
  0.38510882052948553        1.9173322075560685E-007   4.7658008072155473E-007
  0.38924974582552091        1.7472196051257133E-007   4.3197993729479792E-007
  0.39341281510709664        1.5758341783546978E-007   3.8753998321972107E-007
  0.39759802837421271        1.4062716916139920E-007   3.4401499660938566E-007
  0.40180538562686896        1.2416630910587444E-007   3.0215246852776431E-007
  0.40603488686506556        1.0847256503634815E-007   2.6258413719718904E-007
  0.41028653208880245        9.3775438357584228E-008   2.2582692663734356E-007
  0.41456032129807963        8.0283801703592006E-008   1.9233765430416246E-007
  0.41885625449289710        6.8211635812547472E-008   1.6257591762841486E-007
  0.42317433167325491        5.7770705814651556E-008   1.3698665683412727E-007
  0.42751455283915302        4.9209002435679359E-008   1.1609121630321422E-007
  0.43187691799059130        4.3100344458242653E-008   1.0116516543818956E-007
  0.43626142712757005        4.1323638080201365E-008   9.6506239518041933E-008
  0.44066808025008902        5.2567546113704769E-008   1.2214963098635406E-007
