 #  phi,DGAMMADPHI(IPHI) 
   3.4906585039886591E-002   1.1483411496527365E-009   6.9813170079773182E-002
  0.10471975511965978        8.5313929219234828E-010   6.9813170079773182E-002
  0.17453292519943295        7.6821375807354420E-010   6.9813170079773182E-002
  0.24434609527920614        9.0296461025800385E-010   6.9813170079773182E-002
  0.31415926535897931        1.2492700145702420E-009   6.9813170079773182E-002
  0.38397243543875248        1.8110704080153181E-009   6.9813170079773182E-002
  0.45378560551852570        2.6350509058940653E-009   6.9813170079773182E-002
  0.52359877559829882        3.8764247256458473E-009   6.9813170079773182E-002
  0.59341194567807209        5.6630719071395999E-009   6.9813170079773182E-002
  0.66322511575784526        8.0713221111146357E-009   6.9813170079773182E-002
  0.73303828583761843        1.1067931446729092E-008   6.9813170079773182E-002
  0.80285145591739160        1.4502114385540072E-008   6.9813170079773182E-002
  0.87266462599716477        1.8195145420272905E-008   6.9813170079773182E-002
  0.94247779607693793        2.1534790209936808E-008   6.9813170079773182E-002
   1.0122909661567112        2.3539082731738409E-008   6.9813170079773182E-002
   1.0821041362364843        2.3538875618064678E-008   6.9813170079773182E-002
   1.1519173063162575        2.1534215515914022E-008   6.9813170079773182E-002
   1.2217304763960306        1.8194329306067576E-008   6.9813170079773182E-002
   1.2915436464758039        1.4501213040942630E-008   6.9813170079773182E-002
   1.3613568165555769        1.1067082113016824E-008   6.9813170079773182E-002
   1.4311699866353502        8.0706176775704688E-009   6.9813170079773182E-002
   1.5009831567151235        5.6625394302765578E-009   6.9813170079773182E-002
   1.5707963267948966        3.8760460359530902E-009   6.9813170079773182E-002
   1.6406094968746698        2.6347927739320513E-009   6.9813170079773182E-002
   1.7104226669544429        1.8109018147824760E-009   6.9813170079773182E-002
   1.7802358370342162        1.2491732876625585E-009   6.9813170079773182E-002
   1.8500490071139892        9.0293537889816211E-010   6.9813170079773182E-002
   1.9198621771937625        7.6824772013370649E-010   6.9813170079773182E-002
   1.9896753472735358        8.5321742335816548E-010   6.9813170079773182E-002
   2.0594885173533091        1.1484278698169327E-009   6.9813170079773182E-002
   2.1293016874330819        1.1484138846468481E-009   6.9813170079773182E-002
   2.1991148575128552        8.5318652832689391E-010   6.9813170079773182E-002
   2.2689280275926285        7.6823535927456481E-010   6.9813170079773182E-002
   2.3387411976724017        9.0298823943143732E-010   6.9813170079773182E-002
   2.4085543677521746        1.2493339090919008E-009   6.9813170079773182E-002
   2.4783675378319479        1.8111898762848427E-009   6.9813170079773182E-002
   2.5481807079117211        2.6352011087536460E-009   6.9813170079773182E-002
   2.6179938779914944        3.8765628134769644E-009   6.9813170079773182E-002
   2.6878070480712677        5.6631678085867276E-009   6.9813170079773182E-002
   2.7576202181510405        8.0713523670328687E-009   6.9813170079773182E-002
   2.8274333882308138        1.1067880620512418E-008   6.9813170079773182E-002
   2.8972465583105871        1.4502033841330310E-008   6.9813170079773182E-002
   2.9670597283903604        1.8195141911274074E-008   6.9813170079773182E-002
   3.0368728984701332        2.1534915457510281E-008   6.9813170079773182E-002
   3.1066860685499065        2.3539360651821356E-008   6.9813170079773182E-002
   3.1764992386296798        2.3539360651821352E-008   6.9813170079773182E-002
   3.2463124087094530        2.1534915457510278E-008   6.9813170079773182E-002
   3.3161255787892263        1.8195141911274074E-008   6.9813170079773182E-002
   3.3859387488689991        1.4502033841330315E-008   6.9813170079773182E-002
   3.4557519189487724        1.1067880620512442E-008   6.9813170079773182E-002
   3.5255650890285457        8.0713523670328753E-009   6.9813170079773182E-002
   3.5953782591083190        5.6631678085867193E-009   6.9813170079773182E-002
   3.6651914291880923        3.8765628134769561E-009   6.9813170079773182E-002
   3.7350045992678651        2.6352011087536497E-009   6.9813170079773182E-002
   3.8048177693476384        1.8111898762848439E-009   6.9813170079773182E-002
   3.8746309394274117        1.2493339090919026E-009   6.9813170079773182E-002
   3.9444441095071849        9.0298823943143453E-010   6.9813170079773182E-002
   4.0142572795869578        7.6823535927457164E-010   6.9813170079773182E-002
   4.0840704496667311        8.5318652832688884E-010   6.9813170079773182E-002
   4.1538836197465043        1.1484138846467798E-009   6.9813170079773182E-002
   4.2236967898262776        1.1484278698169470E-009   6.9813170079773182E-002
   4.2935099599060509        8.5321742335817540E-010   6.9813170079773182E-002
   4.3633231299858242        7.6824772013371425E-010   6.9813170079773182E-002
   4.4331363000655974        9.0293537889816325E-010   6.9813170079773182E-002
   4.5029494701453698        1.2491732876625548E-009   6.9813170079773182E-002
   4.5727626402251431        1.8109018147824696E-009   6.9813170079773182E-002
   4.6425758103049164        2.6347927739320530E-009   6.9813170079773182E-002
   4.7123889803846897        3.8760460359531059E-009   6.9813170079773182E-002
   4.7822021504644630        5.6625394302765636E-009   6.9813170079773182E-002
   4.8520153205442362        8.0706176775704456E-009   6.9813170079773182E-002
   4.9218284906240095        1.1067082113016862E-008   6.9813170079773182E-002
   4.9916416607037828        1.4501213040942602E-008   6.9813170079773182E-002
   5.0614548307835561        1.8194329306067623E-008   6.9813170079773182E-002
   5.1312680008633285        2.1534215515913903E-008   6.9813170079773182E-002
   5.2010811709431017        2.3538875618064533E-008   6.9813170079773182E-002
   5.2708943410228750        2.3539082731738233E-008   6.9813170079773182E-002
   5.3407075111026483        2.1534790209936798E-008   6.9813170079773182E-002
   5.4105206811824216        1.8195145420272915E-008   6.9813170079773182E-002
   5.4803338512621949        1.4502114385540132E-008   6.9813170079773182E-002
   5.5501470213419681        1.1067931446729095E-008   6.9813170079773182E-002
   5.6199601914217414        8.0713221111146423E-009   6.9813170079773182E-002
   5.6897733615015147        5.6630719071395842E-009   6.9813170079773182E-002
   5.7595865315812871        3.8764247256458804E-009   6.9813170079773182E-002
   5.8293997016610604        2.6350509058940715E-009   6.9813170079773182E-002
   5.8992128717408336        1.8110704080153218E-009   6.9813170079773182E-002
   5.9690260418206069        1.2492700145702459E-009   6.9813170079773182E-002
   6.0388392119003802        9.0296461025800468E-010   6.9813170079773182E-002
   6.1086523819801535        7.6821375807354451E-010   6.9813170079773182E-002
   6.1784655520599268        8.5313929219234807E-010   6.9813170079773182E-002
   6.2482787221397000        1.1483411496527361E-009   6.9813170079773182E-002
