 #  r,DGAMMADR(IR) 
   5.0000000000000001E-003   2.7697777147406214E-011   1.0000000000000000E-002
   1.4999999999999999E-002   8.3153791329385727E-011   1.0000000000000000E-002
   2.5000000000000001E-002   1.3879039327987212E-010   1.0000000000000000E-002
   3.5000000000000003E-002   1.9472540055412769E-010   1.0000000000000000E-002
   4.4999999999999998E-002   2.5107299908648455E-010   1.0000000000000000E-002
   5.5000000000000000E-002   3.0794275407175880E-010   1.0000000000000000E-002
   6.5000000000000002E-002   3.6543909352959711E-010   1.0000000000000000E-002
   7.4999999999999997E-002   4.2366142867157210E-010   1.0000000000000000E-002
   8.5000000000000006E-002   4.8270572961101499E-010   1.0000000000000000E-002
   9.5000000000000001E-002   5.4266738117784859E-010   1.0000000000000000E-002
  0.10500000000000000        6.0364266119183849E-010   1.0000000000000000E-002
  0.11500000000000000        6.6572977462218481E-010   1.0000000000000000E-002
  0.12500000000000000        7.2902982363320166E-010   1.0000000000000000E-002
  0.13500000000000001        7.9364790114245492E-010   1.0000000000000000E-002
  0.14499999999999999        8.5969451798059046E-010   1.0000000000000000E-002
  0.15500000000000000        9.2728756444424363E-010   1.0000000000000000E-002
  0.16500000000000001        9.9655504522777770E-010   1.0000000000000000E-002
  0.17500000000000002        1.0676388867625915E-009   1.0000000000000000E-002
  0.18500000000000000        1.1407009412241707E-009   1.0000000000000000E-002
  0.19500000000000001        1.2159422274774437E-009   1.0000000000000000E-002
  0.20500000000000002        1.2936144491784207E-009   1.0000000000000000E-002
  0.21500000000000000        1.3740156667093913E-009   1.0000000000000000E-002
  0.22500000000000001        1.4574889609422762E-009   1.0000000000000000E-002
  0.23500000000000001        1.5444210186985268E-009   1.0000000000000000E-002
  0.24500000000000000        1.6352407643586790E-009   1.0000000000000000E-002
  0.25500000000000000        1.7304169621744482E-009   1.0000000000000000E-002
  0.26500000000000001        1.8304559098085202E-009   1.0000000000000000E-002
  0.27500000000000002        1.9358982978027140E-009   1.0000000000000000E-002
  0.28500000000000003        2.0473158655388722E-009   1.0000000000000000E-002
  0.29499999999999998        2.1653106716368479E-009   1.0000000000000000E-002
  0.30499999999999999        2.2905593607992621E-009   1.0000000000000000E-002
  0.31500000000000000        2.4238492492216721E-009   1.0000000000000000E-002
  0.32500000000000001        2.5660604602137543E-009   1.0000000000000000E-002
  0.33500000000000002        2.7181598667943452E-009   1.0000000000000000E-002
  0.34500000000000003        2.8812025088683530E-009   1.0000000000000000E-002
  0.35499999999999998        3.0563303645671060E-009   1.0000000000000000E-002
  0.36499999999999999        3.2447796481211473E-009   1.0000000000000000E-002
  0.37500000000000000        3.4478836126180825E-009   1.0000000000000000E-002
  0.38500000000000001        3.6670798816238312E-009   1.0000000000000000E-002
  0.39500000000000002        3.9039220356023463E-009   1.0000000000000000E-002
  0.40500000000000003        4.1600889487860280E-009   1.0000000000000000E-002
  0.41500000000000004        4.4373988674364959E-009   1.0000000000000000E-002
  0.42499999999999999        4.7378276189244445E-009   1.0000000000000000E-002
  0.43500000000000000        5.0635288334356109E-009   1.0000000000000000E-002
  0.44500000000000001        5.4168561637978047E-009   1.0000000000000000E-002
  0.45500000000000002        5.8003890305696364E-009   1.0000000000000000E-002
  0.46500000000000002        6.2170038688584275E-009   1.0000000000000000E-002
  0.47500000000000003        6.6700657290642529E-009   1.0000000000000000E-002
  0.48499999999999999        7.1634570089689311E-009   1.0000000000000000E-002
  0.49500000000000000        7.7014622197983354E-009   1.0000000000000000E-002
  0.50500000000000000        8.2887479071960607E-009   1.0000000000000000E-002
  0.51500000000000001        8.9304167436013353E-009   1.0000000000000000E-002
  0.52500000000000002        9.6320768079052984E-009   1.0000000000000000E-002
  0.53500000000000003        1.0399847605949892E-008   1.0000000000000000E-002
  0.54500000000000004        1.1240392780520421E-008   1.0000000000000000E-002
  0.55500000000000005        1.2160966526764512E-008   1.0000000000000000E-002
  0.56500000000000006        1.3169426052515459E-008   1.0000000000000000E-002
  0.57500000000000007        1.4274245368201380E-008   1.0000000000000000E-002
  0.58499999999999996        1.5484558944432807E-008   1.0000000000000000E-002
  0.59499999999999997        1.6810214345523472E-008   1.0000000000000000E-002
  0.60499999999999998        1.8261776466018446E-008   1.0000000000000000E-002
  0.61499999999999999        1.9850561282766603E-008   1.0000000000000000E-002
  0.62500000000000000        2.1588679292779690E-008   1.0000000000000000E-002
  0.63500000000000001        2.3489095878700379E-008   1.0000000000000000E-002
  0.64500000000000002        2.5565885392577297E-008   1.0000000000000000E-002
  0.65500000000000003        2.7836425695543360E-008   1.0000000000000000E-002
  0.66500000000000004        3.0322668564572863E-008   1.0000000000000000E-002
  0.67500000000000004        3.3050581147384664E-008   1.0000000000000000E-002
  0.68500000000000005        3.6050413252148015E-008   1.0000000000000000E-002
  0.69500000000000006        3.9356563146211051E-008   1.0000000000000000E-002
  0.70499999999999996        4.3008357626155013E-008   1.0000000000000000E-002
  0.71499999999999997        4.7050238717066724E-008   1.0000000000000000E-002
  0.72499999999999998        5.1531704279655822E-008   1.0000000000000000E-002
  0.73499999999999999        5.6508279518220076E-008   1.0000000000000000E-002
  0.74500000000000000        6.2041917805918720E-008   1.0000000000000000E-002
  0.75500000000000000        6.8201149594373105E-008   1.0000000000000000E-002
  0.76500000000000001        7.5061489129780284E-008   1.0000000000000000E-002
  0.77500000000000002        8.2706827302282469E-008   1.0000000000000000E-002
  0.78500000000000003        9.1241822160047888E-008   1.0000000000000000E-002
  0.79500000000000004        1.0080165795965950E-007   1.0000000000000000E-002
  0.80500000000000005        1.1154975034554689E-007   1.0000000000000000E-002
  0.81500000000000006        1.2368121740566263E-007   1.0000000000000000E-002
  0.82500000000000007        1.3742600130438103E-007   1.0000000000000000E-002
  0.83499999999999996        1.5305104117686199E-007   1.0000000000000000E-002
  0.84499999999999997        1.7086911657783308E-007   1.0000000000000000E-002
  0.85499999999999998        1.9124555532630826E-007   1.0000000000000000E-002
  0.86499999999999999        2.1460005544780296E-007   1.0000000000000000E-002
  0.87500000000000000        2.4141693379818391E-007   1.0000000000000000E-002
  0.88500000000000001        2.7231176714334835E-007   1.0000000000000000E-002
  0.89500000000000002        3.0811101471408080E-007   1.0000000000000000E-002
  0.90500000000000003        3.4986016127740566E-007   1.0000000000000000E-002
  0.91500000000000004        3.9884437732534883E-007   1.0000000000000000E-002
  0.92500000000000004        4.5664372839305305E-007   1.0000000000000000E-002
  0.93500000000000005        5.2517626497445936E-007   1.0000000000000000E-002
  0.94500000000000006        6.0676613627355251E-007   1.0000000000000000E-002
  0.95500000000000007        7.0476403598425439E-007   1.0000000000000000E-002
  0.96499999999999997        8.2520406973215696E-007   1.0000000000000000E-002
  0.97499999999999998        9.7756730950656855E-007   1.0000000000000000E-002
  0.98499999999999999        1.1762685715969866E-006   1.0000000000000000E-002
  0.99500000000000000        1.4485310397684893E-006   1.0000000000000000E-002
