 #  r,DGAMMADR(IR) 
   5.0000000000000001E-003   3.6854095609854241E-011   1.0000000000000000E-002
   1.4999999999999999E-002   1.1060916596872496E-010   1.0000000000000000E-002
   2.5000000000000001E-002   1.8450431542432540E-010   1.0000000000000000E-002
   3.5000000000000003E-002   2.5863112589219935E-010   1.0000000000000000E-002
   4.4999999999999998E-002   3.3307867331509812E-010   1.0000000000000000E-002
   5.5000000000000000E-002   4.0793292949603156E-010   1.0000000000000000E-002
   6.5000000000000002E-002   4.8327657688638327E-010   1.0000000000000000E-002
   7.4999999999999997E-002   5.5918939260432758E-010   1.0000000000000000E-002
   8.5000000000000006E-002   6.3575034358633467E-010   1.0000000000000000E-002
   9.5000000000000001E-002   7.1304085820908434E-010   1.0000000000000000E-002
  0.10500000000000000        7.9114578907206131E-010   1.0000000000000000E-002
  0.11500000000000000        8.7015397644097682E-010   1.0000000000000000E-002
  0.12500000000000000        9.5015875645934336E-010   1.0000000000000000E-002
  0.13500000000000001        1.0312585360549252E-009   1.0000000000000000E-002
  0.14499999999999999        1.1135576181645964E-009   1.0000000000000000E-002
  0.15500000000000000        1.1971674552230673E-009   1.0000000000000000E-002
  0.16500000000000001        1.2822085498108952E-009   1.0000000000000000E-002
  0.17500000000000002        1.3688132837120508E-009   1.0000000000000000E-002
  0.18500000000000000        1.4571306869914342E-009   1.0000000000000000E-002
  0.19500000000000001        1.5473433736483333E-009   1.0000000000000000E-002
  0.20500000000000002        1.6396775606072787E-009   1.0000000000000000E-002
  0.21500000000000000        1.7343985786516954E-009   1.0000000000000000E-002
  0.22500000000000001        1.8318092084131176E-009   1.0000000000000000E-002
  0.23500000000000001        1.9322479892989460E-009   1.0000000000000000E-002
  0.24500000000000000        2.0360876488662851E-009   1.0000000000000000E-002
  0.25500000000000000        2.1437326997134866E-009   1.0000000000000000E-002
  0.26500000000000001        2.2556171822052577E-009   1.0000000000000000E-002
  0.27500000000000002        2.3722017688578252E-009   1.0000000000000000E-002
  0.28500000000000003        2.4939707549693037E-009   1.0000000000000000E-002
  0.29499999999999998        2.6214318552453569E-009   1.0000000000000000E-002
  0.30499999999999999        2.7551617845771546E-009   1.0000000000000000E-002
  0.31500000000000000        2.8958422931254427E-009   1.0000000000000000E-002
  0.32500000000000001        3.0442409585527768E-009   1.0000000000000000E-002
  0.33500000000000002        3.2012043431213160E-009   1.0000000000000000E-002
  0.34500000000000003        3.3676587557899243E-009   1.0000000000000000E-002
  0.35499999999999998        3.5446084374292566E-009   1.0000000000000000E-002
  0.36499999999999999        3.7331422127393185E-009   1.0000000000000000E-002
  0.37500000000000000        3.9344356222072291E-009   1.0000000000000000E-002
  0.38500000000000001        4.1497574873055565E-009   1.0000000000000000E-002
  0.39500000000000002        4.3804803944193510E-009   1.0000000000000000E-002
  0.40500000000000003        4.6280890507095816E-009   1.0000000000000000E-002
  0.41500000000000004        4.8941931962194076E-009   1.0000000000000000E-002
  0.42499999999999999        5.1805443003014160E-009   1.0000000000000000E-002
  0.43500000000000000        5.4890540751873215E-009   1.0000000000000000E-002
  0.44500000000000001        5.8218148826889772E-009   1.0000000000000000E-002
  0.45500000000000002        6.1811234470252423E-009   1.0000000000000000E-002
  0.46500000000000002        6.5695448381923805E-009   1.0000000000000000E-002
  0.47500000000000003        6.9900823493555476E-009   1.0000000000000000E-002
  0.48499999999999999        7.4462030310115689E-009   1.0000000000000000E-002
  0.49500000000000000        7.9417292830244429E-009   1.0000000000000000E-002
  0.50500000000000000        8.4808200736234061E-009   1.0000000000000000E-002
  0.51500000000000001        9.0680246757834655E-009   1.0000000000000000E-002
  0.52500000000000002        9.7083470352935763E-009   1.0000000000000000E-002
  0.53500000000000003        1.0407253473142539E-008   1.0000000000000000E-002
  0.54500000000000004        1.1170702396430476E-008   1.0000000000000000E-002
  0.55500000000000005        1.2005188453764185E-008   1.0000000000000000E-002
  0.56500000000000006        1.2917754207292728E-008   1.0000000000000000E-002
  0.57500000000000007        1.3916001563258342E-008   1.0000000000000000E-002
  0.58499999999999996        1.5008132792875385E-008   1.0000000000000000E-002
  0.59499999999999997        1.6203001405007593E-008   1.0000000000000000E-002
  0.60499999999999998        1.7510112158561820E-008   1.0000000000000000E-002
  0.61499999999999999        1.8939651402630482E-008   1.0000000000000000E-002
  0.62500000000000000        2.0502527202354100E-008   1.0000000000000000E-002
  0.63500000000000001        2.2210426174521109E-008   1.0000000000000000E-002
  0.64500000000000002        2.4076047396392641E-008   1.0000000000000000E-002
  0.65500000000000003        2.6115114042586910E-008   1.0000000000000000E-002
  0.66500000000000004        2.8347551022833503E-008   1.0000000000000000E-002
  0.67500000000000004        3.0796986998278201E-008   1.0000000000000000E-002
  0.68500000000000005        3.3491016493118452E-008   1.0000000000000000E-002
  0.69500000000000006        3.6461091807533740E-008   1.0000000000000000E-002
  0.70499999999999996        3.9743254603378218E-008   1.0000000000000000E-002
  0.71499999999999997        4.3378326591389753E-008   1.0000000000000000E-002
  0.72499999999999998        4.7411873067966887E-008   1.0000000000000000E-002
  0.73499999999999999        5.1895110958579925E-008   1.0000000000000000E-002
  0.74500000000000000        5.6885299384910904E-008   1.0000000000000000E-002
  0.75500000000000000        6.2445903830640882E-008   1.0000000000000000E-002
  0.76500000000000001        6.8646993140375138E-008   1.0000000000000000E-002
  0.77500000000000002        7.5566512151963092E-008   1.0000000000000000E-002
  0.78500000000000003        8.3301825308280977E-008   1.0000000000000000E-002
  0.79500000000000004        9.1978902771901953E-008   1.0000000000000000E-002
  0.80500000000000005        1.0175024137444283E-007   1.0000000000000000E-002
  0.81500000000000006        1.1279817819666995E-007   1.0000000000000000E-002
  0.82500000000000007        1.2533787448509863E-007   1.0000000000000000E-002
  0.83499999999999996        1.3961941947789185E-007   1.0000000000000000E-002
  0.84499999999999997        1.5593618726087449E-007   1.0000000000000000E-002
  0.85499999999999998        1.7463120070013873E-007   1.0000000000000000E-002
  0.86499999999999999        1.9609891763454875E-007   1.0000000000000000E-002
  0.87500000000000000        2.2079491159219285E-007   1.0000000000000000E-002
  0.88500000000000001        2.4929873233289914E-007   1.0000000000000000E-002
  0.89500000000000002        2.8238916554936780E-007   1.0000000000000000E-002
  0.90500000000000003        3.2105195790724469E-007   1.0000000000000000E-002
  0.91500000000000004        3.6649916859157311E-007   1.0000000000000000E-002
  0.92500000000000004        4.2022124025689835E-007   1.0000000000000000E-002
  0.93500000000000005        4.8402662636865062E-007   1.0000000000000000E-002
  0.94500000000000006        5.6010297851105240E-007   1.0000000000000000E-002
  0.95500000000000007        6.5159301932137173E-007   1.0000000000000000E-002
  0.96499999999999997        7.6413388990941579E-007   1.0000000000000000E-002
  0.97499999999999998        9.0652163043328915E-007   1.0000000000000000E-002
  0.98499999999999999        1.0918716674301626E-006   1.0000000000000000E-002
  0.99500000000000000        1.3430639894793425E-006   1.0000000000000000E-002
