 #   q  dGamma/dq   dGamma/dE1 
   2.7679981925370382E-006   3.9006198915752914E-011   3.6164376487729055E-008
   2.4911983732833341E-005   3.5029441316009524E-010   1.0825782731296135E-007
   6.9199954813425955E-005   9.6881689281969324E-010   1.7964661942721850E-007
   1.3563191143431489E-004   1.8864989837829092E-009   2.4986526460501586E-007
   2.2420785359550006E-004   3.0913155483879307E-009   3.1845507877046227E-007
   3.3492778129698159E-004   4.5674050561001573E-009   3.8496761263632096E-007
   4.6779169453875936E-004   6.2952361138323287E-009   4.4896865553146608E-007
   6.2279959332083360E-004   8.2518309738883755E-009   5.1004255793179108E-007
   7.9995147764320388E-004   1.0411065827180726E-008   5.6779769050056743E-007
   9.9924734750587085E-004   1.2744069669042713E-008   6.2187326536770614E-007
   1.2206872029088339E-003   1.5219734877075189E-008   6.7194719159134934E-007
   1.4642710438520930E-003   1.7805353698022388E-008   7.1774490758922331E-007
   1.7299988703356488E-003   2.0467393455635890E-008   7.5904911857809060E-007
   2.0178706823595007E-003   2.3172418055931162E-008   7.9571022992156857E-007
   2.3278864799236489E-003   2.5888163674842335E-008   8.2765739251807537E-007
   2.6600462630280929E-003   2.8584765788996862E-008   8.5490979890688782E-007
   3.0143500316728348E-003   3.1236135892494697E-008   8.7758807716992405E-007
   3.3907977858578715E-003   3.3821374405721736E-008   8.9592273707404833E-007
   3.7893895255832052E-003   3.6322669443232374E-008   9.1017181973834489E-007
   4.2101252508488342E-003   3.8722975734102998E-008   9.2055865944500473E-007
   4.6530049616547598E-003   4.1008287719247480E-008   9.2733175089970588E-007
   5.1180286580009837E-003   4.3167795504650673E-008   9.3076226055539680E-007
   5.6051963398875025E-003   4.5193771320659057E-008   9.3113664914343818E-007
   6.1145080073143170E-003   4.7081351352030168E-008   9.2874911384767634E-007
   6.6459636602814297E-003   4.8828216697187864E-008   9.2389397276678770E-007
   7.1995632987888348E-003   5.0434177978468651E-008   9.1685808971022841E-007
   7.7753069228365399E-003   5.1900669388602933E-008   9.0791342987656785E-007
   8.3731945324245390E-003   5.3230160449118454E-008   8.9730985260336351E-007
   8.9932261275528381E-003   5.4425489200373511E-008   8.8526814346408244E-007
   9.6354017082214312E-003   5.5489123074470314E-008   8.7197332715195283E-007
   1.0299721274430318E-002   5.6422353316139401E-008   8.5756828585186844E-007
   1.0986184826179505E-002   5.7224429069259169E-008   8.4214770524518797E-007
   1.1694792363468985E-002   5.7891638788015487E-008   8.2575238682654636E-007
   1.2425543886298764E-002   5.8416350067353741E-008   8.0836400351738978E-007
   1.3178439394668836E-002   5.8786305310201685E-008   7.8990420499329823E-007
   1.3953478888579209E-002   5.8995079240036857E-008   7.7037962974073759E-007
   1.4750662368029877E-002   5.9049173131382268E-008   7.4996036379035556E-007
   1.5569989833020839E-002   5.8957030424946093E-008   7.2882235957463553E-007
   1.6411461283552097E-002   5.8727970447525277E-008   7.0713383515422172E-007
   1.7275076719623653E-002   5.8371968287849693E-008   6.8505366987429458E-007
   1.8160836141235506E-002   5.7899432361139425E-008   6.6273001124596761E-007
   1.9068739548387656E-002   5.7320972141128625E-008   6.4029897340895843E-007
   1.9998786941080097E-002   5.6647171410928091E-008   6.1788357953788211E-007
   2.0950978319312842E-002   5.5888358551175951E-008   5.9559281855041647E-007
   2.1925313683085874E-002   5.5054379256315071E-008   5.7352085429553693E-007
   2.2921793032399211E-002   5.4154382705180597E-008   5.5174647610250282E-007
   2.3940416367252845E-002   5.3196616646244488E-008   5.3033270909958671E-007
   2.4981183687646766E-002   5.2188202915766444E-008   5.0932628279233154E-007
   2.6044094993580992E-002   5.1134954282004273E-008   4.8875756038699261E-007
   2.7129150285055512E-002   5.0041215175198293E-008   4.6864070037336216E-007
   2.8236349562070325E-002   4.8909667325417779E-008   4.4897347677619911E-007
   2.9365692824625436E-002   4.7741250787415550E-008   4.2973815899300878E-007
   3.0517180072720848E-002   4.6539385731041616E-008   4.1094026660692453E-007
   3.1690811306356551E-002   4.5312827088725753E-008   3.9263113170815979E-007
   3.2886586525532543E-002   4.4070281875158223E-008   3.7485791131002301E-007
   3.4104505730248841E-002   4.2819827299167534E-008   3.5765910317316076E-007
   3.5344568920505443E-002   4.1568828340656274E-008   3.4106463584493171E-007
   3.6606776096302328E-002   4.0323866326202911E-008   3.2509603797598545E-007
   3.7891127257639504E-002   3.9090677241370325E-008   3.0976666742772483E-007
   3.9197622404517005E-002   3.7874074868540572E-008   2.9508179905021495E-007
   4.0526261536934775E-002   3.6677876076227082E-008   2.8103872024021775E-007
   4.1877044654892844E-002   3.5504838338143011E-008   2.6762690936144381E-007
   4.3249971758391223E-002   3.4356623442424172E-008   2.5482839129288843E-007
   4.4645042847429886E-002   3.3233772713843434E-008   2.4261814343090676E-007
   4.6062257922008847E-002   3.2135698170025751E-008   2.3096457844395189E-007
   4.7501616982128098E-002   3.1060663535475804E-008   2.1982991102480570E-007
   4.8963120027787667E-002   3.0005771507877124E-008   2.0917053513703029E-007
   5.0446767058987520E-002   2.8966978423878273E-008   1.9893755590084085E-007
   5.1952558075727663E-002   2.7939164696450427E-008   1.8907765232325708E-007
   5.3480493078008118E-002   2.6919983480145268E-008   1.7955906671778853E-007
   5.5030572065828856E-002   2.5912936647978436E-008   1.7039030145257422E-007
   5.6602795039189878E-002   2.4921817605541734E-008   1.6158127339807717E-007
   5.8197161998091239E-002   2.3950097647627290E-008   1.5313929267877449E-007
   5.9813672942532863E-002   2.3000928324032565E-008   1.4506925492419525E-007
   6.1452327872514777E-002   2.2077117093732389E-008   1.3737365182498042E-007
   6.3113126788036988E-002   2.1181086911174643E-008   1.3005248219282796E-007
   6.4796069689099525E-002   2.0314887363277536E-008   1.2310348238136482E-007
   6.6501156575702339E-002   1.9480201544206216E-008   1.1652231337318522E-007
   6.8228387447845443E-002   1.8678342439085270E-008   1.1030267161354378E-007
   6.9977762305528865E-002   1.7910237807096739E-008   1.0443632441804936E-007
   7.1749281148752564E-002   1.7176433049838324E-008   9.8913246312283286E-008
   7.3542943977516553E-002   1.6477146001508999E-008   9.3722040665606997E-008
   7.5358750791820847E-002   1.5812297415240563E-008   8.8850194095961574E-008
   7.7196701591665459E-002   1.5181522363717251E-008   8.4284206634742597E-008
   7.9056796377050348E-002   1.4584189986159541E-008   8.0009758437863632E-008
   8.0939035147975513E-002   1.4019439531199781E-008   7.6011953152439614E-008
   8.2843417904441011E-002   1.3487073602881200E-008   7.2280138339092058E-008
   8.4769944646446785E-002   1.2988427800277636E-008   6.8812270285176665E-008
   8.6718615373992863E-002   1.2524962832388696E-008   6.5607052987995419E-008
   8.8689430087079246E-002   1.2098086677054395E-008   6.2662975241640949E-008
   9.0682388785705906E-002   1.1709090981690766E-008   5.9977996749339987E-008
   9.2697491469872870E-002   1.1359078286545870E-008   5.7549208322155602E-008
   9.4734738139580110E-002   1.1048825160880926E-008   5.5372192940645761E-008
   9.6794128794827683E-002   1.0778515924993518E-008   5.3439786183667738E-008
   9.8875663435615532E-002   1.0547281609287083E-008   5.1739959945460183E-008
  0.10097934206194367        1.0352397793318813E-008   5.0252183262140241E-008
  0.10310516467381214        1.0188005132525527E-008   4.8941716468071172E-008
  0.10525313127122086        1.0043522445529166E-008   4.7752794733797167E-008
  0.10742324185416992        9.9028078966594057E-009   4.6605747592759344E-008
  0.10961549642265922        9.7464479346401739E-009   4.5408864433332053E-008
  0.11182989497668885        9.5589317775682907E-009   4.4092086959418049E-008
  0.11406643751625881        9.3370011068353622E-009   4.2644077408635073E-008
  0.11632512404136904        9.0907579489438987E-009   4.1114364703614901E-008
  0.11860595455201955        8.8367932199614169E-009   3.9579627070572467E-008
  0.12090892904821036        8.5909536930434995E-009   3.8110306593629502E-008
  0.12323404752994145        8.3646129445654737E-009   3.6754519121161779E-008
  0.12558130999721287        8.1648645357744469E-009   3.5539943325106317E-008
  0.12795071645002457        7.9958683878808630E-009   3.4480577239602794E-008
  0.13034226688837661        7.8600529862480554E-009   3.3582505188117655E-008
  0.13275596131226891        7.7589591151619017E-009   3.2847831121442058E-008
  0.13519179972170148        7.6936888031903456E-009   3.2276742151063213E-008
  0.13764978211667434        7.6651538401555959E-009   3.1868627739733159E-008
  0.14012990849718754        7.6742449431957671E-009   3.1622812225218276E-008
  0.14263217886324100        7.7219270733774777E-009   3.1538946994341544E-008
  0.14515659321483476        7.8092237343952096E-009   3.1616932632054274E-008
  0.14770315155196892        7.9371942275177273E-009   3.1856816843821713E-008
  0.15027185387464329        8.1069058934121723E-009   3.2258677687207688E-008
  0.15286270018285794        8.3194372159336016E-009   3.2822634525661439E-008
  0.15547569047661289        8.5757815637981692E-009   3.3548469722941341E-008
  0.15811082475590812        8.8767985518285772E-009   3.4435454060901467E-008
  0.16076810302074368        9.2235040032706187E-009   3.5483483472849220E-008
  0.16344752527111958        9.6177132421099668E-009   3.6695507740314537E-008
  0.16614909150703572        1.0061640771872492E-008   3.8075890925637420E-008
  0.16887280172849214        1.0557781681640155E-008   3.9629908956789659E-008
  0.17161865593548889        1.1108824239359949E-008   4.1363387549964873E-008
  0.17438665412802593        1.1717613215734134E-008   4.3282544831372398E-008
  0.17717679630610325        1.2387126051858448E-008   4.5393888490836263E-008
  0.17998908246972087        1.3120452325451546E-008   4.7704129768441160E-008
  0.18282351261887883        1.3920769607883778E-008   5.0220088436938337E-008
  0.18568008675357708        1.4791343055720400E-008   5.2948687149139218E-008
  0.18855880487381557        1.5735760249302571E-008   5.5897781707877837E-008
  0.19145966697959438        1.6758387688342735E-008   5.9077734852347519E-008
  0.19438267307091348        1.7864460328956394E-008   6.2501634916170670E-008
  0.19732782314777286        1.9060155452394103E-008   6.6185450250740981E-008
  0.20029511721017257        2.0352523208456390E-008   7.0147682769991673E-008
  0.20328455525811262        2.1749847324346631E-008   7.4410508516983534E-008
  0.20629613729159293        2.3261375381955127E-008   7.8998727066175012E-008
  0.20932986331061351        2.4897488552884502E-008   8.3940238372708882E-008
  0.21238573331517438        2.6668010209157866E-008   8.9260269610633135E-008
  0.21546374730527554        2.8582687623103904E-008   9.4983071707425034E-008
  0.21856390528091704        3.0652012101556444E-008   1.0113466007440247E-007
  0.22168620724209886        3.2886770829629988E-008   1.0774128404013506E-007
  0.22483065318882095        3.5297289789146230E-008   1.1482695575196318E-007
  0.22799724312108330        3.7893657951901722E-008   1.2241425237575794E-007
  0.23118597703888596        4.0686705764153898E-008   1.3052750483698038E-007
  0.23439685494222889        4.3687453426479403E-008   1.3919097973888910E-007
  0.23762987683111214        4.6906149591461965E-008   1.4842583969436892E-007
  0.24088504270553571        5.0352030407428819E-008   1.5824949125361944E-007
  0.24416235256549962        5.4032267888536416E-008   1.6867242849979741E-007
  0.24746180641100377        5.7952762741117042E-008   1.7970092264476588E-007
  0.25078340424204820        6.2117191653108676E-008   1.9133422777162474E-007
  0.25412714605863290        6.6525579853955977E-008   2.0356044462441829E-007
  0.25749303186075795        7.1174985262984075E-008   2.1635896597758441E-007
  0.26088106164842323        7.6058319644236396E-008   2.2969720015412395E-007
  0.26429123542162886        8.1165032774227087E-008   2.4353301169476800E-007
  0.26772355318037488        8.6487905483914687E-008   2.5783527945517731E-007
  0.27117801492466109        9.2024037341401029E-008   2.7258647034802952E-007
  0.27465462065448759        9.7770955793328284E-008   2.8777075595223960E-007
  0.27815337036985438        1.0372395343163676E-007   3.0336617092080663E-007
  0.28167426407076152        1.0987177996105191E-007   3.1933228445825908E-007
  0.28521730175720889        1.1619665082996471E-007   3.3561080049684366E-007
  0.28878248342919660        1.2267166785670729E-007   3.5211870692555795E-007
  0.29236980908672466        1.2925646614248799E-007   3.6873661780678339E-007
  0.29597927872979296        1.3589805235884471E-007   3.8531226252531411E-007
  0.29961089235840155        1.4253062232176344E-007   4.0166097123410973E-007
  0.30326464997255043        1.4907095628562975E-007   4.1755375571585268E-007
  0.30694055157223959        1.5541741688004822E-007   4.3271585030336295E-007
  0.31063859715746905        1.6145392212710499E-007   4.4683907407350872E-007
  0.31435878672823886        1.6705730607466210E-007   4.5960307275238579E-007
  0.31810112028454895        1.7210228649954051E-007   4.7068926417664170E-007
  0.32186559782639929        1.7646659266124153E-007   4.7979472816657219E-007
  0.32565221935378996        1.8003245858211169E-007   4.8663578631158502E-007
  0.32946098486672093        1.8268124565101320E-007   4.9093299315787166E-007
  0.33329189436519219        1.8430529137273090E-007   4.9244267272530038E-007
  0.33714494784920374        1.8481471513320724E-007   4.9097397361334563E-007
  0.34102014531875563        1.8414108572739560E-007   4.8639705157057326E-007
  0.34491748677384776        1.8224114643854448E-007   4.7865112506029902E-007
  0.34883697221448023        1.7910175326868072E-007   4.6775542688111483E-007
  0.35277860164065294        1.7474782182012441E-007   4.5382760126171149E-007
  0.35674237505236595        1.6924702272136942E-007   4.3709308888377759E-007
  0.36072829244961935        1.6270612464845595E-007   4.1787274873363359E-007
  0.36473635383241287        1.5525921235495202E-007   3.9655013697318369E-007
  0.36876655920074691        1.4704977030936457E-007   3.7352427947171062E-007
  0.37281890855462113        1.3822030262184271E-007   3.4918302732831905E-007
  0.37689340189403564        1.2889990651722950E-007   3.2387213699008063E-007
  0.38099003921899044        1.1919889146270343E-007   2.9788295785628636E-007
  0.38510882052948553        1.0920851502064546E-007   2.7145323433731731E-007
  0.38924974582552091        9.9011164680502443E-008   2.4479370872839409E-007
  0.39341281510709664        8.8720585613674795E-008   2.1818776830862903E-007
  0.39759802837421271        7.8524081123775083E-008   1.9209276317399940E-007
  0.40180538562686896        6.8608462745668696E-008   1.6695524357434719E-007
  0.40603488686506556        5.9131585730913922E-008   1.4314233663646368E-007
  0.41028653208880245        5.0220759509501630E-008   1.2093998142858761E-007
  0.41456032129807963        4.1984240071307592E-008   1.0058255939188829E-007
  0.41885625449289710        3.4523118510459974E-008   8.2282554939110650E-008
  0.42317433167325491        2.7917541247233239E-008   6.6198440689942604E-008
  0.42751455283915302        2.2237289515009090E-008   5.2461010370174513E-008
  0.43187691799059130        1.7685394692679231E-008   4.1511173574447196E-008
  0.43626142712757005        1.4992982174968553E-008   3.5014253247960832E-008
  0.44066808025008902        1.7194952888539048E-008   3.9955396541045852E-008
