 #  phi,DGAMMADPHI(IPHI) 
   3.4906585039886591E-002   1.0254163058886380E-009   6.9813170079773182E-002
  0.10471975511965978        7.7647729107334286E-010   6.9813170079773182E-002
  0.17453292519943295        7.2532360717510768E-010   6.9813170079773182E-002
  0.24434609527920614        8.8317551274404543E-010   6.9813170079773182E-002
  0.31415926535897931        1.2486118298988366E-009   6.9813170079773182E-002
  0.38397243543875248        1.8326550061651622E-009   6.9813170079773182E-002
  0.45378560551852570        2.6883940735867682E-009   6.9813170079773182E-002
  0.52359877559829882        3.9777967971011967E-009   6.9813170079773182E-002
  0.59341194567807209        5.8346086461053731E-009   6.9813170079773182E-002
  0.66322511575784526        8.3402108521071458E-009   6.9813170079773182E-002
  0.73303828583761843        1.1462988893798709E-008   6.9813170079773182E-002
  0.80285145591739160        1.5046374624220919E-008   6.9813170079773182E-002
  0.87266462599716477        1.8900532067951152E-008   6.9813170079773182E-002
  0.94247779607693793        2.2384821920024894E-008   6.9813170079773182E-002
   1.0122909661567112        2.4475292283169060E-008   6.9813170079773182E-002
   1.0821041362364843        2.4475148261018351E-008   6.9813170079773182E-002
   1.1519173063162575        2.2384420926363924E-008   6.9813170079773182E-002
   1.2217304763960306        1.8899960034085507E-008   6.9813170079773182E-002
   1.2915436464758039        1.5045738648809076E-008   6.9813170079773182E-002
   1.3613568165555769        1.1462382511792027E-008   6.9813170079773182E-002
   1.4311699866353502        8.3396968651115433E-009   6.9813170079773182E-002
   1.5009831567151235        5.8342073842311593E-009   6.9813170079773182E-002
   1.5707963267948966        3.9775000523252407E-009   6.9813170079773182E-002
   1.6406094968746698        2.6881833645982265E-009   6.9813170079773182E-002
   1.7104226669544429        1.8325119771365789E-009   6.9813170079773182E-002
   1.7802358370342162        1.2485264513206837E-009   6.9813170079773182E-002
   1.8500490071139892        8.8314595133394645E-010   6.9813170079773182E-002
   1.9198621771937625        7.2534655050033066E-010   6.9813170079773182E-002
   1.9896753472735358        7.7653749081186120E-010   6.9813170079773182E-002
   2.0594885173533091        1.0254863925678172E-009   6.9813170079773182E-002
   2.1293016874330819        1.0254785261207013E-009   6.9813170079773182E-002
   2.1991148575128552        7.7652096118167058E-010   6.9813170079773182E-002
   2.2689280275926285        7.2534713840125867E-010   6.9813170079773182E-002
   2.3387411976724017        8.8319778704768040E-010   6.9813170079773182E-002
   2.4085543677521746        1.2486590861141729E-009   6.9813170079773182E-002
   2.4783675378319479        1.8327376170366746E-009   6.9813170079773182E-002
   2.5481807079117211        2.6884946292235523E-009   6.9813170079773182E-002
   2.6179938779914944        3.9778851594069741E-009   6.9813170079773182E-002
   2.6878070480712677        5.8346635887035932E-009   6.9813170079773182E-002
   2.7576202181510405        8.3402199552011069E-009   6.9813170079773182E-002
   2.8274333882308138        1.1462948712055767E-008   6.9813170079773182E-002
   2.8972465583105871        1.5046320022029389E-008   6.9813170079773182E-002
   2.9670597283903604        1.8900524320497798E-008   6.9813170079773182E-002
   3.0368728984701332        2.2384889132974375E-008   6.9813170079773182E-002
   3.1066860685499065        2.4475455544190950E-008   6.9813170079773182E-002
   3.1764992386296798        2.4475455544190950E-008   6.9813170079773182E-002
   3.2463124087094530        2.2384889132974375E-008   6.9813170079773182E-002
   3.3161255787892263        1.8900524320497798E-008   6.9813170079773182E-002
   3.3859387488689991        1.5046320022029389E-008   6.9813170079773182E-002
   3.4557519189487724        1.1462948712055793E-008   6.9813170079773182E-002
   3.5255650890285457        8.3402199552011102E-009   6.9813170079773182E-002
   3.5953782591083190        5.8346635887035833E-009   6.9813170079773182E-002
   3.6651914291880923        3.9778851594069658E-009   6.9813170079773182E-002
   3.7350045992678651        2.6884946292235572E-009   6.9813170079773182E-002
   3.8048177693476384        1.8327376170366753E-009   6.9813170079773182E-002
   3.8746309394274117        1.2486590861141747E-009   6.9813170079773182E-002
   3.9444441095071849        8.8319778704767792E-010   6.9813170079773182E-002
   4.0142572795869578        7.2534713840126508E-010   6.9813170079773182E-002
   4.0840704496667311        7.7652096118166582E-010   6.9813170079773182E-002
   4.1538836197465043        1.0254785261206411E-009   6.9813170079773182E-002
   4.2236967898262776        1.0254863925678298E-009   6.9813170079773182E-002
   4.2935099599060509        7.7653749081187020E-010   6.9813170079773182E-002
   4.3633231299858242        7.2534655050033779E-010   6.9813170079773182E-002
   4.4331363000655974        8.8314595133394780E-010   6.9813170079773182E-002
   4.5029494701453698        1.2485264513206802E-009   6.9813170079773182E-002
   4.5727626402251431        1.8325119771365727E-009   6.9813170079773182E-002
   4.6425758103049164        2.6881833645982269E-009   6.9813170079773182E-002
   4.7123889803846897        3.9775000523252556E-009   6.9813170079773182E-002
   4.7822021504644630        5.8342073842311634E-009   6.9813170079773182E-002
   4.8520153205442362        8.3396968651115234E-009   6.9813170079773182E-002
   4.9218284906240095        1.1462382511792065E-008   6.9813170079773182E-002
   4.9916416607037828        1.5045738648809053E-008   6.9813170079773182E-002
   5.0614548307835561        1.8899960034085570E-008   6.9813170079773182E-002
   5.1312680008633285        2.2384420926363799E-008   6.9813170079773182E-002
   5.2010811709431017        2.4475148261018189E-008   6.9813170079773182E-002
   5.2708943410228750        2.4475292283168878E-008   6.9813170079773182E-002
   5.3407075111026483        2.2384821920024894E-008   6.9813170079773182E-002
   5.4105206811824216        1.8900532067951158E-008   6.9813170079773182E-002
   5.4803338512621949        1.5046374624220981E-008   6.9813170079773182E-002
   5.5501470213419681        1.1462988893798706E-008   6.9813170079773182E-002
   5.6199601914217414        8.3402108521071557E-009   6.9813170079773182E-002
   5.6897733615015147        5.8346086461053540E-009   6.9813170079773182E-002
   5.7595865315812871        3.9777967971012306E-009   6.9813170079773182E-002
   5.8293997016610604        2.6883940735867749E-009   6.9813170079773182E-002
   5.8992128717408336        1.8326550061651657E-009   6.9813170079773182E-002
   5.9690260418206069        1.2486118298988399E-009   6.9813170079773182E-002
   6.0388392119003802        8.8317551274404657E-010   6.9813170079773182E-002
   6.1086523819801535        7.2532360717510799E-010   6.9813170079773182E-002
   6.1784655520599268        7.7647729107334286E-010   6.9813170079773182E-002
   6.2482787221397000        1.0254163058886376E-009   6.9813170079773182E-002
