 #  phi,DGAMMADPHI(IPHI) 
   3.4906585039886591E-002   1.3673529714096899E-009   6.9813170079773182E-002
  0.10471975511965978        1.0049209499912228E-009   6.9813170079773182E-002
  0.17453292519943295        8.8209042906767383E-010   6.9813170079773182E-002
  0.24434609527920614        1.0042216446260617E-009   6.9813170079773182E-002
  0.31415926535897931        1.3579889785858582E-009   6.9813170079773182E-002
  0.38397243543875248        1.9449019710721093E-009   6.9813170079773182E-002
  0.45378560551852570        2.8119321020304344E-009   6.9813170079773182E-002
  0.52359877559829882        4.1195678191810390E-009   6.9813170079773182E-002
  0.59341194567807209        6.0010457975897851E-009   6.9813170079773182E-002
  0.66322511575784526        8.5372798536469017E-009   6.9813170079773182E-002
  0.73303828583761843        1.1696298941764227E-008   6.9813170079773182E-002
  0.80285145591739160        1.5322311171376715E-008   6.9813170079773182E-002
  0.87266462599716477        1.9226521394993202E-008   6.9813170079773182E-002
  0.94247779607693793        2.2760400378110722E-008   6.9813170079773182E-002
   1.0122909661567112        2.4882883587515583E-008   6.9813170079773182E-002
   1.0821041362364843        2.4882613833593907E-008   6.9813170079773182E-002
   1.1519173063162575        2.2759653563139861E-008   6.9813170079773182E-002
   1.2217304763960306        1.9225463597670759E-008   6.9813170079773182E-002
   1.2915436464758039        1.5321147022093368E-008   6.9813170079773182E-002
   1.3613568165555769        1.1695208364976692E-008   6.9813170079773182E-002
   1.4311699866353502        8.5363839098567779E-009   6.9813170079773182E-002
   1.5009831567151235        6.0003770449031788E-009   6.9813170079773182E-002
   1.5707963267948966        4.1190993037072214E-009   6.9813170079773182E-002
   1.6406094968746698        2.8116181643203829E-009   6.9813170079773182E-002
   1.7104226669544429        1.9447009162903101E-009   6.9813170079773182E-002
   1.7802358370342162        1.3578759606236155E-009   6.9813170079773182E-002
   1.8500490071139892        1.0041897484877438E-009   6.9813170079773182E-002
   1.9198621771937625        8.8213385020271748E-010   6.9813170079773182E-002
   1.9896753472735358        1.0050155366474069E-009   6.9813170079773182E-002
   2.0594885173533091        1.3674527267801879E-009   6.9813170079773182E-002
   2.1293016874330819        1.3674336140240553E-009   6.9813170079773182E-002
   2.1991148575128552        1.0049722414168774E-009   6.9813170079773182E-002
   2.2689280275926285        8.8211096068105244E-010   6.9813170079773182E-002
   2.3387411976724017        1.0042470619433246E-009   6.9813170079773182E-002
   2.4085543677521746        1.3580709576790100E-009   6.9813170079773182E-002
   2.4783675378319479        1.9450626389713042E-009   6.9813170079773182E-002
   2.5481807079117211        2.8121395408481610E-009   6.9813170079773182E-002
   2.6179938779914944        4.1197650410555209E-009   6.9813170079773182E-002
   2.6878070480712677        6.0011934346922385E-009   6.9813170079773182E-002
   2.7576202181510405        8.5373416039619026E-009   6.9813170079773182E-002
   2.8274333882308138        1.1696241638225950E-008   6.9813170079773182E-002
   2.8972465583105871        1.5322201648267840E-008   6.9813170079773182E-002
   2.9670597283903604        1.9226518069295318E-008   6.9813170079773182E-002
   3.0368728984701332        2.2760582128528393E-008   6.9813170079773182E-002
   3.1066860685499065        2.4883275873877552E-008   6.9813170079773182E-002
   3.1764992386296798        2.4883275873877552E-008   6.9813170079773182E-002
   3.2463124087094530        2.2760582128528389E-008   6.9813170079773182E-002
   3.3161255787892263        1.9226518069295325E-008   6.9813170079773182E-002
   3.3859387488689991        1.5322201648267843E-008   6.9813170079773182E-002
   3.4557519189487724        1.1696241638225975E-008   6.9813170079773182E-002
   3.5255650890285457        8.5373416039619126E-009   6.9813170079773182E-002
   3.5953782591083190        6.0011934346922294E-009   6.9813170079773182E-002
   3.6651914291880923        4.1197650410555126E-009   6.9813170079773182E-002
   3.7350045992678651        2.8121395408481656E-009   6.9813170079773182E-002
   3.8048177693476384        1.9450626389713046E-009   6.9813170079773182E-002
   3.8746309394274117        1.3580709576790125E-009   6.9813170079773182E-002
   3.9444441095071849        1.0042470619433215E-009   6.9813170079773182E-002
   4.0142572795869578        8.8211096068106061E-010   6.9813170079773182E-002
   4.0840704496667311        1.0049722414168708E-009   6.9813170079773182E-002
   4.1538836197465043        1.3674336140239730E-009   6.9813170079773182E-002
   4.2236967898262776        1.3674527267802049E-009   6.9813170079773182E-002
   4.2935099599060509        1.0050155366474191E-009   6.9813170079773182E-002
   4.3633231299858242        8.8213385020272700E-010   6.9813170079773182E-002
   4.4331363000655974        1.0041897484877452E-009   6.9813170079773182E-002
   4.5029494701453698        1.3578759606236117E-009   6.9813170079773182E-002
   4.5727626402251431        1.9447009162903039E-009   6.9813170079773182E-002
   4.6425758103049164        2.8116181643203845E-009   6.9813170079773182E-002
   4.7123889803846897        4.1190993037072363E-009   6.9813170079773182E-002
   4.7822021504644630        6.0003770449031813E-009   6.9813170079773182E-002
   4.8520153205442362        8.5363839098567531E-009   6.9813170079773182E-002
   4.9218284906240095        1.1695208364976730E-008   6.9813170079773182E-002
   4.9916416607037828        1.5321147022093342E-008   6.9813170079773182E-002
   5.0614548307835561        1.9225463597670816E-008   6.9813170079773182E-002
   5.1312680008633285        2.2759653563139739E-008   6.9813170079773182E-002
   5.2010811709431017        2.4882613833593751E-008   6.9813170079773182E-002
   5.2708943410228750        2.4882883587515387E-008   6.9813170079773182E-002
   5.3407075111026483        2.2760400378110718E-008   6.9813170079773182E-002
   5.4105206811824216        1.9226521394993208E-008   6.9813170079773182E-002
   5.4803338512621949        1.5322311171376768E-008   6.9813170079773182E-002
   5.5501470213419681        1.1696298941764229E-008   6.9813170079773182E-002
   5.6199601914217414        8.5372798536469083E-009   6.9813170079773182E-002
   5.6897733615015147        6.0010457975897677E-009   6.9813170079773182E-002
   5.7595865315812871        4.1195678191810745E-009   6.9813170079773182E-002
   5.8293997016610604        2.8119321020304398E-009   6.9813170079773182E-002
   5.8992128717408336        1.9449019710721138E-009   6.9813170079773182E-002
   5.9690260418206069        1.3579889785858615E-009   6.9813170079773182E-002
   6.0388392119003802        1.0042216446260625E-009   6.9813170079773182E-002
   6.1086523819801535        8.8209042906767403E-010   6.9813170079773182E-002
   6.1784655520599268        1.0049209499912228E-009   6.9813170079773182E-002
   6.2482787221397000        1.3673529714096899E-009   6.9813170079773182E-002
