 #  r,DGAMMADR(IR) 
   5.0000000000000001E-003   3.3193816353340968E-011   1.0000000000000000E-002
   1.4999999999999999E-002   9.9636575710168120E-011   1.0000000000000000E-002
   2.5000000000000001E-002   1.6624404884730661E-010   1.0000000000000000E-002
   3.5000000000000003E-002   2.3312388469078862E-010   1.0000000000000000E-002
   4.4999999999999998E-002   3.0038070388759251E-010   1.0000000000000000E-002
   5.5000000000000000E-002   3.6811531547756862E-010   1.0000000000000000E-002
   6.5000000000000002E-002   4.3642437037098281E-010   1.0000000000000000E-002
   7.4999999999999997E-002   5.0540060302492176E-010   1.0000000000000000E-002
   8.5000000000000006E-002   5.7513437293779397E-010   1.0000000000000000E-002
   9.5000000000000001E-002   6.4571626348278669E-010   1.0000000000000000E-002
  0.10500000000000000        7.1723836561050588E-010   1.0000000000000000E-002
  0.11500000000000000        7.8979510900215221E-010   1.0000000000000000E-002
  0.12500000000000000        8.6348399094630547E-010   1.0000000000000000E-002
  0.13500000000000001        9.3840638269242996E-010   1.0000000000000000E-002
  0.14499999999999999        1.0146686123365309E-009   1.0000000000000000E-002
  0.15500000000000000        1.0923835124512257E-009   1.0000000000000000E-002
  0.16500000000000001        1.1716726582339870E-009   1.0000000000000000E-002
  0.17500000000000002        1.2526695802018004E-009   1.0000000000000000E-002
  0.18500000000000000        1.3355250384499077E-009   1.0000000000000000E-002
  0.19500000000000001        1.4204252072306218E-009   1.0000000000000000E-002
  0.20500000000000002        1.5076025290151240E-009   1.0000000000000000E-002
  0.21500000000000000        1.5973312084229592E-009   1.0000000000000000E-002
  0.22500000000000001        1.6899256748688450E-009   1.0000000000000000E-002
  0.23500000000000001        1.7857390222491265E-009   1.0000000000000000E-002
  0.24500000000000000        1.8851615625961068E-009   1.0000000000000000E-002
  0.25500000000000000        1.9886184377715673E-009   1.0000000000000000E-002
  0.26500000000000001        2.0965673927419090E-009   1.0000000000000000E-002
  0.27500000000000002        2.2094958004937584E-009   1.0000000000000000E-002
  0.28500000000000003        2.3279175523942193E-009   1.0000000000000000E-002
  0.29499999999999998        2.4523727034616813E-009   1.0000000000000000E-002
  0.30499999999999999        2.5834730059326238E-009   1.0000000000000000E-002
  0.31500000000000000        2.7219383235004068E-009   1.0000000000000000E-002
  0.32500000000000001        2.8685777757431512E-009   1.0000000000000000E-002
  0.33500000000000002        3.0242831727402431E-009   1.0000000000000000E-002
  0.34500000000000003        3.1900301692960223E-009   1.0000000000000000E-002
  0.35499999999999998        3.3668766998963208E-009   1.0000000000000000E-002
  0.36499999999999999        3.5559701334994563E-009   1.0000000000000000E-002
  0.37500000000000000        3.7585497490182718E-009   1.0000000000000000E-002
  0.38500000000000001        3.9759538424657756E-009   1.0000000000000000E-002
  0.39500000000000002        4.2096310149179749E-009   1.0000000000000000E-002
  0.40500000000000003        4.4611491009315267E-009   1.0000000000000000E-002
  0.41500000000000004        4.7322088583419851E-009   1.0000000000000000E-002
  0.42499999999999999        5.0246616751493297E-009   1.0000000000000000E-002
  0.43500000000000000        5.3405291417149045E-009   1.0000000000000000E-002
  0.44500000000000001        5.6820244979094106E-009   1.0000000000000000E-002
  0.45500000000000002        6.0515774660099413E-009   1.0000000000000000E-002
  0.46500000000000002        6.4519013746633094E-009   1.0000000000000000E-002
  0.47500000000000003        6.8861710412205254E-009   1.0000000000000000E-002
  0.48499999999999999        7.3580492019099042E-009   1.0000000000000000E-002
  0.49500000000000000        7.8715685427351290E-009   1.0000000000000000E-002
  0.50500000000000000        8.4311076235690713E-009   1.0000000000000000E-002
  0.51500000000000001        9.0414455312327909E-009   1.0000000000000000E-002
  0.52500000000000002        9.7078276213657655E-009   1.0000000000000000E-002
  0.53500000000000003        1.0435969897097619E-008   1.0000000000000000E-002
  0.54500000000000004        1.1232089850364200E-008   1.0000000000000000E-002
  0.55500000000000005        1.2102947227830775E-008   1.0000000000000000E-002
  0.56500000000000006        1.3055854298644876E-008   1.0000000000000000E-002
  0.57500000000000007        1.4098687552037634E-008   1.0000000000000000E-002
  0.58499999999999996        1.5239926260280700E-008   1.0000000000000000E-002
  0.59499999999999997        1.6488699560822198E-008   1.0000000000000000E-002
  0.60499999999999998        1.7854788150049516E-008   1.0000000000000000E-002
  0.61499999999999999        1.9348653607736778E-008   1.0000000000000000E-002
  0.62500000000000000        2.0981477148025120E-008   1.0000000000000000E-002
  0.63500000000000001        2.2765214560407527E-008   1.0000000000000000E-002
  0.64500000000000002        2.4712837518465921E-008   1.0000000000000000E-002
  0.65500000000000003        2.6840439583061573E-008   1.0000000000000000E-002
  0.66500000000000004        2.9168456716475699E-008   1.0000000000000000E-002
  0.67500000000000004        3.1721129626407805E-008   1.0000000000000000E-002
  0.68500000000000005        3.4526759820364414E-008   1.0000000000000000E-002
  0.69500000000000006        3.7617579762134704E-008   1.0000000000000000E-002
  0.70499999999999996        4.1030500129340559E-008   1.0000000000000000E-002
  0.71499999999999997        4.4807289121901483E-008   1.0000000000000000E-002
  0.72499999999999998        4.8994516028123420E-008   1.0000000000000000E-002
  0.73499999999999999        5.3644480047140647E-008   1.0000000000000000E-002
  0.74500000000000000        5.8815594775407548E-008   1.0000000000000000E-002
  0.75500000000000000        6.4572533448965213E-008   1.0000000000000000E-002
  0.76500000000000001        7.0986618741733176E-008   1.0000000000000000E-002
  0.77500000000000002        7.8137120348888707E-008   1.0000000000000000E-002
  0.78500000000000003        8.6122933828797537E-008   1.0000000000000000E-002
  0.79500000000000004        9.5071810264365129E-008   1.0000000000000000E-002
  0.80500000000000005        1.0513820035907418E-007   1.0000000000000000E-002
  0.81500000000000006        1.1650655217189568E-007   1.0000000000000000E-002
  0.82500000000000007        1.2939426992796268E-007   1.0000000000000000E-002
  0.83499999999999996        1.4405377253771146E-007   1.0000000000000000E-002
  0.84499999999999997        1.6078087055280342E-007   1.0000000000000000E-002
  0.85499999999999998        1.7992111310381747E-007   1.0000000000000000E-002
  0.86499999999999999        2.0187149268681283E-007   1.0000000000000000E-002
  0.87500000000000000        2.2709013044215252E-007   1.0000000000000000E-002
  0.88500000000000001        2.5615952910589624E-007   1.0000000000000000E-002
  0.89500000000000002        2.8986214407042245E-007   1.0000000000000000E-002
  0.90500000000000003        3.2918793986057720E-007   1.0000000000000000E-002
  0.91500000000000004        3.7535373947060880E-007   1.0000000000000000E-002
  0.92500000000000004        4.2985540602348359E-007   1.0000000000000000E-002
  0.93500000000000005        4.9450799027407886E-007   1.0000000000000000E-002
  0.94500000000000006        5.7150860060180348E-007   1.0000000000000000E-002
  0.95500000000000007        6.6402034797246797E-007   1.0000000000000000E-002
  0.96499999999999997        7.7773269132539489E-007   1.0000000000000000E-002
  0.97499999999999998        9.2155799188776006E-007   1.0000000000000000E-002
  0.98499999999999999        1.1089260586631624E-006   1.0000000000000000E-002
  0.99500000000000000        1.3643207230777171E-006   1.0000000000000000E-002
