 #  phi,DGAMMADPHI(IPHI) 
   3.4906585039886591E-002   3.4889586311572925E-009   6.9813170079773182E-002
  0.10471975511965978        2.5037471460949516E-009   6.9813170079773182E-002
  0.17453292519943295        2.0503810188019233E-009   6.9813170079773182E-002
  0.24434609527920614        2.0863692474213342E-009   6.9813170079773182E-002
  0.31415926535897931        2.5455296337068583E-009   6.9813170079773182E-002
  0.38397243543875248        3.4154808112460574E-009   6.9813170079773182E-002
  0.45378560551852570        4.7652208723843619E-009   6.9813170079773182E-002
  0.52359877559829882        6.8370274683815364E-009   6.9813170079773182E-002
  0.59341194567807209        9.8328746682408711E-009   6.9813170079773182E-002
  0.66322511575784526        1.3875453656521381E-008   6.9813170079773182E-002
  0.73303828583761843        1.8914954699242277E-008   6.9813170079773182E-002
  0.80285145591739160        2.4701476727538261E-008   6.9813170079773182E-002
  0.87266462599716477        3.0911345269666940E-008   6.9813170079773182E-002
  0.94247779607693793        3.6511187181255123E-008   6.9813170079773182E-002
   1.0122909661567112        3.9869642907543251E-008   6.9813170079773182E-002
   1.0821041362364843        3.9869431462077450E-008   6.9813170079773182E-002
   1.1519173063162575        3.6510594047593827E-008   6.9813170079773182E-002
   1.2217304763960306        3.0910495139956438E-008   6.9813170079773182E-002
   1.2915436464758039        2.4700533323643954E-008   6.9813170079773182E-002
   1.3613568165555769        1.8914067800237694E-008   6.9813170079773182E-002
   1.4311699866353502        1.3874727088327199E-008   6.9813170079773182E-002
   1.5009831567151235        9.8323378231741416E-009   6.9813170079773182E-002
   1.5707963267948966        6.8366588891678977E-009   6.9813170079773182E-002
   1.6406094968746698        4.7649833964874467E-009   6.9813170079773182E-002
   1.7104226669544429        3.4153405105781954E-009   6.9813170079773182E-002
   1.7802358370342162        2.5454636585496399E-009   6.9813170079773182E-002
   1.8500490071139892        2.0863676974698053E-009   6.9813170079773182E-002
   1.9198621771937625        2.0504347347531850E-009   6.9813170079773182E-002
   1.9896753472735358        2.5038325094593170E-009   6.9813170079773182E-002
   2.0594885173533091        3.4890383780958608E-009   6.9813170079773182E-002
   2.1293016874330819        3.4890221577789259E-009   6.9813170079773182E-002
   2.1991148575128552        2.5037910108626169E-009   6.9813170079773182E-002
   2.2689280275926285        2.0504050796874665E-009   6.9813170079773182E-002
   2.3387411976724017        2.0864013502667093E-009   6.9813170079773182E-002
   2.4085543677521746        2.5456097205727645E-009   6.9813170079773182E-002
   2.4783675378319479        3.4156263552643294E-009   6.9813170079773182E-002
   2.5481807079117211        4.7654086141506817E-009   6.9813170079773182E-002
   2.6179938779914944        6.8372055020697081E-009   6.9813170079773182E-002
   2.6878070480712677        9.8329918821004768E-009   6.9813170079773182E-002
   2.7576202181510405        1.3875486799239996E-008   6.9813170079773182E-002
   2.8274333882308138        1.8914919189707986E-008   6.9813170079773182E-002
   2.8972465583105871        2.4701422536549248E-008   6.9813170079773182E-002
   2.9670597283903604        3.0911330790392983E-008   6.9813170079773182E-002
   3.0368728984701332        3.6511255361516713E-008   6.9813170079773182E-002
   3.1066860685499065        3.9869848506670370E-008   6.9813170079773182E-002
   3.1764992386296798        3.9869848506670357E-008   6.9813170079773182E-002
   3.2463124087094530        3.6511255361516706E-008   6.9813170079773182E-002
   3.3161255787892263        3.0911330790392976E-008   6.9813170079773182E-002
   3.3859387488689991        2.4701422536549248E-008   6.9813170079773182E-002
   3.4557519189487724        1.8914919189708019E-008   6.9813170079773182E-002
   3.5255650890285457        1.3875486799240013E-008   6.9813170079773182E-002
   3.5953782591083190        9.8329918821004635E-009   6.9813170079773182E-002
   3.6651914291880923        6.8372055020696981E-009   6.9813170079773182E-002
   3.7350045992678651        4.7654086141506899E-009   6.9813170079773182E-002
   3.8048177693476384        3.4156263552643306E-009   6.9813170079773182E-002
   3.8746309394274117        2.5456097205727695E-009   6.9813170079773182E-002
   3.9444441095071849        2.0864013502667035E-009   6.9813170079773182E-002
   4.0142572795869578        2.0504050796874876E-009   6.9813170079773182E-002
   4.0840704496667311        2.5037910108625995E-009   6.9813170079773182E-002
   4.1538836197465043        3.4890221577787121E-009   6.9813170079773182E-002
   4.2236967898262776        3.4890383780959047E-009   6.9813170079773182E-002
   4.2935099599060509        2.5038325094593480E-009   6.9813170079773182E-002
   4.3633231299858242        2.0504347347532086E-009   6.9813170079773182E-002
   4.4331363000655974        2.0863676974698086E-009   6.9813170079773182E-002
   4.5029494701453698        2.5454636585496341E-009   6.9813170079773182E-002
   4.5727626402251431        3.4153405105781843E-009   6.9813170079773182E-002
   4.6425758103049164        4.7649833964874475E-009   6.9813170079773182E-002
   4.7123889803846897        6.8366588891679225E-009   6.9813170079773182E-002
   4.7822021504644630        9.8323378231741515E-009   6.9813170079773182E-002
   4.8520153205442362        1.3874727088327166E-008   6.9813170079773182E-002
   4.9218284906240095        1.8914067800237750E-008   6.9813170079773182E-002
   4.9916416607037828        2.4700533323643908E-008   6.9813170079773182E-002
   5.0614548307835561        3.0910495139956517E-008   6.9813170079773182E-002
   5.1312680008633285        3.6510594047593635E-008   6.9813170079773182E-002
   5.2010811709431017        3.9869431462077185E-008   6.9813170079773182E-002
   5.2708943410228750        3.9869642907542967E-008   6.9813170079773182E-002
   5.3407075111026483        3.6511187181255130E-008   6.9813170079773182E-002
   5.4105206811824216        3.0911345269666947E-008   6.9813170079773182E-002
   5.4803338512621949        2.4701476727538340E-008   6.9813170079773182E-002
   5.5501470213419681        1.8914954699242277E-008   6.9813170079773182E-002
   5.6199601914217414        1.3875453656521394E-008   6.9813170079773182E-002
   5.6897733615015147        9.8328746682408430E-009   6.9813170079773182E-002
   5.7595865315812871        6.8370274683815852E-009   6.9813170079773182E-002
   5.8293997016610604        4.7652208723843727E-009   6.9813170079773182E-002
   5.8992128717408336        3.4154808112460636E-009   6.9813170079773182E-002
   5.9690260418206069        2.5455296337068641E-009   6.9813170079773182E-002
   6.0388392119003802        2.0863692474213363E-009   6.9813170079773182E-002
   6.1086523819801535        2.0503810188019233E-009   6.9813170079773182E-002
   6.1784655520599268        2.5037471460949511E-009   6.9813170079773182E-002
   6.2482787221397000        3.4889586311572925E-009   6.9813170079773182E-002
