 #  r,DGAMMADR(IR) 
   5.0000000000000001E-003   5.4185736063062948E-011   1.0000000000000000E-002
   1.4999999999999999E-002   1.6259219221091268E-010   1.0000000000000000E-002
   2.5000000000000001E-002   2.7110327491097219E-010   1.0000000000000000E-002
   3.5000000000000003E-002   3.7978776102395994E-010   1.0000000000000000E-002
   4.4999999999999998E-002   4.8871335590907771E-010   1.0000000000000000E-002
   5.5000000000000000E-002   5.9794705054824609E-010   1.0000000000000000E-002
   6.5000000000000002E-002   7.0755627895559892E-010   1.0000000000000000E-002
   7.4999999999999997E-002   8.1761121488463774E-010   1.0000000000000000E-002
   8.5000000000000006E-002   9.2819185036120325E-010   1.0000000000000000E-002
   9.5000000000000001E-002   1.0393977265119394E-009   1.0000000000000000E-002
  0.10500000000000000        1.1513500019501635E-009   1.0000000000000000E-002
  0.11500000000000000        1.2641932232397739E-009   1.0000000000000000E-002
  0.12500000000000000        1.3780974254288651E-009   1.0000000000000000E-002
  0.13500000000000001        1.4932606089421610E-009   1.0000000000000000E-002
  0.14499999999999999        1.6099119127040827E-009   1.0000000000000000E-002
  0.15500000000000000        1.7283158213289104E-009   1.0000000000000000E-002
  0.16500000000000001        1.8487778266974766E-009   1.0000000000000000E-002
  0.17500000000000002        1.9716520752510180E-009   1.0000000000000000E-002
  0.18500000000000000        2.0973519315548114E-009   1.0000000000000000E-002
  0.19500000000000001        2.2263703493057508E-009   1.0000000000000000E-002
  0.20500000000000002        2.3592898457846462E-009   1.0000000000000000E-002
  0.21500000000000000        2.4967783323670501E-009   1.0000000000000000E-002
  0.22500000000000001        2.6395870454703253E-009   1.0000000000000000E-002
  0.23500000000000001        2.7885477711333074E-009   1.0000000000000000E-002
  0.24500000000000000        2.9445691585722315E-009   1.0000000000000000E-002
  0.25500000000000000        3.1086324460914457E-009   1.0000000000000000E-002
  0.26500000000000001        3.2817858474151272E-009   1.0000000000000000E-002
  0.27500000000000002        3.4651387973499585E-009   1.0000000000000000E-002
  0.28500000000000003        3.6598552844896459E-009   1.0000000000000000E-002
  0.29499999999999998        3.8671518097788146E-009   1.0000000000000000E-002
  0.30499999999999999        4.0883755836085804E-009   1.0000000000000000E-002
  0.31500000000000000        4.3250662639550129E-009   1.0000000000000000E-002
  0.32500000000000001        4.5789219693151197E-009   1.0000000000000000E-002
  0.33500000000000002        4.8517856568872263E-009   1.0000000000000000E-002
  0.34500000000000003        5.1456445432222403E-009   1.0000000000000000E-002
  0.35499999999999998        5.4626236208262578E-009   1.0000000000000000E-002
  0.36499999999999999        5.8049970488576673E-009   1.0000000000000000E-002
  0.37500000000000000        6.1751875121199737E-009   1.0000000000000000E-002
  0.38500000000000001        6.5757748904106654E-009   1.0000000000000000E-002
  0.39500000000000002        7.0095127181298979E-009   1.0000000000000000E-002
  0.40500000000000003        7.4793369662550149E-009   1.0000000000000000E-002
  0.41500000000000004        7.9883849659229848E-009   1.0000000000000000E-002
  0.42499999999999999        8.5400221198277702E-009   1.0000000000000000E-002
  0.43500000000000000        9.1378706439222704E-009   1.0000000000000000E-002
  0.44500000000000001        9.7858404967005035E-009   1.0000000000000000E-002
  0.45500000000000002        1.0488166123682066E-008   1.0000000000000000E-002
  0.46500000000000002        1.1249527247074109E-008   1.0000000000000000E-002
  0.47500000000000003        1.2075386978162195E-008   1.0000000000000000E-002
  0.48499999999999999        1.2972040793338595E-008   1.0000000000000000E-002
  0.49500000000000000        1.3946487725490684E-008   1.0000000000000000E-002
  0.50500000000000000        1.5006433926896866E-008   1.0000000000000000E-002
  0.51500000000000001        1.6160358591674661E-008   1.0000000000000000E-002
  0.52500000000000002        1.7417626995381034E-008   1.0000000000000000E-002
  0.53500000000000003        1.8788510918761795E-008   1.0000000000000000E-002
  0.54500000000000004        2.0284238380312908E-008   1.0000000000000000E-002
  0.55500000000000005        2.1917093855899394E-008   1.0000000000000000E-002
  0.56500000000000006        2.3700448683474274E-008   1.0000000000000000E-002
  0.57500000000000007        2.5648787722494228E-008   1.0000000000000000E-002
  0.58499999999999996        2.7777799659879821E-008   1.0000000000000000E-002
  0.59499999999999997        3.0104485245583216E-008   1.0000000000000000E-002
  0.60499999999999998        3.2647171964283502E-008   1.0000000000000000E-002
  0.61499999999999999        3.5425583568096427E-008   1.0000000000000000E-002
  0.62500000000000000        3.8460924783711747E-008   1.0000000000000000E-002
  0.63500000000000001        4.1775991625548029E-008   1.0000000000000000E-002
  0.64500000000000002        4.5395561072793721E-008   1.0000000000000000E-002
  0.65500000000000003        4.9349610168630360E-008   1.0000000000000000E-002
  0.66500000000000004        5.3675186680317099E-008   1.0000000000000000E-002
  0.67500000000000004        5.8415622575831471E-008   1.0000000000000000E-002
  0.68500000000000005        6.3620961758637914E-008   1.0000000000000000E-002
  0.69500000000000006        6.9347796656922458E-008   1.0000000000000000E-002
  0.70499999999999996        7.5660468171793364E-008   1.0000000000000000E-002
  0.71499999999999997        8.2631377582945940E-008   1.0000000000000000E-002
  0.72499999999999998        9.0340931976753386E-008   1.0000000000000000E-002
  0.73499999999999999        9.8879067699743910E-008   1.0000000000000000E-002
  0.74500000000000000        1.0834590644422178E-007   1.0000000000000000E-002
  0.75500000000000000        1.1885203220629871E-007   1.0000000000000000E-002
  0.76500000000000001        1.3051918042839099E-007   1.0000000000000000E-002
  0.77500000000000002        1.4348262356763749E-007   1.0000000000000000E-002
  0.78500000000000003        1.5791126000755258E-007   1.0000000000000000E-002
  0.79500000000000004        1.7402324756620986E-007   1.0000000000000000E-002
  0.80500000000000005        1.9208228270465254E-007   1.0000000000000000E-002
  0.81500000000000006        2.1240315030796979E-007   1.0000000000000000E-002
  0.82500000000000007        2.3535677296667326E-007   1.0000000000000000E-002
  0.83499999999999996        2.6137386223629048E-007   1.0000000000000000E-002
  0.84499999999999997        2.9095915697331636E-007   1.0000000000000000E-002
  0.85499999999999998        3.2470239272114261E-007   1.0000000000000000E-002
  0.86499999999999999        3.6328176687938527E-007   1.0000000000000000E-002
  0.87500000000000000        4.0748089175248273E-007   1.0000000000000000E-002
  0.88500000000000001        4.5829355963157164E-007   1.0000000000000000E-002
  0.89500000000000002        5.1704851709882885E-007   1.0000000000000000E-002
  0.90500000000000003        5.8542389634110060E-007   1.0000000000000000E-002
  0.91500000000000004        6.6548248516862405E-007   1.0000000000000000E-002
  0.92500000000000004        7.5976214200355945E-007   1.0000000000000000E-002
  0.93500000000000005        8.7135198227651700E-007   1.0000000000000000E-002
  0.94500000000000006        1.0040170060665576E-006   1.0000000000000000E-002
  0.95500000000000007        1.1631989860540740E-006   1.0000000000000000E-002
  0.96499999999999997        1.3586649885003153E-006   1.0000000000000000E-002
  0.97499999999999998        1.6059264769257891E-006   1.0000000000000000E-002
  0.98499999999999999        1.9295704585917253E-006   1.0000000000000000E-002
  0.99500000000000000        2.3837510554991192E-006   1.0000000000000000E-002
