 #  phi,DGAMMADPHI(IPHI) 
   3.4906585039886591E-002   2.0580585363791702E-009   6.9813170079773182E-002
  0.10471975511965978        1.5009877613724983E-009   6.9813170079773182E-002
  0.17453292519943295        1.2829306051669177E-009   6.9813170079773182E-002
  0.24434609527920614        1.3970895341060927E-009   6.9813170079773182E-002
  0.31415926535897931        1.8141371643944974E-009   6.9813170079773182E-002
  0.38397243543875248        2.5330616516436274E-009   6.9813170079773182E-002
  0.45378560551852570        3.6161765886595436E-009   6.9813170079773182E-002
  0.52359877559829882        5.2726929106144180E-009   6.9813170079773182E-002
  0.59341194567807209        7.6790503228884879E-009   6.9813170079773182E-002
  0.66322511575784526        1.0945904286319103E-008   6.9813170079773182E-002
  0.73303828583761843        1.5037332230269580E-008   6.9813170079773182E-002
  0.80285145591739160        1.9750751537791018E-008   6.9813170079773182E-002
  0.87266462599716477        2.4830850464648699E-008   6.9813170079773182E-002
  0.94247779607693793        2.9428351267133284E-008   6.9813170079773182E-002
   1.0122909661567112        3.2189473368419224E-008   6.9813170079773182E-002
   1.0821041362364843        3.2189345291240313E-008   6.9813170079773182E-002
   1.1519173063162575        2.9427992098397506E-008   6.9813170079773182E-002
   1.2217304763960306        2.4830333835423462E-008   6.9813170079773182E-002
   1.2915436464758039        1.9750171685116997E-008   6.9813170079773182E-002
   1.3613568165555769        1.5036772124742464E-008   6.9813170079773182E-002
   1.4311699866353502        1.0945419666434349E-008   6.9813170079773182E-002
   1.5009831567151235        7.6786611460419945E-009   6.9813170079773182E-002
   1.5707963267948966        5.2723966523137283E-009   6.9813170079773182E-002
   1.6406094968746698        3.6159624382183742E-009   6.9813170079773182E-002
   1.7104226669544429        2.5329172941207397E-009   6.9813170079773182E-002
   1.7802358370342162        1.8140547041899256E-009   6.9813170079773182E-002
   1.8500490071139892        1.3970662424861925E-009   6.9813170079773182E-002
   1.9198621771937625        1.2829603268613987E-009   6.9813170079773182E-002
   1.9896753472735358        1.5010514959420692E-009   6.9813170079773182E-002
   2.0594885173533091        2.0581273976591432E-009   6.9813170079773182E-002
   2.1293016874330819        2.0581235277982641E-009   6.9813170079773182E-002
   2.1991148575128552        1.5010409327506953E-009   6.9813170079773182E-002
   2.2689280275926285        1.2829655783923188E-009   6.9813170079773182E-002
   2.3387411976724017        1.3971207876328955E-009   6.9813170079773182E-002
   2.4085543677521746        1.8141881458330489E-009   6.9813170079773182E-002
   2.4783675378319479        2.5331422044609802E-009   6.9813170079773182E-002
   2.5481807079117211        3.6162709271003558E-009   6.9813170079773182E-002
   2.6179938779914944        5.2727701275882922E-009   6.9813170079773182E-002
   2.6878070480712677        7.6790862350129206E-009   6.9813170079773182E-002
   2.7576202181510405        1.0945894050924427E-008   6.9813170079773182E-002
   2.8274333882308138        1.5037288718019960E-008   6.9813170079773182E-002
   2.8972465583105871        1.9750703985870065E-008   6.9813170079773182E-002
   2.9670597283903604        2.4830830921399811E-008   6.9813170079773182E-002
   3.0368728984701332        2.9428378282910168E-008   6.9813170079773182E-002
   3.1066860685499065        3.2189576913055932E-008   6.9813170079773182E-002
   3.1764992386296798        3.2189576913055926E-008   6.9813170079773182E-002
   3.2463124087094530        2.9428378282910171E-008   6.9813170079773182E-002
   3.3161255787892263        2.4830830921399817E-008   6.9813170079773182E-002
   3.3859387488689991        1.9750703985870069E-008   6.9813170079773182E-002
   3.4557519189487724        1.5037288718019996E-008   6.9813170079773182E-002
   3.5255650890285457        1.0945894050924438E-008   6.9813170079773182E-002
   3.5953782591083190        7.6790862350129058E-009   6.9813170079773182E-002
   3.6651914291880923        5.2727701275882839E-009   6.9813170079773182E-002
   3.7350045992678651        3.6162709271003632E-009   6.9813170079773182E-002
   3.8048177693476384        2.5331422044609814E-009   6.9813170079773182E-002
   3.8746309394274117        1.8141881458330518E-009   6.9813170079773182E-002
   3.9444441095071849        1.3971207876328914E-009   6.9813170079773182E-002
   4.0142572795869578        1.2829655783923314E-009   6.9813170079773182E-002
   4.0840704496667311        1.5010409327506847E-009   6.9813170079773182E-002
   4.1538836197465043        2.0581235277981409E-009   6.9813170079773182E-002
   4.2236967898262776        2.0581273976591684E-009   6.9813170079773182E-002
   4.2935099599060509        1.5010514959420874E-009   6.9813170079773182E-002
   4.3633231299858242        1.2829603268614134E-009   6.9813170079773182E-002
   4.4331363000655974        1.3970662424861950E-009   6.9813170079773182E-002
   4.5029494701453698        1.8140547041899217E-009   6.9813170079773182E-002
   4.5727626402251431        2.5329172941207314E-009   6.9813170079773182E-002
   4.6425758103049164        3.6159624382183747E-009   6.9813170079773182E-002
   4.7123889803846897        5.2723966523137506E-009   6.9813170079773182E-002
   4.7822021504644630        7.6786611460419995E-009   6.9813170079773182E-002
   4.8520153205442362        1.0945419666434321E-008   6.9813170079773182E-002
   4.9218284906240095        1.5036772124742513E-008   6.9813170079773182E-002
   4.9916416607037828        1.9750171685116968E-008   6.9813170079773182E-002
   5.0614548307835561        2.4830333835423535E-008   6.9813170079773182E-002
   5.1312680008633285        2.9427992098397350E-008   6.9813170079773182E-002
   5.2010811709431017        3.2189345291240095E-008   6.9813170079773182E-002
   5.2708943410228750        3.2189473368418985E-008   6.9813170079773182E-002
   5.3407075111026483        2.9428351267133287E-008   6.9813170079773182E-002
   5.4105206811824216        2.4830850464648709E-008   6.9813170079773182E-002
   5.4803338512621949        1.9750751537791084E-008   6.9813170079773182E-002
   5.5501470213419681        1.5037332230269577E-008   6.9813170079773182E-002
   5.6199601914217414        1.0945904286319106E-008   6.9813170079773182E-002
   5.6897733615015147        7.6790503228884664E-009   6.9813170079773182E-002
   5.7595865315812871        5.2726929106144586E-009   6.9813170079773182E-002
   5.8293997016610604        3.6161765886595502E-009   6.9813170079773182E-002
   5.8992128717408336        2.5330616516436332E-009   6.9813170079773182E-002
   5.9690260418206069        1.8141371643945017E-009   6.9813170079773182E-002
   6.0388392119003802        1.3970895341060943E-009   6.9813170079773182E-002
   6.1086523819801535        1.2829306051669177E-009   6.9813170079773182E-002
   6.1784655520599268        1.5009877613724983E-009   6.9813170079773182E-002
   6.2482787221397000        2.0580585363791698E-009   6.9813170079773182E-002
