 #   q  dGamma/dq   dGamma/dE1 
   2.7679981925370382E-006   4.0707769886188490E-011   3.7741978379375331E-008
   2.4911983732833341E-005   3.6557101992059315E-010   1.1297903380234420E-007
   6.9199954813425955E-005   1.0110437955088010E-009   1.8747670617859822E-007
   1.3563191143431489E-004   1.9686538069682847E-009   2.6074660448924360E-007
   2.2420785359550006E-004   3.2257843923661654E-009   3.3230752625793822E-007
   3.3492778129698159E-004   4.7657949427568346E-009   4.0168907265559552E-007
   4.6779169453875936E-004   6.5681965420505042E-009   4.6843586442632085E-007
   6.2279959332083360E-004   8.6088877188777903E-009   5.3211210057238475E-007
   7.9995147764320388E-004   1.0860470914547598E-008   5.9230730123032831E-007
   9.9924734750587085E-004   1.3292672284479403E-008   6.4864346583825211E-007
   1.2206872029088339E-003   1.5872878550278299E-008   7.0078330867611868E-007
   1.4642710438520930E-003   1.8566805658457613E-008   7.4843951081055184E-007
   1.7299988703356488E-003   2.1339312505598777E-008   7.9138491100717179E-007
   2.0178706823595007E-003   2.4155367511078334E-008   8.2946341593213436E-007
   2.3278864799236489E-003   2.6981176020890432E-008   8.6260153763715711E-007
   2.6600462630280929E-003   2.9785465371103608E-008   8.9082018018703075E-007
   3.0143500316728348E-003   3.2540925534020001E-008   9.1424651138081375E-007
   3.3907977858578715E-003   3.5225686329065987E-008   9.3312273276243923E-007
   3.7893895255832052E-003   3.7821120070414402E-008   9.4771992826219251E-007
   4.2101252508488342E-003   4.0309415669701885E-008   9.5827298776607836E-007
   4.6530049616547598E-003   4.2675955043396370E-008   9.6504317328848723E-007
   5.1180286580009837E-003   4.4909475358778518E-008   9.6831548418520159E-007
   5.6051963398875025E-003   4.7001949255245325E-008   9.6839091436330322E-007
   6.1145080073143170E-003   4.8948355516595336E-008   9.6557852535765526E-007
   6.6459636602814297E-003   5.0746344273194166E-008   9.6018746506162407E-007
   7.1995632987888348E-003   5.2395801638780515E-008   9.5251903619560088E-007
   7.7753069228365399E-003   5.3898320022359612E-008   9.4285891054097329E-007
   8.3731945324245390E-003   5.5256582963498365E-008   9.3146960099315984E-007
   8.9932261275528381E-003   5.6473668621638592E-008   9.1858319529704292E-007
   9.6354017082214312E-003   5.7552278676191485E-008   9.0439439554855725E-007
   1.0299721274430318E-002   5.8493898991258506E-008   8.8905388985923595E-007
   1.0986184826179505E-002   5.9297898654345538E-008   8.7266207963698445E-007
   1.1694792363468985E-002   5.9960575592476965E-008   8.5526320290023172E-007
   1.2425543886298764E-002   6.0474160536612605E-008   8.3683993375767573E-007
   1.3178439394668836E-002   6.0826089109583151E-008   8.1731252385100701E-007
   1.3953478888579209E-002   6.1009889436613333E-008   7.9668976870878687E-007
   1.4750662368029877E-002   6.1032551794019710E-008   7.7515047746148307E-007
   1.5569989833020839E-002   6.0903084507158939E-008   7.5287933323554252E-007
   1.6411461283552097E-002   6.0631400751256474E-008   7.3005272644859854E-007
   1.7275076719623653E-002   6.0228086647946703E-008   7.0683708289945010E-007
   1.8160836141235506E-002   5.9704167214552347E-008   6.8338741497037944E-007
   1.9068739548387656E-002   5.9070862476198729E-008   6.5984597240899295E-007
   1.9998786941080097E-002   5.8339349937201960E-008   6.3634115295221024E-007
   2.0950978319312842E-002   5.7520523928365461E-008   6.1298652991609498E-007
   2.1925313683085874E-002   5.6624758559608557E-008   5.8988004845518418E-007
   2.2921793032399211E-002   5.5661684958781221E-008   5.6710347336296552E-007
   2.3940416367252845E-002   5.4639977546724107E-008   5.4472199820889348E-007
   2.4981183687646766E-002   5.3567121889712464E-008   5.2278372405363173E-007
   2.6044094993580992E-002   5.2449224856403170E-008   5.0131960700756966E-007
   2.7129150285055512E-002   5.1290849754408843E-008   4.8034364608244756E-007
   2.8236349562070325E-002   5.0094816592816741E-008   4.5985272859246225E-007
   2.9365692824625436E-002   4.8862122159212869E-008   4.3982757206534321E-007
   3.0517180072720848E-002   4.7596338025528567E-008   4.2027309837650160E-007
   3.1690811306356551E-002   4.6306578739806296E-008   4.0124189074635904E-007
   3.2886586525532543E-002   4.5001893631996425E-008   3.8278211833709629E-007
   3.4104505730248841E-002   4.3690661904117381E-008   3.6493288131435774E-007
   3.5344568920505443E-002   4.2380508229088798E-008   3.4772432091717457E-007
   3.6606776096302328E-002   4.1078229770137803E-008   3.3117781011641613E-007
   3.7891127257639504E-002   3.9789733597066912E-008   3.1530620710648818E-007
   3.9197622404517005E-002   3.8519959215668657E-008   3.0011396724945030E-007
   4.0526261536934775E-002   3.7272804104205205E-008   2.8559726695842260E-007
   4.1877044654892844E-002   3.6051062022743665E-008   2.7174421177351102E-007
   4.3249971758391223E-002   3.4856387858568780E-008   2.5853522128463612E-007
   4.4645042847429886E-002   3.3689274173511033E-008   2.4594346311176828E-007
   4.6062257922008847E-002   3.2549044055421898E-008   2.3393536369551088E-007
   4.7501616982128098E-002   3.1433833772585473E-008   2.2247100012862442E-007
   4.8963120027787667E-002   3.0340581852631765E-008   2.1150450141959554E-007
   5.0446767058987520E-002   2.9265046195174022E-008   2.0098460661654501E-007
   5.1952558075727663E-002   2.8201878667770942E-008   1.9085556306144438E-007
   5.3480493078008118E-002   2.7148591374043115E-008   1.8108390495191641E-007
   5.5030572065828856E-002   2.6108717923514674E-008   1.7167765961697553E-007
   5.6602795039189878E-002   2.5086083869967056E-008   1.6264629813272118E-007
   5.8197161998091239E-002   2.4084175022198158E-008   1.5399659667010263E-007
   5.9813672942532863E-002   2.3106140216138727E-008   1.4573283730582714E-007
   6.1452327872514777E-002   2.2154767754505772E-008   1.3785682880826917E-007
   6.3113126788036988E-002   2.1232446122287957E-008   1.3036782922467589E-007
   6.4796069689099525E-002   2.0341176349971812E-008   1.2326278751323537E-007
   6.6501156575702339E-002   1.9482580176996218E-008   1.1653654134689110E-007
   6.8228387447845443E-002   1.8657897760001818E-008   1.1018193805645537E-007
   6.9977762305528865E-002   1.7867974013032336E-008   1.0418988015775603E-007
   7.1749281148752564E-002   1.7113262782504138E-008   9.8549470189830554E-008
   7.3542943977516553E-002   1.6393882327865275E-008   9.3248436717053633E-008
   7.5358750791820847E-002   1.5709647112077308E-008   8.8273396232845631E-008
   7.7196701591665459E-002   1.5060080539269382E-008   8.3609990467177828E-008
   7.9056796377050348E-002   1.4444435523742047E-008   7.9243056907696463E-008
   8.0939035147975513E-002   1.3861730897191289E-008   7.5156873227645867E-008
   8.2843417904441011E-002   1.3311652162958030E-008   7.1340016981514483E-008
   8.4769944646446785E-002   1.2795422280125008E-008   6.7789733283508927E-008
   8.6718615373992863E-002   1.2314374840854994E-008   6.4503971269983474E-008
   8.8689430087079246E-002   1.1869776900767018E-008   6.1480427104830630E-008
   9.0682388785705906E-002   1.1462772352579545E-008   5.8716267896157798E-008
   9.2697491469872870E-002   1.1094319179793209E-008   5.6207842710850357E-008
   9.4734738139580110E-002   1.0765071007347399E-008   5.3950133173350530E-008
   9.6794128794827683E-002   1.0475142058076396E-008   5.1935661247119643E-008
   9.8875663435615532E-002   1.0223703355961874E-008   5.0152638540148824E-008
  0.10097934206194367        1.0008280246809432E-008   4.8581782031802310E-008
  0.10310516467381214        9.8236294607154293E-009   4.7191307964579174E-008
  0.10525313127122086        9.6603451151565091E-009   4.5930945028858732E-008
  0.10742324185416992        9.5041216368569324E-009   4.4729403894390370E-008
  0.10961549642265922        9.3377633491524083E-009   4.3504796093475723E-008
  0.11182989497668885        9.1474937327987992E-009   4.2194263806107056E-008
  0.11406643751625881        8.9303176942813513E-009   4.0786667440774508E-008
  0.11632512404136904        8.6950037108514754E-009   3.9324504697516793E-008
  0.11860595455201955        8.4560950204012702E-009   3.7874495764456567E-008
  0.12090892904821036        8.2276219964600239E-009   3.6498531830695774E-008
  0.12323404752994145        8.0197025626867192E-009   3.5238966003538306E-008
  0.12558130999721287        7.8386958565429173E-009   3.4120199455073597E-008
  0.12795071645002457        7.6883874412450023E-009   3.3154627384518466E-008
  0.13034226688837661        7.5710447020783705E-009   3.2347701527185809E-008
  0.13275596131226891        7.4881610836271731E-009   3.1701397962580634E-008
  0.13519179972170148        7.4408500358126088E-009   3.1216027075472963E-008
  0.13764978211667434        7.4300634377240770E-009   3.0891216369197367E-008
  0.14012990849718754        7.4567425809709309E-009   3.0726562964204564E-008
  0.14263217886324100        7.5219041631130804E-009   3.0721986162604046E-008
  0.14515659321483476        7.6266221752170449E-009   3.0877640047873850E-008
  0.14770315155196892        7.7720080513632930E-009   3.1193823648992357E-008
  0.15027185387464329        7.9591955504156556E-009   3.1670914561739114E-008
  0.15286270018285794        8.1893512449026798E-009   3.2309406987158453E-008
  0.15547569047661289        8.4635834422379118E-009   3.3109550511189855E-008
  0.15811082475590812        8.7828970828826655E-009   3.4071185377630287E-008
  0.16076810302074368        9.1484582948294800E-009   3.5194777233416231E-008
  0.16344752527111958        9.5621814427282277E-009   3.6483631224270775E-008
  0.16614909150703572        1.0026371784290311E-008   3.7942423814786988E-008
  0.16887280172849214        1.0543610350854227E-008   3.9576715154741309E-008
  0.17161865593548889        1.1116680395498935E-008   4.1392639721394370E-008
  0.17438665412802593        1.1748522191451642E-008   4.3396716472179632E-008
  0.17717679630610325        1.2442206568852681E-008   4.5595736670630854E-008
  0.17998908246972087        1.3200927234937939E-008   4.7996725284968847E-008
  0.18282351261887883        1.4027974048380095E-008   5.0606835479968812E-008
  0.18568008675357708        1.4926728945069558E-008   5.3433329082772432E-008
  0.18855880487381557        1.5900900131285245E-008   5.6484404338630069E-008
  0.19145966697959438        1.6954989453698086E-008   5.9770807908131169E-008
  0.19438267307091348        1.8094385846265526E-008   6.3306065639301646E-008
  0.19732782314777286        1.9325433969425345E-008   6.7106616824403751E-008
  0.20029511721017257        2.0655365439942801E-008   7.1191468867964940E-008
  0.20328455525811262        2.2092662149322197E-008   7.5583345506282210E-008
  0.20629613729159293        2.3646780728702924E-008   8.0307614924164373E-008
  0.20932986331061351        2.5328354624729650E-008   8.5392874878618801E-008
  0.21238573331517438        2.7147540135442320E-008   9.0865300138625759E-008
  0.21546374730527554        2.9114433677857364E-008   9.6750115951646582E-008
  0.21856390528091704        3.1239890594753460E-008   1.0307433344323535E-007
  0.22168620724209886        3.3535069563129931E-008   1.0986519393541568E-007
  0.22483065318882095        3.6010662027108888E-008   1.1714765410848135E-007
  0.22799724312108330        3.8677124625087931E-008   1.2494521645373496E-007
  0.23118597703888596        4.1545700905801778E-008   1.3328325737089944E-007
  0.23439685494222889        4.4627867413552337E-008   1.4218719796527578E-007
  0.23762987683111214        4.7934354978697851E-008   1.5167940557662457E-007
  0.24088504270553571        5.1474909755049136E-008   1.6177854627011577E-007
  0.24416235256549962        5.5257194947347005E-008   1.7249628098311196E-007
  0.24746180641100377        5.9287622668794947E-008   1.8384007924851233E-007
  0.25078340424204820        6.3570364321460812E-008   1.9581031020417741E-007
  0.25412714605863290        6.8105848352445399E-008   2.0839588024008156E-007
  0.25749303186075795        7.2891473742803686E-008   2.2157677770222341E-007
  0.26088106164842323        7.7920375804058872E-008   2.3532063607068873E-007
  0.26429123542162886        8.3182048328246997E-008   2.4958500053424811E-007
  0.26772355318037488        8.8669203479917201E-008   2.6433810288728051E-007
  0.27117801492466109        9.4378944943221846E-008   2.7956199511005042E-007
  0.27465462065448759        1.0030879035529103E-007   2.9524040339970354E-007
  0.27815337036985438        1.0645391698655916E-007   3.1135061967165378E-007
  0.28167426407076152        1.1280270218955716E-007   3.2785074198329281E-007
  0.28521730175720889        1.1933674779595251E-007   3.4468034293946548E-007
  0.28878248342919660        1.2602820220647306E-007   3.6175335652020858E-007
  0.29236980908672466        1.3283524698256706E-007   3.7894599132770080E-007
  0.29597927872979296        1.3970298628836839E-007   3.9610040610571537E-007
  0.29961089235840155        1.4656328328127977E-007   4.1302528362727801E-007
  0.30326464997255043        1.5332997831088625E-007   4.2948344803576318E-007
  0.30694055157223959        1.5989783255933754E-007   4.4519030084626782E-007
  0.31063859715746905        1.6614665072176121E-007   4.5982664645631943E-007
  0.31435878672823886        1.7194895661094520E-007   4.7306083566101179E-007
  0.31810112028454895        1.7717514402300763E-007   4.8456322031957799E-007
  0.32186559782639929        1.8169880836386668E-007   4.9402059082358527E-007
  0.32565221935378996        1.8539819075143049E-007   5.0113960031223025E-007
  0.32946098486672093        1.8815017453033921E-007   5.0563005532496530E-007
  0.33329189436519219        1.8984269947636896E-007   5.0723799426065222E-007
  0.33714494784920374        1.9038187187271729E-007   5.0576353765945249E-007
  0.34102014531875563        1.8969580696058059E-007   5.0106949699167510E-007
  0.34491748677384776        1.8773864173890449E-007   4.9309013821377693E-007
  0.34883697221448023        1.8449578956976094E-007   4.8184289228319259E-007
  0.35277860164065294        1.7999225144964484E-007   4.6744761033513508E-007
  0.35674237505236595        1.7429754603317715E-007   4.5013644290762851E-007
  0.36072829244961935        1.6752195241207252E-007   4.3024107960844374E-007
  0.36473635383241287        1.5980432856927755E-007   4.0815889390304155E-007
  0.36876655920074691        1.5129352651164854E-007   3.8430393573623167E-007
  0.37281890855462113        1.4213765837876595E-007   3.5907936032989585E-007
  0.37689340189403564        1.3247119445592799E-007   3.3284530607735670E-007
  0.38099003921899044        1.2240938005527406E-007   3.0590610158172980E-007
  0.38510882052948553        1.1204786909295251E-007   2.7851085110109141E-007
  0.38924974582552091        1.0147312560756725E-007   2.5088062375484936E-007
  0.39341281510709664        9.0803903514260598E-008   2.2331120702651067E-007
  0.39759802837421271        8.0234800188030573E-008   1.9627768004745236E-007
  0.40180538562686896        6.9959475605459059E-008   1.7024286542231836E-007
  0.40603488686506556        6.0141063867314039E-008   1.4558602316104460E-007
  0.41028653208880245        5.0910365376117990E-008   1.2260066759733916E-007
  0.41456032129807963        4.2377435559486682E-008   1.0152454639642201E-007
  0.41885625449289710        3.4643167445717371E-008   8.2568680107893012E-008
  0.42317433167325491        2.7782489041352731E-008   6.5878203124540509E-008
  0.42751455283915302        2.1852067742041825E-008   5.1552216004169950E-008
  0.43187691799059130        1.7028080424404668E-008   3.9968324960805514E-008
  0.43626142712757005        1.3968923687675189E-008   3.2622691462829269E-008
  0.44066808025008902        1.5368765193864667E-008   3.5711938942058923E-008
