 #  r,DGAMMADR(IR) 
   5.0000000000000001E-003   4.7316525563821280E-011   1.0000000000000000E-002
   1.4999999999999999E-002   1.4199447440077873E-010   1.0000000000000000E-002
   2.5000000000000001E-002   2.3680668881327481E-010   1.0000000000000000E-002
   3.5000000000000003E-002   3.3184133731912949E-010   1.0000000000000000E-002
   4.4999999999999998E-002   4.2718486861449455E-010   1.0000000000000000E-002
   5.5000000000000000E-002   5.2292191464431879E-010   1.0000000000000000E-002
   6.5000000000000002E-002   6.1913579651029591E-010   1.0000000000000000E-002
   7.4999999999999997E-002   7.1590988002594570E-010   1.0000000000000000E-002
   8.5000000000000006E-002   8.1333214166999095E-010   1.0000000000000000E-002
   9.5000000000000001E-002   9.1150144254514862E-010   1.0000000000000000E-002
  0.10500000000000000        1.0105286687316942E-009   1.0000000000000000E-002
  0.11500000000000000        1.1105375062297929E-009   1.0000000000000000E-002
  0.12500000000000000        1.2116653222357199E-009   1.0000000000000000E-002
  0.13500000000000001        1.3140642339655476E-009   1.0000000000000000E-002
  0.14499999999999999        1.4179026182691017E-009   1.0000000000000000E-002
  0.15500000000000000        1.5233673196522325E-009   1.0000000000000000E-002
  0.16500000000000001        1.6306668793705258E-009   1.0000000000000000E-002
  0.17500000000000002        1.7400361973317411E-009   1.0000000000000000E-002
  0.18500000000000000        1.8517437691554348E-009   1.0000000000000000E-002
  0.19500000000000001        1.9661122381178638E-009   1.0000000000000000E-002
  0.20500000000000002        2.0835295717408575E-009   1.0000000000000000E-002
  0.21500000000000000        2.2044434629818757E-009   1.0000000000000000E-002
  0.22500000000000001        2.3293588349199796E-009   1.0000000000000000E-002
  0.23500000000000001        2.4588351000658012E-009   1.0000000000000000E-002
  0.24500000000000000        2.5934832281941925E-009   1.0000000000000000E-002
  0.25500000000000000        2.7339619474655547E-009   1.0000000000000000E-002
  0.26500000000000001        2.8809736189505148E-009   1.0000000000000000E-002
  0.27500000000000002        3.0352595504695801E-009   1.0000000000000000E-002
  0.28500000000000003        3.1975949162806505E-009   1.0000000000000000E-002
  0.29499999999999998        3.3687876248635896E-009   1.0000000000000000E-002
  0.30499999999999999        3.5497431247554382E-009   1.0000000000000000E-002
  0.31500000000000000        3.7415154897890244E-009   1.0000000000000000E-002
  0.32500000000000001        3.9452792610897727E-009   1.0000000000000000E-002
  0.33500000000000002        4.1623185554039305E-009   1.0000000000000000E-002
  0.34500000000000003        4.3940269062712324E-009   1.0000000000000000E-002
  0.35499999999999998        4.6419027967975189E-009   1.0000000000000000E-002
  0.36499999999999999        4.9075583490753782E-009   1.0000000000000000E-002
  0.37500000000000000        5.1927199605874766E-009   1.0000000000000000E-002
  0.38500000000000001        5.4992356997618704E-009   1.0000000000000000E-002
  0.39500000000000002        5.8290884165621308E-009   1.0000000000000000E-002
  0.40500000000000003        6.1844043781671542E-009   1.0000000000000000E-002
  0.41500000000000004        6.5674690240415710E-009   1.0000000000000000E-002
  0.42499999999999999        6.9807483172764163E-009   1.0000000000000000E-002
  0.43500000000000000        7.4269121440355342E-009   1.0000000000000000E-002
  0.44500000000000001        7.9088599785167877E-009   1.0000000000000000E-002
  0.45500000000000002        8.4297511519171608E-009   1.0000000000000000E-002
  0.46500000000000002        8.9930943792402252E-009   1.0000000000000000E-002
  0.47500000000000003        9.6029923402352620E-009   1.0000000000000000E-002
  0.48499999999999999        1.0264178192568132E-008   1.0000000000000000E-002
  0.49500000000000000        1.0981887836836326E-008   1.0000000000000000E-002
  0.50500000000000000        1.1761846766457820E-008   1.0000000000000000E-002
  0.51500000000000001        1.2610335059723255E-008   1.0000000000000000E-002
  0.52500000000000002        1.3534276557994469E-008   1.0000000000000000E-002
  0.53500000000000003        1.4541254099675809E-008   1.0000000000000000E-002
  0.54500000000000004        1.5639549253546539E-008   1.0000000000000000E-002
  0.55500000000000005        1.6838215526589412E-008   1.0000000000000000E-002
  0.56500000000000006        1.8147099088593312E-008   1.0000000000000000E-002
  0.57500000000000007        1.9576856792778926E-008   1.0000000000000000E-002
  0.58499999999999996        2.1139023059204624E-008   1.0000000000000000E-002
  0.59499999999999997        2.2846092395296067E-008   1.0000000000000000E-002
  0.60499999999999998        2.4711522961145844E-008   1.0000000000000000E-002
  0.61499999999999999        2.6749786403431174E-008   1.0000000000000000E-002
  0.62500000000000000        2.8976431037078238E-008   1.0000000000000000E-002
  0.63500000000000001        3.1408168123604652E-008   1.0000000000000000E-002
  0.64500000000000002        3.4063187829561591E-008   1.0000000000000000E-002
  0.65500000000000003        3.6963794260693759E-008   1.0000000000000000E-002
  0.66500000000000004        4.0137950506468173E-008   1.0000000000000000E-002
  0.67500000000000004        4.3618640165206199E-008   1.0000000000000000E-002
  0.68500000000000005        4.7444228071639629E-008   1.0000000000000000E-002
  0.69500000000000006        5.1658339759121235E-008   1.0000000000000000E-002
  0.70499999999999996        5.6310844293012794E-008   1.0000000000000000E-002
  0.71499999999999997        6.1458131839018949E-008   1.0000000000000000E-002
  0.72499999999999998        6.7163095611971422E-008   1.0000000000000000E-002
  0.73499999999999999        7.3496365457778969E-008   1.0000000000000000E-002
  0.74500000000000000        8.0536864868021601E-008   1.0000000000000000E-002
  0.75500000000000000        8.8372076712199678E-008   1.0000000000000000E-002
  0.76500000000000001        9.7098626860490747E-008   1.0000000000000000E-002
  0.77500000000000002        1.0682413878056611E-007   1.0000000000000000E-002
  0.78500000000000003        1.1768323085369488E-007   1.0000000000000000E-002
  0.79500000000000004        1.2985020531178795E-007   1.0000000000000000E-002
  0.80500000000000005        1.4353628076298111E-007   1.0000000000000000E-002
  0.81500000000000006        1.5899424098653408E-007   1.0000000000000000E-002
  0.82500000000000007        1.7652267872153689E-007   1.0000000000000000E-002
  0.83499999999999996        1.9646908691546273E-007   1.0000000000000000E-002
  0.84499999999999997        2.1924153788304952E-007   1.0000000000000000E-002
  0.85499999999999998        2.4531770926056192E-007   1.0000000000000000E-002
  0.86499999999999999        2.7524776972208869E-007   1.0000000000000000E-002
  0.87500000000000000        3.0966813512276991E-007   1.0000000000000000E-002
  0.88500000000000001        3.4938721283192085E-007   1.0000000000000000E-002
  0.89500000000000002        3.9548820766499504E-007   1.0000000000000000E-002
  0.90500000000000003        4.4934137975333453E-007   1.0000000000000000E-002
  0.91500000000000004        5.1263269076401479E-007   1.0000000000000000E-002
  0.92500000000000004        5.8743752731894650E-007   1.0000000000000000E-002
  0.93500000000000005        6.7627997863726586E-007   1.0000000000000000E-002
  0.94500000000000006        7.8222630445422197E-007   1.0000000000000000E-002
  0.95500000000000007        9.0969474811478795E-007   1.0000000000000000E-002
  0.96499999999999997        1.0666134873674257E-006   1.0000000000000000E-002
  0.97499999999999998        1.2654662725582424E-006   1.0000000000000000E-002
  0.98499999999999999        1.5254323220822001E-006   1.0000000000000000E-002
  0.99500000000000000        1.8842007968052844E-006   1.0000000000000000E-002
