 #  r,DGAMMADR(IR) 
   5.0000000000000001E-003   3.7271920743295640E-011   1.0000000000000000E-002
   1.4999999999999999E-002   1.1184851742016163E-010   1.0000000000000000E-002
   2.5000000000000001E-002   1.8652305578715131E-010   1.0000000000000000E-002
   3.5000000000000003E-002   2.6135980510834854E-010   1.0000000000000000E-002
   4.4999999999999998E-002   3.3642168828503000E-010   1.0000000000000000E-002
   5.5000000000000000E-002   4.1177012981887162E-010   1.0000000000000000E-002
   6.5000000000000002E-002   4.8746529884052297E-010   1.0000000000000000E-002
   7.4999999999999997E-002   5.6356691545844475E-010   1.0000000000000000E-002
   8.5000000000000006E-002   6.4013739622413611E-010   1.0000000000000000E-002
   9.5000000000000001E-002   7.1724637406939954E-010   1.0000000000000000E-002
  0.10500000000000000        7.9497149962667815E-010   1.0000000000000000E-002
  0.11500000000000000        8.7339898228993239E-010   1.0000000000000000E-002
  0.12500000000000000        9.5262420201398468E-010   1.0000000000000000E-002
  0.13500000000000001        1.0327524280894287E-009   1.0000000000000000E-002
  0.14499999999999999        1.1138998071407454E-009   1.0000000000000000E-002
  0.15500000000000000        1.1961947866016286E-009   1.0000000000000000E-002
  0.16500000000000001        1.2797801853576450E-009   1.0000000000000000E-002
  0.17500000000000002        1.3648161880515829E-009   1.0000000000000000E-002
  0.18500000000000000        1.4514850371517644E-009   1.0000000000000000E-002
  0.19500000000000001        1.5400049428644048E-009   1.0000000000000000E-002
  0.20500000000000002        1.6306379070151844E-009   1.0000000000000000E-002
  0.21500000000000000        1.7236860679595003E-009   1.0000000000000000E-002
  0.22500000000000001        1.8194901420569762E-009   1.0000000000000000E-002
  0.23500000000000001        1.9184276834947127E-009   1.0000000000000000E-002
  0.24500000000000000        2.0209112381995810E-009   1.0000000000000000E-002
  0.25500000000000000        2.1273858863593917E-009   1.0000000000000000E-002
  0.26500000000000001        2.2383266068647006E-009   1.0000000000000000E-002
  0.27500000000000002        2.3542352334161682E-009   1.0000000000000000E-002
  0.28500000000000003        2.4756371578753139E-009   1.0000000000000000E-002
  0.29499999999999998        2.6030806094104929E-009   1.0000000000000000E-002
  0.30499999999999999        2.7371788240401623E-009   1.0000000000000000E-002
  0.31500000000000000        2.8786440166482456E-009   1.0000000000000000E-002
  0.32500000000000001        3.0282701847361226E-009   1.0000000000000000E-002
  0.33500000000000002        3.1869272037654691E-009   1.0000000000000000E-002
  0.34500000000000003        3.3555618143488635E-009   1.0000000000000000E-002
  0.35499999999999998        3.5351964548908878E-009   1.0000000000000000E-002
  0.36499999999999999        3.7269359608431197E-009   1.0000000000000000E-002
  0.37500000000000000        3.9319701560893609E-009   1.0000000000000000E-002
  0.38500000000000001        4.1515804794081278E-009   1.0000000000000000E-002
  0.39500000000000002        4.3871503033304390E-009   1.0000000000000000E-002
  0.40500000000000003        4.6401734801922971E-009   1.0000000000000000E-002
  0.41500000000000004        4.9122671634426242E-009   1.0000000000000000E-002
  0.42499999999999999        5.2051882269402557E-009   1.0000000000000000E-002
  0.43500000000000000        5.5208515231978659E-009   1.0000000000000000E-002
  0.44500000000000001        5.8613500907810798E-009   1.0000000000000000E-002
  0.45500000000000002        6.2289786101754015E-009   1.0000000000000000E-002
  0.46500000000000002        6.6262983654291378E-009   1.0000000000000000E-002
  0.47500000000000003        7.0563130239638965E-009   1.0000000000000000E-002
  0.48499999999999999        7.5224953506622120E-009   1.0000000000000000E-002
  0.49500000000000000        8.0287022825260723E-009   1.0000000000000000E-002
  0.50500000000000000        8.5791710879166484E-009   1.0000000000000000E-002
  0.51500000000000001        9.1785674853199646E-009   1.0000000000000000E-002
  0.52500000000000002        9.8320501754900804E-009   1.0000000000000000E-002
  0.53500000000000003        1.0545284890220604E-008   1.0000000000000000E-002
  0.54500000000000004        1.1324474822211954E-008   1.0000000000000000E-002
  0.55500000000000005        1.2176414276624543E-008   1.0000000000000000E-002
  0.56500000000000006        1.3108506195795065E-008   1.0000000000000000E-002
  0.57500000000000007        1.4128777803366525E-008   1.0000000000000000E-002
  0.58499999999999996        1.5245930089087525E-008   1.0000000000000000E-002
  0.59499999999999997        1.6469398695284051E-008   1.0000000000000000E-002
  0.60499999999999998        1.7809359084130151E-008   1.0000000000000000E-002
  0.61499999999999999        1.9276764603140698E-008   1.0000000000000000E-002
  0.62500000000000000        2.0883394876470577E-008   1.0000000000000000E-002
  0.63500000000000001        2.2641921033398836E-008   1.0000000000000000E-002
  0.64500000000000002        2.4566144129300810E-008   1.0000000000000000E-002
  0.65500000000000003        2.6672976704812392E-008   1.0000000000000000E-002
  0.66500000000000004        2.8983615341661678E-008   1.0000000000000000E-002
  0.67500000000000004        3.1523071147008626E-008   1.0000000000000000E-002
  0.68500000000000005        3.4320447721131253E-008   1.0000000000000000E-002
  0.69500000000000006        3.7408850626858756E-008   1.0000000000000000E-002
  0.70499999999999996        4.0826132518375581E-008   1.0000000000000000E-002
  0.71499999999999997        4.4615099230952607E-008   1.0000000000000000E-002
  0.72499999999999998        4.8823487367930538E-008   1.0000000000000000E-002
  0.73499999999999999        5.3504890330882402E-008   1.0000000000000000E-002
  0.74500000000000000        5.8719166722855758E-008   1.0000000000000000E-002
  0.75500000000000000        6.4532617928088018E-008   1.0000000000000000E-002
  0.76500000000000001        7.1018398413801226E-008   1.0000000000000000E-002
  0.77500000000000002        7.8257864720766416E-008   1.0000000000000000E-002
  0.78500000000000003        8.6352851213705640E-008   1.0000000000000000E-002
  0.79500000000000004        9.5435441365191908E-008   1.0000000000000000E-002
  0.80500000000000005        1.0566575635341672E-007   1.0000000000000000E-002
  0.81500000000000006        1.1723545432756491E-007   1.0000000000000000E-002
  0.82500000000000007        1.3037089785845809E-007   1.0000000000000000E-002
  0.83499999999999996        1.4533540476104484E-007   1.0000000000000000E-002
  0.84499999999999997        1.6243807469363075E-007   1.0000000000000000E-002
  0.85499999999999998        1.8204053804803140E-007   1.0000000000000000E-002
  0.86499999999999999        2.0455890757960811E-007   1.0000000000000000E-002
  0.87500000000000000        2.3047400385027993E-007   1.0000000000000000E-002
  0.88500000000000001        2.6039712159581564E-007   1.0000000000000000E-002
  0.89500000000000002        2.9514890684103415E-007   1.0000000000000000E-002
  0.90500000000000003        3.3576786974125007E-007   1.0000000000000000E-002
  0.91500000000000004        3.8353104092444330E-007   1.0000000000000000E-002
  0.92500000000000004        4.4000884598965548E-007   1.0000000000000000E-002
  0.93500000000000005        5.0710695962844183E-007   1.0000000000000000E-002
  0.94500000000000006        5.8713088574933836E-007   1.0000000000000000E-002
  0.95500000000000007        6.8339294724997438E-007   1.0000000000000000E-002
  0.96499999999999997        8.0183533464399687E-007   1.0000000000000000E-002
  0.97499999999999998        9.5173247312495630E-007   1.0000000000000000E-002
  0.98499999999999999        1.1469152871226549E-006   1.0000000000000000E-002
  0.99500000000000000        1.4114981707179302E-006   1.0000000000000000E-002
