 #  phi,DGAMMADPHI(IPHI) 
   3.4906585039886591E-002   9.7403945066362003E-010   6.9813170079773182E-002
  0.10471975511965978        7.3493754775459506E-010   6.9813170079773182E-002
  0.17453292519943295        6.8490296037982142E-010   6.9813170079773182E-002
  0.24434609527920614        8.3699293013859809E-010   6.9813170079773182E-002
  0.31415926535897931        1.1885118840362267E-009   6.9813170079773182E-002
  0.38397243543875248        1.7473870306337929E-009   6.9813170079773182E-002
  0.45378560551852570        2.5629945739476545E-009   6.9813170079773182E-002
  0.52359877559829882        3.7914259230575876E-009   6.9813170079773182E-002
  0.59341194567807209        5.5613371467843379E-009   6.9813170079773182E-002
  0.66322511575784526        7.9497117513367586E-009   6.9813170079773182E-002
  0.73303828583761843        1.0923992554710009E-008   6.9813170079773182E-002
  0.80285145591739160        1.4333459432073458E-008   6.9813170079773182E-002
  0.87266462599716477        1.7998589065233481E-008   6.9813170079773182E-002
  0.94247779607693793        2.1311447193687105E-008   6.9813170079773182E-002
   1.0122909661567112        2.3299043792434086E-008   6.9813170079773182E-002
   1.0821041362364843        2.3298893730441950E-008   6.9813170079773182E-002
   1.1519173063162575        2.1311029334347069E-008   6.9813170079773182E-002
   1.2217304763960306        1.7997993140486212E-008   6.9813170079773182E-002
   1.2915436464758039        1.4332797338364516E-008   6.9813170079773182E-002
   1.3613568165555769        1.0923362277025006E-008   6.9813170079773182E-002
   1.4311699866353502        7.9491796892268873E-009   6.9813170079773182E-002
   1.5009831567151235        5.5609247466770750E-009   6.9813170079773182E-002
   1.5707963267948966        3.7911235619707952E-009   6.9813170079773182E-002
   1.6406094968746698        2.5627814558957254E-009   6.9813170079773182E-002
   1.7104226669544429        1.7472427867503114E-009   6.9813170079773182E-002
   1.7802358370342162        1.1884254769569681E-009   6.9813170079773182E-002
   1.8500490071139892        8.3696215781871571E-010   6.9813170079773182E-002
   1.9198621771937625        6.8492442139410600E-010   6.9813170079773182E-002
   1.9896753472735358        7.3499597016280598E-010   6.9813170079773182E-002
   2.0594885173533091        9.7410772281427672E-010   6.9813170079773182E-002
   2.1293016874330819        9.7410045063011550E-010   6.9813170079773182E-002
   2.1991148575128552        7.3498099538178828E-010   6.9813170079773182E-002
   2.2689280275926285        6.8492735025833152E-010   6.9813170079773182E-002
   2.3387411976724017        8.3701727202606136E-010   6.9813170079773182E-002
   2.4085543677521746        1.1885624962641606E-009   6.9813170079773182E-002
   2.4783675378319479        1.7474739667834710E-009   6.9813170079773182E-002
   2.5481807079117211        2.5630997185773961E-009   6.9813170079773182E-002
   2.6179938779914944        3.7915185282060132E-009   6.9813170079773182E-002
   2.6878070480712677        5.5613951730195294E-009   6.9813170079773182E-002
   2.7576202181510405        7.9497221667005003E-009   6.9813170079773182E-002
   2.8274333882308138        1.0923952432422561E-008   6.9813170079773182E-002
   2.8972465583105871        1.4333404365942046E-008   6.9813170079773182E-002
   2.9670597283903604        1.7998581567502691E-008   6.9813170079773182E-002
   3.0368728984701332        2.1311517341701390E-008   6.9813170079773182E-002
   3.1066860685499065        2.3299214757202934E-008   6.9813170079773182E-002
   3.1764992386296798        2.3299214757202930E-008   6.9813170079773182E-002
   3.2463124087094530        2.1311517341701390E-008   6.9813170079773182E-002
   3.3161255787892263        1.7998581567502698E-008   6.9813170079773182E-002
   3.3859387488689991        1.4333404365942043E-008   6.9813170079773182E-002
   3.4557519189487724        1.0923952432422589E-008   6.9813170079773182E-002
   3.5255650890285457        7.9497221667005069E-009   6.9813170079773182E-002
   3.5953782591083190        5.5613951730195195E-009   6.9813170079773182E-002
   3.6651914291880923        3.7915185282060049E-009   6.9813170079773182E-002
   3.7350045992678651        2.5630997185774007E-009   6.9813170079773182E-002
   3.8048177693476384        1.7474739667834719E-009   6.9813170079773182E-002
   3.8746309394274117        1.1885624962641623E-009   6.9813170079773182E-002
   3.9444441095071849        8.3701727202605908E-010   6.9813170079773182E-002
   4.0142572795869578        6.8492735025833762E-010   6.9813170079773182E-002
   4.0840704496667311        7.3498099538178373E-010   6.9813170079773182E-002
   4.1538836197465043        9.7410045063005842E-010   6.9813170079773182E-002
   4.2236967898262776        9.7410772281428872E-010   6.9813170079773182E-002
   4.2935099599060509        7.3499597016281446E-010   6.9813170079773182E-002
   4.3633231299858242        6.8492442139411282E-010   6.9813170079773182E-002
   4.4331363000655974        8.3696215781871684E-010   6.9813170079773182E-002
   4.5029494701453698        1.1884254769569648E-009   6.9813170079773182E-002
   4.5727626402251431        1.7472427867503052E-009   6.9813170079773182E-002
   4.6425758103049164        2.5627814558957267E-009   6.9813170079773182E-002
   4.7123889803846897        3.7911235619708101E-009   6.9813170079773182E-002
   4.7822021504644630        5.5609247466770800E-009   6.9813170079773182E-002
   4.8520153205442362        7.9491796892268658E-009   6.9813170079773182E-002
   4.9218284906240095        1.0923362277025040E-008   6.9813170079773182E-002
   4.9916416607037828        1.4332797338364486E-008   6.9813170079773182E-002
   5.0614548307835561        1.7997993140486255E-008   6.9813170079773182E-002
   5.1312680008633285        2.1311029334346954E-008   6.9813170079773182E-002
   5.2010811709431017        2.3298893730441802E-008   6.9813170079773182E-002
   5.2708943410228750        2.3299043792433911E-008   6.9813170079773182E-002
   5.3407075111026483        2.1311447193687101E-008   6.9813170079773182E-002
   5.4105206811824216        1.7998589065233491E-008   6.9813170079773182E-002
   5.4803338512621949        1.4333459432073516E-008   6.9813170079773182E-002
   5.5501470213419681        1.0923992554710007E-008   6.9813170079773182E-002
   5.6199601914217414        7.9497117513367636E-009   6.9813170079773182E-002
   5.6897733615015147        5.5613371467843214E-009   6.9813170079773182E-002
   5.7595865315812871        3.7914259230576173E-009   6.9813170079773182E-002
   5.8293997016610604        2.5629945739476590E-009   6.9813170079773182E-002
   5.8992128717408336        1.7473870306337973E-009   6.9813170079773182E-002
   5.9690260418206069        1.1885118840362298E-009   6.9813170079773182E-002
   6.0388392119003802        8.3699293013859891E-010   6.9813170079773182E-002
   6.1086523819801535        6.8490296037982173E-010   6.9813170079773182E-002
   6.1784655520599268        7.3493754775459485E-010   6.9813170079773182E-002
   6.2482787221397000        9.7403945066361982E-010   6.9813170079773182E-002
