 #   q  dGamma/dq   dGamma/dE1 
   2.7679981925370382E-006   5.3399268938871788E-011   4.9508829872037266E-008
   2.4911983732833341E-005   4.7954806853871229E-010   1.4820342558075970E-007
   6.9199954813425955E-005   1.3262798400004880E-009   2.4593056896139698E-007
   1.3563191143431489E-004   2.5825091433072979E-009   3.4205124730223919E-007
   2.2420785359550006E-004   4.2317282786101860E-009   4.3593587946813082E-007
   3.3492778129698159E-004   6.2521650742132847E-009   5.2696904103424779E-007
   4.6779169453875936E-004   8.6170129024655089E-009   6.1455497896520660E-007
   6.2279959332083360E-004   1.1294740329709346E-008   6.9812363670189789E-007
   7.9995147764320388E-004   1.4249506363382769E-008   7.7713818529306542E-007
   9.9924734750587085E-004   1.7441709666079418E-008   8.5110433521782854E-007
   1.2206872029088339E-003   2.0828689739305491E-008   9.1958103658790405E-007
   1.4642710438520930E-003   2.4365599158574804E-008   9.8219249182169996E-007
   1.7299988703356488E-003   2.8006463918559197E-008   1.0386413784417570E-006
   2.0178706823595007E-003   3.1705442144427482E-008   1.0887230067062420E-006
   2.3278864799236489E-003   3.5418291142237435E-008   1.1323402796126988E-006
   2.6600462630280929E-003   3.9104039164353588E-008   1.1695189845254205E-006
   3.0143500316728348E-003   4.2726858991188628E-008   1.2004231942977700E-006
   3.3907977858578715E-003   4.6257988917944017E-008   1.2253666437604670E-006
   3.7893895255832052E-003   4.9672889088389342E-008   1.2447010240780630E-006
   4.2101252508488342E-003   5.2948100266337179E-008   1.2587315741443015E-006
   4.6530049616547598E-003   5.6064328855621878E-008   1.2677981728141949E-006
   5.1180286580009837E-003   5.9006660497832449E-008   1.2722718885857963E-006
   5.6051963398875025E-003   6.1764407407925301E-008   1.2725449031923595E-006
   6.1145080073143170E-003   6.4330812935660971E-008   1.2690201914631203E-006
   6.6459636602814297E-003   6.6702618596637729E-008   1.2621011263093015E-006
   7.1995632987888348E-003   6.8879499971433157E-008   1.2521811457096632E-006
   7.7753069228365399E-003   7.0863379564841250E-008   1.2396336068738315E-006
   8.3731945324245390E-003   7.2657627847065636E-008   1.2248019691069749E-006
   8.9932261275528381E-003   7.4266158182861736E-008   1.2079903174540631E-006
   9.6354017082214312E-003   7.5692424429397321E-008   1.1894542842445051E-006
   1.0299721274430318E-002   7.6938329509602681E-008   1.1693924034711062E-006
   1.0986184826179505E-002   7.8003053620262740E-008   1.1479379292524945E-006
   1.1694792363468985E-002   7.8881812778630759E-008   1.1251511710987097E-006
   1.2425543886298764E-002   7.9564562982446104E-008   1.1010124493646785E-006
   1.3178439394668836E-002   8.0035052494710723E-008   1.0754209535508988E-006
   1.3953478888579209E-002   8.0284971763082421E-008   1.0483909440808876E-006
   1.4750662368029877E-002   8.0323530040207318E-008   1.0201576180558669E-006
   1.5569989833020839E-002   8.0162577595301573E-008   9.9096373293373742E-007
   1.6411461283552097E-002   7.9815156809884663E-008   9.6104117864654816E-007
   1.7275076719623653E-002   7.9295198941250023E-008   9.3060879445147625E-007
   1.8160836141235506E-002   7.8617217994972560E-008   8.9987047612066631E-007
   1.9068739548387656E-002   7.7795991724111405E-008   8.6901341299023489E-007
   1.9998786941080097E-002   7.6846251520233961E-008   8.3820667088472796E-007
   2.0950978319312842E-002   7.5782366997842016E-008   8.0759991394875367E-007
   2.1925313683085874E-002   7.4618036857730734E-008   7.7732236422578042E-007
   2.2921793032399211E-002   7.3365998001189303E-008   7.4748208438219467E-007
   2.3940416367252845E-002   7.2037744704465706E-008   7.1816545327682561E-007
   2.4981183687646766E-002   7.0643227666460170E-008   6.8943651134882416E-007
   2.6044094993580992E-002   6.9190605380541328E-008   6.6133688711233944E-007
   2.7129150285055512E-002   6.7686027224394427E-008   6.3388602960329627E-007
   2.8236349562070325E-002   6.6133374833751081E-008   6.0708103026949358E-007
   2.9365692824625436E-002   6.4534156869583344E-008   5.8089784636750773E-007
   3.0517180072720848E-002   6.2893190747287466E-008   5.5534348310514355E-007
   3.1690811306356551E-002   6.1222438179368840E-008   5.3048632655893745E-007
   3.2886586525532543E-002   5.9533758420853982E-008   5.0638887214961101E-007
   3.4104505730248841E-002   5.7838126287583546E-008   4.8310172371095274E-007
   3.5344568920505443E-002   5.6145522932085436E-008   4.6066374967865311E-007
   3.6606776096302328E-002   5.4464840528923338E-008   4.3910233512110153E-007
   3.7891127257639504E-002   5.2803800440347379E-008   4.1843371474296939E-007
   3.9197622404517005E-002   5.1168854798414493E-008   3.9866314310417877E-007
   4.0526261536934775E-002   4.9565090617763525E-008   3.7978506734841402E-007
   4.1877044654892844E-002   4.7996150499501831E-008   3.6178340813986709E-007
   4.3249971758391223E-002   4.6464187582532326E-008   3.4463206764862074E-007
   4.4645042847429886E-002   4.4969835010067855E-008   3.2829549550334738E-007
   4.6062257922008847E-002   4.3512194897892692E-008   3.1272934225952768E-007
   4.7501616982128098E-002   4.2088815760174719E-008   2.9788097131701907E-007
   4.8963120027787667E-002   4.0695677361176353E-008   2.8368997641558813E-007
   5.0446767058987520E-002   3.9327209624020186E-008   2.7008888702569495E-007
   5.1952558075727663E-002   3.7976385702307358E-008   2.5700431384861829E-007
   5.3480493078008118E-002   3.6639880705416844E-008   2.4439178385707737E-007
   5.5030572065828856E-002   3.5322197784973480E-008   2.3226082054341806E-007
   5.6602795039189878E-002   3.4028227690865001E-008   2.2062292762093902E-007
   5.8197161998091239E-002   3.2762430142773403E-008   2.0948621806555053E-007
   5.9813672942532863E-002   3.1528839994059876E-008   1.9885568365444723E-007
   6.1452327872514777E-002   3.0331041436108980E-008   1.8873324393047658E-007
   6.3113126788036988E-002   2.9172124158923367E-008   1.7911768048615915E-007
   6.4796069689099525E-002   2.8054701046063176E-008   1.7000494928568965E-007
   6.6501156575702339E-002   2.6980920975075076E-008   1.6138843953028267E-007
   6.8228387447845443E-002   2.5952469453844459E-008   1.5325914090416054E-007
   6.9977762305528865E-002   2.4970556701877162E-008   1.4560572498837587E-007
   7.1749281148752564E-002   2.4035927392394555E-008   1.3841474534379290E-007
   7.3542943977516553E-002   2.3148930732994829E-008   1.3167116606992311E-007
   7.5358750791820847E-002   2.2309560981099120E-008   1.2535868579450137E-007
   7.7196701591665459E-002   2.1517474200251435E-008   1.1945990647723635E-007
   7.9056796377050348E-002   2.0772014631151407E-008   1.1395654297450897E-007
   8.0939035147975513E-002   2.0072262481597609E-008   1.0882973402889644E-007
   8.2843417904441011E-002   1.9418208929344733E-008   1.0406637266445955E-007
   8.4769944646446785E-002   1.8811896466838768E-008   9.9664818880172596E-008
   8.6718615373992863E-002   1.8255546008669808E-008   9.5624441393026525E-008
   8.8689430087079246E-002   1.7751315375798372E-008   9.1944310335445977E-008
   9.0682388785705906E-002   1.7301207015996578E-008   8.8622741063991684E-008
   9.2697491469872870E-002   1.6906943776648975E-008   8.5656706023919247E-008
   9.4734738139580110E-002   1.6569729483469487E-008   8.3040707457427667E-008
   9.6794128794827683E-002   1.6289769419320085E-008   8.0764532038323098E-008
   9.8875663435615532E-002   1.6065431685861100E-008   7.8809386411098651E-008
  0.10097934206194367        1.5891794951567978E-008   7.7141296945326479E-008
  0.10310516467381214        1.5758346389344692E-008   7.5700837500636046E-008
  0.10525313127122086        1.5646120060972765E-008   7.4390828885394440E-008
  0.10742324185416992        1.5526167274088923E-008   7.3071056271146030E-008
  0.10961549642265922        1.5363666183572614E-008   7.1579578489234809E-008
  0.11182989497668885        1.5130861490569892E-008   6.9793495354648821E-008
  0.11406643751625881        1.4822305241801721E-008   6.7696632449050364E-008
  0.11632512404136904        1.4456816018472898E-008   6.5383195721937341E-008
  0.11860595455201955        1.4064756874531381E-008   6.2995457523521530E-008
  0.12090892904821036        1.3674888929131176E-008   6.0663138033792700E-008
  0.12323404752994145        1.3307779373769140E-008   5.8475034612472335E-008
  0.12558130999721287        1.2976173329422525E-008   5.6482561674330334E-008
  0.12795071645002457        1.2687421095948716E-008   5.4711956456572913E-008
  0.13034226688837661        1.2445647292431904E-008   5.3174707027908399E-008
  0.13275596131226891        1.2253268148963673E-008   5.1874649275620653E-008
  0.13519179972170148        1.2111829054114288E-008   5.0811826856747233E-008
  0.13764978211667434        1.2022471233325556E-008   4.9984601514367688E-008
  0.14012990849718754        1.1986233302538285E-008   4.9390970423727973E-008
  0.14263217886324100        1.2004218024029097E-008   4.9029263339413768E-008
  0.14515659321483476        1.2077588480127587E-008   4.8898112580896844E-008
  0.14770315155196892        1.2207553864107106E-008   4.8996382904638891E-008
  0.15027185387464329        1.2395358067887008E-008   4.9323116116893447E-008
  0.15286270018285794        1.2642298265789025E-008   4.9877596858074348E-008
  0.15547569047661289        1.2949601274702048E-008   5.0658858677376726E-008
  0.15811082475590812        1.3318363782210544E-008   5.1665462667755454E-008
  0.16076810302074368        1.3749926864264183E-008   5.2896957866337771E-008
  0.16344752527111958        1.4246689126091504E-008   5.4356943063282096E-008
  0.16614909150703572        1.4811585079423034E-008   5.6050927548167202E-008
  0.16887280172849214        1.5447921245723770E-008   5.7985638555521289E-008
  0.17161865593548889        1.6159272318121961E-008   6.0168585713298572E-008
  0.17438665412802593        1.6949419127741565E-008   6.2607800731732271E-008
  0.17717679630610325        1.7822311827021598E-008   6.5311681849185050E-008
  0.17998908246972087        1.8782054513587353E-008   6.8288923553043093E-008
  0.18282351261887883        1.9832866958469690E-008   7.1548366984560159E-008
  0.18568008675357708        2.0979078296373087E-008   7.5098971689549105E-008
  0.18855880487381557        2.2225431962573562E-008   7.8950894302186034E-008
  0.19145966697959438        2.3577688151561337E-008   8.3117566853892502E-008
  0.19438267307091348        2.5042734598110203E-008   8.7615960758500927E-008
  0.19732782314777286        2.6628670563165936E-008   9.2466745887973072E-008
  0.20029511721017257        2.8344712801802166E-008   9.7693828989282429E-008
  0.20328455525811262        3.0201666825008589E-008   1.0332584652186337E-007
  0.20629613729159293        3.2211566512450153E-008   1.0939476748503045E-007
  0.20932986331061351        3.4388021751467732E-008   1.1593694427664187E-007
  0.21238573331517438        3.6744252214093363E-008   1.2298637331947565E-007
  0.21546374730527554        3.9293487323980209E-008   1.3057610863408067E-007
  0.21856390528091704        4.2050001176362384E-008   1.3874171003879024E-007
  0.22168620724209886        4.5028525244616646E-008   1.4751923055691564E-007
  0.22483065318882095        4.8243250294751330E-008   1.5694195220137574E-007
  0.22799724312108330        5.1708133366617831E-008   1.6704147421858592E-007
  0.23118597703888596        5.5438228090171345E-008   1.7785203911909636E-007
  0.23439685494222889        5.9448963821652978E-008   1.8940814512622146E-007
  0.23762987683111214        6.3754874859530240E-008   2.0174051628739216E-007
  0.24088504270553571        6.8369290595640399E-008   2.1487525660007332E-007
  0.24416235256549962        7.3302913207701194E-008   2.2882956555440165E-007
  0.24746180641100377        7.8564899640215765E-008   2.4361539096777978E-007
  0.25078340424204820        8.4161580255780281E-008   2.5923565663119381E-007
  0.25412714605863290        9.0094524099501775E-008   2.7567864006869488E-007
  0.25749303186075795        9.6361463050167826E-008   2.9292126199377339E-007
  0.26088106164842323        1.0295469906213614E-007   3.1092464608603970E-007
  0.26429123542162886        1.0986174742841083E-007   3.2963656031180113E-007
  0.26772355318037488        1.1707374915976735E-007   3.4901692511316498E-007
  0.27117801492466109        1.2458729685574057E-007   3.6904283360353854E-007
  0.27465462065448759        1.3239934601437188E-007   3.8969302878327653E-007
  0.27815337036985438        1.4050360888022283E-007   4.1093730441581023E-007
  0.28167426407076152        1.4888471300086399E-007   4.3271980794642423E-007
  0.28521730175720889        1.5751817908276397E-007   4.5495977549413882E-007
  0.28878248342919660        1.6636689209267356E-007   4.7754217369347548E-007
  0.29236980908672466        1.7537518415402315E-007   5.0030187411211817E-007
  0.29597927872979296        1.8446995246228551E-007   5.2302835483980601E-007
  0.29961089235840155        1.9356038885149533E-007   5.4546631812939425E-007
  0.30326464997255043        2.0253171787679775E-007   5.6729950325805108E-007
  0.30694055157223959        2.1124380963042595E-007   5.8814865502558805E-007
  0.31063859715746905        2.1953655123922392E-007   6.0758827031652237E-007
  0.31435878672823886        2.2723981833364404E-007   6.2517540364957061E-007
  0.31810112028454895        2.3418026934158583E-007   6.4046876368126058E-007
  0.32186559782639929        2.4018837893678967E-007   6.5304778792874458E-007
  0.32565221935378996        2.4510100743501038E-007   6.6251898362259690E-007
  0.32946098486672093        2.4875545987469768E-007   6.6849917760001243E-007
  0.33329189436519219        2.5100438024185191E-007   6.7065501457622981E-007
  0.33714494784920374        2.5172479285651956E-007   6.6872554881077864E-007
  0.34102014531875563        2.5082342177417778E-007   6.6253423202039845E-007
  0.34491748677384776        2.4824216386723613E-007   6.5200089740724247E-007
  0.34883697221448023        2.4396501689270915E-007   6.3715713854300314E-007
  0.35277860164065294        2.3802846237582788E-007   6.1817014362118482E-007
  0.35674237505236595        2.3052763921258730E-007   5.9535486223824983E-007
  0.36072829244961935        2.2161134511506039E-007   5.6915707465758876E-007
  0.36473635383241287        2.1146613037647948E-007   5.4010916127971348E-007
  0.36876655920074691        2.0029189330870054E-007   5.0876573948237396E-007
  0.37281890855462113        1.8828776591916431E-007   4.7566740099257906E-007
  0.37689340189403564        1.7563507461635811E-007   4.4129827928780397E-007
  0.38099003921899044        1.6248990704600096E-007   4.0606899559800668E-007
  0.38510882052948553        1.4898226421728611E-007   3.7031652223303044E-007
  0.38924974582552091        1.3522910698640625E-007   3.3433840248270458E-007
  0.39341281510709664        1.2138795014061698E-007   2.9852559873836172E-007
  0.39759802837421271        1.0771434206581789E-007   2.6350063960987334E-007
  0.40180538562686896        9.4462749331513813E-008   2.2987034969444830E-007
  0.40603488686506556        8.1848209449681794E-008   1.9813343081061764E-007
  0.41028653208880245        7.0044445739181712E-008   1.6867873066056727E-007
  0.41456032129807963        5.9200045692734062E-008   1.4182684030432832E-007
  0.41885625449289710        4.9456135348977518E-008   1.1787397400658855E-007
  0.42317433167325491        4.0930762300938135E-008   9.7055561468591770E-008
  0.42751455283915302        3.3741430195636740E-008   7.9600956681482275E-008
  0.43187691799059130        2.8218099554459893E-008   6.6233547449811573E-008
  0.43626142712757005        2.5527861185305511E-008   5.9617158613940096E-008
  0.44066808025008902        3.0842406869281845E-008   7.1667576220218164E-008
