 25.0  45.0  37.8  24.0  28.0  26.7 -0.406  0.207  0.041  0.185  0.193  0.035  0.538  0.281  0.043 
 25.0  45.0  37.9  28.0  32.0  30.3 -0.760  0.108  0.065  0.195  0.090  0.039  0.349  0.133  0.028 
 25.0  45.0  37.3  32.0  36.0  34.1 -0.474  0.074  0.044  0.273  0.067  0.040  0.286  0.098  0.023 
 25.0  45.0  37.0  36.0  40.0  37.9 -0.510  0.074  0.045  0.308  0.069  0.042  0.147  0.099  0.013 
 25.0  45.0  36.7  40.0  44.0  41.7 -0.354  0.087  0.033  0.256  0.085  0.041  0.363  0.125  0.029 
 25.0  45.0  36.1  44.0  48.0  45.1 -0.399  0.226  0.035  0.196  0.203  0.039  0.297  0.307  0.025 
 25.0  45.0  35.0  78.0  82.0  80.7  0.106  0.068  0.015  0.035  0.085  0.015 -0.093  0.123  0.026 
 25.0  45.0  35.0  82.0  86.0  84.3  0.176  0.032  0.019  0.107  0.038  0.014 -0.148  0.055  0.028 
 25.0  45.0  34.8  86.0  90.0  88.0  0.134  0.030  0.018  0.094  0.032  0.011 -0.243  0.046  0.032 
 25.0  45.0  34.7  90.0  94.0  91.9  0.117  0.034  0.017 -0.032  0.036  0.008 -0.221  0.053  0.031 
 25.0  45.0  34.7  94.0  98.0  95.9  0.069  0.042  0.015 -0.131  0.045  0.015 -0.144  0.067  0.027 
 25.0  45.0  35.0  98.0 102.0  99.7  0.040  0.055  0.013 -0.220  0.059  0.023 -0.315  0.090  0.035 
 45.0  70.0  56.5  24.0  28.0  26.8 -0.753  0.207  0.063  0.277  0.175  0.046 -0.060  0.255  0.012 
 45.0  70.0  56.7  28.0  32.0  30.3 -0.663  0.089  0.056  0.281  0.076  0.048  0.395  0.113  0.033 
 45.0  70.0  56.0  32.0  36.0  34.0 -0.660  0.075  0.055  0.521  0.066  0.060  0.323  0.097  0.029 
 45.0  70.0  56.2  36.0  40.0  38.0 -0.640  0.076  0.053  0.673  0.070  0.070  0.290  0.100  0.028 
 45.0  70.0  55.6  40.0  44.0  41.5 -0.497  0.098  0.043  0.823  0.096  0.079 -0.009  0.141  0.019 
 45.0  70.0  55.0  44.0  48.0  45.0 -0.438  0.320  0.038  0.894  0.299  0.084 -0.113  0.450  0.023 
 45.0  70.0  57.2  78.0  82.0  80.7  0.218  0.078  0.026  0.344  0.091  0.034 -0.418  0.132  0.053 
 45.0  70.0  55.8  82.0  86.0  84.2  0.338  0.041  0.033  0.163  0.048  0.023 -0.561  0.070  0.061 
 45.0  70.0  55.8  86.0  90.0  87.9  0.331  0.039  0.033  0.103  0.044  0.017 -0.436  0.063  0.055 
 45.0  70.0  55.9  90.0  94.0  91.9  0.281  0.045  0.030 -0.017  0.050  0.015 -0.481  0.072  0.057 
 45.0  70.0  55.9  94.0  98.0  95.9  0.274  0.055  0.030 -0.023  0.061  0.018 -0.457  0.091  0.056 
 45.0  70.0  55.9  98.0 102.0  99.7  0.173  0.069  0.024 -0.433  0.075  0.040 -0.440  0.113  0.054 
 70.0 100.0  84.7  24.0  28.0  26.9 -0.960  0.210  0.077  0.456  0.175  0.055  0.250  0.255  0.024 
 70.0 100.0  83.9  28.0  32.0  30.2 -0.691  0.095  0.056  0.669  0.086  0.067  0.477  0.128  0.041 
 70.0 100.0  83.4  32.0  36.0  33.9 -0.673  0.092  0.054  0.839  0.084  0.078  0.220  0.124  0.027 
 70.0 100.0  83.9  36.0  40.0  38.0 -0.668  0.085  0.054  1.045  0.082  0.093  0.206  0.117  0.030 
 70.0 100.0  83.3  40.0  44.0  41.3 -0.718  0.129  0.058  1.248  0.128  0.107 -0.059  0.184  0.030 
 70.0 100.0  85.1  78.0  82.0  80.5  0.452  0.075  0.041  0.683  0.091  0.059 -0.678  0.132  0.070 
 70.0 100.0  83.8  82.0  86.0  84.1  0.577  0.055  0.050  0.390  0.064  0.039 -0.735  0.092  0.073 
 70.0 100.0  83.4  86.0  90.0  88.0  0.473  0.055  0.042  0.256  0.061  0.029 -0.737  0.087  0.074 
 70.0 100.0  83.4  90.0  94.0  91.8  0.339  0.061  0.033  0.034  0.069  0.021 -0.916  0.100  0.085 
 70.0 100.0  83.4  94.0  98.0  95.9  0.413  0.072  0.038 -0.194  0.085  0.028 -0.962  0.125  0.088 
 70.0 100.0  82.9  98.0 102.0  99.7  0.507  0.097  0.044 -0.352  0.106  0.038 -0.657  0.159  0.068 
100.0 140.0 120.3  24.0  28.0  26.9 -0.724  0.169  0.057  0.720  0.156  0.064  0.267  0.230  0.025 
100.0 140.0 118.7  28.0  32.0  30.1 -0.858  0.102  0.068  0.871  0.091  0.076  0.247  0.135  0.026 
100.0 140.0 118.4  32.0  36.0  34.0 -0.679  0.102  0.054  1.050  0.101  0.088  0.361  0.150  0.036 
100.0 140.0 118.6  36.0  40.0  38.0 -0.576  0.091  0.046  1.147  0.091  0.094  0.170  0.132  0.028 
100.0 140.0 117.8  40.0  44.0  41.1 -0.625  0.168  0.051  1.022  0.164  0.085 -0.044  0.233  0.024 
100.0 140.0 121.3  74.0  78.0  77.1  0.520  0.188  0.043  0.586  0.223  0.052 -0.847  0.327  0.073 
100.0 140.0 119.4  78.0  82.0  80.3  0.675  0.078  0.055  0.592  0.090  0.053 -0.724  0.130  0.065 
100.0 140.0 118.1  82.0  86.0  84.0  0.526  0.069  0.043  0.221  0.078  0.030 -0.948  0.112  0.080 
100.0 140.0 117.3  86.0  90.0  88.0  0.705  0.072  0.057  0.124  0.082  0.031 -1.176  0.118  0.097 
100.0 140.0 117.2  90.0  94.0  91.8  0.463  0.081  0.038 -0.062  0.091  0.024 -0.885  0.130  0.075 
100.0 140.0 116.5  94.0  98.0  95.9  0.479  0.093  0.039 -0.081  0.103  0.024 -0.832  0.151  0.071 
100.0 140.0 115.0  98.0 102.0  99.4  0.515  0.141  0.042 -0.375  0.154  0.038 -0.674  0.230  0.060 
140.0 180.0 160.4  24.0  28.0  26.7 -0.877  0.175  0.070  0.864  0.154  0.072  0.030  0.227  0.012 
140.0 180.0 158.9  28.0  32.0  29.9 -0.872  0.123  0.070  0.855  0.106  0.072  0.254  0.158  0.024 
140.0 180.0 159.8  32.0  36.0  34.1 -0.719  0.126  0.058  0.833  0.117  0.069  0.179  0.174  0.019 
140.0 180.0 158.8  36.0  40.0  37.9 -0.839  0.117  0.067  1.164  0.109  0.094  0.194  0.160  0.025 
140.0 180.0 157.2  40.0  44.0  40.9 -0.693  0.265  0.056  1.252  0.249  0.100 -0.016  0.356  0.023 
140.0 180.0 161.5  74.0  78.0  76.8  0.650  0.157  0.052  0.425  0.183  0.042 -0.954  0.265  0.076 
140.0 180.0 159.5  78.0  82.0  80.1  0.644  0.087  0.051  0.449  0.106  0.046 -1.247  0.154  0.099 
140.0 180.0 158.7  82.0  86.0  84.0  0.666  0.084  0.053  0.470  0.101  0.047 -1.215  0.146  0.097 
140.0 180.0 159.0  86.0  90.0  87.9  0.743  0.094  0.059  0.017  0.101  0.030 -1.024  0.145  0.081 
140.0 180.0 158.9  90.0  94.0  91.9  0.723  0.101  0.057 -0.095  0.118  0.030 -1.028  0.170  0.081 
140.0 180.0 159.1  94.0  98.0  95.8  0.674  0.118  0.054 -0.549  0.138  0.052 -1.014  0.200  0.081 
140.0 180.0 157.6  98.0 102.0  99.1  0.683  0.226  0.055 -0.452  0.256  0.042 -0.290  0.380  0.025 
180.0 230.0 205.0  24.0  28.0  26.5 -0.630  0.138  0.055  0.560  0.135  0.058  0.167  0.200  0.018 
180.0 230.0 203.1  28.0  32.0  29.9 -0.645  0.116  0.054  0.713  0.111  0.067  0.186  0.167  0.020 
180.0 230.0 204.9  32.0  36.0  34.2 -0.718  0.118  0.058  1.062  0.115  0.091  0.248  0.171  0.029 
180.0 230.0 203.0  36.0  40.0  37.7 -0.553  0.121  0.045  1.007  0.117  0.085  0.086  0.173  0.022 
180.0 230.0 200.7  40.0  44.0  40.9 -0.137  0.376  0.015  1.147  0.387  0.094 -0.056  0.555  0.024 
180.0 230.0 206.1  74.0  78.0  76.5  0.539  0.112  0.043  0.730  0.135  0.062 -0.672  0.195  0.055 
180.0 230.0 204.4  78.0  82.0  80.0  0.707  0.086  0.056  0.478  0.098  0.046 -0.757  0.143  0.061 
180.0 230.0 204.1  82.0  86.0  84.0  0.629  0.087  0.050  0.344  0.098  0.038 -0.938  0.142  0.075 
180.0 230.0 204.1  86.0  90.0  87.9  0.569  0.092  0.045 -0.036  0.102  0.025 -0.796  0.146  0.063 
180.0 230.0 204.5  90.0  94.0  92.0  0.696  0.100  0.055 -0.029  0.116  0.029 -1.000  0.167  0.079 
180.0 230.0 203.6  94.0  98.0  95.7  0.624  0.118  0.050 -0.195  0.137  0.032 -1.135  0.198  0.090 
230.0 330.0 273.4  24.0  28.0  26.3 -0.517  0.118  0.044  0.647  0.113  0.065 -0.053  0.168  0.018 
230.0 330.0 270.6  28.0  32.0  29.9 -0.646  0.116  0.053  0.711  0.111  0.069 -0.100  0.165  0.021 
230.0 330.0 271.5  32.0  36.0  34.1 -0.569  0.099  0.046  1.016  0.101  0.087 -0.042  0.151  0.023 
230.0 330.0 265.4  36.0  40.0  37.4 -0.381  0.132  0.032  1.060  0.131  0.090  0.375  0.198  0.039 
230.0 330.0 272.7  74.0  78.0  76.2  0.633  0.087  0.051  1.009  0.106  0.083 -0.831  0.155  0.068 
230.0 330.0 271.8  78.0  82.0  80.0  0.563  0.078  0.045  0.447  0.087  0.043 -0.786  0.128  0.063 
230.0 330.0 271.7  82.0  86.0  84.0  0.663  0.080  0.053  0.356  0.086  0.039 -0.838  0.125  0.067 
230.0 330.0 271.4  86.0  90.0  88.0  0.567  0.082  0.045  0.211  0.094  0.031 -0.917  0.136  0.072 
230.0 330.0 271.6  90.0  94.0  91.9  0.663  0.086  0.053 -0.213  0.097  0.033 -0.995  0.140  0.079 
230.0 330.0 266.0  94.0  98.0  95.4  0.599  0.129  0.048 -0.308  0.146  0.037 -1.035  0.209  0.082 
330.0 440.0 371.1  24.0  28.0  26.2 -0.524  0.217  0.042  0.435  0.203  0.061  0.049  0.306  0.024 
330.0 440.0 371.4  28.0  32.0  30.2 -0.483  0.233  0.039  0.486  0.225  0.058 -0.214  0.335  0.031 
330.0 440.0 370.0  32.0  36.0  33.8 -0.093  0.180  0.015  1.010  0.219  0.089 -0.831  0.331  0.073 
330.0 440.0 361.2  36.0  40.0  37.2 -0.063  0.417  0.017  0.207  0.412  0.037  0.468  0.638  0.048 
330.0 440.0 376.1  70.0  74.0  72.7  0.460  0.224  0.038  0.253  0.266  0.034 -0.446  0.386  0.039 
330.0 440.0 371.1  74.0  78.0  76.1  0.430  0.154  0.035  0.499  0.173  0.048 -0.634  0.254  0.051 
330.0 440.0 371.2  78.0  82.0  80.0  0.410  0.151  0.033  0.424  0.159  0.042 -0.714  0.234  0.057 
330.0 440.0 369.8  82.0  86.0  84.0  0.445  0.144  0.035  0.468  0.153  0.044 -0.679  0.225  0.054 
330.0 440.0 372.8  86.0  90.0  88.0  0.316  0.152  0.025  0.353  0.166  0.034 -0.600  0.241  0.047 
330.0 440.0 369.8  90.0  94.0  91.9  0.500  0.160  0.040 -0.669  0.192  0.058 -1.004  0.275  0.080 
330.0 440.0 365.8  94.0  98.0  94.9  0.379  0.376  0.030 -0.164  0.390  0.024 -0.553  0.550  0.044 
