 25.0  45.0  37.2  24.0  48.0  36.1 -0.501  0.040  0.045  0.262  0.037  0.040  0.278  0.053  0.023 
 45.0  70.0  56.1  24.0  48.0  35.3 -0.631  0.040  0.053  0.552  0.036  0.062  0.255  0.053  0.025 
 70.0 100.0  83.7  24.0  44.0  34.8 -0.700  0.047  0.056  0.889  0.044  0.081  0.240  0.064  0.029 
100.0 140.0 118.7  24.0  44.0  34.1 -0.698  0.051  0.056  0.995  0.049  0.084  0.218  0.072  0.027 
140.0 180.0 159.2  24.0  44.0  33.4 -0.818  0.064  0.066  0.961  0.058  0.079  0.171  0.085  0.020 
180.0 230.0 203.8  24.0  44.0  32.7 -0.630  0.061  0.052  0.864  0.059  0.076  0.177  0.087  0.022 
230.0 330.0 270.6  24.0  40.0  31.8 -0.544  0.058  0.045  0.858  0.057  0.077  0.018  0.085  0.021 
330.0 440.0 370.1  24.0  40.0  30.7 -0.323  0.115  0.027  0.617  0.118  0.065 -0.270  0.178  0.034 
440.0 600.0 501.0  24.0  40.0  29.7 -0.621  0.248  0.050  0.134  0.227  0.035 -0.183  0.343  0.022 
 25.0  45.0  34.8  78.0 102.0  89.9  0.122  0.016  0.017  0.005  0.018  0.007 -0.208  0.026  0.030 
 45.0  70.0  56.0  78.0 102.0  89.6  0.293  0.020  0.031  0.040  0.023  0.015 -0.479  0.034  0.057 
 70.0 100.0  83.7  78.0 102.0  88.9  0.464  0.027  0.041  0.183  0.031  0.026 -0.793  0.044  0.077 
100.0 140.0 117.7  74.0 102.0  87.7  0.574  0.033  0.047  0.154  0.037  0.028 -0.917  0.054  0.078 
140.0 180.0 159.2  74.0 102.0  86.6  0.685  0.040  0.055  0.134  0.047  0.030 -1.085  0.068  0.086 
180.0 230.0 204.4  74.0  98.0  85.6  0.634  0.040  0.050  0.223  0.045  0.032 -0.874  0.066  0.070 
230.0 330.0 271.4  74.0  98.0  84.9  0.617  0.036  0.049  0.300  0.040  0.035 -0.880  0.059  0.070 
330.0 440.0 371.1  70.0  98.0  83.4  0.423  0.065  0.034  0.238  0.070  0.030 -0.667  0.103  0.053 
440.0 600.0 497.8  70.0  98.0  82.4  0.453  0.121  0.036  0.509  0.134  0.049 -0.601  0.197  0.048 
