DEG	LO	NLO	N2LO	N3LO	N4LO
0	-0	-0	-0	-0	-0
1	0.001675	0.003866	0.004508	0.005845	0.00549
2	0.003341	0.007721	0.009001	0.01167	0.01096
3	0.004989	0.01155	0.01347	0.01746	0.0164
4	0.00661	0.01535	0.01789	0.02319	0.02178
5	0.008196999999999999	0.01911	0.02225	0.02884	0.02708
6	0.009742000000000001	0.02281	0.02654	0.03439	0.0323
7	0.01124	0.02645	0.03075	0.03984	0.03742
8	0.01268	0.03001	0.03486	0.04516	0.04241
9	0.01406	0.03349	0.03886	0.05033	0.04727
10	0.01537	0.03688	0.04274	0.05535	0.05198
11	0.01661	0.04017	0.0465	0.06019	0.05653
12	0.01778	0.04335	0.05011	0.06486	0.06091
13	0.01887	0.04642	0.05358	0.06933	0.06510000000000001
14	0.01988	0.04937	0.05689	0.0736	0.06911
15	0.02081	0.05219	0.06004	0.07766000000000001	0.07292
16	0.02166	0.05488	0.06303	0.08151	0.07652
17	0.02243	0.05744	0.06584	0.08513	0.07992
18	0.02312	0.05986	0.06848	0.08853	0.08309999999999999
19	0.02374	0.06214	0.07093000000000001	0.0917	0.08606
20	0.02427	0.06426999999999999	0.0732	0.09464	0.08881
21	0.02473	0.06626	0.07529	0.09735000000000001	0.09132999999999999
22	0.02512	0.06809999999999999	0.0772	0.09982000000000001	0.09363
23	0.02543	0.06979	0.07892	0.1021	0.09572
24	0.02568	0.07133	0.08044999999999999	0.1041	0.09758
25	0.02585	0.07272000000000001	0.0818	0.1059	0.09923
26	0.02597	0.07396	0.08297	0.1074	0.1007
27	0.02602	0.07506	0.08396000000000001	0.1088	0.1019
28	0.02601	0.07600999999999999	0.08476	0.1099	0.1029
29	0.02595	0.07681	0.08538999999999999	0.1108	0.1037
30	0.02583	0.07746	0.08584	0.1115	0.1043
31	0.02566	0.07797	0.08612	0.112	0.1047
32	0.02544	0.07834000000000001	0.08622	0.1123	0.1049
33	0.02518	0.07857	0.08616	0.1124	0.105
34	0.02487	0.07865999999999999	0.08594	0.1123	0.1048
35	0.02451	0.07861	0.08555	0.112	0.1045
36	0.02412	0.07843	0.08501	0.1115	0.104
37	0.02368	0.07811	0.08431	0.1109	0.1033
38	0.02321	0.07766000000000001	0.08346000000000001	0.1101	0.1024
39	0.0227	0.07708	0.08246000000000001	0.1091	0.1014
40	0.02215	0.07638	0.08130999999999999	0.108	0.1002
41	0.02157	0.07555000000000001	0.08001999999999999	0.1067	0.0989
42	0.02095	0.07459	0.07858999999999999	0.1052	0.09742000000000001
43	0.02031	0.07351000000000001	0.07702000000000001	0.1036	0.09579
44	0.01963	0.07232	0.07531	0.1019	0.09402000000000001
45	0.01892	0.07099999999999999	0.07346999999999999	0.09997	0.09211
46	0.01819	0.06956	0.07149999999999999	0.09793	0.09006
47	0.01742	0.06801	0.0694	0.09576	0.08787
48	0.01662	0.06634	0.06716999999999999	0.09345000000000001	0.08556
49	0.0158	0.06455	0.06482	0.09102	0.08311
50	0.01495	0.06265999999999999	0.06234	0.08845	0.08054
51	0.01407	0.06064	0.05974	0.08576	0.07784000000000001
52	0.01316	0.05852	0.05702	0.08295	0.07503
53	0.01222	0.05629	0.05418	0.08001	0.07209
54	0.01126	0.05394	0.05123	0.07696	0.06902999999999999
55	0.01027	0.05148	0.04815	0.07378999999999999	0.06585000000000001
56	0.009249	0.04892	0.04497	0.07049999999999999	0.06256
57	0.008203	0.04624	0.04166	0.06710000000000001	0.05916
58	0.007128	0.04346	0.03825	0.06358	0.05564
59	0.006026	0.04056	0.03472	0.05996	0.05201
60	0.004895	0.03756	0.03108	0.05622	0.04827
61	0.003736	0.03445	0.02733	0.05237	0.04442
62	0.002547	0.03123	0.02347	0.04842	0.04047
63	0.00133	0.0279	0.0195	0.04436	0.0364
64	8.307e-05	0.02446	0.01542	0.0402	0.03224
65	-0.001194	0.02092	0.01123	0.03593	0.02796
66	-0.002501	0.01726	0.006942	0.03155	0.02358
67	-0.003839	0.0135	0.002543	0.02708	0.0191
68	-0.005208	0.009634999999999999	-0.001961	0.0225	0.01452
69	-0.006608	0.00566	-0.006569	0.01782	0.009832
70	-0.008041	0.001579	-0.01128	0.01304	0.005047
71	-0.009506000000000001	-0.002608	-0.01609	0.008167000000000001	0.0001625
72	-0.011	-0.0069	-0.02101	0.003193	-0.00482
73	-0.01253	-0.0113	-0.02602	-0.001878	-0.009899
74	-0.0141	-0.0158	-0.03114	-0.007043	-0.01507
75	-0.0157	-0.0204	-0.03635	-0.0123	-0.02034
76	-0.01733	-0.0251	-0.04165	-0.01765	-0.0257
77	-0.019	-0.0299	-0.04705	-0.02309	-0.03115
78	-0.0207	-0.0348	-0.05254	-0.02863	-0.03669
79	-0.02244	-0.0398	-0.05812	-0.03424	-0.04232
80	-0.02422	-0.04489	-0.06378	-0.03994	-0.04803
81	-0.02603	-0.05006	-0.06952999999999999	-0.04573	-0.05383
82	-0.02788	-0.05533	-0.07537000000000001	-0.05159	-0.0597
83	-0.02976	-0.06068	-0.08128000000000001	-0.05753	-0.06565
84	-0.03168	-0.06611	-0.08726	-0.06354	-0.07167
85	-0.03364	-0.07162	-0.09332	-0.06963	-0.07776
86	-0.03564	-0.07721	-0.09944	-0.07578	-0.08391999999999999
87	-0.03767	-0.08286	-0.1056	-0.082	-0.09014
88	-0.03974	-0.08857	-0.1119	-0.08827	-0.09642000000000001
89	-0.04185	-0.09433999999999999	-0.1182	-0.0946	-0.1028
90	-0.044	-0.1002	-0.1245	-0.101	-0.1091
91	-0.04618	-0.106	-0.1309	-0.1074	-0.1156
92	-0.04839	-0.1119	-0.1373	-0.1139	-0.122
93	-0.05065	-0.1179	-0.1438	-0.1204	-0.1285
94	-0.05293	-0.1238	-0.1503	-0.1269	-0.135
95	-0.05526	-0.1298	-0.1568	-0.1335	-0.1416
96	-0.05761	-0.1358	-0.1633	-0.14	-0.1481
97	-0.06	-0.1418	-0.1698	-0.1466	-0.1547
98	-0.06242	-0.1478	-0.1763	-0.1532	-0.1613
99	-0.06487	-0.1537	-0.1828	-0.1597	-0.1678
100	-0.06734999999999999	-0.1597	-0.1893	-0.1663	-0.1743
101	-0.06986000000000001	-0.1655	-0.1958	-0.1728	-0.1808
102	-0.07239	-0.1714	-0.2022	-0.1793	-0.1873
103	-0.07494000000000001	-0.1771	-0.2085	-0.1858	-0.1937
104	-0.07752000000000001	-0.1828	-0.2148	-0.1922	-0.2001
105	-0.08012	-0.1885	-0.2211	-0.1985	-0.2064
106	-0.08273	-0.194	-0.2272	-0.2048	-0.2126
107	-0.08535	-0.1994	-0.2333	-0.211	-0.2187
108	-0.08799	-0.2047	-0.2392	-0.2171	-0.2248
109	-0.09063	-0.2098	-0.2451	-0.2231	-0.2307
110	-0.09328	-0.2149	-0.2508	-0.229	-0.2365
111	-0.09592000000000001	-0.2197	-0.2564	-0.2347	-0.2422
112	-0.09855999999999999	-0.2244	-0.2619	-0.2404	-0.2477
113	-0.1012	-0.2289	-0.2671	-0.2458	-0.2531
114	-0.1038	-0.2333	-0.2723	-0.2511	-0.2583
115	-0.1064	-0.2374	-0.2772	-0.2563	-0.2633
116	-0.109	-0.2413	-0.2819	-0.2613	-0.2682
117	-0.1115	-0.245	-0.2865	-0.266	-0.2728
118	-0.1141	-0.2485	-0.2908	-0.2706	-0.2773
119	-0.1165	-0.2517	-0.2949	-0.2749	-0.2815
120	-0.119	-0.2547	-0.2988	-0.279	-0.2855
121	-0.1214	-0.2574	-0.3024	-0.2829	-0.2892
122	-0.1237	-0.2599	-0.3058	-0.2865	-0.2927
123	-0.1259	-0.2621	-0.3089	-0.2899	-0.296
124	-0.1281	-0.264	-0.3117	-0.293	-0.2989
125	-0.1302	-0.2657	-0.3143	-0.2958	-0.3016
126	-0.1322	-0.267	-0.3165	-0.2984	-0.304
127	-0.1342	-0.2681	-0.3185	-0.3006	-0.3061
128	-0.136	-0.2689	-0.3201	-0.3025	-0.3078
129	-0.1377	-0.2694	-0.3214	-0.3041	-0.3093
130	-0.1393	-0.2696	-0.3225	-0.3055	-0.3104
131	-0.1408	-0.2695	-0.3231	-0.3064	-0.3113
132	-0.1421	-0.2691	-0.3235	-0.3071	-0.3118
133	-0.1433	-0.2684	-0.3235	-0.3074	-0.3119
134	-0.1444	-0.2674	-0.3232	-0.3074	-0.3117
135	-0.1453	-0.2661	-0.3225	-0.307	-0.3112
136	-0.1461	-0.2646	-0.3215	-0.3063	-0.3104
137	-0.1467	-0.2627	-0.3202	-0.3053	-0.3092
138	-0.1471	-0.2606	-0.3185	-0.3039	-0.3076
139	-0.1473	-0.2582	-0.3164	-0.3022	-0.3057
140	-0.1474	-0.2555	-0.314	-0.3001	-0.3035
141	-0.1473	-0.2526	-0.3113	-0.2977	-0.3009
142	-0.147	-0.2493	-0.3082	-0.2949	-0.298
143	-0.1465	-0.2459	-0.3048	-0.2918	-0.2947
144	-0.1458	-0.2421	-0.301	-0.2883	-0.2911
145	-0.1449	-0.2382	-0.2969	-0.2846	-0.2872
146	-0.1437	-0.2339	-0.2925	-0.2804	-0.283
147	-0.1424	-0.2295	-0.2877	-0.276	-0.2784
148	-0.1409	-0.2248	-0.2827	-0.2712	-0.2735
149	-0.1391	-0.22	-0.2773	-0.2662	-0.2683
150	-0.1372	-0.2149	-0.2716	-0.2608	-0.2628
151	-0.135	-0.2096	-0.2656	-0.2551	-0.257
152	-0.1327	-0.2041	-0.2593	-0.2491	-0.2509
153	-0.1301	-0.1984	-0.2527	-0.2429	-0.2445
154	-0.1273	-0.1925	-0.2458	-0.2363	-0.2379
155	-0.1243	-0.1865	-0.2387	-0.2295	-0.231
156	-0.1211	-0.1803	-0.2313	-0.2224	-0.2238
157	-0.1177	-0.1739	-0.2236	-0.2151	-0.2164
158	-0.1141	-0.1674	-0.2157	-0.2075	-0.2087
159	-0.1104	-0.1607	-0.2076	-0.1997	-0.2008
160	-0.1064	-0.154	-0.1992	-0.1917	-0.1927
161	-0.1023	-0.147	-0.1906	-0.1835	-0.1844
162	-0.09796000000000001	-0.14	-0.1818	-0.175	-0.1759
163	-0.09347999999999999	-0.1328	-0.1728	-0.1664	-0.1672
164	-0.08885	-0.1256	-0.1636	-0.1575	-0.1583
165	-0.08406	-0.1182	-0.1543	-0.1485	-0.1492
166	-0.07913000000000001	-0.1107	-0.1447	-0.1394	-0.14
167	-0.07407	-0.1032	-0.1351	-0.1301	-0.1306
168	-0.06887	-0.09556000000000001	-0.1252	-0.1206	-0.1211
169	-0.06356000000000001	-0.08785	-0.1153	-0.111	-0.1115
170	-0.05814	-0.08008	-0.1052	-0.1013	-0.1017
171	-0.05262	-0.07224999999999999	-0.09499	-0.09149	-0.09185
172	-0.04701	-0.06436	-0.08469	-0.08157	-0.08189
173	-0.04131	-0.05642	-0.0743	-0.07156999999999999	-0.07184
174	-0.03554	-0.04844	-0.06383999999999999	-0.06149	-0.06172
175	-0.02971	-0.04042	-0.0533	-0.05134	-0.05153
176	-0.02383	-0.03237	-0.04271	-0.04114	-0.04129
177	-0.01791	-0.0243	-0.03207	-0.03089	-0.03101
178	-0.01196	-0.01621	-0.0214	-0.02061	-0.02069
179	-0.005984	-0.008108000000000001	-0.01071	-0.01031	-0.01035
180	-0	-0	-0	-0	-0
