   0.00000E+00   0.69239E+01   0.63071E+01   0.61126E+01   0.61081E+01
   0.10027E+01   0.69369E+01   0.63201E+01   0.61266E+01   0.61221E+01
   0.19996E+01   0.69771E+01   0.63612E+01   0.61686E+01   0.61631E+01
   0.30023E+01   0.70449E+01   0.64294E+01   0.62376E+01   0.62321E+01
   0.39992E+01   0.71385E+01   0.65246E+01   0.63347E+01   0.63291E+01
   0.50019E+01   0.72595E+01   0.66458E+01   0.64587E+01   0.64531E+01
   0.59989E+01   0.74056E+01   0.67941E+01   0.66098E+01   0.66031E+01
   0.70015E+01   0.75777E+01   0.69684E+01   0.67879E+01   0.67812E+01
   0.79985E+01   0.77763E+01   0.71688E+01   0.69920E+01   0.69852E+01
   0.90012E+01   0.80002E+01   0.73954E+01   0.72231E+01   0.72142E+01
   0.99981E+01   0.82480E+01   0.76459E+01   0.74793E+01   0.74703E+01
   0.11001E+02   0.85212E+01   0.79214E+01   0.77604E+01   0.77503E+01
   0.11998E+02   0.88173E+01   0.82210E+01   0.80656E+01   0.80543E+01
   0.13000E+02   0.91367E+01   0.85436E+01   0.83948E+01   0.83834E+01
   0.13997E+02   0.94782E+01   0.88893E+01   0.87479E+01   0.87344E+01
   0.15000E+02   0.98421E+01   0.92571E+01   0.91232E+01   0.91095E+01
   0.16003E+02   0.10227E+02   0.96458E+01   0.95203E+01   0.95045E+01
   0.17000E+02   0.10631E+02   0.10056E+02   0.99376E+01   0.99216E+01
   0.18002E+02   0.11053E+02   0.10488E+02   0.10380E+02   0.10361E+02
   0.18999E+02   0.11497E+02   0.10929E+02   0.10830E+02   0.10811E+02
   0.20002E+02   0.11960E+02   0.11400E+02   0.11310E+02   0.11291E+02
   0.20999E+02   0.12445E+02   0.11882E+02   0.11801E+02   0.11781E+02
   0.22002E+02   0.12938E+02   0.12382E+02   0.12311E+02   0.12291E+02
   0.22999E+02   0.13441E+02   0.12903E+02   0.12841E+02   0.12811E+02
   0.24001E+02   0.13964E+02   0.13424E+02   0.13381E+02   0.13351E+02
   0.24998E+02   0.14499E+02   0.13975E+02   0.13932E+02   0.13901E+02
   0.26001E+02   0.15052E+02   0.14526E+02   0.14502E+02   0.14471E+02
   0.26998E+02   0.15610E+02   0.15088E+02   0.15082E+02   0.15051E+02
   0.28000E+02   0.16190E+02   0.15671E+02   0.15673E+02   0.15632E+02
   0.28997E+02   0.16768E+02   0.16253E+02   0.16264E+02   0.16232E+02
   0.30000E+02   0.17369E+02   0.16856E+02   0.16874E+02   0.16832E+02
   0.31003E+02   0.17970E+02   0.17459E+02   0.17485E+02   0.17452E+02
   0.32000E+02   0.18571E+02   0.18062E+02   0.18106E+02   0.18062E+02
   0.33002E+02   0.19181E+02   0.18675E+02   0.18737E+02   0.18693E+02
   0.33999E+02   0.19802E+02   0.19297E+02   0.19368E+02   0.19313E+02
   0.35002E+02   0.20413E+02   0.19910E+02   0.19998E+02   0.19943E+02
   0.35999E+02   0.21033E+02   0.20533E+02   0.20629E+02   0.20573E+02
   0.37002E+02   0.21651E+02   0.21155E+02   0.21260E+02   0.21203E+02
   0.37999E+02   0.22275E+02   0.21779E+02   0.21901E+02   0.21844E+02
   0.39001E+02   0.22883E+02   0.22391E+02   0.22531E+02   0.22474E+02
   0.39998E+02   0.23504E+02   0.23014E+02   0.23162E+02   0.23094E+02
   0.41001E+02   0.24114E+02   0.23627E+02   0.23783E+02   0.23724E+02
   0.41998E+02   0.24712E+02   0.24229E+02   0.24403E+02   0.24344E+02
   0.43000E+02   0.25313E+02   0.24832E+02   0.25024E+02   0.24954E+02
   0.43997E+02   0.25904E+02   0.25435E+02   0.25635E+02   0.25565E+02
   0.45000E+02   0.26495E+02   0.26018E+02   0.26236E+02   0.26165E+02
   0.46003E+02   0.27073E+02   0.26600E+02   0.26826E+02   0.26755E+02
   0.47000E+02   0.27641E+02   0.27172E+02   0.27407E+02   0.27335E+02
   0.48002E+02   0.28201E+02   0.27735E+02   0.27988E+02   0.27905E+02
   0.48999E+02   0.28739E+02   0.28287E+02   0.28548E+02   0.28466E+02
   0.50002E+02   0.29277E+02   0.28819E+02   0.29099E+02   0.29016E+02
   0.50999E+02   0.29793E+02   0.29350E+02   0.29629E+02   0.29546E+02
   0.52002E+02   0.30303E+02   0.29863E+02   0.30160E+02   0.30076E+02
   0.52999E+02   0.30802E+02   0.30356E+02   0.30670E+02   0.30576E+02
   0.54001E+02   0.31277E+02   0.30837E+02   0.31161E+02   0.31076E+02
   0.54998E+02   0.31742E+02   0.31308E+02   0.31641E+02   0.31546E+02
   0.56001E+02   0.32193E+02   0.31761E+02   0.32112E+02   0.32017E+02
   0.56998E+02   0.32626E+02   0.32192E+02   0.32552E+02   0.32457E+02
   0.58001E+02   0.33044E+02   0.32614E+02   0.32983E+02   0.32887E+02
   0.58997E+02   0.33439E+02   0.33016E+02   0.33393E+02   0.33297E+02
   0.60000E+02   0.33824E+02   0.33397E+02   0.33794E+02   0.33687E+02
   0.61003E+02   0.34180E+02   0.33768E+02   0.34164E+02   0.34057E+02
   0.62000E+02   0.34525E+02   0.34110E+02   0.34524E+02   0.34417E+02
   0.63002E+02   0.34848E+02   0.34441E+02   0.34854E+02   0.34747E+02
   0.63999E+02   0.35150E+02   0.34741E+02   0.35175E+02   0.35067E+02
   0.65002E+02   0.35436E+02   0.35033E+02   0.35475E+02   0.35367E+02
   0.65999E+02   0.35696E+02   0.35303E+02   0.35745E+02   0.35637E+02
   0.67002E+02   0.35951E+02   0.35544E+02   0.36005E+02   0.35888E+02
   0.67999E+02   0.36171E+02   0.35774E+02   0.36235E+02   0.36128E+02
   0.69001E+02   0.36390E+02   0.35989E+02   0.36457E+02   0.36338E+02
   0.69998E+02   0.36580E+02   0.36172E+02   0.36648E+02   0.36528E+02
   0.71001E+02   0.36750E+02   0.36345E+02   0.36818E+02   0.36708E+02
   0.71998E+02   0.36900E+02   0.36487E+02   0.36969E+02   0.36858E+02
   0.73001E+02   0.37030E+02   0.36610E+02   0.37100E+02   0.36979E+02
   0.73997E+02   0.37140E+02   0.36723E+02   0.37210E+02   0.37089E+02
   0.75000E+02   0.37230E+02   0.36805E+02   0.37301E+02   0.37179E+02
   0.76003E+02   0.37300E+02   0.36868E+02   0.37372E+02   0.37249E+02
   0.77000E+02   0.37340E+02   0.36908E+02   0.37412E+02   0.37289E+02
   0.78002E+02   0.37370E+02   0.36931E+02   0.37443E+02   0.37319E+02
   0.78999E+02   0.37370E+02   0.36941E+02   0.37443E+02   0.37319E+02
   0.80002E+02   0.37350E+02   0.36921E+02   0.37423E+02   0.37299E+02
   0.80999E+02   0.37320E+02   0.36883E+02   0.37393E+02   0.37270E+02
   0.82002E+02   0.37260E+02   0.36823E+02   0.37333E+02   0.37210E+02
   0.82999E+02   0.37190E+02   0.36743E+02   0.37263E+02   0.37130E+02
   0.84001E+02   0.37090E+02   0.36653E+02   0.37163E+02   0.37040E+02
   0.84998E+02   0.36980E+02   0.36533E+02   0.37053E+02   0.36920E+02
   0.86001E+02   0.36840E+02   0.36403E+02   0.36913E+02   0.36790E+02
   0.86998E+02   0.36690E+02   0.36253E+02   0.36763E+02   0.36640E+02
   0.88001E+02   0.36520E+02   0.36081E+02   0.36593E+02   0.36469E+02
   0.88998E+02   0.36330E+02   0.35891E+02   0.36403E+02   0.36279E+02
   0.90000E+02   0.36130E+02   0.35691E+02   0.36203E+02   0.36079E+02
   0.90997E+02   0.35900E+02   0.35468E+02   0.35972E+02   0.35849E+02
   0.92000E+02   0.35660E+02   0.35225E+02   0.35731E+02   0.35619E+02
   0.93003E+02   0.35410E+02   0.34975E+02   0.35481E+02   0.35359E+02
   0.93999E+02   0.35140E+02   0.34703E+02   0.35210E+02   0.35089E+02
   0.95002E+02   0.34850E+02   0.34420E+02   0.34920E+02   0.34809E+02
   0.95999E+02   0.34550E+02   0.34127E+02   0.34619E+02   0.34508E+02
   0.97002E+02   0.34240E+02   0.33817E+02   0.34309E+02   0.34188E+02
   0.97999E+02   0.33910E+02   0.33485E+02   0.33978E+02   0.33858E+02
   0.99001E+02   0.33570E+02   0.33152E+02   0.33638E+02   0.33518E+02
   0.99998E+02   0.33210E+02   0.32797E+02   0.33276E+02   0.33168E+02
   0.10100E+03   0.32840E+02   0.32434E+02   0.32905E+02   0.32798E+02
   0.10200E+03   0.32470E+02   0.32061E+02   0.32535E+02   0.32417E+02
   0.10300E+03   0.32080E+02   0.31679E+02   0.32144E+02   0.32027E+02
   0.10400E+03   0.31670E+02   0.31273E+02   0.31732E+02   0.31627E+02
   0.10500E+03   0.31260E+02   0.30870E+02   0.31322E+02   0.31217E+02
   0.10600E+03   0.30840E+02   0.30455E+02   0.30900E+02   0.30796E+02
   0.10700E+03   0.30410E+02   0.30032E+02   0.30470E+02   0.30366E+02
   0.10800E+03   0.29970E+02   0.29597E+02   0.30028E+02   0.29936E+02
   0.10900E+03   0.29530E+02   0.29154E+02   0.29587E+02   0.29485E+02
   0.11000E+03   0.29070E+02   0.28699E+02   0.29126E+02   0.29035E+02
   0.11100E+03   0.28610E+02   0.28246E+02   0.28665E+02   0.28575E+02
   0.11200E+03   0.28140E+02   0.27781E+02   0.28194E+02   0.28104E+02
   0.11300E+03   0.27670E+02   0.27316E+02   0.27722E+02   0.27634E+02
   0.11400E+03   0.27190E+02   0.26840E+02   0.27241E+02   0.27154E+02
   0.11500E+03   0.26700E+02   0.26365E+02   0.26750E+02   0.26673E+02
   0.11600E+03   0.26210E+02   0.25880E+02   0.26258E+02   0.26183E+02
   0.11700E+03   0.25727E+02   0.25396E+02   0.25767E+02   0.25693E+02
   0.11800E+03   0.25241E+02   0.24915E+02   0.25277E+02   0.25193E+02
   0.11900E+03   0.24751E+02   0.24422E+02   0.24776E+02   0.24692E+02
   0.12000E+03   0.24260E+02   0.23929E+02   0.24265E+02   0.24192E+02
   0.12100E+03   0.23762E+02   0.23437E+02   0.23765E+02   0.23692E+02
   0.12200E+03   0.23274E+02   0.22934E+02   0.23264E+02   0.23192E+02
   0.12300E+03   0.22773E+02   0.22442E+02   0.22753E+02   0.22682E+02
   0.12400E+03   0.22282E+02   0.21949E+02   0.22243E+02   0.22181E+02
   0.12500E+03   0.21787E+02   0.21447E+02   0.21742E+02   0.21671E+02
   0.12600E+03   0.21286E+02   0.20954E+02   0.21231E+02   0.21171E+02
   0.12700E+03   0.20798E+02   0.20462E+02   0.20731E+02   0.20671E+02
   0.12800E+03   0.20307E+02   0.19969E+02   0.20220E+02   0.20161E+02
   0.12900E+03   0.19819E+02   0.19477E+02   0.19719E+02   0.19661E+02
   0.13000E+03   0.19329E+02   0.18984E+02   0.19219E+02   0.19170E+02
   0.13100E+03   0.18841E+02   0.18502E+02   0.18718E+02   0.18670E+02
   0.13200E+03   0.18363E+02   0.18020E+02   0.18228E+02   0.18180E+02
   0.13300E+03   0.17885E+02   0.17538E+02   0.17737E+02   0.17690E+02
   0.13400E+03   0.17404E+02   0.17065E+02   0.17246E+02   0.17200E+02
   0.13500E+03   0.16936E+02   0.16593E+02   0.16766E+02   0.16720E+02
   0.13600E+03   0.16480E+02   0.16121E+02   0.16295E+02   0.16249E+02
   0.13700E+03   0.16020E+02   0.15659E+02   0.15814E+02   0.15779E+02
   0.13800E+03   0.15564E+02   0.15207E+02   0.15354E+02   0.15309E+02
   0.13900E+03   0.15116E+02   0.14755E+02   0.14893E+02   0.14859E+02
   0.14000E+03   0.14676E+02   0.14312E+02   0.14433E+02   0.14399E+02
   0.14100E+03   0.14240E+02   0.13871E+02   0.13992E+02   0.13959E+02
   0.14200E+03   0.13812E+02   0.13449E+02   0.13552E+02   0.13519E+02
   0.14300E+03   0.13384E+02   0.13016E+02   0.13111E+02   0.13088E+02
   0.14400E+03   0.12979E+02   0.12605E+02   0.12691E+02   0.12658E+02
   0.14500E+03   0.12571E+02   0.12193E+02   0.12270E+02   0.12248E+02
   0.14600E+03   0.12173E+02   0.11801E+02   0.11860E+02   0.11838E+02
   0.14700E+03   0.11777E+02   0.11409E+02   0.11459E+02   0.11438E+02
   0.14800E+03   0.11401E+02   0.11018E+02   0.11069E+02   0.11048E+02
   0.14900E+03   0.11026E+02   0.10646E+02   0.10688E+02   0.10668E+02
   0.15000E+03   0.10668E+02   0.10284E+02   0.10308E+02   0.10287E+02
   0.15100E+03   0.10313E+02   0.99291E+01   0.99456E+01   0.99284E+01
   0.15200E+03   0.99732E+01   0.95847E+01   0.95915E+01   0.95754E+01
   0.15300E+03   0.96436E+01   0.92503E+01   0.92484E+01   0.92333E+01
   0.15400E+03   0.93243E+01   0.89259E+01   0.89153E+01   0.89003E+01
   0.15500E+03   0.90147E+01   0.86125E+01   0.85922E+01   0.85793E+01
   0.15600E+03   0.87166E+01   0.83092E+01   0.82801E+01   0.82683E+01
   0.15700E+03   0.84283E+01   0.80168E+01   0.79800E+01   0.79692E+01
   0.15800E+03   0.81512E+01   0.77356E+01   0.76899E+01   0.76802E+01
   0.15900E+03   0.78851E+01   0.74653E+01   0.74129E+01   0.74032E+01
   0.16000E+03   0.76298E+01   0.72059E+01   0.71458E+01   0.71382E+01
   0.16100E+03   0.73857E+01   0.69586E+01   0.68917E+01   0.68842E+01
   0.16200E+03   0.71539E+01   0.67224E+01   0.66496E+01   0.66431E+01
   0.16300E+03   0.69328E+01   0.64991E+01   0.64196E+01   0.64131E+01
   0.16400E+03   0.67253E+01   0.62870E+01   0.62015E+01   0.61961E+01
   0.16500E+03   0.65282E+01   0.60877E+01   0.59954E+01   0.59921E+01
   0.16600E+03   0.63434E+01   0.59005E+01   0.58034E+01   0.58001E+01
   0.16700E+03   0.61719E+01   0.57253E+01   0.56234E+01   0.56201E+01
   0.16800E+03   0.60111E+01   0.55631E+01   0.54563E+01   0.54540E+01
   0.16900E+03   0.58635E+01   0.54130E+01   0.53023E+01   0.53000E+01
   0.17000E+03   0.57293E+01   0.52759E+01   0.51602E+01   0.51590E+01
   0.17100E+03   0.56067E+01   0.51517E+01   0.50332E+01   0.50320E+01
   0.17200E+03   0.54962E+01   0.50396E+01   0.49182E+01   0.49180E+01
   0.17300E+03   0.53999E+01   0.49415E+01   0.48161E+01   0.48170E+01
   0.17400E+03   0.53157E+01   0.48565E+01   0.47291E+01   0.47290E+01
   0.17500E+03   0.52444E+01   0.47834E+01   0.46541E+01   0.46550E+01
   0.17600E+03   0.51861E+01   0.47243E+01   0.45931E+01   0.45940E+01
   0.17700E+03   0.51399E+01   0.46782E+01   0.45451E+01   0.45460E+01
   0.17800E+03   0.51079E+01   0.46452E+01   0.45111E+01   0.45120E+01
   0.17900E+03   0.50889E+01   0.46252E+01   0.44911E+01   0.44920E+01
   0.18000E+03   0.50816E+01   0.46182E+01   0.44840E+01   0.44850E+01
   0.18000E+03   0.43564E+01   0.44238E+01   0.44320E+01   0.44710E+01
   0.17900E+03   0.43631E+01   0.44308E+01   0.44389E+01   0.44780E+01
   0.17800E+03   0.43821E+01   0.44508E+01   0.44589E+01   0.44980E+01
   0.17700E+03   0.44141E+01   0.44838E+01   0.44929E+01   0.45320E+01
   0.17600E+03   0.44599E+01   0.45297E+01   0.45409E+01   0.45800E+01
   0.17500E+03   0.45176E+01   0.45886E+01   0.46019E+01   0.46410E+01
   0.17400E+03   0.45883E+01   0.46615E+01   0.46769E+01   0.47150E+01
   0.17300E+03   0.46721E+01   0.47465E+01   0.47639E+01   0.48030E+01
   0.17200E+03   0.47678E+01   0.48444E+01   0.48658E+01   0.49040E+01
   0.17100E+03   0.48773E+01   0.49563E+01   0.49808E+01   0.50180E+01
   0.17000E+03   0.49987E+01   0.50801E+01   0.51078E+01   0.51450E+01
   0.16900E+03   0.51325E+01   0.52170E+01   0.52497E+01   0.52860E+01
   0.16800E+03   0.52789E+01   0.53669E+01   0.54037E+01   0.54400E+01
   0.16700E+03   0.54381E+01   0.55287E+01   0.55706E+01   0.56059E+01
   0.16600E+03   0.56086E+01   0.57035E+01   0.57506E+01   0.57859E+01
   0.16500E+03   0.57918E+01   0.58903E+01   0.59426E+01   0.59779E+01
   0.16400E+03   0.59867E+01   0.60890E+01   0.61485E+01   0.61819E+01
   0.16300E+03   0.61932E+01   0.63009E+01   0.63664E+01   0.63989E+01
   0.16200E+03   0.64121E+01   0.65236E+01   0.65964E+01   0.66289E+01
   0.16100E+03   0.66423E+01   0.67594E+01   0.68383E+01   0.68698E+01
   0.16000E+03   0.68842E+01   0.70061E+01   0.70922E+01   0.71238E+01
   0.15900E+03   0.71369E+01   0.72647E+01   0.73591E+01   0.73888E+01
   0.15800E+03   0.74008E+01   0.75344E+01   0.76361E+01   0.76658E+01
   0.15700E+03   0.76757E+01   0.78152E+01   0.79260E+01   0.79548E+01
   0.15600E+03   0.79614E+01   0.81068E+01   0.82259E+01   0.82537E+01
   0.15500E+03   0.82573E+01   0.84095E+01   0.85378E+01   0.85647E+01
   0.15400E+03   0.85637E+01   0.87221E+01   0.88607E+01   0.88857E+01
   0.15300E+03   0.88804E+01   0.90457E+01   0.91936E+01   0.92187E+01
   0.15200E+03   0.92068E+01   0.93793E+01   0.95365E+01   0.95606E+01
   0.15100E+03   0.95432E+01   0.97229E+01   0.98904E+01   0.99136E+01
   0.15000E+03   0.98925E+01   0.10076E+02   0.10252E+02   0.10273E+02
   0.14900E+03   0.10234E+02   0.10434E+02   0.10632E+02   0.10652E+02
   0.14800E+03   0.10599E+02   0.10802E+02   0.11011E+02   0.11032E+02
   0.14700E+03   0.10963E+02   0.11191E+02   0.11401E+02   0.11422E+02
   0.14600E+03   0.11347E+02   0.11579E+02   0.11800E+02   0.11822E+02
   0.14500E+03   0.11729E+02   0.11967E+02   0.12210E+02   0.12232E+02
   0.14400E+03   0.12121E+02   0.12375E+02   0.12629E+02   0.12642E+02
   0.14300E+03   0.12516E+02   0.12784E+02   0.13049E+02   0.13072E+02
   0.14200E+03   0.12928E+02   0.13211E+02   0.13488E+02   0.13501E+02
   0.14100E+03   0.13340E+02   0.13629E+02   0.13928E+02   0.13941E+02
   0.14000E+03   0.13764E+02   0.14068E+02   0.14367E+02   0.14381E+02
   0.13900E+03   0.14184E+02   0.14505E+02   0.14827E+02   0.14841E+02
   0.13800E+03   0.14616E+02   0.14953E+02   0.15286E+02   0.15291E+02
   0.13700E+03   0.15060E+02   0.15401E+02   0.15746E+02   0.15761E+02
   0.13600E+03   0.15500E+02   0.15859E+02   0.16225E+02   0.16231E+02
   0.13500E+03   0.15944E+02   0.16327E+02   0.16694E+02   0.16700E+02
   0.13400E+03   0.16396E+02   0.16795E+02   0.17174E+02   0.17180E+02
   0.13300E+03   0.16855E+02   0.17262E+02   0.17663E+02   0.17670E+02
   0.13200E+03   0.17317E+02   0.17740E+02   0.18152E+02   0.18160E+02
   0.13100E+03   0.17779E+02   0.18218E+02   0.18642E+02   0.18650E+02
   0.13000E+03   0.18251E+02   0.18696E+02   0.19141E+02   0.19150E+02
   0.12900E+03   0.18721E+02   0.19183E+02   0.19641E+02   0.19639E+02
   0.12800E+03   0.19193E+02   0.19671E+02   0.20140E+02   0.20139E+02
   0.12700E+03   0.19662E+02   0.20158E+02   0.20649E+02   0.20649E+02
   0.12600E+03   0.20134E+02   0.20646E+02   0.21149E+02   0.21149E+02
   0.12500E+03   0.20613E+02   0.21133E+02   0.21658E+02   0.21649E+02
   0.12400E+03   0.21098E+02   0.21631E+02   0.22157E+02   0.22159E+02
   0.12300E+03   0.21567E+02   0.22118E+02   0.22667E+02   0.22658E+02
   0.12200E+03   0.22046E+02   0.22606E+02   0.23176E+02   0.23168E+02
   0.12100E+03   0.22518E+02   0.23103E+02   0.23675E+02   0.23668E+02
   0.12000E+03   0.23000E+02   0.23591E+02   0.24175E+02   0.24168E+02
   0.11900E+03   0.23469E+02   0.24078E+02   0.24684E+02   0.24668E+02
   0.11800E+03   0.23939E+02   0.24565E+02   0.25183E+02   0.25167E+02
   0.11700E+03   0.24413E+02   0.25044E+02   0.25673E+02   0.25667E+02
   0.11600E+03   0.24870E+02   0.25520E+02   0.26162E+02   0.26157E+02
   0.11500E+03   0.25320E+02   0.25995E+02   0.26650E+02   0.26647E+02
   0.11400E+03   0.25770E+02   0.26460E+02   0.27139E+02   0.27126E+02
   0.11300E+03   0.26210E+02   0.26924E+02   0.27618E+02   0.27606E+02
   0.11200E+03   0.26640E+02   0.27379E+02   0.28086E+02   0.28076E+02
   0.11100E+03   0.27070E+02   0.27834E+02   0.28555E+02   0.28545E+02
   0.11000E+03   0.27510E+02   0.28281E+02   0.29014E+02   0.29005E+02
   0.10900E+03   0.27930E+02   0.28726E+02   0.29473E+02   0.29455E+02
   0.10800E+03   0.28350E+02   0.29163E+02   0.29912E+02   0.29904E+02
   0.10700E+03   0.28750E+02   0.29588E+02   0.30350E+02   0.30334E+02
   0.10600E+03   0.29160E+02   0.30005E+02   0.30780E+02   0.30764E+02
   0.10500E+03   0.29540E+02   0.30410E+02   0.31198E+02   0.31183E+02
   0.10400E+03   0.29930E+02   0.30807E+02   0.31608E+02   0.31593E+02
   0.10300E+03   0.30300E+02   0.31201E+02   0.32016E+02   0.31993E+02
   0.10200E+03   0.30670E+02   0.31579E+02   0.32405E+02   0.32383E+02
   0.10100E+03   0.31020E+02   0.31946E+02   0.32775E+02   0.32762E+02
   0.99998E+02   0.31370E+02   0.32303E+02   0.33144E+02   0.33132E+02
   0.99001E+02   0.31690E+02   0.32648E+02   0.33502E+02   0.33482E+02
   0.97999E+02   0.32010E+02   0.32975E+02   0.33842E+02   0.33822E+02
   0.97002E+02   0.32320E+02   0.33303E+02   0.34171E+02   0.34152E+02
   0.95999E+02   0.32630E+02   0.33613E+02   0.34481E+02   0.34472E+02
   0.95002E+02   0.32910E+02   0.33900E+02   0.34780E+02   0.34771E+02
   0.93999E+02   0.33180E+02   0.34177E+02   0.35070E+02   0.35051E+02
   0.93003E+02   0.33430E+02   0.34445E+02   0.35339E+02   0.35321E+02
   0.92000E+02   0.33680E+02   0.34695E+02   0.35589E+02   0.35581E+02
   0.90997E+02   0.33900E+02   0.34932E+02   0.35828E+02   0.35811E+02
   0.90000E+02   0.34110E+02   0.35149E+02   0.36057E+02   0.36041E+02
   0.88998E+02   0.34310E+02   0.35349E+02   0.36257E+02   0.36241E+02
   0.88001E+02   0.34500E+02   0.35539E+02   0.36447E+02   0.36431E+02
   0.86998E+02   0.34650E+02   0.35707E+02   0.36617E+02   0.36600E+02
   0.86001E+02   0.34800E+02   0.35857E+02   0.36767E+02   0.36750E+02
   0.84998E+02   0.34940E+02   0.35987E+02   0.36907E+02   0.36880E+02
   0.84001E+02   0.35050E+02   0.36107E+02   0.37017E+02   0.37000E+02
   0.82999E+02   0.35150E+02   0.36197E+02   0.37117E+02   0.37090E+02
   0.82002E+02   0.35220E+02   0.36277E+02   0.37187E+02   0.37170E+02
   0.80999E+02   0.35280E+02   0.36337E+02   0.37247E+02   0.37230E+02
   0.80002E+02   0.35330E+02   0.36379E+02   0.37277E+02   0.37261E+02
   0.78999E+02   0.35350E+02   0.36399E+02   0.37297E+02   0.37281E+02
   0.78002E+02   0.35350E+02   0.36389E+02   0.37297E+02   0.37281E+02
   0.77000E+02   0.35340E+02   0.36372E+02   0.37268E+02   0.37251E+02
   0.76003E+02   0.35300E+02   0.36332E+02   0.37228E+02   0.37211E+02
   0.75000E+02   0.35250E+02   0.36275E+02   0.37159E+02   0.37141E+02
   0.73997E+02   0.35180E+02   0.36197E+02   0.37070E+02   0.37051E+02
   0.73001E+02   0.35090E+02   0.36090E+02   0.36960E+02   0.36941E+02
   0.71998E+02   0.34980E+02   0.35973E+02   0.36831E+02   0.36822E+02
   0.71001E+02   0.34850E+02   0.35835E+02   0.36682E+02   0.36672E+02
   0.69998E+02   0.34700E+02   0.35668E+02   0.36512E+02   0.36492E+02
   0.69001E+02   0.34530E+02   0.35491E+02   0.36323E+02   0.36302E+02
   0.67999E+02   0.34349E+02   0.35286E+02   0.36105E+02   0.36092E+02
   0.67002E+02   0.34129E+02   0.35056E+02   0.35875E+02   0.35852E+02
   0.65999E+02   0.33884E+02   0.34817E+02   0.35615E+02   0.35603E+02
   0.65002E+02   0.33624E+02   0.34547E+02   0.35345E+02   0.35333E+02
   0.63999E+02   0.33350E+02   0.34259E+02   0.35045E+02   0.35033E+02
   0.63002E+02   0.33052E+02   0.33959E+02   0.34726E+02   0.34713E+02
   0.62000E+02   0.32735E+02   0.33630E+02   0.34396E+02   0.34383E+02
   0.61003E+02   0.32400E+02   0.33292E+02   0.34036E+02   0.34023E+02
   0.60000E+02   0.32056E+02   0.32923E+02   0.33666E+02   0.33653E+02
   0.58997E+02   0.31681E+02   0.32544E+02   0.33267E+02   0.33263E+02
   0.58001E+02   0.31296E+02   0.32146E+02   0.32857E+02   0.32853E+02
   0.56998E+02   0.30894E+02   0.31728E+02   0.32428E+02   0.32423E+02
   0.56001E+02   0.30467E+02   0.31299E+02   0.31988E+02   0.31983E+02
   0.54998E+02   0.30038E+02   0.30852E+02   0.31519E+02   0.31514E+02
   0.54001E+02   0.29583E+02   0.30383E+02   0.31039E+02   0.31044E+02
   0.52999E+02   0.29118E+02   0.29904E+02   0.30550E+02   0.30544E+02
   0.52002E+02   0.28637E+02   0.29417E+02   0.30040E+02   0.30044E+02
   0.50999E+02   0.28147E+02   0.28910E+02   0.29511E+02   0.29514E+02
   0.50002E+02   0.27643E+02   0.28381E+02   0.28981E+02   0.28984E+02
   0.48999E+02   0.27121E+02   0.27853E+02   0.28432E+02   0.28434E+02
   0.48002E+02   0.26599E+02   0.27305E+02   0.27872E+02   0.27875E+02
   0.47000E+02   0.26059E+02   0.26748E+02   0.27293E+02   0.27305E+02
   0.46003E+02   0.25507E+02   0.26180E+02   0.26714E+02   0.26725E+02
   0.45000E+02   0.24945E+02   0.25602E+02   0.26124E+02   0.26135E+02
   0.43997E+02   0.24376E+02   0.25025E+02   0.25525E+02   0.25535E+02
   0.43000E+02   0.23807E+02   0.24428E+02   0.24916E+02   0.24926E+02
   0.41998E+02   0.23228E+02   0.23831E+02   0.24297E+02   0.24316E+02
   0.41001E+02   0.22646E+02   0.23233E+02   0.23677E+02   0.23696E+02
   0.39998E+02   0.22056E+02   0.22626E+02   0.23058E+02   0.23066E+02
   0.39001E+02   0.21457E+02   0.22009E+02   0.22429E+02   0.22446E+02
   0.37999E+02   0.20865E+02   0.21401E+02   0.21799E+02   0.21816E+02
   0.37002E+02   0.20269E+02   0.20785E+02   0.21160E+02   0.21177E+02
   0.35999E+02   0.19667E+02   0.20167E+02   0.20531E+02   0.20547E+02
   0.35002E+02   0.19067E+02   0.19550E+02   0.19902E+02   0.19917E+02
   0.33999E+02   0.18478E+02   0.18943E+02   0.19272E+02   0.19287E+02
   0.33002E+02   0.17879E+02   0.18325E+02   0.18643E+02   0.18667E+02
   0.32000E+02   0.17289E+02   0.17718E+02   0.18014E+02   0.18038E+02
   0.31003E+02   0.16710E+02   0.17121E+02   0.17395E+02   0.17428E+02
   0.30000E+02   0.16131E+02   0.16524E+02   0.16786E+02   0.16808E+02
   0.28997E+02   0.15552E+02   0.15927E+02   0.16176E+02   0.16208E+02
   0.28000E+02   0.14990E+02   0.15349E+02   0.15587E+02   0.15608E+02
   0.26998E+02   0.14430E+02   0.14772E+02   0.14998E+02   0.15029E+02
   0.26001E+02   0.13888E+02   0.14214E+02   0.14418E+02   0.14449E+02
   0.24998E+02   0.13341E+02   0.13665E+02   0.13848E+02   0.13879E+02
   0.24001E+02   0.12816E+02   0.13116E+02   0.13299E+02   0.13329E+02
   0.22999E+02   0.12299E+02   0.12597E+02   0.12759E+02   0.12789E+02
   0.22002E+02   0.11802E+02   0.12078E+02   0.12229E+02   0.12269E+02
   0.20999E+02   0.11315E+02   0.11578E+02   0.11719E+02   0.11759E+02
   0.20002E+02   0.10840E+02   0.11100E+02   0.11230E+02   0.11269E+02
   0.18999E+02   0.10383E+02   0.10631E+02   0.10750E+02   0.10789E+02
   0.18002E+02   0.99466E+01   0.10192E+02   0.10300E+02   0.10339E+02
   0.17000E+02   0.95293E+01   0.97604E+01   0.98584E+01   0.99004E+01
   0.16003E+02   0.91312E+01   0.93522E+01   0.94417E+01   0.94835E+01
   0.15000E+02   0.87519E+01   0.89649E+01   0.90448E+01   0.90885E+01
   0.13997E+02   0.83938E+01   0.85987E+01   0.86701E+01   0.87136E+01
   0.13000E+02   0.80573E+01   0.82544E+01   0.83172E+01   0.83626E+01
   0.11998E+02   0.77427E+01   0.79330E+01   0.79884E+01   0.80337E+01
   0.11001E+02   0.74508E+01   0.76346E+01   0.76836E+01   0.77297E+01
   0.99981E+01   0.71820E+01   0.73601E+01   0.74027E+01   0.74497E+01
   0.90012E+01   0.69378E+01   0.71106E+01   0.71469E+01   0.71938E+01
   0.79985E+01   0.67177E+01   0.68852E+01   0.69160E+01   0.69648E+01
   0.70015E+01   0.65223E+01   0.66856E+01   0.67121E+01   0.67608E+01
   0.59989E+01   0.63524E+01   0.65119E+01   0.65342E+01   0.65829E+01
   0.50019E+01   0.62085E+01   0.63642E+01   0.63833E+01   0.64329E+01
   0.39992E+01   0.60895E+01   0.62434E+01   0.62593E+01   0.63089E+01
   0.30023E+01   0.59971E+01   0.61486E+01   0.61624E+01   0.62119E+01
   0.19996E+01   0.59309E+01   0.60808E+01   0.60934E+01   0.61429E+01
   0.10027E+01   0.58911E+01   0.60399E+01   0.60514E+01   0.61019E+01
   0.00000E+00   0.58781E+01   0.60269E+01   0.60374E+01   0.60879E+01
