   0.00000E+00   0.00000E+00   0.00000E+00   0.00000E+00   0.00000E+00
   0.10027E+01   0.45091E-03   0.39014E-03   0.39456E-03   0.35498E-03
   0.19996E+01   0.18001E-02   0.15580E-02   0.15757E-02   0.14174E-02
   0.30023E+01   0.40360E-02   0.34943E-02   0.35353E-02   0.31822E-02
   0.39992E+01   0.71398E-02   0.61863E-02   0.62614E-02   0.56356E-02
   0.50019E+01   0.11087E-01   0.96149E-02   0.97349E-02   0.87654E-02
   0.59989E+01   0.15843E-01   0.13750E-01   0.13933E-01   0.12548E-01
   0.70015E+01   0.21376E-01   0.18578E-01   0.18835E-01   0.16967E-01
   0.79985E+01   0.27635E-01   0.24052E-01   0.24394E-01   0.21996E-01
   0.90012E+01   0.34582E-01   0.30140E-01   0.30594E-01   0.27599E-01
   0.99981E+01   0.42164E-01   0.36809E-01   0.37401E-01   0.33756E-01
   0.11001E+02   0.50325E-01   0.44012E-01   0.44749E-01   0.40418E-01
   0.11998E+02   0.59015E-01   0.51705E-01   0.52626E-01   0.47565E-01
   0.13000E+02   0.68174E-01   0.59852E-01   0.60971E-01   0.55151E-01
   0.13997E+02   0.77743E-01   0.68394E-01   0.69753E-01   0.63140E-01
   0.15000E+02   0.87687E-01   0.77297E-01   0.78921E-01   0.71491E-01
   0.16003E+02   0.97950E-01   0.86541E-01   0.88438E-01   0.80173E-01
   0.17000E+02   0.10843E+00   0.96017E-01   0.98252E-01   0.89143E-01
   0.18002E+02   0.11916E+00   0.10576E+00   0.10833E+00   0.98369E-01
   0.18999E+02   0.13002E+00   0.11567E+00   0.11868E+00   0.10781E+00
   0.20002E+02   0.14096E+00   0.12572E+00   0.12912E+00   0.11743E+00
   0.20999E+02   0.15202E+00   0.13586E+00   0.13967E+00   0.12715E+00
   0.22002E+02   0.16308E+00   0.14611E+00   0.15039E+00   0.13706E+00
   0.22999E+02   0.17412E+00   0.15642E+00   0.16119E+00   0.14696E+00
   0.24001E+02   0.18515E+00   0.16678E+00   0.17196E+00   0.15695E+00
   0.24998E+02   0.19614E+00   0.17706E+00   0.18280E+00   0.16701E+00
   0.26001E+02   0.20692E+00   0.18730E+00   0.19362E+00   0.17697E+00
   0.26998E+02   0.21766E+00   0.19746E+00   0.20439E+00   0.18701E+00
   0.28000E+02   0.22824E+00   0.20760E+00   0.21506E+00   0.19694E+00
   0.28997E+02   0.23863E+00   0.21753E+00   0.22558E+00   0.20674E+00
   0.30000E+02   0.24887E+00   0.22730E+00   0.23605E+00   0.21643E+00
   0.31003E+02   0.25886E+00   0.23698E+00   0.24639E+00   0.22610E+00
   0.32000E+02   0.26865E+00   0.24652E+00   0.25651E+00   0.23556E+00
   0.33002E+02   0.27819E+00   0.25589E+00   0.26659E+00   0.24489E+00
   0.33999E+02   0.28753E+00   0.26500E+00   0.27635E+00   0.25412E+00
   0.35002E+02   0.29662E+00   0.27404E+00   0.28596E+00   0.26313E+00
   0.35999E+02   0.30546E+00   0.28271E+00   0.29544E+00   0.27192E+00
   0.37002E+02   0.31400E+00   0.29132E+00   0.30460E+00   0.28059E+00
   0.37999E+02   0.32229E+00   0.29957E+00   0.31362E+00   0.28905E+00
   0.39001E+02   0.33033E+00   0.30768E+00   0.32233E+00   0.29731E+00
   0.39998E+02   0.33813E+00   0.31553E+00   0.33090E+00   0.30524E+00
   0.41001E+02   0.34562E+00   0.32312E+00   0.33914E+00   0.31306E+00
   0.41998E+02   0.35291E+00   0.33046E+00   0.34716E+00   0.32067E+00
   0.43000E+02   0.35986E+00   0.33768E+00   0.35497E+00   0.32797E+00
   0.43997E+02   0.36655E+00   0.34453E+00   0.36254E+00   0.33506E+00
   0.45000E+02   0.37304E+00   0.35117E+00   0.36991E+00   0.34194E+00
   0.46003E+02   0.37914E+00   0.35766E+00   0.37696E+00   0.34861E+00
   0.47000E+02   0.38503E+00   0.36381E+00   0.38378E+00   0.35507E+00
   0.48002E+02   0.39068E+00   0.36973E+00   0.39039E+00   0.36123E+00
   0.48999E+02   0.39607E+00   0.37543E+00   0.39668E+00   0.36718E+00
   0.50002E+02   0.40122E+00   0.38090E+00   0.40277E+00   0.37292E+00
   0.50999E+02   0.40612E+00   0.38614E+00   0.40864E+00   0.37835E+00
   0.52002E+02   0.41071E+00   0.39114E+00   0.41419E+00   0.38358E+00
   0.52999E+02   0.41511E+00   0.39583E+00   0.41953E+00   0.38860E+00
   0.54001E+02   0.41920E+00   0.40043E+00   0.42468E+00   0.39342E+00
   0.54998E+02   0.42310E+00   0.40468E+00   0.42950E+00   0.39793E+00
   0.56001E+02   0.42680E+00   0.40872E+00   0.43412E+00   0.40224E+00
   0.56998E+02   0.43019E+00   0.41267E+00   0.43855E+00   0.40635E+00
   0.58001E+02   0.43334E+00   0.41629E+00   0.44276E+00   0.41026E+00
   0.58997E+02   0.43634E+00   0.41969E+00   0.44665E+00   0.41386E+00
   0.60000E+02   0.43903E+00   0.42289E+00   0.45045E+00   0.41736E+00
   0.61003E+02   0.44153E+00   0.42588E+00   0.45395E+00   0.42055E+00
   0.62000E+02   0.44383E+00   0.42868E+00   0.45725E+00   0.42355E+00
   0.63002E+02   0.44588E+00   0.43125E+00   0.46023E+00   0.42625E+00
   0.63999E+02   0.44767E+00   0.43365E+00   0.46313E+00   0.42884E+00
   0.65002E+02   0.44932E+00   0.43582E+00   0.46572E+00   0.43124E+00
   0.65999E+02   0.45077E+00   0.43779E+00   0.46820E+00   0.43333E+00
   0.67002E+02   0.45201E+00   0.43956E+00   0.47039E+00   0.43532E+00
   0.67999E+02   0.45301E+00   0.44116E+00   0.47238E+00   0.43702E+00
   0.69001E+02   0.45386E+00   0.44253E+00   0.47417E+00   0.43851E+00
   0.69998E+02   0.45445E+00   0.44373E+00   0.47577E+00   0.43991E+00
   0.71001E+02   0.45485E+00   0.44478E+00   0.47714E+00   0.44100E+00
   0.71998E+02   0.45505E+00   0.44557E+00   0.47834E+00   0.44189E+00
   0.73001E+02   0.45515E+00   0.44627E+00   0.47934E+00   0.44269E+00
   0.73997E+02   0.45499E+00   0.44674E+00   0.48012E+00   0.44319E+00
   0.75000E+02   0.45459E+00   0.44704E+00   0.48072E+00   0.44358E+00
   0.76003E+02   0.45409E+00   0.44714E+00   0.48122E+00   0.44368E+00
   0.77000E+02   0.45338E+00   0.44703E+00   0.48141E+00   0.44368E+00
   0.78002E+02   0.45248E+00   0.44683E+00   0.48141E+00   0.44338E+00
   0.78999E+02   0.45143E+00   0.44645E+00   0.48122E+00   0.44298E+00
   0.80002E+02   0.45017E+00   0.44587E+00   0.48093E+00   0.44239E+00
   0.80999E+02   0.44872E+00   0.44520E+00   0.48034E+00   0.44159E+00
   0.82002E+02   0.44712E+00   0.44419E+00   0.47964E+00   0.44059E+00
   0.82999E+02   0.44536E+00   0.44312E+00   0.47865E+00   0.43950E+00
   0.84001E+02   0.44341E+00   0.44194E+00   0.47756E+00   0.43810E+00
   0.84998E+02   0.44131E+00   0.44058E+00   0.47628E+00   0.43661E+00
   0.86001E+02   0.43905E+00   0.43901E+00   0.47479E+00   0.43492E+00
   0.86998E+02   0.43660E+00   0.43723E+00   0.47310E+00   0.43302E+00
   0.88001E+02   0.43395E+00   0.43535E+00   0.47131E+00   0.43093E+00
   0.88998E+02   0.43119E+00   0.43337E+00   0.46922E+00   0.42863E+00
   0.90000E+02   0.42824E+00   0.43119E+00   0.46703E+00   0.42623E+00
   0.90997E+02   0.42519E+00   0.42881E+00   0.46464E+00   0.42364E+00
   0.92000E+02   0.42198E+00   0.42631E+00   0.46204E+00   0.42084E+00
   0.93003E+02   0.41858E+00   0.42361E+00   0.45934E+00   0.41794E+00
   0.93999E+02   0.41503E+00   0.42078E+00   0.45632E+00   0.41483E+00
   0.95002E+02   0.41133E+00   0.41788E+00   0.45322E+00   0.41153E+00
   0.95999E+02   0.40752E+00   0.41472E+00   0.44999E+00   0.40801E+00
   0.97002E+02   0.40357E+00   0.41150E+00   0.44648E+00   0.40441E+00
   0.97999E+02   0.39942E+00   0.40802E+00   0.44284E+00   0.40059E+00
   0.99001E+02   0.39522E+00   0.40442E+00   0.43899E+00   0.39666E+00
   0.99998E+02   0.39090E+00   0.40076E+00   0.43496E+00   0.39254E+00
   0.10100E+03   0.38660E+00   0.39701E+00   0.43083E+00   0.38833E+00
   0.10200E+03   0.38210E+00   0.39305E+00   0.42651E+00   0.38392E+00
   0.10300E+03   0.37750E+00   0.38900E+00   0.42203E+00   0.37928E+00
   0.10400E+03   0.37270E+00   0.38475E+00   0.41735E+00   0.37464E+00
   0.10500E+03   0.36770E+00   0.38025E+00   0.41240E+00   0.36967E+00
   0.10600E+03   0.36260E+00   0.37570E+00   0.40738E+00   0.36470E+00
   0.10700E+03   0.35740E+00   0.37095E+00   0.40220E+00   0.35951E+00
   0.10800E+03   0.35200E+00   0.36615E+00   0.39680E+00   0.35421E+00
   0.10900E+03   0.34650E+00   0.36110E+00   0.39128E+00   0.34870E+00
   0.11000E+03   0.34090E+00   0.35590E+00   0.38563E+00   0.34318E+00
   0.11100E+03   0.33510E+00   0.35055E+00   0.37970E+00   0.33742E+00
   0.11200E+03   0.32920E+00   0.34510E+00   0.37368E+00   0.33155E+00
   0.11300E+03   0.32341E+00   0.33956E+00   0.36756E+00   0.32559E+00
   0.11400E+03   0.31746E+00   0.33399E+00   0.36132E+00   0.31953E+00
   0.11500E+03   0.31156E+00   0.32824E+00   0.35485E+00   0.31334E+00
   0.11600E+03   0.30552E+00   0.32242E+00   0.34834E+00   0.30713E+00
   0.11700E+03   0.29937E+00   0.31645E+00   0.34170E+00   0.30072E+00
   0.11800E+03   0.29322E+00   0.31032E+00   0.33494E+00   0.29429E+00
   0.11900E+03   0.28698E+00   0.30420E+00   0.32804E+00   0.28773E+00
   0.12000E+03   0.28068E+00   0.29796E+00   0.32101E+00   0.28117E+00
   0.12100E+03   0.27439E+00   0.29162E+00   0.31394E+00   0.27449E+00
   0.12200E+03   0.26796E+00   0.28509E+00   0.30673E+00   0.26779E+00
   0.12300E+03   0.26154E+00   0.27861E+00   0.29939E+00   0.26097E+00
   0.12400E+03   0.25507E+00   0.27196E+00   0.29212E+00   0.25413E+00
   0.12500E+03   0.24855E+00   0.26533E+00   0.28461E+00   0.24728E+00
   0.12600E+03   0.24205E+00   0.25854E+00   0.27717E+00   0.24031E+00
   0.12700E+03   0.23545E+00   0.25175E+00   0.26957E+00   0.23341E+00
   0.12800E+03   0.22891E+00   0.24494E+00   0.26197E+00   0.22641E+00
   0.12900E+03   0.22230E+00   0.23801E+00   0.25431E+00   0.21948E+00
   0.13000E+03   0.21569E+00   0.23113E+00   0.24672E+00   0.21254E+00
   0.13100E+03   0.20909E+00   0.22420E+00   0.23901E+00   0.20558E+00
   0.13200E+03   0.20247E+00   0.21718E+00   0.23125E+00   0.19860E+00
   0.13300E+03   0.19586E+00   0.21020E+00   0.22356E+00   0.19171E+00
   0.13400E+03   0.18927E+00   0.20316E+00   0.21585E+00   0.18481E+00
   0.13500E+03   0.18274E+00   0.19620E+00   0.20822E+00   0.17789E+00
   0.13600E+03   0.17618E+00   0.18925E+00   0.20055E+00   0.17106E+00
   0.13700E+03   0.16964E+00   0.18224E+00   0.19295E+00   0.16431E+00
   0.13800E+03   0.16316E+00   0.17530E+00   0.18533E+00   0.15766E+00
   0.13900E+03   0.15675E+00   0.16842E+00   0.17780E+00   0.15099E+00
   0.14000E+03   0.15035E+00   0.16150E+00   0.17034E+00   0.14451E+00
   0.14100E+03   0.14402E+00   0.15471E+00   0.16296E+00   0.13803E+00
   0.14200E+03   0.13769E+00   0.14792E+00   0.15566E+00   0.13163E+00
   0.14300E+03   0.13148E+00   0.14123E+00   0.14835E+00   0.12533E+00
   0.14400E+03   0.12538E+00   0.13463E+00   0.14124E+00   0.11912E+00
   0.14500E+03   0.11928E+00   0.12807E+00   0.13421E+00   0.11301E+00
   0.14600E+03   0.11334E+00   0.12164E+00   0.12728E+00   0.10710E+00
   0.14700E+03   0.10745E+00   0.11528E+00   0.12054E+00   0.10125E+00
   0.14800E+03   0.10166E+00   0.10904E+00   0.11387E+00   0.95535E-01
   0.14900E+03   0.95971E-01   0.10291E+00   0.10734E+00   0.89949E-01
   0.15000E+03   0.90383E-01   0.96891E-01   0.10096E+00   0.84493E-01
   0.15100E+03   0.84939E-01   0.91017E-01   0.94725E-01   0.79183E-01
   0.15200E+03   0.79589E-01   0.85265E-01   0.88643E-01   0.74024E-01
   0.15300E+03   0.74380E-01   0.79663E-01   0.82726E-01   0.69003E-01
   0.15400E+03   0.69316E-01   0.74199E-01   0.76982E-01   0.64148E-01
   0.15500E+03   0.64384E-01   0.68897E-01   0.71405E-01   0.59441E-01
   0.15600E+03   0.59641E-01   0.63781E-01   0.66026E-01   0.54908E-01
   0.15700E+03   0.54982E-01   0.58793E-01   0.60811E-01   0.50528E-01
   0.15800E+03   0.50519E-01   0.53990E-01   0.55798E-01   0.46313E-01
   0.15900E+03   0.46213E-01   0.49374E-01   0.50968E-01   0.42280E-01
   0.16000E+03   0.42070E-01   0.44931E-01   0.46345E-01   0.38410E-01
   0.16100E+03   0.38104E-01   0.40679E-01   0.41922E-01   0.34715E-01
   0.16200E+03   0.34308E-01   0.36615E-01   0.37708E-01   0.31205E-01
   0.16300E+03   0.30701E-01   0.32752E-01   0.33710E-01   0.27872E-01
   0.16400E+03   0.27272E-01   0.29084E-01   0.29914E-01   0.24715E-01
   0.16500E+03   0.24038E-01   0.25632E-01   0.26335E-01   0.21747E-01
   0.16600E+03   0.20993E-01   0.22374E-01   0.22984E-01   0.18968E-01
   0.16700E+03   0.18143E-01   0.19334E-01   0.19842E-01   0.16368E-01
   0.16800E+03   0.15493E-01   0.16506E-01   0.16931E-01   0.13959E-01
   0.16900E+03   0.13045E-01   0.13894E-01   0.14241E-01   0.11740E-01
   0.17000E+03   0.10800E-01   0.11501E-01   0.11786E-01   0.97088E-02
   0.17100E+03   0.87604E-02   0.93279E-02   0.95559E-02   0.78691E-02
   0.17200E+03   0.69332E-02   0.73800E-02   0.75570E-02   0.62215E-02
   0.17300E+03   0.53132E-02   0.56555E-02   0.57901E-02   0.47653E-02
   0.17400E+03   0.39095E-02   0.41597E-02   0.42570E-02   0.35028E-02
   0.17500E+03   0.27177E-02   0.28919E-02   0.29586E-02   0.24336E-02
   0.17600E+03   0.17406E-02   0.18520E-02   0.18940E-02   0.15572E-02
   0.17700E+03   0.97943E-03   0.10420E-02   0.10657E-02   0.87633E-03
   0.17800E+03   0.43558E-03   0.46336E-03   0.47380E-03   0.38961E-03
   0.17900E+03   0.10892E-03   0.11586E-03   0.11847E-03   0.97404E-04
   0.18000E+03   0.00000E+00   0.00000E+00   0.00000E+00   0.00000E+00
   0.18000E+03   0.00000E+00   0.00000E+00   0.00000E+00   0.00000E+00
   0.17900E+03   0.00000E+00   0.17235E-04   0.69348E-04   0.72936E-04
   0.17800E+03   0.00000E+00   0.69037E-04   0.27740E-03   0.29179E-03
   0.17700E+03   0.00000E+00   0.15578E-03   0.62429E-03   0.65647E-03
   0.17600E+03   0.00000E+00   0.27796E-03   0.11100E-02   0.11668E-02
   0.17500E+03   0.00000E+00   0.43613E-03   0.17354E-02   0.18244E-02
   0.17400E+03   0.00000E+00   0.63029E-03   0.24990E-02   0.26272E-02
   0.17300E+03   0.00000E+00   0.86449E-03   0.34039E-02   0.35767E-02
   0.17200E+03   0.00000E+00   0.11360E-02   0.44470E-02   0.46725E-02
   0.17100E+03   0.00000E+00   0.14501E-02   0.56321E-02   0.59149E-02
   0.17000E+03   0.00000E+00   0.18046E-02   0.69562E-02   0.73032E-02
   0.16900E+03   0.00000E+00   0.22043E-02   0.84189E-02   0.88401E-02
   0.16800E+03   0.00000E+00   0.26503E-02   0.10029E-01   0.10521E-01
   0.16700E+03   0.00000E+00   0.31456E-02   0.11778E-01   0.12352E-01
   0.16600E+03   0.00000E+00   0.36855E-02   0.13676E-01   0.14332E-01
   0.16500E+03   0.00000E+00   0.42883E-02   0.15705E-01   0.16453E-01
   0.16400E+03   0.00000E+00   0.49364E-02   0.17886E-01   0.18725E-01
   0.16300E+03   0.00000E+00   0.56484E-02   0.20210E-01   0.21148E-01
   0.16200E+03   0.00000E+00   0.64249E-02   0.22672E-01   0.23715E-01
   0.16100E+03   0.00000E+00   0.72614E-02   0.25278E-01   0.26425E-01
   0.16000E+03   0.00000E+00   0.81689E-02   0.28035E-01   0.29290E-01
   0.15900E+03   0.00000E+00   0.91456E-02   0.30932E-01   0.32300E-01
   0.15800E+03   0.00000E+00   0.10190E-01   0.33982E-01   0.35447E-01
   0.15700E+03   0.00000E+00   0.11327E-01   0.37169E-01   0.38752E-01
   0.15600E+03   0.00000E+00   0.12519E-01   0.40494E-01   0.42192E-01
   0.15500E+03   0.00000E+00   0.13823E-01   0.43975E-01   0.45779E-01
   0.15400E+03   0.00000E+00   0.15201E-01   0.47598E-01   0.49512E-01
   0.15300E+03   0.00000E+00   0.16677E-01   0.51354E-01   0.53377E-01
   0.15200E+03   0.00000E+00   0.18235E-01   0.55257E-01   0.57396E-01
   0.15100E+03   0.00000E+00   0.19883E-01   0.59295E-01   0.61537E-01
   0.15000E+03   0.00000E+00   0.21649E-01   0.63482E-01   0.65827E-01
   0.14900E+03   0.00000E+00   0.23508E-01   0.67796E-01   0.70251E-01
   0.14800E+03   0.00000E+00   0.25477E-01   0.72249E-01   0.74805E-01
   0.14700E+03   0.00000E+00   0.27555E-01   0.76842E-01   0.79488E-01
   0.14600E+03   0.00000E+00   0.29744E-01   0.81516E-01   0.84302E-01
   0.14500E+03   0.00000E+00   0.32067E-01   0.86391E-01   0.89192E-01
   0.14400E+03   0.00000E+00   0.34471E-01   0.91357E-01   0.94277E-01
   0.14300E+03   0.00000E+00   0.37027E-01   0.96449E-01   0.99474E-01
   0.14200E+03   0.00000E+00   0.39677E-01   0.10174E+00   0.10477E+00
   0.14100E+03   0.00000E+00   0.42433E-01   0.10704E+00   0.11017E+00
   0.14000E+03   0.00000E+00   0.45303E-01   0.11246E+00   0.11569E+00
   0.13900E+03   0.00000E+00   0.48376E-01   0.11800E+00   0.12121E+00
   0.13800E+03   0.00000E+00   0.51503E-01   0.12367E+00   0.12694E+00
   0.13700E+03   0.00000E+00   0.54762E-01   0.12945E+00   0.13269E+00
   0.13600E+03   0.00000E+00   0.58154E-01   0.13525E+00   0.13854E+00
   0.13500E+03   0.00000E+00   0.61605E-01   0.14118E+00   0.14451E+00
   0.13400E+03   0.00000E+00   0.65238E-01   0.14715E+00   0.15059E+00
   0.13300E+03   0.00000E+00   0.69003E-01   0.15324E+00   0.15669E+00
   0.13200E+03   0.00000E+00   0.72825E-01   0.15935E+00   0.16280E+00
   0.13100E+03   0.00000E+00   0.76804E-01   0.16559E+00   0.16902E+00
   0.13000E+03   0.00000E+00   0.80868E-01   0.17188E+00   0.17526E+00
   0.12900E+03   0.00000E+00   0.84989E-01   0.17809E+00   0.18152E+00
   0.12800E+03   0.00000E+00   0.89264E-01   0.18443E+00   0.18779E+00
   0.12700E+03   0.00000E+00   0.93646E-01   0.19083E+00   0.19419E+00
   0.12600E+03   0.00000E+00   0.98058E-01   0.19723E+00   0.20049E+00
   0.12500E+03   0.00000E+00   0.10267E+00   0.20359E+00   0.20692E+00
   0.12400E+03   0.00000E+00   0.10724E+00   0.21008E+00   0.21327E+00
   0.12300E+03   0.00000E+00   0.11199E+00   0.21641E+00   0.21963E+00
   0.12200E+03   0.00000E+00   0.11671E+00   0.22287E+00   0.22601E+00
   0.12100E+03   0.00000E+00   0.12158E+00   0.22926E+00   0.23231E+00
   0.12000E+03   0.00000E+00   0.12644E+00   0.23559E+00   0.23863E+00
   0.11900E+03   0.00000E+00   0.13140E+00   0.24196E+00   0.24487E+00
   0.11800E+03   0.00000E+00   0.13628E+00   0.24826E+00   0.25111E+00
   0.11700E+03   0.00000E+00   0.14135E+00   0.25450E+00   0.25728E+00
   0.11600E+03   0.00000E+00   0.14638E+00   0.26066E+00   0.26347E+00
   0.11500E+03   0.00000E+00   0.15136E+00   0.26675E+00   0.26946E+00
   0.11400E+03   0.00000E+00   0.15641E+00   0.27288E+00   0.27547E+00
   0.11300E+03   0.00000E+00   0.16144E+00   0.27884E+00   0.28141E+00
   0.11200E+03   0.00000E+00   0.16650E+00   0.28472E+00   0.28725E+00
   0.11100E+03   0.00000E+00   0.17145E+00   0.29050E+00   0.29298E+00
   0.11000E+03   0.00000E+00   0.17630E+00   0.29617E+00   0.29862E+00
   0.10900E+03   0.00000E+00   0.18130E+00   0.30172E+00   0.30410E+00
   0.10800E+03   0.00000E+00   0.18625E+00   0.30720E+00   0.30959E+00
   0.10700E+03   0.00000E+00   0.19105E+00   0.31260E+00   0.31489E+00
   0.10600E+03   0.16000E-02   0.19590E+00   0.31782E+00   0.32010E+00
   0.10500E+03   0.73000E-02   0.20075E+00   0.32300E+00   0.32513E+00
   0.10400E+03   0.12700E-01   0.20545E+00   0.32805E+00   0.33016E+00
   0.10300E+03   0.18500E-01   0.21020E+00   0.33297E+00   0.33492E+00
   0.10200E+03   0.24100E-01   0.21475E+00   0.33769E+00   0.33968E+00
   0.10100E+03   0.30000E-01   0.21939E+00   0.34237E+00   0.34427E+00
   0.99998E+02   0.35700E-01   0.22384E+00   0.34684E+00   0.34866E+00
   0.99001E+02   0.41385E-01   0.22818E+00   0.35121E+00   0.35294E+00
   0.97999E+02   0.46783E-01   0.23238E+00   0.35536E+00   0.35701E+00
   0.97002E+02   0.52230E-01   0.23650E+00   0.35932E+00   0.36099E+00
   0.95999E+02   0.57677E-01   0.24048E+00   0.36321E+00   0.36479E+00
   0.95002E+02   0.62875E-01   0.24432E+00   0.36678E+00   0.36847E+00
   0.93999E+02   0.68171E-01   0.24802E+00   0.37028E+00   0.37197E+00
   0.93003E+02   0.73219E-01   0.25159E+00   0.37366E+00   0.37526E+00
   0.92000E+02   0.78216E-01   0.25509E+00   0.37676E+00   0.37836E+00
   0.90997E+02   0.83012E-01   0.25839E+00   0.37976E+00   0.38136E+00
   0.90000E+02   0.87759E-01   0.26161E+00   0.38257E+00   0.38417E+00
   0.88998E+02   0.92406E-01   0.26463E+00   0.38518E+00   0.38677E+00
   0.88001E+02   0.96853E-01   0.26745E+00   0.38769E+00   0.38927E+00
   0.86998E+02   0.10120E+00   0.27017E+00   0.38990E+00   0.39158E+00
   0.86001E+02   0.10535E+00   0.27279E+00   0.39201E+00   0.39368E+00
   0.84998E+02   0.10929E+00   0.27522E+00   0.39392E+00   0.39559E+00
   0.84001E+02   0.11319E+00   0.27746E+00   0.39564E+00   0.39730E+00
   0.82999E+02   0.11684E+00   0.27948E+00   0.39715E+00   0.39890E+00
   0.82002E+02   0.12028E+00   0.28141E+00   0.39856E+00   0.40021E+00
   0.80999E+02   0.12348E+00   0.28320E+00   0.39966E+00   0.40141E+00
   0.80002E+02   0.12663E+00   0.28473E+00   0.40067E+00   0.40241E+00
   0.78999E+02   0.12957E+00   0.28615E+00   0.40138E+00   0.40322E+00
   0.78002E+02   0.13232E+00   0.28737E+00   0.40199E+00   0.40382E+00
   0.77000E+02   0.13482E+00   0.28837E+00   0.40239E+00   0.40432E+00
   0.76003E+02   0.13711E+00   0.28926E+00   0.40258E+00   0.40452E+00
   0.75000E+02   0.13921E+00   0.28996E+00   0.40248E+00   0.40462E+00
   0.73997E+02   0.14121E+00   0.29046E+00   0.40228E+00   0.40441E+00
   0.73001E+02   0.14285E+00   0.29073E+00   0.40186E+00   0.40411E+00
   0.71998E+02   0.14435E+00   0.29083E+00   0.40126E+00   0.40351E+00
   0.71001E+02   0.14575E+00   0.29082E+00   0.40046E+00   0.40280E+00
   0.69998E+02   0.14675E+00   0.29047E+00   0.39943E+00   0.40189E+00
   0.69001E+02   0.14774E+00   0.29007E+00   0.39823E+00   0.40069E+00
   0.67999E+02   0.14839E+00   0.28944E+00   0.39682E+00   0.39938E+00
   0.67002E+02   0.14899E+00   0.28864E+00   0.39521E+00   0.39788E+00
   0.65999E+02   0.14923E+00   0.28761E+00   0.39340E+00   0.39607E+00
   0.65002E+02   0.14928E+00   0.28638E+00   0.39128E+00   0.39416E+00
   0.63999E+02   0.14913E+00   0.28495E+00   0.38907E+00   0.39196E+00
   0.63002E+02   0.14892E+00   0.28335E+00   0.38657E+00   0.38955E+00
   0.62000E+02   0.14837E+00   0.28152E+00   0.38395E+00   0.38705E+00
   0.61003E+02   0.14767E+00   0.27952E+00   0.38105E+00   0.38425E+00
   0.60000E+02   0.14677E+00   0.27731E+00   0.37795E+00   0.38124E+00
   0.58997E+02   0.14566E+00   0.27491E+00   0.37455E+00   0.37794E+00
   0.58001E+02   0.14426E+00   0.27231E+00   0.37104E+00   0.37454E+00
   0.56998E+02   0.14281E+00   0.26953E+00   0.36725E+00   0.37085E+00
   0.56001E+02   0.14120E+00   0.26648E+00   0.36328E+00   0.36696E+00
   0.54998E+02   0.13930E+00   0.26332E+00   0.35910E+00   0.36287E+00
   0.54001E+02   0.13720E+00   0.25997E+00   0.35472E+00   0.35858E+00
   0.52999E+02   0.13509E+00   0.25637E+00   0.35007E+00   0.35400E+00
   0.52002E+02   0.13269E+00   0.25266E+00   0.34521E+00   0.34922E+00
   0.50999E+02   0.13008E+00   0.24866E+00   0.34016E+00   0.34425E+00
   0.50002E+02   0.12738E+00   0.24450E+00   0.33483E+00   0.33908E+00
   0.48999E+02   0.12453E+00   0.24017E+00   0.32932E+00   0.33362E+00
   0.48002E+02   0.12152E+00   0.23567E+00   0.32361E+00   0.32797E+00
   0.47000E+02   0.11837E+00   0.23099E+00   0.31762E+00   0.32213E+00
   0.46003E+02   0.11506E+00   0.22614E+00   0.31144E+00   0.31599E+00
   0.45000E+02   0.11176E+00   0.22103E+00   0.30509E+00   0.30966E+00
   0.43997E+02   0.10825E+00   0.21587E+00   0.29846E+00   0.30314E+00
   0.43000E+02   0.10454E+00   0.21052E+00   0.29163E+00   0.29643E+00
   0.41998E+02   0.10089E+00   0.20494E+00   0.28464E+00   0.28953E+00
   0.41001E+02   0.96981E-01   0.19928E+00   0.27746E+00   0.28234E+00
   0.39998E+02   0.93074E-01   0.19347E+00   0.27010E+00   0.27496E+00
   0.39001E+02   0.89067E-01   0.18752E+00   0.26247E+00   0.26749E+00
   0.37999E+02   0.85109E-01   0.18143E+00   0.25478E+00   0.25975E+00
   0.37002E+02   0.81001E-01   0.17528E+00   0.24680E+00   0.25181E+00
   0.35999E+02   0.76942E-01   0.16889E+00   0.23876E+00   0.24368E+00
   0.35002E+02   0.72783E-01   0.16256E+00   0.23044E+00   0.23547E+00
   0.33999E+02   0.68674E-01   0.15600E+00   0.22205E+00   0.22708E+00
   0.33002E+02   0.64613E-01   0.14951E+00   0.21361E+00   0.21851E+00
   0.32000E+02   0.60553E-01   0.14288E+00   0.20489E+00   0.20984E+00
   0.31003E+02   0.56542E-01   0.13622E+00   0.19621E+00   0.20110E+00
   0.30000E+02   0.52530E-01   0.12950E+00   0.18735E+00   0.19217E+00
   0.28997E+02   0.48568E-01   0.12287E+00   0.17842E+00   0.18326E+00
   0.28000E+02   0.44755E-01   0.11620E+00   0.16954E+00   0.17426E+00
   0.26998E+02   0.41142E-01   0.10954E+00   0.16061E+00   0.16519E+00
   0.26001E+02   0.37478E-01   0.10290E+00   0.15158E+00   0.15603E+00
   0.24998E+02   0.34064E-01   0.96338E-01   0.14260E+00   0.14699E+00
   0.24001E+02   0.30649E-01   0.89824E-01   0.13364E+00   0.13785E+00
   0.22999E+02   0.27484E-01   0.83383E-01   0.12481E+00   0.12884E+00
   0.22002E+02   0.24503E-01   0.77090E-01   0.11601E+00   0.11994E+00
   0.20999E+02   0.21662E-01   0.70937E-01   0.10733E+00   0.11105E+00
   0.20002E+02   0.19036E-01   0.64996E-01   0.98876E-01   0.10237E+00
   0.18999E+02   0.16540E-01   0.59149E-01   0.90524E-01   0.93789E-01
   0.18002E+02   0.14283E-01   0.53523E-01   0.82312E-01   0.85411E-01
   0.17000E+02   0.12231E-01   0.48103E-01   0.74388E-01   0.77257E-01
   0.16003E+02   0.10330E-01   0.42899E-01   0.66702E-01   0.69347E-01
   0.15000E+02   0.86730E-02   0.37943E-01   0.59319E-01   0.61729E-01
   0.13997E+02   0.71766E-02   0.33246E-01   0.52247E-01   0.54420E-01
   0.13000E+02   0.58457E-02   0.28808E-01   0.45509E-01   0.47449E-01
   0.11998E+02   0.47051E-02   0.24655E-01   0.39154E-01   0.40855E-01
   0.11001E+02   0.37352E-02   0.20808E-01   0.33191E-01   0.34662E-01
   0.99981E+01   0.28960E-02   0.17251E-01   0.27659E-01   0.28904E-01
   0.90012E+01   0.22177E-02   0.14020E-01   0.22566E-01   0.23601E-01
   0.79985E+01   0.16453E-02   0.11108E-01   0.17946E-01   0.18784E-01
   0.70015E+01   0.11841E-02   0.85215E-02   0.13825E-01   0.14473E-01
   0.59989E+01   0.82507E-03   0.62700E-02   0.10207E-01   0.10692E-01
   0.50019E+01   0.54291E-03   0.43631E-02   0.71191E-02   0.74626E-02
   0.39992E+01   0.33218E-03   0.27957E-02   0.45726E-02   0.47944E-02
   0.30023E+01   0.17997E-03   0.15737E-02   0.25787E-02   0.27058E-02
   0.19996E+01   0.77535E-04   0.70003E-03   0.11483E-02   0.12046E-02
   0.10027E+01   0.19086E-04   0.17506E-03   0.28744E-03   0.30162E-03
   0.00000E+00   0.00000E+00   0.00000E+00   0.00000E+00   0.00000E+00
