                    1                    0  -2.1542607653298531     
                    2                    0  -2.1189454304609652     
                    3                    0  -2.1080623795056570     
                    4                    0  -2.1123180512775677     
                    1                    1  -2.1810774085842368     
                    2                    1  -2.1830488263808228     
                    3                    1  -2.1833432690689767     
                    4                    1  -2.1839128040647444     
                    1                    2  -2.1793796622421620     
                    2                    2  -2.1998863525318981     
                    3                    2  -2.2190746617532486     
                    4                    2  -2.2418226616122534     
                    1                    3  -2.2232626811252776     
                    2                    3  -2.2232629900695664     
                    3                    3  -2.2232630256848500     
                    4                    3  -2.2232634784522078     
                    1                    4  -2.2232625779386477     
                    2                    4  -2.2232629164870872     
                    3                    4  -2.2232631809709829     
                    4                    4  -2.2232635430859036     
                    1                    5  -2.2232625311974017     
                    2                    5  -2.2232628519800386     
                    3                    5  -2.2232631771064630     
                    4                    5  -2.2232639466757189     
