   0.0000000000000000        0.0000000000000000     
   1.0000000000000000E-003   6.0481291879231539E-006
   1.0000000000000000E-002   6.0365261245320359E-004
   4.8000000000000001E-002   1.3337538901717440E-002
   8.5999999999999993E-002   3.9089495432202179E-002
  0.12399999999999999        7.1433495323601812E-002
  0.16200000000000001       0.10447588646841964     
  0.20000000000000001       0.13445788594172134     
  0.30000000000000004       0.19018198706643449     
  0.40000000000000002       0.21652063507472336     
  0.50000000000000000       0.22432410253494206     
  0.60000000000000009       0.22147584991539321     
  0.69999999999999996       0.21266581527333800     
  0.80000000000000004       0.20065533518394985     
  0.90000000000000013       0.18710410680271514     
   1.0000000000000000       0.17302487664083038     
   1.2000000000000000       0.14550837771081632     
   1.3999999999999999       0.12058872964190577     
   1.6000000000000001        9.8963118079746351E-002
   1.8000000000000000        8.0605927256521839E-002
   2.0000000000000000        6.5220895212754940E-002
   2.2000000000000002        5.2434605431783889E-002
   2.4000000000000004        4.1876398574142333E-002
   2.6000000000000001        3.3208215911192475E-002
   2.7999999999999998        2.6132815601198581E-002
   3.0000000000000000        2.0393150634265316E-002
   3.2000000000000002        1.5768590973672187E-002
   3.4000000000000004        1.2070424935846100E-002
   3.6000000000000001        9.1375970480242676E-003
   3.8000000000000003        6.8329817223776335E-003
   4.0000000000000000        5.0402153063688936E-003
   4.2000000000000002        3.6610081561668853E-003
   4.4000000000000004        2.6128368040025697E-003
   4.5999999999999996        1.8269269458106915E-003
   4.8000000000000007        1.2464592548404292E-003
   5.0000000000000000        8.2495257627873220E-004
   5.2000000000000002        5.2479660411018300E-004
   5.4000000000000004        3.1591969851361474E-004
   5.6000000000000005        1.7458559178467305E-004
   5.8000000000000007        8.2316325754777376E-005
   6.0000000000000000        2.4940360164845903E-005
   6.2000000000000002       -8.2369412781907204E-006
   6.4000000000000004       -2.5144664424821977E-005
   6.6000000000000005       -3.1546482260455961E-005
   6.8000000000000007       -3.1538347192577397E-005
   7.0000000000000000       -2.7954146379576073E-005
   7.2000000000000002       -2.2690586816345592E-005
   7.4000000000000004       -1.6962777303703053E-005
   7.6000000000000005       -1.1501675365715345E-005
   7.8000000000000007       -6.7037570379905161E-006
   8.0000000000000000       -2.7422504581732733E-006
   8.1999999999999993        3.5196512898516152E-007
   8.4000000000000004        2.6329114755526323E-006
   8.6000000000000014        4.1998520790679775E-006
   8.8000000000000007        5.1708440794229473E-006
   9.0000000000000000        5.6658972267407194E-006
   9.2000000000000011        5.7969527856073886E-006
   9.4000000000000004        5.6625728258471954E-006
   9.5999999999999996        5.3457748818660365E-006
   9.8000000000000007        4.9138745614951823E-006
   10.000000000000000        4.4195266716210002E-006
   10.500000000000000        3.1441217102707489E-006
   11.000000000000000        2.0543051425001579E-006
   11.500000000000000        1.2526528833343550E-006
   12.000000000000000        7.1898315338190058E-007
   12.500000000000000        3.9043443891234569E-007
   13.000000000000000        2.0106981226114764E-007
   13.500000000000000        9.8425586341956933E-008
   14.000000000000000        4.6019692353750227E-008
   14.500000000000000        2.0787445432676138E-008
   15.000000000000000        9.3195183858702236E-009
   15.500000000000000        4.3712096287065493E-009
   16.000000000000000        2.2969195181790677E-009
   16.500000000000000        1.3977846019005198E-009
   17.000000000000000        9.4921267857443550E-010
   17.500000000000000        6.7310975149202981E-010
   18.000000000000000        4.7485577768581993E-010
   18.500000000000000        3.2528425333993714E-010
   19.000000000000000        2.1443480924952118E-010
   19.500000000000000        1.3580413212487436E-010
   20.000000000000000        8.2756463267821502E-011
   21.000000000000000        2.7677537995465925E-011
   22.000000000000000        8.1837995198152122E-012
   23.000000000000000        2.1920395638138457E-012
   24.000000000000000        5.5562612476168354E-013
   25.000000000000000        1.4343146828414468E-013
   26.000000000000000        4.1089894227873913E-014
   27.000000000000000        1.3392110564126169E-014
   28.000000000000000        4.6574057698159627E-015
   29.000000000000000        1.6009796980182553E-015
   30.000000000000000        5.2239288859935731E-016
   31.000000000000000        1.5965470946944584E-016
   32.000000000000000        4.5724465027400545E-017
   33.000000000000000        1.2401861136898967E-017
   34.000000000000000        3.2531528008956090E-018
   35.000000000000000        8.5189253964546394E-019
   36.000000000000000        2.3013521561038702E-019
   37.000000000000000        6.5067410293530176E-020
   38.000000000000000        1.9058704853836699E-020
   39.000000000000000        5.6590380373185702E-021
   40.000000000000000        1.6673873924355396E-021
