   0.0000000000000000        0.0000000000000000     
   1.0000000000000000E-003   6.0844362989979046E-006
   1.0000000000000000E-002   6.0727672962477587E-004
   4.8000000000000001E-002   1.3417792744754940E-002
   8.5999999999999993E-002   3.9325921986821888E-002
  0.12399999999999999        7.1869047308853934E-002
  0.16200000000000001       0.10511989067064480     
  0.20000000000000001       0.13529811068879447     
  0.30000000000000004       0.19142952120010756     
  0.40000000000000002       0.21803647667116574     
  0.50000000000000000       0.22602425370194681     
  0.60000000000000009       0.22331456752430334     
  0.69999999999999996       0.21461813218632173     
  0.80000000000000004       0.20270701296566404     
  0.90000000000000013       0.18924630841240783     
   1.0000000000000000       0.17525132041033448     
   1.2000000000000000       0.14788757379259923     
   1.3999999999999999       0.12309833002678543     
   1.6000000000000001       0.10157555433093027     
   1.8000000000000000        8.3287686738321598E-002
   2.0000000000000000        6.7933583848467871E-002
   2.2000000000000002        5.5136852259106216E-002
   2.4000000000000004        4.4526113484412079E-002
   2.6000000000000001        3.5764882956533982E-002
   2.7999999999999998        2.8559590076816722E-002
   3.0000000000000000        2.2658591174915678E-002
   3.2000000000000002        1.7847916552477389E-002
   3.4000000000000004        1.3946243868554475E-002
   3.6000000000000001        1.0800108417430876E-002
   3.8000000000000003        8.2796952733043081E-003
   4.0000000000000000        6.2752705752465521E-003
   4.2000000000000002        4.6941955048882553E-003
   4.4000000000000004        3.4584319893759537E-003
   4.5999999999999996        2.5024480419605939E-003
   4.8000000000000007        1.7714423929735862E-003
   5.0000000000000000        1.2198244142846112E-003
   5.2000000000000002        8.0989931316106001E-004
   5.4000000000000004        5.1072170683644973E-004
   5.6000000000000005        2.9709082702852928E-004
   5.8000000000000007        1.4866712949490249E-004
   6.0000000000000000        4.9196563138206308E-005
   6.2000000000000002       -1.4169039751445414E-005
   6.4000000000000004       -5.1463864238467376E-005
   6.6000000000000005       -7.0420067926632967E-005
   6.8000000000000007       -7.6906766751176181E-005
   7.0000000000000000       -7.5302671307402060E-005
   7.2000000000000002       -6.8809137690080215E-005
   7.4000000000000004       -5.9710032376629212E-005
   7.6000000000000005       -4.9584937490047511E-005
   7.8000000000000007       -3.9481790442541591E-005
   8.0000000000000000       -3.0054861874623598E-005
   8.1999999999999993       -2.1673457005134921E-005
   8.4000000000000004       -1.4506284731289378E-005
   8.6000000000000014       -8.5858689267222163E-006
   8.8000000000000007       -3.8568380968181586E-006
   9.0000000000000000       -2.1137933884738239E-007
   9.2000000000000011        2.4853718658043326E-006
   9.4000000000000004        4.3777068671657127E-006
   9.5999999999999996        5.6076088324539743E-006
   9.8000000000000007        6.3074000441520777E-006
   10.000000000000000        6.5955748496652230E-006
   10.500000000000000        6.1500205173766969E-006
   11.000000000000000        4.9140594007807486E-006
   11.500000000000000        3.5557224807650824E-006
   12.000000000000000        2.3862293715699804E-006
   12.500000000000000        1.5029387266827165E-006
   13.000000000000000        8.9250389020376135E-007
   13.500000000000000        5.0032487815520008E-007
   14.000000000000000        2.6436768639537471E-007
   14.500000000000000        1.3099531464903155E-007
   15.000000000000000        6.0366303178173539E-008
   15.500000000000000        2.5608872136682564E-008
   16.000000000000000        9.9630462494069333E-009
   16.500000000000000        3.7079893037053327E-009
   17.000000000000000        1.6143466569798572E-009
   17.500000000000000        1.1032410006709404E-009
   18.000000000000000        1.0403186398953099E-009
   18.500000000000000        1.0093879833364126E-009
   19.000000000000000        9.0983384005971199E-010
   19.500000000000000        7.5511289442904154E-010
   20.000000000000000        5.8332608508492397E-010
   21.000000000000000        2.9307490800388782E-010
   22.000000000000000        1.2257431381605459E-010
   23.000000000000000        4.4138713348140347E-011
   24.000000000000000        1.3994099360678927E-011
   25.000000000000000        3.9842998705934807E-012
   26.000000000000000        1.0613353130894949E-012
   27.000000000000000        2.9168945509926008E-013
   28.000000000000000        9.5202715064913746E-014
   29.000000000000000        3.8299531843426939E-014
   30.000000000000000        1.6892370087113342E-014
   31.000000000000000        7.2765048892105756E-015
   32.000000000000000        2.9126857583099211E-015
   33.000000000000000        1.0717948445608282E-015
   34.000000000000000        3.6385074506181371E-016
   35.000000000000000        1.1518446622222388E-016
   36.000000000000000        3.4604433221138301E-017
   37.000000000000000        1.0120192759873255E-017
   38.000000000000000        2.9882623132912546E-018
   39.000000000000000        9.2817539931989288E-019
   40.000000000000000        3.0965783955569850E-019
