   0.0000000000000000        0.0000000000000000     
   1.0000000000000000E-003  -5.9987490821165337E-006
   1.0000000000000000E-002  -5.9872292282852431E-004
   4.8000000000000001E-002  -1.3228055799131239E-002
   8.5999999999999993E-002  -3.8764801845362948E-002
  0.12399999999999999       -7.0829142716421212E-002
  0.16200000000000001      -0.10356993489237713     
  0.20000000000000001      -0.13325572507132311     
  0.30000000000000004      -0.18829136259385901     
  0.40000000000000002      -0.21405325970504710     
  0.50000000000000000      -0.22132849002555258     
  0.60000000000000009      -0.21795986496752529     
  0.69999999999999996      -0.20861990515110318     
  0.80000000000000004      -0.19606611905673607     
  0.90000000000000013      -0.18196171781761100     
   1.0000000000000000      -0.16732686681371114     
   1.2000000000000000      -0.13873015475337638     
   1.3999999999999999      -0.11283931551290562     
   1.6000000000000001       -9.0425272460665895E-002
   1.8000000000000000       -7.1518119536820579E-002
   2.0000000000000000       -5.5853802161874279E-002
   2.2000000000000002       -4.3066290872631613E-002
   2.4000000000000004       -3.2769424307855947E-002
   2.6000000000000001       -2.4591051899247891E-002
   2.7999999999999998       -1.8186961526139352E-002
   3.0000000000000000       -1.3246431862082979E-002
   3.2000000000000002       -9.4942639656308420E-003
   3.4000000000000004       -6.6911102740203256E-003
   3.6000000000000001       -4.6326965875369110E-003
   3.8000000000000003       -3.1481263009978350E-003
   4.0000000000000000       -2.0973893197722558E-003
   4.2000000000000002       -1.3682429547547293E-003
   4.4000000000000004       -8.7268548513568423E-004
   4.5999999999999996       -5.4326547722371847E-004
   4.8000000000000007       -3.2945506905009321E-004
   5.0000000000000000       -1.9427239003525393E-004
   5.2000000000000002       -1.1128038376489419E-004
   5.4000000000000004       -6.2029889445947353E-005
   5.6000000000000005       -3.3962905371466841E-005
   5.8000000000000007       -1.8752755220958226E-005
   6.0000000000000000       -1.1032631692459187E-005
   6.2000000000000002       -7.4514162889995024E-006
   6.4000000000000004       -5.9930529880702847E-006
   6.6000000000000005       -5.4998236327223883E-006
   6.8000000000000007       -5.3478341550012343E-006
   7.0000000000000000       -5.2323937890477721E-006
   7.2000000000000002       -5.0303452482798078E-006
   7.4000000000000004       -4.7146716172576791E-006
   7.6000000000000005       -4.3036080999924359E-006
   7.8000000000000007       -3.8318354371997007E-006
   8.0000000000000000       -3.3353517973581609E-006
   8.1999999999999993       -2.8444917268596092E-006
   8.4000000000000004       -2.3815588547062334E-006
   8.6000000000000014       -1.9608851237569142E-006
   8.8000000000000007       -1.5900091805337289E-006
   9.0000000000000000       -1.2712299289915356E-006
   9.2000000000000011       -1.0031393940586474E-006
   9.4000000000000004       -7.8194888723924030E-007
   9.5999999999999996       -6.0254319809400843E-007
   9.8000000000000007       -4.5926300904119545E-007
   10.000000000000000       -3.4644755463905470E-007
   10.500000000000000       -1.6416991429723307E-007
   11.000000000000000       -7.3688763893844375E-008
   11.500000000000000       -3.1596494504023487E-008
   12.000000000000000       -1.3097223834969428E-008
   12.500000000000000       -5.3500547745020443E-009
   13.000000000000000       -2.2123799692178824E-009
   13.500000000000000       -9.5560188513224479E-010
   14.000000000000000       -4.4117166545117523E-010
   14.500000000000000       -2.1745432241277883E-010
   15.000000000000000       -1.1184021027452362E-010
   15.500000000000000       -5.8364202936031172E-011
   16.000000000000000       -3.0231978970017650E-011
   16.500000000000000       -1.5326222313510455E-011
   17.000000000000000       -7.5487862594501132E-012
   17.500000000000000       -3.6038110651700029E-012
   18.000000000000000       -1.6694801488353902E-012
   18.500000000000000       -7.5237362463914471E-013
   19.000000000000000       -3.3103312225972026E-013
   19.500000000000000       -1.4285905889119441E-013
   20.000000000000000       -6.0834006859970597E-014
   21.000000000000000       -1.0945191605215454E-014
   22.000000000000000       -2.0570327506277693E-015
   23.000000000000000       -4.1617965200368969E-016
   24.000000000000000       -8.8005019426163234E-017
   25.000000000000000       -1.8415734657236692E-017
   26.000000000000000       -3.6813299306691634E-018
   27.000000000000000       -6.9880794237719511E-019
   28.000000000000000       -1.2693151467722303E-019
   29.000000000000000       -2.2353735222970710E-020
   30.000000000000000       -3.9036580974101330E-021
   31.000000000000000       -6.9449918946274436E-022
   32.000000000000000       -1.2766192713695890E-022
   33.000000000000000       -2.3840349617183736E-023
   34.000000000000000       -4.3753365368112869E-024
   35.000000000000000       -7.8049872970139556E-025
   36.000000000000000       -1.3662843027884375E-025
   37.000000000000000       -2.3444419176985395E-026
   38.000000000000000       -3.9301959729659887E-027
   39.000000000000000       -6.5943649296530345E-028
   40.000000000000000       -1.0786362221713646E-028
