   0.0000000000000000        0.0000000000000000     
   1.0000000000000000E-003   6.0111703795998335E-006
   1.0000000000000000E-002   5.9996331322615597E-004
   4.8000000000000001E-002   1.3255776774791670E-002
   8.5999999999999993E-002   3.8848185389572569E-002
  0.12399999999999999        7.0987683492458722E-002
  0.16200000000000001       0.10381418938710439     
  0.20000000000000001       0.13359045724857796     
  0.30000000000000004       0.18887245273431030     
  0.40000000000000002       0.21489461478071339     
  0.50000000000000000       0.22245352421121592     
  0.60000000000000009       0.21939594312472008     
  0.69999999999999996       0.21039278895435004     
  0.80000000000000004       0.19819659233910267     
  0.90000000000000013       0.18446369700449441     
   1.0000000000000000       0.17020641702508149     
   1.2000000000000000       0.14235009850569746     
   1.3999999999999999       0.11712729445903333     
   1.6000000000000001        9.5254713295443938E-002
   1.8000000000000000        7.6723578494027764E-002
   2.0000000000000000        6.1249187708795713E-002
   2.2000000000000002        4.8463281564167800E-002
   2.4000000000000004        3.7993833271652330E-002
   2.6000000000000001        2.9495517586949110E-002
   2.7999999999999998        2.2659085926030515E-002
   3.0000000000000000        1.7212222327792931E-002
   3.2000000000000002        1.2917354558610818E-002
   3.4000000000000004        9.5686706436197960E-003
   3.6000000000000001        6.9891533597943581E-003
   3.8000000000000003        5.0278375888934924E-003
   4.0000000000000000        3.5572712198688704E-003
   4.2000000000000002        2.4711069618437958E-003
   4.4000000000000004        1.6817679711062241E-003
   4.5999999999999996        1.1181650149228142E-003
   4.8000000000000007        7.2347496466149662E-004
   5.0000000000000000        4.5301169486778285E-004
   5.2000000000000002        2.7222858912212463E-004
   5.4000000000000004        1.5489018893749968E-004
   5.6000000000000005        8.1441533203669404E-005
   5.8000000000000007        3.7591321536377445E-005
   6.0000000000000000        1.3112365837596542E-005
   6.2000000000000002        8.5122133245615846E-007
   6.4000000000000004       -4.0695401396378766E-006
   6.6000000000000005       -4.8787319295507134E-006
   6.8000000000000007       -3.6384856576655861E-006
   7.0000000000000000       -1.6059676243594429E-006
   7.2000000000000002        5.0142107939092794E-007
   7.4000000000000004        2.3161798220703408E-006
   7.6000000000000005        3.6881592647027220E-006
   7.8000000000000007        4.5945210916938303E-006
   8.0000000000000000        5.0804612851960932E-006
   8.1999999999999993        5.2216496977887862E-006
   8.4000000000000004        5.1015992416133794E-006
   8.6000000000000014        4.7990131932213797E-006
   8.8000000000000007        4.3815769048443163E-006
   9.0000000000000000        3.9037407985580858E-006
   9.2000000000000011        3.4068317218147812E-006
   9.4000000000000004        2.9203993498408345E-006
   9.5999999999999996        2.4641032891516411E-006
   9.8000000000000007        2.0497199684339905E-006
   10.000000000000000        1.6830308785505062E-006
   10.500000000000000        9.7733908483255848E-007
   11.000000000000000        5.3220700855170673E-007
   11.500000000000000        2.7372154990371364E-007
   12.000000000000000        1.3369681713326232E-007
   12.500000000000000        6.2424163140978668E-008
   13.000000000000000        2.8116503543528638E-008
   13.500000000000000        1.2418195564817109E-008
   14.000000000000000        5.5321077971103512E-009
   14.500000000000000        2.5820959051918607E-009
   15.000000000000000        1.3063782689823879E-009
   15.500000000000000        7.2224021663855929E-010
   16.000000000000000        4.2577068542366415E-010
   16.500000000000000        2.5768911697124776E-010
   17.000000000000000        1.5530629486994187E-010
   17.500000000000000        9.1605164854926494E-011
   18.000000000000000        5.2480957304449504E-011
   18.500000000000000        2.9116647455452517E-011
   19.000000000000000        1.5636551201189321E-011
   19.500000000000000        8.1365802475695307E-012
   20.000000000000000        4.1119810377370206E-012
   21.000000000000000        9.7717772033531323E-013
   22.000000000000000        2.1858910613545484E-013
   23.000000000000000        4.8911667375359292E-014
   24.000000000000000        1.1698147662374499E-014
   25.000000000000000        3.0575467209526998E-015
   26.000000000000000        8.4102387057976326E-016
   27.000000000000000        2.3042237658698804E-016
   28.000000000000000        6.0400814801454563E-017
   29.000000000000000        1.4887570472543253E-017
   30.000000000000000        3.4682842386383764E-018
   31.000000000000000        7.7899727312411877E-019
   32.000000000000000        1.7292537879644258E-019
   33.000000000000000        3.8795367822131062E-020
   34.000000000000000        8.9205245050869221E-021
   35.000000000000000        2.1088679060437710E-021
   36.000000000000000        5.0769623292838707E-022
   37.000000000000000        1.2169016946879243E-022
   38.000000000000000        2.8392735632824646E-023
   39.000000000000000        6.4073488001911603E-024
   40.000000000000000        1.4090326624351233E-024
