   0.0000000000000000       -1.0786362221713646E-028
   1.0000000000000000E-003   12.777669921729675     
   1.0000000000000000E-002   12.753418326672879     
   4.8000000000000001E-002   12.235767035366795     
   8.5999999999999993E-002   11.182945235973850     
  0.12399999999999999        9.8458942701078218     
  0.16200000000000001        8.4551719751050527     
  0.20000000000000001        7.1585046914738379     
  0.30000000000000004        4.5411901188899373     
  0.40000000000000002        2.9410104781261714     
  0.50000000000000000        1.9739311890607616     
  0.60000000000000009        1.3695083820438958     
  0.69999999999999996       0.97621034055796907     
  0.80000000000000004       0.71074337321266390     
  0.90000000000000013       0.52594832557716198     
   1.0000000000000000       0.39401931922391165     
   1.2000000000000000       0.22667156861241938     
   1.3999999999999999       0.13268039163869708     
   1.6000000000000001        7.7845720873696345E-002
   1.8000000000000000        4.5165508464103457E-002
   2.0000000000000000        2.5527110918583586E-002
   2.2000000000000002        1.3763006569588770E-002
   2.4000000000000004        6.8185246862708529E-003
   2.6000000000000001        2.8342527939537363E-003
   2.7999999999999998        6.5685831553387568E-004
   3.0000000000000000       -4.3580713657886798E-004
   3.2000000000000002       -8.9620014276606751E-004
   3.4000000000000004       -1.0055060442465474E-003
   3.6000000000000001       -9.3539060446877281E-004
   3.8000000000000003       -7.8757591719140333E-004
   4.0000000000000000       -6.1954109670371799E-004
   4.2000000000000002       -4.6129837536157869E-004
   4.4000000000000004       -3.2631209903313287E-004
   4.5999999999999996       -2.1852721487179342E-004
   4.8000000000000007       -1.3680476308879511E-004
   5.0000000000000000       -7.7637310628756199E-005
   5.2000000000000002       -3.6737990089191410E-005
   5.4000000000000004       -9.9078449281449245E-006
   5.6000000000000005        6.5452786798418949E-006
   5.8000000000000007        1.5654258138070716E-005
   6.0000000000000000        1.9788485681965241E-005
   6.2000000000000002        2.0723606287189000E-005
   6.4000000000000004        1.9740474322334645E-005
   6.6000000000000005        1.7728066971063539E-005
   6.8000000000000007        1.5277395632883801E-005
   7.0000000000000000        1.2760954279860131E-005
   7.2000000000000002        1.0396511471727047E-005
   7.4000000000000004        8.2962976525565041E-006
   7.6000000000000005        6.5036329048005230E-006
   7.8000000000000007        5.0193244029544204E-006
   8.0000000000000000        3.8200615480327437E-006
   8.1999999999999993        2.8707622866965888E-006
   8.4000000000000004        2.1324860968722634E-006
   8.6000000000000014        1.5671983119248227E-006
   8.8000000000000007        1.1403715292910531E-006
   9.0000000000000000        8.2215924377046371E-007
   9.2000000000000011        5.8767325882428385E-007
   9.4000000000000004        4.1673763399885376E-007
   9.5999999999999996        2.9337137846890172E-007
   9.8000000000000007        2.0516327864393300E-007
   10.000000000000000        1.4263869623622817E-007
   10.500000000000000        5.6367971526192609E-008
   11.000000000000000        2.1989107462098322E-008
   11.500000000000000        8.6920363398395604E-009
   12.000000000000000        3.5946623438894584E-009
   12.500000000000000        1.6030661959321100E-009
   13.000000000000000        7.7566006086249248E-010
   13.500000000000000        3.9942161550247827E-010
   14.000000000000000        2.1260479988480944E-010
   14.500000000000000        1.1374814242125734E-010
   15.000000000000000        6.0021840187474184E-011
   15.500000000000000        3.0960129580483267E-011
   16.000000000000000        1.5558648217806117E-011
   16.500000000000000        7.6038106911271527E-012
   17.000000000000000        3.6114594040731756E-012
   17.500000000000000        1.6685098801346019E-012
   18.000000000000000        7.5228209396861125E-013
   18.500000000000000        3.3216120612949069E-013
   19.000000000000000        1.4415920522627754E-013
   19.500000000000000        6.1752928839152989E-014
   20.000000000000000        2.6243524154023019E-014
   21.000000000000000        4.7662243059968334E-015
   22.000000000000000        9.1221108560338895E-016
   23.000000000000000        1.8724853826819041E-016
   24.000000000000000        3.9946595983523739E-017
   25.000000000000000        8.4166533171019763E-018
   26.000000000000000        1.6902307939514309E-018
   27.000000000000000        3.2208680888131624E-019
   28.000000000000000        5.8802542636723331E-020
   29.000000000000000        1.0392198047656073E-020
   30.000000000000000        1.8145580974458502E-021
   31.000000000000000        3.2208781496965705E-022
   32.000000000000000        5.9148720904106268E-023
   33.000000000000000        1.1103921520970029E-023
   34.000000000000000        2.0574886149840265E-024
   35.000000000000000        3.6975626480883544E-025
   36.000000000000000        6.5050918683322140E-026
   37.000000000000000        1.1249822972144941E-026
   38.000000000000000        1.9085922641661970E-027
   39.000000000000000        3.0586942617771793E-028
   40.000000000000000        5.8386374326195727E-029
