   0.0000000000000000        1.4090326624351233E-024
   1.0000000000000000E-003  -12.775151860173260     
   1.0000000000000000E-002  -12.750898130127799     
   4.8000000000000001E-002  -12.233201222361368     
   8.5999999999999993E-002  -11.180286344254615     
  0.12399999999999999       -9.8431164228438064     
  0.16200000000000001       -8.4522691322703469     
  0.20000000000000001       -7.1554835333269837     
  0.30000000000000004       -4.5379194490754884     
  0.40000000000000002       -2.9375689411282933     
  0.50000000000000000       -1.9703654797954144     
  0.60000000000000009       -1.3658433205637124     
  0.69999999999999996      -0.97245937282768624     
  0.80000000000000004      -0.70691467310936107     
  0.90000000000000013      -0.52204808123116453     
   1.0000000000000000      -0.39005351086370094     
   1.2000000000000000      -0.22259610710730213     
   1.3999999999999999      -0.12853323309944614     
   1.6000000000000001       -7.3676371082395400E-002
   1.8000000000000000       -4.1032341116202638E-002
   2.0000000000000000       -2.1492937388225910E-002
   2.2000000000000002       -9.8900729827004711E-003
   2.4000000000000004       -3.1637708596140286E-003
   2.6000000000000001        5.5457883097226812E-004
   2.7999999999999998        2.4301917942198162E-003
   3.0000000000000000        3.1984457435458072E-003
   3.2000000000000002        3.3250902959277946E-003
   3.4000000000000004        3.1035861748394534E-003
   3.6000000000000001        2.7160640796827446E-003
   3.8000000000000003        2.2724276551899991E-003
   4.0000000000000000        1.8358846620455198E-003
   4.2000000000000002        1.4398067017767472E-003
   4.4000000000000004        1.0989165137525992E-003
   4.5999999999999996        8.1669631651306771E-004
   4.8000000000000007        5.9024840441949586E-004
   5.0000000000000000        4.1342816479263313E-004
   5.2000000000000002        2.7880612270225741E-004
   5.4000000000000004        1.7884308134538497E-004
   5.6000000000000005        1.0654387551227558E-004
   5.8000000000000007        5.5774136763500310E-005
   6.0000000000000000        2.1366862103073189E-005
   6.2000000000000002       -8.9530403131412666E-007
   6.4000000000000004       -1.4364881346229000E-005
   6.6000000000000005       -2.1644803411941123E-005
   6.8000000000000007       -2.4711385941526670E-005
   7.0000000000000000       -2.5031972648379581E-005
   7.2000000000000002       -2.3670435852319126E-005
   7.4000000000000004       -2.1377766498015147E-005
   7.6000000000000005       -1.8667360874717756E-005
   7.8000000000000007       -1.5875987021924346E-005
   8.0000000000000000       -1.3212057859341016E-005
   8.1999999999999993       -1.0793084388810203E-005
   8.4000000000000004       -8.6741629861833167E-006
   8.6000000000000014       -6.8692078944363578E-006
   8.8000000000000007       -5.3664310312789394E-006
   9.0000000000000000       -4.1393468787442391E-006
   9.2000000000000011       -3.1543616342157463E-006
   9.4000000000000004       -2.3758063289403928E-006
   9.5999999999999996       -1.7690987641956202E-006
   9.8000000000000007       -1.3025697455786445E-006
   10.000000000000000       -9.4836419794279037E-007
   10.500000000000000       -4.0811683648326638E-007
   11.000000000000000       -1.6305599080931459E-007
   11.500000000000000       -6.0094259061185394E-008
   12.000000000000000       -2.0325853680727341E-008
   12.500000000000000       -6.4622800915587726E-009
   13.000000000000000       -2.1790544751850010E-009
   13.500000000000000       -1.0299175844599890E-009
   14.000000000000000       -7.3356676985011928E-010
   14.500000000000000       -5.9325809463770437E-010
   15.000000000000000       -4.5933916097906676E-010
   15.500000000000000       -3.2971243025238067E-010
   16.000000000000000       -2.2050288413175770E-010
   16.500000000000000       -1.3867569538798323E-010
   17.000000000000000       -8.2713664247128751E-011
   17.500000000000000       -4.7144467141688127E-011
   18.000000000000000       -2.5852448619087126E-011
   18.500000000000000       -1.3699843908381030E-011
   19.000000000000000       -7.0373187695392346E-012
   19.500000000000000       -3.5128033238019477E-012
   20.000000000000000       -1.7092872055074286E-012
   21.000000000000000       -3.8259002322473642E-013
   22.000000000000000       -8.2921143519866724E-014
   23.000000000000000       -1.8626657429474448E-014
   24.000000000000000       -4.6218998738684591E-015
   25.000000000000000       -1.2642113874290288E-015
   26.000000000000000       -3.5911588917444356E-016
   27.000000000000000       -1.0022274390412407E-016
   28.000000000000000       -2.6558195791885689E-017
   29.000000000000000       -6.5821868766994132E-018
   30.000000000000000       -1.5349583888108851E-018
   31.000000000000000       -3.4403546519541980E-019
   32.000000000000000       -7.6109415309933517E-020
   33.000000000000000       -1.7032732950653370E-020
   34.000000000000000       -3.9162925772175486E-021
   35.000000000000000       -9.2840464617982256E-022
   36.000000000000000       -2.2512854241516781E-022
   37.000000000000000       -5.4608546598162730E-023
   38.000000000000000       -1.2902005304323306E-023
   39.000000000000000       -2.9391278225814617E-024
   40.000000000000000       -6.5025361716030176E-025
