   0.0000000000000000        1.6673873924355396E-021
   1.0000000000000000E-003  -12.773651186446131     
   1.0000000000000000E-002  -12.749392347104198     
   4.8000000000000001E-002  -12.231586404440204     
   8.5999999999999993E-002  -11.178449920880198     
  0.12399999999999999       -9.8409989444949364     
  0.16200000000000001       -8.4498599421829894     
  0.20000000000000001       -7.1528032190952935     
  0.30000000000000004       -4.5346968844113817     
  0.40000000000000002       -2.9340230700006100     
  0.50000000000000000       -1.9666331125279723     
  0.60000000000000009       -1.3620032394956798     
  0.69999999999999996      -0.96855765072775479     
  0.80000000000000004      -0.70297932252274342     
  0.90000000000000013      -0.51809693223615672     
   1.0000000000000000      -0.38609853273584599     
   1.2000000000000000      -0.21865731110504269     
   1.3999999999999999      -0.12463391886280420     
   1.6000000000000001       -6.9837561433374912E-002
   1.8000000000000000       -3.7276585534951404E-002
   2.0000000000000000       -1.7845160967539710E-002
   2.2000000000000002       -6.3769101277579799E-003
   2.4000000000000004        1.8785724381734944E-004
   2.6000000000000001        3.7191632462660888E-003
   2.7999999999999998        5.3852824211260255E-003
   3.0000000000000000        5.9260235720830518E-003
   3.2000000000000002        5.8125325386465939E-003
   3.4000000000000004        5.3441682428830382E-003
   3.6000000000000001        4.7090057882375651E-003
   3.8000000000000003        4.0225389679403997E-003
   4.0000000000000000        3.3528973640699882E-003
   4.2000000000000002        2.7374931505878912E-003
   4.4000000000000004        2.1940974738567875E-003
   4.5999999999999996        1.7282295618027477E-003
   4.8000000000000007        1.3380724500208039E-003
   5.0000000000000000        1.0177151327478962E-003
   5.2000000000000002        7.5925651122093064E-004
   5.4000000000000004        5.5413673214170186E-004
   5.6000000000000005        3.9394610226274319E-004
   5.8000000000000007        2.7088479555367859E-004
   6.0000000000000000        1.7799330639958725E-004
   6.2000000000000002        1.0923587178621285E-004
   6.4000000000000004        5.9493604019698720E-005
   6.6000000000000005        2.4505191035180496E-005
   6.8000000000000007        7.8058686331606630E-007
   7.0000000000000000       -1.4496131472283853E-005
   7.2000000000000002       -2.3564522130179631E-005
   7.4000000000000004       -2.8180251464655605E-005
   7.6000000000000005       -2.9699066883797547E-005
   7.8000000000000007       -2.9150911503983983E-005
   8.0000000000000000       -2.7303913078521330E-005
   8.1999999999999993       -2.4718663536766801E-005
   8.4000000000000004       -2.1793567206128612E-005
   8.6000000000000014       -1.8802207206193498E-005
   8.8000000000000007       -1.5923733397143678E-005
   9.0000000000000000       -1.3267251157533675E-005
   9.2000000000000011       -1.0891129779654452E-005
   9.4000000000000004       -8.8180651130888142E-006
   9.5999999999999996       -7.0466398778950683E-006
   9.8000000000000007       -5.5600321458661727E-006
   10.000000000000000       -4.3324321690026151E-006
   10.500000000000000       -2.1960346661167876E-006
   11.000000000000000       -1.0201767474460211E-006
   11.500000000000000       -4.2430860262679748E-007
   12.000000000000000       -1.4867259336612706E-007
   12.500000000000000       -3.5390381905722616E-008
   13.000000000000000        3.3470921357738899E-009
   13.500000000000000        1.1650564820268218E-008
   14.000000000000000        9.7521237374389572E-009
   14.500000000000000        5.9236038133335080E-009
   15.000000000000000        2.8461553748608473E-009
   15.500000000000000        9.6169359998124567E-010
   16.000000000000000        1.5843036033079772E-011
   16.500000000000000       -3.4993188255785685E-010
   17.000000000000000       -4.1607766986465142E-010
   17.500000000000000       -3.5715144102140764E-010
   18.000000000000000       -2.6499422678259240E-010
   18.500000000000000       -1.7969948358658379E-010
   19.000000000000000       -1.1415504646184321E-010
   19.500000000000000       -6.8826672115651742E-011
   20.000000000000000       -3.9716518986768852E-011
   21.000000000000000       -1.1858919236392924E-011
   22.000000000000000       -3.1251362437502514E-012
   23.000000000000000       -7.4498093811907497E-013
   24.000000000000000       -1.7078040360443526E-013
   25.000000000000000       -4.2511966091323902E-014
   26.000000000000000       -1.3023360784564061E-014
   27.000000000000000       -4.7780091083042661E-015
   28.000000000000000       -1.8243889669701066E-015
   29.000000000000000       -6.6105278445632382E-016
   30.000000000000000       -2.2120382995579155E-016
   31.000000000000000       -6.8250887371194607E-017
   32.000000000000000       -1.9547302174615424E-017
   33.000000000000000       -5.2662481106148560E-018
   34.000000000000000       -1.3636780936141487E-018
   35.000000000000000       -3.5132089404130139E-019
   36.000000000000000       -9.3812373795140848E-020
   37.000000000000000       -2.6529312507761179E-020
   38.000000000000000       -7.8579953304060187E-021
   39.000000000000000       -2.3734232540074744E-021
   40.000000000000000       -7.1244578733632355E-022
