   0.0000000000000000        3.0965783955569850E-019
   1.0000000000000000E-003  -12.772441190787619     
   1.0000000000000000E-002  -12.748177336073793     
   4.8000000000000001E-002  -12.230264394586364     
   8.5999999999999993E-002  -11.176910659501003     
  0.12399999999999999       -9.8391846985893388     
  0.16200000000000001       -8.4477612375371951     
  0.20000000000000001       -7.1504414977968604     
  0.30000000000000004       -4.5318175809190571     
  0.40000000000000002       -2.9308500541790217     
  0.50000000000000000       -1.9633084011002113     
  0.60000000000000009       -1.3586106359191785     
  0.69999999999999996      -0.96514767141161339     
  0.80000000000000004      -0.69958359920187418     
  0.90000000000000013      -0.51473593703480092     
   1.0000000000000000      -0.38278580804290729     
   1.2000000000000000      -0.21546521051087550     
   1.3999999999999999      -0.12157867588181463     
   1.6000000000000001       -6.6924990362878245E-002
   1.8000000000000000       -3.4507359790982767E-002
   2.0000000000000000       -1.5217650739658632E-002
   2.2000000000000002       -3.8887781885355737E-003
   2.4000000000000004        2.5387849076704159E-003
   2.6000000000000001        5.9344920140656978E-003
   2.7999999999999998        7.4659554576575306E-003
   3.0000000000000000        7.8724352292941710E-003
   3.2000000000000002        7.6247689907962225E-003
   3.4000000000000004        7.0223115124942925E-003
   3.6000000000000001        6.2534500005820386E-003
   3.8000000000000003        5.4342794705141625E-003
   4.0000000000000000        4.6337647651703813E-003
   4.2000000000000002        3.8903151546305493E-003
   4.4000000000000004        3.2227813913762227E-003
   4.5999999999999996        2.6377666774137932E-003
   4.8000000000000007        2.1344718656642345E-003
   5.0000000000000000        1.7078795311802099E-003
   5.2000000000000002        1.3508145802798366E-003
   5.4000000000000004        1.0552480577376601E-003
   5.6000000000000005        8.1309378044428968E-004
   5.8000000000000007        6.1666920298914917E-004
   6.0000000000000000        4.5893842030756972E-004
   6.2000000000000002        3.3361656144635833E-004
   6.4000000000000004        2.3518980410801998E-004
   6.6000000000000005        1.5888610301486881E-004
   6.8000000000000007        1.0061988208806099E-004
   7.0000000000000000        5.6924924960677047E-005
   7.2000000000000002        2.4884284976059299E-005
   7.4000000000000004        2.0621014774041328E-006
   7.6000000000000005       -1.3560044399467740E-005
   7.8000000000000007       -2.3641116527710830E-005
   8.0000000000000000       -2.9532646332614688E-005
   8.1999999999999993       -3.2324937914679561E-005
   8.4000000000000004       -3.2887830785750604E-005
   8.6000000000000014       -3.1906457881201666E-005
   8.8000000000000007       -2.9912461703918855E-005
   9.0000000000000000       -2.7311097687498359E-005
   9.2000000000000011       -2.4404626776174065E-005
   9.4000000000000004       -2.1412364065879580E-005
   9.5999999999999996       -1.8487722995267195E-005
   9.8000000000000007       -1.5732571398868577E-005
   10.000000000000000       -1.3209195699334433E-005
   10.500000000000000       -8.0766369874677251E-006
   11.000000000000000       -4.5745126645642944E-006
   11.500000000000000       -2.3850218096920829E-006
   12.000000000000000       -1.1215978499026999E-006
   12.500000000000000       -4.5102390314573657E-007
   13.000000000000000       -1.2825458306369251E-007
   13.500000000000000        6.0250919184688972E-009
   14.000000000000000        4.7510611529111478E-008
   14.500000000000000        4.9352138920101618E-008
   15.000000000000000        3.8010896558416557E-008
   15.500000000000000        2.5079525957282538E-008
   16.000000000000000        1.4709872187885076E-008
   16.500000000000000        7.6630823011637111E-009
   17.000000000000000        3.3993497690208517E-009
   17.500000000000000        1.0828627448314444E-009
   18.000000000000000       -2.1582613006507767E-011
   18.500000000000000       -4.4382516051847562E-010
   19.000000000000000       -5.2310617608458504E-010
   19.500000000000000       -4.5641951600476272E-010
   20.000000000000000       -3.4719869121094352E-010
   21.000000000000000       -1.5937450533338411E-010
   22.000000000000000       -5.9395661222227053E-011
   23.000000000000000       -1.8720316367376371E-011
   24.000000000000000       -5.0376134890511749E-012
   25.000000000000000       -1.1437250740531395E-012
   26.000000000000000       -2.1916407551620132E-013
   27.000000000000000       -4.3380123906414960E-014
   28.000000000000000       -1.6200116622946807E-014
   29.000000000000000       -9.8530966420568741E-015
   30.000000000000000       -5.6999491094026225E-015
   31.000000000000000       -2.8082913401076084E-015
   32.000000000000000       -1.1970942612065266E-015
   33.000000000000000       -4.5265555661957340E-016
   34.000000000000000       -1.5459697358641588E-016
   35.000000000000000       -4.8463641472063994E-017
   36.000000000000000       -1.4226001996767048E-017
   37.000000000000000       -4.0164914925133214E-018
   38.000000000000000       -1.1376595555356050E-018
   39.000000000000000       -3.4236270931095986E-019
   40.000000000000000       -1.1376191069110727E-019
