 #  phi,DGAMMADPHI(IPHI) 
   3.4906585039886591E-002   2.3491524130209849E-008   6.9813170079773182E-002
  0.10471975511965978        1.5182292752657771E-008   6.9813170079773182E-002
  0.17453292519943295        1.0178098710240806E-008   6.9813170079773182E-002
  0.24434609527920614        7.3948106965473351E-009   6.9813170079773182E-002
  0.31415926535897931        5.9318155605087057E-009   6.9813170079773182E-002
  0.38397243543875248        5.3236944288214876E-009   6.9813170079773182E-002
  0.45378560551852570        5.2531083183371215E-009   6.9813170079773182E-002
  0.52359877559829882        5.3076687146053119E-009   6.9813170079773182E-002
  0.59341194567807209        5.2293002135137346E-009   6.9813170079773182E-002
  0.66322511575784526        5.1771861477100386E-009   6.9813170079773182E-002
  0.73303828583761843        5.4752053262135301E-009   6.9813170079773182E-002
  0.80285145591739160        5.9138285953979881E-009   6.9813170079773182E-002
  0.87266462599716477        5.7213597508497214E-009   6.9813170079773182E-002
  0.94247779607693793        4.8799864157691622E-009   6.9813170079773182E-002
   1.0122909661567112        3.9215860272606146E-009   6.9813170079773182E-002
   1.0821041362364843        3.0080921791356474E-009   6.9813170079773182E-002
   1.1519173063162575        2.0326868811322011E-009   6.9813170079773182E-002
   1.2217304763960306        1.2136625932102351E-009   6.9813170079773182E-002
   1.2915436464758039        7.7301481927901890E-010   6.9813170079773182E-002
   1.3613568165555769        5.5207734874895271E-010   6.9813170079773182E-002
   1.4311699866353502        3.8462085976692534E-010   6.9813170079773182E-002
   1.5009831567151235        3.0143716941283412E-010   6.9813170079773182E-002
   1.5707963267948966        3.2921041165608456E-010   6.9813170079773182E-002
   1.6406094968746698        3.7391755453523669E-010   6.9813170079773182E-002
   1.7104226669544429        3.8836478958979072E-010   6.9813170079773182E-002
   1.7802358370342162        4.0565118859246995E-010   6.9813170079773182E-002
   1.8500490071139892        4.3883600988000765E-010   6.9813170079773182E-002
   1.9198621771937625        4.8492433489186794E-010   6.9813170079773182E-002
   1.9896753472735358        5.3947220190223849E-010   6.9813170079773182E-002
   2.0594885173533091        5.9004398922546483E-010   6.9813170079773182E-002
   2.1293016874330819        5.7005578542129026E-010   6.9813170079773182E-002
   2.1991148575128552        5.1370912646334331E-010   6.9813170079773182E-002
   2.2689280275926285        5.2762167521074773E-010   6.9813170079773182E-002
   2.3387411976724017        6.4132907671475214E-010   6.9813170079773182E-002
   2.4085543677521746        8.7214323425504175E-010   6.9813170079773182E-002
   2.4783675378319479        1.2536823115927817E-009   6.9813170079773182E-002
   2.5481807079117211        1.8297528295065754E-009   6.9813170079773182E-002
   2.6179938779914944        2.5757403907109236E-009   6.9813170079773182E-002
   2.6878070480712677        3.3806032838539315E-009   6.9813170079773182E-002
   2.7576202181510405        4.0218169890613933E-009   6.9813170079773182E-002
   2.8274333882308138        4.2632537275807631E-009   6.9813170079773182E-002
   2.8972465583105871        4.1260072430068470E-009   6.9813170079773182E-002
   2.9670597283903604        3.8943961345737066E-009   6.9813170079773182E-002
   3.0368728984701332        3.7332549015249302E-009   6.9813170079773182E-002
   3.1066860685499065        3.6771905195555613E-009   6.9813170079773182E-002
   3.1764992386296798        3.6771905195555600E-009   6.9813170079773182E-002
   3.2463124087094530        3.7332549015249269E-009   6.9813170079773182E-002
   3.3161255787892263        3.8943961345737166E-009   6.9813170079773182E-002
   3.3859387488689991        4.1260072430068586E-009   6.9813170079773182E-002
   3.4557519189487724        4.2632537275807573E-009   6.9813170079773182E-002
   3.5255650890285457        4.0218169890613925E-009   6.9813170079773182E-002
   3.5953782591083190        3.3806032838539253E-009   6.9813170079773182E-002
   3.6651914291880923        2.5757403907109232E-009   6.9813170079773182E-002
   3.7350045992678651        1.8297528295065713E-009   6.9813170079773182E-002
   3.8048177693476384        1.2536823115927891E-009   6.9813170079773182E-002
   3.8746309394274117        8.7214323425503823E-010   6.9813170079773182E-002
   3.9444441095071849        6.4132907671475194E-010   6.9813170079773182E-002
   4.0142572795869578        5.2762167521074887E-010   6.9813170079773182E-002
   4.0840704496667311        5.1370912646334517E-010   6.9813170079773182E-002
   4.1538836197465043        5.7005578542128064E-010   6.9813170079773182E-002
   4.2236967898262776        5.9004398922546897E-010   6.9813170079773182E-002
   4.2935099599060509        5.3947220190223725E-010   6.9813170079773182E-002
   4.3633231299858242        4.8492433489186701E-010   6.9813170079773182E-002
   4.4331363000655974        4.3883600988000754E-010   6.9813170079773182E-002
   4.5029494701453698        4.0565118859246892E-010   6.9813170079773182E-002
   4.5727626402251431        3.8836478958978953E-010   6.9813170079773182E-002
   4.6425758103049164        3.7391755453523736E-010   6.9813170079773182E-002
   4.7123889803846897        3.2921041165608513E-010   6.9813170079773182E-002
   4.7822021504644630        3.0143716941283417E-010   6.9813170079773182E-002
   4.8520153205442362        3.8462085976692559E-010   6.9813170079773182E-002
   4.9218284906240095        5.5207734874895230E-010   6.9813170079773182E-002
   4.9916416607037828        7.7301481927901766E-010   6.9813170079773182E-002
   5.0614548307835561        1.2136625932102343E-009   6.9813170079773182E-002
   5.1312680008633285        2.0326868811321874E-009   6.9813170079773182E-002
   5.2010811709431017        3.0080921791356305E-009   6.9813170079773182E-002
   5.2708943410228750        3.9215860272606129E-009   6.9813170079773182E-002
   5.3407075111026483        4.8799864157691664E-009   6.9813170079773182E-002
   5.4105206811824216        5.7213597508497396E-009   6.9813170079773182E-002
   5.4803338512621949        5.9138285953980030E-009   6.9813170079773182E-002
   5.5501470213419681        5.4752053262135053E-009   6.9813170079773182E-002
   5.6199601914217414        5.1771861477100361E-009   6.9813170079773182E-002
   5.6897733615015147        5.2293002135137363E-009   6.9813170079773182E-002
   5.7595865315812871        5.3076687146053136E-009   6.9813170079773182E-002
   5.8293997016610604        5.2531083183371282E-009   6.9813170079773182E-002
   5.8992128717408336        5.3236944288214892E-009   6.9813170079773182E-002
   5.9690260418206069        5.9318155605087107E-009   6.9813170079773182E-002
   6.0388392119003802        7.3948106965473360E-009   6.9813170079773182E-002
   6.1086523819801535        1.0178098710240807E-008   6.9813170079773182E-002
   6.1784655520599268        1.5182292752657771E-008   6.9813170079773182E-002
   6.2482787221397000        2.3491524130209849E-008   6.9813170079773182E-002
