 #  phi,DGAMMADPHI(IPHI) 
   3.4906585039886591E-002   1.3169057723899861E-009   6.9813170079773182E-002
  0.10471975511965978        1.3191434606511148E-009   6.9813170079773182E-002
  0.17453292519943295        1.2980347414739115E-009   6.9813170079773182E-002
  0.24434609527920614        1.2673206560891949E-009   6.9813170079773182E-002
  0.31415926535897931        1.2704192939426900E-009   6.9813170079773182E-002
  0.38397243543875248        1.3738672961501305E-009   6.9813170079773182E-002
  0.45378560551852570        1.6408143444143864E-009   6.9813170079773182E-002
  0.52359877559829882        2.0684064332516163E-009   6.9813170079773182E-002
  0.59341194567807209        2.7414536636165243E-009   6.9813170079773182E-002
  0.66322511575784526        3.9216241197207092E-009   6.9813170079773182E-002
  0.73303828583761843        5.8588480818440987E-009   6.9813170079773182E-002
  0.80285145591739160        8.7708951245085204E-009   6.9813170079773182E-002
  0.87266462599716477        1.2818553747468461E-008   6.9813170079773182E-002
  0.94247779607693793        1.7771326543323132E-008   6.9813170079773182E-002
   1.0122909661567112        2.2476488148142293E-008   6.9813170079773182E-002
   1.0821041362364843        2.5920671377840270E-008   6.9813170079773182E-002
   1.1519173063162575        2.8205529667261067E-008   6.9813170079773182E-002
   1.2217304763960306        2.8983197980086251E-008   6.9813170079773182E-002
   1.2915436464758039        2.7199685441424816E-008   6.9813170079773182E-002
   1.3613568165555769        2.3597447315500099E-008   6.9813170079773182E-002
   1.4311699866353502        2.0952084592291459E-008   6.9813170079773182E-002
   1.5009831567151235        1.9945398800275781E-008   6.9813170079773182E-002
   1.5707963267948966        1.9246097478227196E-008   6.9813170079773182E-002
   1.6406094968746698        1.7993911905683580E-008   6.9813170079773182E-002
   1.7104226669544429        1.6737407197064525E-008   6.9813170079773182E-002
   1.7802358370342162        1.6413092696152000E-008   6.9813170079773182E-002
   1.8500490071139892        1.7299699344157215E-008   6.9813170079773182E-002
   1.9198621771937625        1.9354187092932464E-008   6.9813170079773182E-002
   1.9896753472735358        2.2772165322052280E-008   6.9813170079773182E-002
   2.0594885173533091        2.8260880675967962E-008   6.9813170079773182E-002
   2.1293016874330819        3.6719402977838355E-008   6.9813170079773182E-002
   2.1991148575128552        4.8462485247619322E-008   6.9813170079773182E-002
   2.2689280275926285        6.4992746996956095E-008   6.9813170079773182E-002
   2.3387411976724017        8.8199051713806451E-008   6.9813170079773182E-002
   2.4085543677521746        1.2107312048943035E-007   6.9813170079773182E-002
   2.4783675378319479        1.6689918935305732E-007   6.9813170079773182E-002
   2.5481807079117211        2.3070206672317656E-007   6.9813170079773182E-002
   2.6179938779914944        3.2278028923962300E-007   6.9813170079773182E-002
   2.6878070480712677        4.5224787026306545E-007   6.9813170079773182E-002
   2.7576202181510405        6.2707751765884972E-007   6.9813170079773182E-002
   2.8274333882308138        8.5012298490143572E-007   6.9813170079773182E-002
   2.8972465583105871        1.1143369972715362E-006   6.9813170079773182E-002
   2.9670597283903604        1.4062560353791077E-006   6.9813170079773182E-002
   3.0368728984701332        1.6760288080062977E-006   6.9813170079773182E-002
   3.1066860685499065        1.8408404862524187E-006   6.9813170079773182E-002
   3.1764992386296798        1.8408404862524183E-006   6.9813170079773182E-002
   3.2463124087094530        1.6760288080062977E-006   6.9813170079773182E-002
   3.3161255787892263        1.4062560353791079E-006   6.9813170079773182E-002
   3.3859387488689991        1.1143369972715367E-006   6.9813170079773182E-002
   3.4557519189487724        8.5012298490143604E-007   6.9813170079773182E-002
   3.5255650890285457        6.2707751765885057E-007   6.9813170079773182E-002
   3.5953782591083190        4.5224787026306540E-007   6.9813170079773182E-002
   3.6651914291880923        3.2278028923962258E-007   6.9813170079773182E-002
   3.7350045992678651        2.3070206672317706E-007   6.9813170079773182E-002
   3.8048177693476384        1.6689918935305748E-007   6.9813170079773182E-002
   3.8746309394274117        1.2107312048943043E-007   6.9813170079773182E-002
   3.9444441095071849        8.8199051713806412E-008   6.9813170079773182E-002
   4.0142572795869578        6.4992746996956121E-008   6.9813170079773182E-002
   4.0840704496667311        4.8462485247619349E-008   6.9813170079773182E-002
   4.1538836197465043        3.6719402977838427E-008   6.9813170079773182E-002
   4.2236967898262776        2.8260880675967939E-008   6.9813170079773182E-002
   4.2935099599060509        2.2772165322052256E-008   6.9813170079773182E-002
   4.3633231299858242        1.9354187092932464E-008   6.9813170079773182E-002
   4.4331363000655974        1.7299699344157202E-008   6.9813170079773182E-002
   4.5029494701453698        1.6413092696152010E-008   6.9813170079773182E-002
   4.5727626402251431        1.6737407197064525E-008   6.9813170079773182E-002
   4.6425758103049164        1.7993911905683570E-008   6.9813170079773182E-002
   4.7123889803846897        1.9246097478227182E-008   6.9813170079773182E-002
   4.7822021504644630        1.9945398800275781E-008   6.9813170079773182E-002
   4.8520153205442362        2.0952084592291456E-008   6.9813170079773182E-002
   4.9218284906240095        2.3597447315500102E-008   6.9813170079773182E-002
   4.9916416607037828        2.7199685441424836E-008   6.9813170079773182E-002
   5.0614548307835561        2.8983197980086298E-008   6.9813170079773182E-002
   5.1312680008633285        2.8205529667261070E-008   6.9813170079773182E-002
   5.2010811709431017        2.5920671377840326E-008   6.9813170079773182E-002
   5.2708943410228750        2.2476488148142369E-008   6.9813170079773182E-002
   5.3407075111026483        1.7771326543323119E-008   6.9813170079773182E-002
   5.4105206811824216        1.2818553747468460E-008   6.9813170079773182E-002
   5.4803338512621949        8.7708951245084989E-009   6.9813170079773182E-002
   5.5501470213419681        5.8588480818441028E-009   6.9813170079773182E-002
   5.6199601914217414        3.9216241197207141E-009   6.9813170079773182E-002
   5.6897733615015147        2.7414536636165214E-009   6.9813170079773182E-002
   5.7595865315812871        2.0684064332516163E-009   6.9813170079773182E-002
   5.8293997016610604        1.6408143444143760E-009   6.9813170079773182E-002
   5.8992128717408336        1.3738672961501332E-009   6.9813170079773182E-002
   5.9690260418206069        1.2704192939426842E-009   6.9813170079773182E-002
   6.0388392119003802        1.2673206560891918E-009   6.9813170079773182E-002
   6.1086523819801535        1.2980347414739146E-009   6.9813170079773182E-002
   6.1784655520599268        1.3191434606511150E-009   6.9813170079773182E-002
   6.2482787221397000        1.3169057723899890E-009   6.9813170079773182E-002
