 #  phi,DGAMMADPHI(IPHI) 
   3.4906585039886591E-002   4.4405601713672185E-008   6.9813170079773182E-002
  0.10471975511965978        2.9023429247819201E-008   6.9813170079773182E-002
  0.17453292519943295        1.9493076198374920E-008   6.9813170079773182E-002
  0.24434609527920614        1.4122307293312284E-008   6.9813170079773182E-002
  0.31415926535897931        1.1155380156091114E-008   6.9813170079773182E-002
  0.38397243543875248        9.6272012453930502E-009   6.9813170079773182E-002
  0.45378560551852570        8.9709828787170970E-009   6.9813170079773182E-002
  0.52359877559829882        8.6887165215365669E-009   6.9813170079773182E-002
  0.59341194567807209        8.5998082100420249E-009   6.9813170079773182E-002
  0.66322511575784526        8.9502541472787808E-009   6.9813170079773182E-002
  0.73303828583761843        1.0044661274500432E-008   6.9813170079773182E-002
  0.80285145591739160        1.1744580494291267E-008   6.9813170079773182E-002
  0.87266462599716477        1.3633745646777798E-008   6.9813170079773182E-002
  0.94247779607693793        1.5691162650805718E-008   6.9813170079773182E-002
   1.0122909661567112        1.7716747831735047E-008   6.9813170079773182E-002
   1.0821041362364843        1.9220562072263296E-008   6.9813170079773182E-002
   1.1519173063162575        2.0142312523061251E-008   6.9813170079773182E-002
   1.2217304763960306        2.0906902223434333E-008   6.9813170079773182E-002
   1.2915436464758039        2.1786311762449707E-008   6.9813170079773182E-002
   1.3613568165555769        2.2865397470840010E-008   6.9813170079773182E-002
   1.4311699866353502        2.4625672123365981E-008   6.9813170079773182E-002
   1.5009831567151235        2.7315884258173443E-008   6.9813170079773182E-002
   1.5707963267948966        3.0693040953744846E-008   6.9813170079773182E-002
   1.6406094968746698        3.4522649431142604E-008   6.9813170079773182E-002
   1.7104226669544429        3.9148198709621397E-008   6.9813170079773182E-002
   1.7802358370342162        4.5154760163731475E-008   6.9813170079773182E-002
   1.8500490071139892        5.2502298974301267E-008   6.9813170079773182E-002
   1.9198621771937625        6.1113949866247943E-008   6.9813170079773182E-002
   1.9896753472735358        7.1210807334754438E-008   6.9813170079773182E-002
   2.0594885173533091        8.2627492917145068E-008   6.9813170079773182E-002
   2.1293016874330819        7.7617364676998240E-008   6.9813170079773182E-002
   2.1991148575128552        5.8713750290843472E-008   6.9813170079773182E-002
   2.2689280275926285        4.6075128669984521E-008   6.9813170079773182E-002
   2.3387411976724017        4.0098415118630507E-008   6.9813170079773182E-002
   2.4085543677521746        4.0475782264706287E-008   6.9813170079773182E-002
   2.4783675378319479        4.7950381250554002E-008   6.9813170079773182E-002
   2.5481807079117211        6.4250646709729102E-008   6.9813170079773182E-002
   2.6179938779914944        9.2906173540529844E-008   6.9813170079773182E-002
   2.6878070480712677        1.3762920956653945E-007   6.9813170079773182E-002
   2.7576202181510405        2.0195829615148769E-007   6.9813170079773182E-002
   2.8274333882308138        2.8754131920184198E-007   6.9813170079773182E-002
   2.8972465583105871        3.9275114160901026E-007   6.9813170079773182E-002
   2.9670597283903604        5.1426448785827903E-007   6.9813170079773182E-002
   3.0368728984701332        6.3090641294144889E-007   6.9813170079773182E-002
   3.1066860685499065        7.0366453500043350E-007   6.9813170079773182E-002
   3.1764992386296798        7.0366453500043339E-007   6.9813170079773182E-002
   3.2463124087094530        6.3090641294144878E-007   6.9813170079773182E-002
   3.3161255787892263        5.1426448785827924E-007   6.9813170079773182E-002
   3.3859387488689991        3.9275114160901010E-007   6.9813170079773182E-002
   3.4557519189487724        2.8754131920184209E-007   6.9813170079773182E-002
   3.5255650890285457        2.0195829615148798E-007   6.9813170079773182E-002
   3.5953782591083190        1.3762920956653945E-007   6.9813170079773182E-002
   3.6651914291880923        9.2906173540529698E-008   6.9813170079773182E-002
   3.7350045992678651        6.4250646709729248E-008   6.9813170079773182E-002
   3.8048177693476384        4.7950381250554022E-008   6.9813170079773182E-002
   3.8746309394274117        4.0475782264706314E-008   6.9813170079773182E-002
   3.9444441095071849        4.0098415118630501E-008   6.9813170079773182E-002
   4.0142572795869578        4.6075128669984488E-008   6.9813170079773182E-002
   4.0840704496667311        5.8713750290844279E-008   6.9813170079773182E-002
   4.1538836197465043        7.7617364676995646E-008   6.9813170079773182E-002
   4.2236967898262776        8.2627492917146524E-008   6.9813170079773182E-002
   4.2935099599060509        7.1210807334754187E-008   6.9813170079773182E-002
   4.3633231299858242        6.1113949866247771E-008   6.9813170079773182E-002
   4.4331363000655974        5.2502298974301267E-008   6.9813170079773182E-002
   4.5029494701453698        4.5154760163731322E-008   6.9813170079773182E-002
   4.5727626402251431        3.9148198709621278E-008   6.9813170079773182E-002
   4.6425758103049164        3.4522649431142650E-008   6.9813170079773182E-002
   4.7123889803846897        3.0693040953744846E-008   6.9813170079773182E-002
   4.7822021504644630        2.7315884258173463E-008   6.9813170079773182E-002
   4.8520153205442362        2.4625672123365978E-008   6.9813170079773182E-002
   4.9218284906240095        2.2865397470840010E-008   6.9813170079773182E-002
   4.9916416607037828        2.1786311762449707E-008   6.9813170079773182E-002
   5.0614548307835561        2.0906902223434336E-008   6.9813170079773182E-002
   5.1312680008633285        2.0142312523061224E-008   6.9813170079773182E-002
   5.2010811709431017        1.9220562072263286E-008   6.9813170079773182E-002
   5.2708943410228750        1.7716747831735133E-008   6.9813170079773182E-002
   5.3407075111026483        1.5691162650805708E-008   6.9813170079773182E-002
   5.4105206811824216        1.3633745646777856E-008   6.9813170079773182E-002
   5.4803338512621949        1.1744580494291285E-008   6.9813170079773182E-002
   5.5501470213419681        1.0044661274500390E-008   6.9813170079773182E-002
   5.6199601914217414        8.9502541472787775E-009   6.9813170079773182E-002
   5.6897733615015147        8.5998082100420282E-009   6.9813170079773182E-002
   5.7595865315812871        8.6887165215365669E-009   6.9813170079773182E-002
   5.8293997016610604        8.9709828787171036E-009   6.9813170079773182E-002
   5.8992128717408336        9.6272012453930502E-009   6.9813170079773182E-002
   5.9690260418206069        1.1155380156091121E-008   6.9813170079773182E-002
   6.0388392119003802        1.4122307293312284E-008   6.9813170079773182E-002
   6.1086523819801535        1.9493076198374920E-008   6.9813170079773182E-002
   6.1784655520599268        2.9023429247819211E-008   6.9813170079773182E-002
   6.2482787221397000        4.4405601713672192E-008   6.9813170079773182E-002
