 #  r,DGAMMADR(IR) 
   5.0000000000000001E-003   1.7156860827604345E-009   1.0000000000000000E-002
   1.4999999999999999E-002   5.1499465689355110E-009   1.0000000000000000E-002
   2.5000000000000001E-002   8.5928837706311035E-009   1.0000000000000000E-002
   3.5000000000000003E-002   1.2050321486202643E-008   1.0000000000000000E-002
   4.4999999999999998E-002   1.5528142997155009E-008   1.0000000000000000E-002
   5.5000000000000000E-002   1.9032315868308508E-008   1.0000000000000000E-002
   6.5000000000000002E-002   2.2568917765735021E-008   1.0000000000000000E-002
   7.4999999999999997E-002   2.6144158716684767E-008   1.0000000000000000E-002
   8.5000000000000006E-002   2.9764212593448600E-008   1.0000000000000000E-002
   9.5000000000000001E-002   3.3434928464510676E-008   1.0000000000000000E-002
  0.10500000000000000        3.7161905658894229E-008   1.0000000000000000E-002
  0.11500000000000000        4.0950553611495935E-008   1.0000000000000000E-002
  0.12500000000000000        4.4806130902710970E-008   1.0000000000000000E-002
  0.13500000000000001        4.8733781744802726E-008   1.0000000000000000E-002
  0.14499999999999999        5.2738577068073074E-008   1.0000000000000000E-002
  0.15500000000000000        5.6825556277479318E-008   1.0000000000000000E-002
  0.16500000000000001        6.0999779180056238E-008   1.0000000000000000E-002
  0.17500000000000002        6.5266378499122309E-008   1.0000000000000000E-002
  0.18500000000000000        6.9630619146312492E-008   1.0000000000000000E-002
  0.19500000000000001        7.4097922006685460E-008   1.0000000000000000E-002
  0.20500000000000002        7.8673858652562595E-008   1.0000000000000000E-002
  0.21500000000000000        8.3364178497738783E-008   1.0000000000000000E-002
  0.22500000000000001        8.8174833085423653E-008   1.0000000000000000E-002
  0.23500000000000001        9.3112012371618749E-008   1.0000000000000000E-002
  0.24500000000000000        9.8182166661140812E-008   1.0000000000000000E-002
  0.25500000000000000        1.0339205407022974E-007   1.0000000000000000E-002
  0.26500000000000001        1.0874876254057705E-007   1.0000000000000000E-002
  0.27500000000000002        1.1425974998910538E-007   1.0000000000000000E-002
  0.28500000000000003        1.1993290369816144E-007   1.0000000000000000E-002
  0.29499999999999998        1.2577655920853246E-007   1.0000000000000000E-002
  0.30499999999999999        1.3179948727462353E-007   1.0000000000000000E-002
  0.31500000000000000        1.3801089106397246E-007   1.0000000000000000E-002
  0.32500000000000001        1.4442042600351765E-007   1.0000000000000000E-002
  0.33500000000000002        1.5103822922681882E-007   1.0000000000000000E-002
  0.34500000000000003        1.5787488134403090E-007   1.0000000000000000E-002
  0.35499999999999998        1.6494150450981377E-007   1.0000000000000000E-002
  0.36499999999999999        1.7224973262484554E-007   1.0000000000000000E-002
  0.37500000000000000        1.7981176134312389E-007   1.0000000000000000E-002
  0.38500000000000001        1.8764045832902936E-007   1.0000000000000000E-002
  0.39500000000000002        1.9574930514361850E-007   1.0000000000000000E-002
  0.40500000000000003        2.0415247309224473E-007   1.0000000000000000E-002
  0.41500000000000004        2.1286494040092212E-007   1.0000000000000000E-002
  0.42499999999999999        2.2190258042157260E-007   1.0000000000000000E-002
  0.43500000000000000        2.3128215262869193E-007   1.0000000000000000E-002
  0.44500000000000001        2.4102146165164434E-007   1.0000000000000000E-002
  0.45500000000000002        2.5113952168058157E-007   1.0000000000000000E-002
  0.46500000000000002        2.6165721618858573E-007   1.0000000000000000E-002
  0.47500000000000003        2.7259954268660011E-007   1.0000000000000000E-002
  0.48499999999999999        2.8399571568765424E-007   1.0000000000000000E-002
  0.49500000000000000        2.9587842027658745E-007   1.0000000000000000E-002
  0.50500000000000000        3.0828441507576623E-007   1.0000000000000000E-002
  0.51500000000000001        3.2125493672371120E-007   1.0000000000000000E-002
  0.52500000000000002        3.3483701217270876E-007   1.0000000000000000E-002
  0.53500000000000003        3.4908346133060978E-007   1.0000000000000000E-002
  0.54500000000000004        3.6405377012443777E-007   1.0000000000000000E-002
  0.55500000000000005        3.7981531556733406E-007   1.0000000000000000E-002
  0.56500000000000006        3.9644362081218297E-007   1.0000000000000000E-002
  0.57500000000000007        4.1402322937868827E-007   1.0000000000000000E-002
  0.58499999999999996        4.3264868124949660E-007   1.0000000000000000E-002
  0.59499999999999997        4.5242582664977637E-007   1.0000000000000000E-002
  0.60499999999999998        4.7347273152852301E-007   1.0000000000000000E-002
  0.61499999999999999        4.9592071154239135E-007   1.0000000000000000E-002
  0.62500000000000000        5.1991536585272367E-007   1.0000000000000000E-002
  0.63500000000000001        5.4561784171188825E-007   1.0000000000000000E-002
  0.64500000000000002        5.7320600993981224E-007   1.0000000000000000E-002
  0.65500000000000003        6.0287541317870388E-007   1.0000000000000000E-002
  0.66500000000000004        6.3484199848730370E-007   1.0000000000000000E-002
  0.67500000000000004        6.6934620268558961E-007   1.0000000000000000E-002
  0.68500000000000005        7.0665666042496846E-007   1.0000000000000000E-002
  0.69500000000000006        7.4707397041942290E-007   1.0000000000000000E-002
  0.70499999999999996        7.9093456672274986E-007   1.0000000000000000E-002
  0.71499999999999997        8.3861492041906555E-007   1.0000000000000000E-002
  0.72499999999999998        8.9053531038718306E-007   1.0000000000000000E-002
  0.73499999999999999        9.4716512311430362E-007   1.0000000000000000E-002
  0.74500000000000000        1.0090283615249672E-006   1.0000000000000000E-002
  0.75500000000000000        1.0767075802559799E-006   1.0000000000000000E-002
  0.76500000000000001        1.1508494430807616E-006   1.0000000000000000E-002
  0.77500000000000002        1.2321875810352482E-006   1.0000000000000000E-002
  0.78500000000000003        1.3216415442781772E-006   1.0000000000000000E-002
  0.79500000000000004        1.4204053769382442E-006   1.0000000000000000E-002
  0.80500000000000005        1.5299423827876775E-006   1.0000000000000000E-002
  0.81500000000000006        1.6520561825726240E-006   1.0000000000000000E-002
  0.82500000000000007        1.7889162222283630E-006   1.0000000000000000E-002
  0.83499999999999996        1.9431049816563542E-006   1.0000000000000000E-002
  0.84499999999999997        2.1177430288758497E-006   1.0000000000000000E-002
  0.85499999999999998        2.3165486676538300E-006   1.0000000000000000E-002
  0.86499999999999999        2.5439177538726022E-006   1.0000000000000000E-002
  0.87500000000000000        2.8050487564098188E-006   1.0000000000000000E-002
  0.88500000000000001        3.1064922341740130E-006   1.0000000000000000E-002
  0.89500000000000002        3.4569073003898470E-006   1.0000000000000000E-002
  0.90500000000000003        3.8673193561865570E-006   1.0000000000000000E-002
  0.91500000000000004        4.3514685127046669E-006   1.0000000000000000E-002
  0.92500000000000004        4.9263639101834899E-006   1.0000000000000000E-002
  0.93500000000000005        5.6126257569844074E-006   1.0000000000000000E-002
  0.94500000000000006        6.4357816042868003E-006   1.0000000000000000E-002
  0.95500000000000007        7.4340571792500859E-006   1.0000000000000000E-002
  0.96499999999999997        8.6777349376603138E-006   1.0000000000000000E-002
  0.97499999999999998        1.0287441694214347E-005   1.0000000000000000E-002
  0.98499999999999999        1.2472603160883576E-005   1.0000000000000000E-002
  0.99500000000000000        1.5807440664886667E-005   1.0000000000000000E-002
