 #  r,DGAMMADR(IR) 
   5.0000000000000001E-003   1.5792782616969303E-009   1.0000000000000000E-002
   1.4999999999999999E-002   4.7408525019321932E-009   1.0000000000000000E-002
   2.5000000000000001E-002   7.9114929970065712E-009   1.0000000000000000E-002
   3.5000000000000003E-002   1.1097287747840058E-008   1.0000000000000000E-002
   4.4999999999999998E-002   1.4304391028241980E-008   1.0000000000000000E-002
   5.5000000000000000E-002   1.7539050951917624E-008   1.0000000000000000E-002
   6.5000000000000002E-002   2.0807638109414661E-008   1.0000000000000000E-002
   7.4999999999999997E-002   2.4116670369210549E-008   1.0000000000000000E-002
   8.5000000000000006E-002   2.7472633181008161E-008   1.0000000000000000E-002
   9.5000000000000001E-002   3.0881670331366951E-008   1.0000000000000000E-002
  0.10500000000000000        3.4349663956821157E-008   1.0000000000000000E-002
  0.11500000000000000        3.7882298606095779E-008   1.0000000000000000E-002
  0.12500000000000000        4.1485103137113472E-008   1.0000000000000000E-002
  0.13500000000000001        4.5163490301686715E-008   1.0000000000000000E-002
  0.14499999999999999        4.8922800590960226E-008   1.0000000000000000E-002
  0.15500000000000000        5.2768348104158329E-008   1.0000000000000000E-002
  0.16500000000000001        5.6705475646752364E-008   1.0000000000000000E-002
  0.17500000000000002        6.0739611696210477E-008   1.0000000000000000E-002
  0.18500000000000000        6.4876334821433572E-008   1.0000000000000000E-002
  0.19500000000000001        6.9121400743666918E-008   1.0000000000000000E-002
  0.20500000000000002        7.3480736008945227E-008   1.0000000000000000E-002
  0.21500000000000000        7.7960465027026926E-008   1.0000000000000000E-002
  0.22500000000000001        8.2566934524430549E-008   1.0000000000000000E-002
  0.23500000000000001        8.7306750159776839E-008   1.0000000000000000E-002
  0.24500000000000000        9.2186798132044600E-008   1.0000000000000000E-002
  0.25500000000000000        9.7214293100918063E-008   1.0000000000000000E-002
  0.26500000000000001        1.0239679892030958E-007   1.0000000000000000E-002
  0.27500000000000002        1.0774226922689416E-007   1.0000000000000000E-002
  0.28500000000000003        1.1325910507150956E-007   1.0000000000000000E-002
  0.29499999999999998        1.1895618664894896E-007   1.0000000000000000E-002
  0.30499999999999999        1.2484305278600163E-007   1.0000000000000000E-002
  0.31500000000000000        1.3093003218367852E-007   1.0000000000000000E-002
  0.32500000000000001        1.3722817096218022E-007   1.0000000000000000E-002
  0.33500000000000002        1.4374921890373658E-007   1.0000000000000000E-002
  0.34500000000000003        1.5050559415922400E-007   1.0000000000000000E-002
  0.35499999999999998        1.5751043872460795E-007   1.0000000000000000E-002
  0.36499999999999999        1.6477762045479146E-007   1.0000000000000000E-002
  0.37500000000000000        1.7232174062951246E-007   1.0000000000000000E-002
  0.38500000000000001        1.8015824448131594E-007   1.0000000000000000E-002
  0.39500000000000002        1.8830337906529691E-007   1.0000000000000000E-002
  0.40500000000000003        1.9677422824174410E-007   1.0000000000000000E-002
  0.41500000000000004        2.0558882182656044E-007   1.0000000000000000E-002
  0.42499999999999999        2.1476623248385899E-007   1.0000000000000000E-002
  0.43500000000000000        2.2432655318435316E-007   1.0000000000000000E-002
  0.44500000000000001        2.3429102887432275E-007   1.0000000000000000E-002
  0.45500000000000002        2.4468220161086331E-007   1.0000000000000000E-002
  0.46500000000000002        2.5552459526906964E-007   1.0000000000000000E-002
  0.47500000000000003        2.6684701313845961E-007   1.0000000000000000E-002
  0.48499999999999999        2.7868258752587889E-007   1.0000000000000000E-002
  0.49500000000000000        2.9106758878991043E-007   1.0000000000000000E-002
  0.50500000000000000        3.0404186398183046E-007   1.0000000000000000E-002
  0.51500000000000001        3.1764942608710932E-007   1.0000000000000000E-002
  0.52500000000000002        3.3193991098074709E-007   1.0000000000000000E-002
  0.53500000000000003        3.4696856341750896E-007   1.0000000000000000E-002
  0.54500000000000004        3.6279721982655229E-007   1.0000000000000000E-002
  0.55500000000000005        3.7949551482168084E-007   1.0000000000000000E-002
  0.56500000000000006        3.9714118871014797E-007   1.0000000000000000E-002
  0.57500000000000007        4.1582105298956205E-007   1.0000000000000000E-002
  0.58499999999999996        4.3563192658829513E-007   1.0000000000000000E-002
  0.59499999999999997        4.5668201967834523E-007   1.0000000000000000E-002
  0.60499999999999998        4.7909194533777651E-007   1.0000000000000000E-002
  0.61499999999999999        5.0299578696299044E-007   1.0000000000000000E-002
  0.62500000000000000        5.2854212900427766E-007   1.0000000000000000E-002
  0.63500000000000001        5.5589536545703374E-007   1.0000000000000000E-002
  0.64500000000000002        5.8523712739476481E-007   1.0000000000000000E-002
  0.65500000000000003        6.1676828123079456E-007   1.0000000000000000E-002
  0.66500000000000004        6.5071196220315996E-007   1.0000000000000000E-002
  0.67500000000000004        6.8731700306006991E-007   1.0000000000000000E-002
  0.68500000000000005        7.2686145281477784E-007   1.0000000000000000E-002
  0.69500000000000006        7.6965592981091687E-007   1.0000000000000000E-002
  0.70499999999999996        8.1604782757252064E-007   1.0000000000000000E-002
  0.71499999999999997        8.6642508913071713E-007   1.0000000000000000E-002
  0.72499999999999998        9.2121960124336677E-007   1.0000000000000000E-002
  0.73499999999999999        9.8091259981941805E-007   1.0000000000000000E-002
  0.74500000000000000        1.0460399852831886E-006   1.0000000000000000E-002
  0.75500000000000000        1.1171956406658718E-006   1.0000000000000000E-002
  0.76500000000000001        1.1950367410063013E-006   1.0000000000000000E-002
  0.77500000000000002        1.2803082111336261E-006   1.0000000000000000E-002
  0.78500000000000003        1.3739500478276899E-006   1.0000000000000000E-002
  0.79500000000000004        1.4771928336625758E-006   1.0000000000000000E-002
  0.80500000000000005        1.5915507383337487E-006   1.0000000000000000E-002
  0.81500000000000006        1.7188985370955422E-006   1.0000000000000000E-002
  0.82500000000000007        1.8614987204811919E-006   1.0000000000000000E-002
  0.83499999999999996        2.0220517704897594E-006   1.0000000000000000E-002
  0.84499999999999997        2.2038337110495124E-006   1.0000000000000000E-002
  0.85499999999999998        2.4107604499987686E-006   1.0000000000000000E-002
  0.86499999999999999        2.6474745913317251E-006   1.0000000000000000E-002
  0.87500000000000000        2.9194818024109757E-006   1.0000000000000000E-002
  0.88500000000000001        3.2337381404914976E-006   1.0000000000000000E-002
  0.89500000000000002        3.5994520005002822E-006   1.0000000000000000E-002
  0.90500000000000003        4.0283616419930982E-006   1.0000000000000000E-002
  0.91500000000000004        4.5351090316977936E-006   1.0000000000000000E-002
  0.92500000000000004        5.1377845332914427E-006   1.0000000000000000E-002
  0.93500000000000005        5.8582603800415835E-006   1.0000000000000000E-002
  0.94500000000000006        6.7235361774374217E-006   1.0000000000000000E-002
  0.95500000000000007        7.7746096722323805E-006   1.0000000000000000E-002
  0.96499999999999997        9.0889079313346547E-006   1.0000000000000000E-002
  0.97499999999999998        1.0800320586521265E-005   1.0000000000000000E-002
  0.98499999999999999        1.3137341783671673E-005   1.0000000000000000E-002
  0.99500000000000000        1.6685097396414610E-005   1.0000000000000000E-002
