 #     E1  dGamma/dq   dGamma/dE1 
  0.2784088E-05  0.2762060E-10  0.2553417E-07
  0.2505679E-04  0.2481493E-09  0.7646814E-07
  0.6960220E-04  0.6869138E-09  0.1270051E-06
  0.1364203E-03  0.1339472E-08  0.1768986E-06
  0.2255111E-03  0.2199501E-08  0.2259282E-06
  0.3368746E-03  0.3259192E-08  0.2739088E-06
  0.4705109E-03  0.4509763E-08  0.3207001E-06
  0.6264198E-03  0.5942092E-08  0.3662156E-06
  0.8046014E-03  0.7547446E-08  0.4104307E-06
  0.1005056E-02  0.9318261E-08  0.4533880E-06
  0.1227783E-02  0.1124891E-07  0.4951992E-06
  0.1472783E-02  0.1333638E-07  0.5360419E-06
  0.1740055E-02  0.1558068E-07  0.5761495E-06
  0.2029600E-02  0.1798491E-07  0.6157910E-06
  0.2341418E-02  0.2055463E-07  0.6552399E-06
  0.2675509E-02  0.2329642E-07  0.6947303E-06
  0.3031872E-02  0.2621541E-07  0.7343979E-06
  0.3410508E-02  0.2931154E-07  0.7742111E-06
  0.3811416E-02  0.3257841E-07  0.8139861E-06
  0.4234598E-02  0.3600455E-07  0.8534567E-06
  0.4680052E-02  0.3957106E-07  0.8922418E-06
  0.5147779E-02  0.4325088E-07  0.9298550E-06
  0.5637778E-02  0.4700874E-07  0.9657281E-06
  0.6150050E-02  0.5080193E-07  0.9992431E-06
  0.6684595E-02  0.5458192E-07  0.1029773E-05
  0.7241413E-02  0.5829680E-07  0.1056728E-05
  0.7820503E-02  0.6189457E-07  0.1079606E-05
  0.8421866E-02  0.6532703E-07  0.1098042E-05
  0.9045502E-02  0.6855409E-07  0.1111853E-05
  0.9691410E-02  0.7154819E-07  0.1121077E-05
  0.1035959E-01  0.7429864E-07  0.1126004E-05
  0.1105005E-01  0.7681542E-07  0.1127189E-05
  0.1176277E-01  0.7913251E-07  0.1125461E-05
  0.1249777E-01  0.8131075E-07  0.1121920E-05
  0.1325504E-01  0.8343980E-07  0.1117926E-05
  0.1403459E-01  0.8559319E-07  0.1114473E-05
  0.1483640E-01  0.8779649E-07  0.1111842E-05
  0.1566049E-01  0.9007244E-07  0.1110247E-05
  0.1650686E-01  0.9244432E-07  0.1109886E-05
  0.1737549E-01  0.9493558E-07  0.1110940E-05
  0.1826640E-01  0.9756943E-07  0.1113570E-05
  0.1917958E-01  0.1003681E-06  0.1117909E-05
  0.2011504E-01  0.1033522E-06  0.1124060E-05
  0.2107276E-01  0.1065393E-06  0.1132085E-05
  0.2205276E-01  0.1099427E-06  0.1141997E-05
  0.2305503E-01  0.1135697E-06  0.1153745E-05
  0.2407958E-01  0.1174195E-06  0.1167203E-05
  0.2512639E-01  0.1214805E-06  0.1182148E-05
  0.2619548E-01  0.1257274E-06  0.1198249E-05
  0.2728685E-01  0.1301182E-06  0.1215043E-05
  0.2840048E-01  0.1345909E-06  0.1231922E-05
  0.2953639E-01  0.1390604E-06  0.1248117E-05
  0.3069457E-01  0.1434557E-06  0.1263041E-05
  0.3187502E-01  0.1477524E-06  0.1276555E-05
  0.3307775E-01  0.1519319E-06  0.1288579E-05
  0.3430275E-01  0.1559776E-06  0.1299057E-05
  0.3555002E-01  0.1598760E-06  0.1307958E-05
  0.3681956E-01  0.1636168E-06  0.1315282E-05
  0.3811138E-01  0.1671938E-06  0.1321062E-05
  0.3942547E-01  0.1706057E-06  0.1325364E-05
  0.4076183E-01  0.1738561E-06  0.1328291E-05
  0.4212047E-01  0.1769549E-06  0.1329983E-05
  0.4350137E-01  0.1799181E-06  0.1330618E-05
  0.4490456E-01  0.1827685E-06  0.1330413E-05
  0.4633001E-01  0.1855364E-06  0.1329622E-05
  0.4777773E-01  0.1882597E-06  0.1328540E-05
  0.4924773E-01  0.1909846E-06  0.1327503E-05
  0.5074000E-01  0.1937661E-06  0.1326884E-05
  0.5225455E-01  0.1966685E-06  0.1327098E-05
  0.5379136E-01  0.1997423E-06  0.1328446E-05
  0.5535045E-01  0.2030025E-06  0.1330979E-05
  0.5693182E-01  0.2064599E-06  0.1334715E-05
  0.5853545E-01  0.2101243E-06  0.1339668E-05
  0.6016136E-01  0.2140049E-06  0.1345845E-05
  0.6180954E-01  0.2181092E-06  0.1353245E-05
  0.6347999E-01  0.2224439E-06  0.1361859E-05
  0.6517272E-01  0.2270138E-06  0.1371670E-05
  0.6688771E-01  0.2318222E-06  0.1382650E-05
  0.6862498E-01  0.2368701E-06  0.1394760E-05
  0.7038453E-01  0.2421561E-06  0.1407950E-05
  0.7216634E-01  0.2476764E-06  0.1422157E-05
  0.7397043E-01  0.2534239E-06  0.1437305E-05
  0.7579680E-01  0.2593886E-06  0.1453301E-05
  0.7764543E-01  0.2655564E-06  0.1470039E-05
  0.7951634E-01  0.2719094E-06  0.1487395E-05
  0.8140952E-01  0.2784254E-06  0.1505225E-05
  0.8332497E-01  0.2850904E-06  0.1523440E-05
  0.8526269E-01  0.2919133E-06  0.1542072E-05
  0.8722269E-01  0.2989068E-06  0.1561174E-05
  0.8920496E-01  0.3060853E-06  0.1580805E-05
  0.9120951E-01  0.3134642E-06  0.1601025E-05
  0.9323632E-01  0.3210604E-06  0.1621901E-05
  0.9528541E-01  0.3288928E-06  0.1643506E-05
  0.9735677E-01  0.3369833E-06  0.1665925E-05
  0.9945041E-01  0.3453570E-06  0.1689255E-05
  0.1015663E+00  0.3540416E-06  0.1713601E-05
  0.1037045E+00  0.3630671E-06  0.1739075E-05
  0.1058649E+00  0.3724645E-06  0.1765790E-05
  0.1080477E+00  0.3822651E-06  0.1793854E-05
  0.1102527E+00  0.3924997E-06  0.1823371E-05
  0.1124799E+00  0.4031992E-06  0.1854438E-05
  0.1147295E+00  0.4143944E-06  0.1887151E-05
  0.1170013E+00  0.4261184E-06  0.1921610E-05
  0.1192954E+00  0.4384041E-06  0.1957911E-05
  0.1216117E+00  0.4512805E-06  0.1996131E-05
  0.1239504E+00  0.4647827E-06  0.2036368E-05
  0.1263113E+00  0.4789538E-06  0.2078752E-05
  0.1286945E+00  0.4938418E-06  0.2123431E-05
  0.1310999E+00  0.5094960E-06  0.2170550E-05
  0.1335276E+00  0.5259655E-06  0.2220250E-05
  0.1359776E+00  0.5433003E-06  0.2272670E-05
  0.1384499E+00  0.5615523E-06  0.2327953E-05
  0.1409445E+00  0.5807788E-06  0.2386256E-05
  0.1434613E+00  0.6010424E-06  0.2447755E-05
  0.1460004E+00  0.6224088E-06  0.2512633E-05
  0.1485617E+00  0.6449468E-06  0.2581075E-05
  0.1511454E+00  0.6687296E-06  0.2653282E-05
  0.1537513E+00  0.6938375E-06  0.2729472E-05
  0.1563794E+00  0.7203561E-06  0.2809879E-05
  0.1590299E+00  0.7483765E-06  0.2894750E-05
  0.1617026E+00  0.7779981E-06  0.2984354E-05
  0.1643976E+00  0.8093343E-06  0.3079006E-05
  0.1671149E+00  0.8425083E-06  0.3179046E-05
  0.1698544E+00  0.8776499E-06  0.3284832E-05
  0.1726162E+00  0.9148978E-06  0.3396738E-05
  0.1754003E+00  0.9543960E-06  0.3515148E-05
  0.1782067E+00  0.9962924E-06  0.3640450E-05
  0.1810353E+00  0.1040742E-05  0.3773044E-05
  0.1838862E+00  0.1087907E-05  0.3913339E-05
  0.1867594E+00  0.1137952E-05  0.4061748E-05
  0.1896549E+00  0.1191053E-05  0.4218708E-05
  0.1925726E+00  0.1247412E-05  0.4384733E-05
  0.1955126E+00  0.1307258E-05  0.4560413E-05
  0.1984748E+00  0.1370842E-05  0.4746406E-05
  0.2014594E+00  0.1438435E-05  0.4943410E-05
  0.2044662E+00  0.1510333E-05  0.5152193E-05
  0.2074953E+00  0.1586845E-05  0.5373542E-05
  0.2105467E+00  0.1668313E-05  0.5608330E-05
  0.2136203E+00  0.1755095E-05  0.5857464E-05
  0.2167162E+00  0.1847549E-05  0.6121820E-05
  0.2198344E+00  0.1946053E-05  0.6402315E-05
  0.2229748E+00  0.2050991E-05  0.6699867E-05
  0.2261375E+00  0.2162736E-05  0.7015320E-05
  0.2293225E+00  0.2281656E-05  0.7349487E-05
  0.2325298E+00  0.2408160E-05  0.7703289E-05
  0.2357594E+00  0.2542683E-05  0.8077705E-05
  0.2390112E+00  0.2685656E-05  0.8473670E-05
  0.2422853E+00  0.2837499E-05  0.8892061E-05
  0.2455816E+00  0.2998588E-05  0.9333600E-05
  0.2489003E+00  0.3169289E-05  0.9798946E-05
  0.2522412E+00  0.3349917E-05  0.1028860E-04
  0.2556043E+00  0.3540688E-05  0.1080274E-04
  0.2589898E+00  0.3741732E-05  0.1134127E-04
  0.2623975E+00  0.3953049E-05  0.1190372E-04
  0.2658275E+00  0.4174463E-05  0.1248909E-04
  0.2692798E+00  0.4405730E-05  0.1309623E-04
  0.2727543E+00  0.4646686E-05  0.1372422E-04
  0.2762511E+00  0.4897134E-05  0.1437210E-04
  0.2797702E+00  0.5156742E-05  0.1503851E-04
  0.2833116E+00  0.5424878E-05  0.1572128E-04
  0.2868752E+00  0.5700609E-05  0.1641742E-04
  0.2904611E+00  0.5982601E-05  0.1712286E-04
  0.2940693E+00  0.6268937E-05  0.1783197E-04
  0.2976997E+00  0.6557161E-05  0.1853774E-04
  0.3013525E+00  0.6844261E-05  0.1923178E-04
  0.3050275E+00  0.7126473E-05  0.1990377E-04
  0.3087247E+00  0.7399240E-05  0.2054148E-04
  0.3124443E+00  0.7657360E-05  0.2113114E-04
  0.3161861E+00  0.7895255E-05  0.2165833E-04
  0.3199502E+00  0.8107187E-05  0.2210850E-04
  0.3237365E+00  0.8287448E-05  0.2246752E-04
  0.3275452E+00  0.8430561E-05  0.2272224E-04
  0.3313761E+00  0.8531525E-05  0.2286106E-04
  0.3352293E+00  0.8585995E-05  0.2287441E-04
  0.3391047E+00  0.8590487E-05  0.2275523E-04
  0.3430024E+00  0.8542578E-05  0.2249938E-04
  0.3469224E+00  0.8441108E-05  0.2210617E-04
  0.3508647E+00  0.8286371E-05  0.2157868E-04
  0.3548292E+00  0.8080272E-05  0.2092409E-04
  0.3588160E+00  0.7826425E-05  0.2015384E-04
  0.3628251E+00  0.7529977E-05  0.1928303E-04
  0.3668565E+00  0.7197138E-05  0.1832913E-04
  0.3709101E+00  0.6834484E-05  0.1731018E-04
  0.3749860E+00  0.6448572E-05  0.1624375E-04
  0.3790842E+00  0.6045448E-05  0.1514575E-04
  0.3832047E+00  0.5630445E-05  0.1403000E-04
  0.3873474E+00  0.5208107E-05  0.1290803E-04
  0.3915124E+00  0.4782408E-05  0.1178974E-04
  0.3956996E+00  0.4357702E-05  0.1068575E-04
  0.3999092E+00  0.3939066E-05  0.9608218E-05
  0.4041410E+00  0.3530783E-05  0.8567120E-05
  0.4083951E+00  0.3135789E-05  0.7568971E-05
  0.4126714E+00  0.2755704E-05  0.6616991E-05
  0.4169701E+00  0.2391378E-05  0.5712499E-05
  0.4212910E+00  0.2043481E-05  0.4856347E-05
  0.4256342E+00  0.1711336E-05  0.4046200E-05
  0.4299996E+00  0.1391831E-05  0.3274030E-05
  0.4343873E+00  0.1079248E-05  0.2525880E-05
  0.4387973E+00  0.7630260E-06  0.1776796E-05
  0.4432296E+00  0.3993787E-06  0.9253387E-06
