 #     E1  dGamma/dq   dGamma/dE1 
  0.2784088E-05  0.2473699E-10  0.2286839E-07
  0.2505679E-04  0.2222963E-09  0.6850145E-07
  0.6960220E-04  0.6156251E-09  0.1138243E-06
  0.1364203E-03  0.1201173E-08  0.1586341E-06
  0.2255111E-03  0.1973700E-08  0.2027343E-06
  0.3368746E-03  0.2926380E-08  0.2459387E-06
  0.4705109E-03  0.4050966E-08  0.2880740E-06
  0.6264198E-03  0.5337989E-08  0.3289843E-06
  0.8046014E-03  0.6777024E-08  0.3685351E-06
  0.1005056E-02  0.8356991E-08  0.4066166E-06
  0.1227783E-02  0.1006651E-07  0.4431476E-06
  0.1472783E-02  0.1189428E-07  0.4780782E-06
  0.1740055E-02  0.1382946E-07  0.5113922E-06
  0.2029600E-02  0.1586209E-07  0.5431069E-06
  0.2341418E-02  0.1798334E-07  0.5732724E-06
  0.2675509E-02  0.2018579E-07  0.6019671E-06
  0.3031872E-02  0.2246349E-07  0.6292917E-06
  0.3410508E-02  0.2481180E-07  0.6553586E-06
  0.3811416E-02  0.2722644E-07  0.6802646E-06
  0.4234598E-02  0.2970278E-07  0.7040788E-06
  0.4680052E-02  0.3223624E-07  0.7268576E-06
  0.5147779E-02  0.3482208E-07  0.7486435E-06
  0.5637778E-02  0.3745527E-07  0.7694655E-06
  0.6150050E-02  0.4013036E-07  0.7893398E-06
  0.6684595E-02  0.4284158E-07  0.8082732E-06
  0.7241413E-02  0.4558290E-07  0.8262673E-06
  0.7820503E-02  0.4834831E-07  0.8433235E-06
  0.8421866E-02  0.5113217E-07  0.8594494E-06
  0.9045502E-02  0.5392965E-07  0.8746646E-06
  0.9691410E-02  0.5673724E-07  0.8890066E-06
  0.1035959E-01  0.5955327E-07  0.9025361E-06
  0.1105005E-01  0.6237849E-07  0.9153414E-06
  0.1176277E-01  0.6521660E-07  0.9275420E-06
  0.1249777E-01  0.6807488E-07  0.9392925E-06
  0.1325504E-01  0.7096485E-07  0.9507864E-06
  0.1403459E-01  0.7389794E-07  0.9621942E-06
  0.1483640E-01  0.7688158E-07  0.9736171E-06
  0.1566049E-01  0.7992326E-07  0.9851463E-06
  0.1650686E-01  0.8303086E-07  0.9968678E-06
  0.1737549E-01  0.8621240E-07  0.1008861E-05
  0.1826640E-01  0.8947593E-07  0.1021198E-05
  0.1917958E-01  0.9282931E-07  0.1033941E-05
  0.2011504E-01  0.9627990E-07  0.1047142E-05
  0.2107276E-01  0.9983433E-07  0.1060839E-05
  0.2205276E-01  0.1034981E-06  0.1075056E-05
  0.2305503E-01  0.1072751E-06  0.1089799E-05
  0.2407958E-01  0.1111674E-06  0.1105054E-05
  0.2512639E-01  0.1151744E-06  0.1120782E-05
  0.2619548E-01  0.1192925E-06  0.1136920E-05
  0.2728685E-01  0.1235142E-06  0.1153375E-05
  0.2840048E-01  0.1278278E-06  0.1170018E-05
  0.2953639E-01  0.1322166E-06  0.1186691E-05
  0.3069457E-01  0.1366664E-06  0.1203265E-05
  0.3187502E-01  0.1411719E-06  0.1219701E-05
  0.3307775E-01  0.1457283E-06  0.1235965E-05
  0.3430275E-01  0.1503308E-06  0.1252027E-05
  0.3555002E-01  0.1549748E-06  0.1267860E-05
  0.3681956E-01  0.1596562E-06  0.1283443E-05
  0.3811138E-01  0.1643712E-06  0.1298759E-05
  0.3942547E-01  0.1691170E-06  0.1313800E-05
  0.4076183E-01  0.1738918E-06  0.1328564E-05
  0.4212047E-01  0.1786950E-06  0.1343062E-05
  0.4350137E-01  0.1835273E-06  0.1357311E-05
  0.4490456E-01  0.1883911E-06  0.1371341E-05
  0.4633001E-01  0.1932903E-06  0.1385189E-05
  0.4777773E-01  0.1982307E-06  0.1398906E-05
  0.4924773E-01  0.2032204E-06  0.1412552E-05
  0.5074000E-01  0.2082697E-06  0.1426202E-05
  0.5225455E-01  0.2133918E-06  0.1439945E-05
  0.5379136E-01  0.2185969E-06  0.1453845E-05
  0.5535045E-01  0.2238869E-06  0.1467907E-05
  0.5693182E-01  0.2292627E-06  0.1482129E-05
  0.5853545E-01  0.2347249E-06  0.1496511E-05
  0.6016136E-01  0.2402741E-06  0.1511049E-05
  0.6180954E-01  0.2459111E-06  0.1525740E-05
  0.6347999E-01  0.2516364E-06  0.1540583E-05
  0.6517272E-01  0.2574510E-06  0.1555578E-05
  0.6688771E-01  0.2633559E-06  0.1570725E-05
  0.6862498E-01  0.2693524E-06  0.1586025E-05
  0.7038453E-01  0.2754426E-06  0.1601485E-05
  0.7216634E-01  0.2816290E-06  0.1617113E-05
  0.7397043E-01  0.2879145E-06  0.1632919E-05
  0.7579680E-01  0.2943024E-06  0.1648916E-05
  0.7764543E-01  0.3007962E-06  0.1665117E-05
  0.7951634E-01  0.3073993E-06  0.1681531E-05
  0.8140952E-01  0.3141147E-06  0.1698169E-05
  0.8332497E-01  0.3209478E-06  0.1715051E-05
  0.8526269E-01  0.3279090E-06  0.1732224E-05
  0.8722269E-01  0.3350115E-06  0.1749747E-05
  0.8920496E-01  0.3422705E-06  0.1767687E-05
  0.9120951E-01  0.3497046E-06  0.1786124E-05
  0.9323632E-01  0.3573337E-06  0.1805143E-05
  0.9528541E-01  0.3651740E-06  0.1824807E-05
  0.9735677E-01  0.3732272E-06  0.1845102E-05
  0.9945041E-01  0.3814625E-06  0.1865859E-05
  0.1015663E+00  0.3897847E-06  0.1886601E-05
  0.1037045E+00  0.3979810E-06  0.1906311E-05
  0.1058649E+00  0.4056476E-06  0.1923105E-05
  0.1080477E+00  0.4121325E-06  0.1934013E-05
  0.1102527E+00  0.4166042E-06  0.1935349E-05
  0.1124799E+00  0.4183507E-06  0.1924125E-05
  0.1147295E+00  0.4172865E-06  0.1900322E-05
  0.1170013E+00  0.4140048E-06  0.1866983E-05
  0.1192954E+00  0.4093143E-06  0.1827996E-05
  0.1216117E+00  0.4039082E-06  0.1786591E-05
  0.1239504E+00  0.3982508E-06  0.1744870E-05
  0.1263113E+00  0.3926119E-06  0.1704012E-05
  0.1286945E+00  0.3871368E-06  0.1664619E-05
  0.1310999E+00  0.3819013E-06  0.1626973E-05
  0.1335276E+00  0.3769472E-06  0.1591202E-05
  0.1359776E+00  0.3723005E-06  0.1557364E-05
  0.1384499E+00  0.3679805E-06  0.1525488E-05
  0.1409445E+00  0.3640048E-06  0.1495593E-05
  0.1434613E+00  0.3603903E-06  0.1467696E-05
  0.1460004E+00  0.3571546E-06  0.1441815E-05
  0.1485617E+00  0.3543148E-06  0.1417967E-05
  0.1511454E+00  0.3518876E-06  0.1396165E-05
  0.1537513E+00  0.3498894E-06  0.1376422E-05
  0.1563794E+00  0.3483376E-06  0.1358754E-05
  0.1590299E+00  0.3472517E-06  0.1343183E-05
  0.1617026E+00  0.3466536E-06  0.1329742E-05
  0.1643976E+00  0.3465671E-06  0.1318469E-05
  0.1671149E+00  0.3470200E-06  0.1309415E-05
  0.1698544E+00  0.3480450E-06  0.1302648E-05
  0.1726162E+00  0.3496793E-06  0.1298253E-05
  0.1754003E+00  0.3519650E-06  0.1296327E-05
  0.1782067E+00  0.3549472E-06  0.1296976E-05
  0.1810353E+00  0.3586756E-06  0.1300321E-05
  0.1838862E+00  0.3632027E-06  0.1306486E-05
  0.1867594E+00  0.3685840E-06  0.1315605E-05
  0.1896549E+00  0.3748790E-06  0.1327821E-05
  0.1925726E+00  0.3821531E-06  0.1343292E-05
  0.1955126E+00  0.3904797E-06  0.1362202E-05
  0.1984748E+00  0.3999410E-06  0.1384757E-05
  0.2014594E+00  0.4106278E-06  0.1411188E-05
  0.2044662E+00  0.4226405E-06  0.1441752E-05
  0.2074953E+00  0.4360892E-06  0.1476731E-05
  0.2105467E+00  0.4510958E-06  0.1516439E-05
  0.2136203E+00  0.4677948E-06  0.1561221E-05
  0.2167162E+00  0.4863321E-06  0.1611453E-05
  0.2198344E+00  0.5068626E-06  0.1667526E-05
  0.2229748E+00  0.5295515E-06  0.1729858E-05
  0.2261375E+00  0.5545684E-06  0.1798867E-05
  0.2293225E+00  0.5820929E-06  0.1874991E-05
  0.2325298E+00  0.6123230E-06  0.1958716E-05
  0.2357594E+00  0.6454700E-06  0.2050557E-05
  0.2390112E+00  0.6817594E-06  0.2151059E-05
  0.2422853E+00  0.7214262E-06  0.2260782E-05
  0.2455816E+00  0.7647065E-06  0.2380275E-05
  0.2489003E+00  0.8118294E-06  0.2510050E-05
  0.2522412E+00  0.8630158E-06  0.2650581E-05
  0.2556043E+00  0.9184678E-06  0.2802271E-05
  0.2589898E+00  0.9783581E-06  0.2965424E-05
  0.2623975E+00  0.1042816E-05  0.3140204E-05
  0.2658275E+00  0.1111923E-05  0.3326633E-05
  0.2692798E+00  0.1185730E-05  0.3524635E-05
  0.2727543E+00  0.1264316E-05  0.3734222E-05
  0.2762511E+00  0.1347772E-05  0.3955438E-05
  0.2797702E+00  0.1436149E-05  0.4188215E-05
  0.2833116E+00  0.1529411E-05  0.4432231E-05
  0.2868752E+00  0.1627406E-05  0.4686834E-05
  0.2904611E+00  0.1729801E-05  0.4950880E-05
  0.2940693E+00  0.1836055E-05  0.5222653E-05
  0.2976997E+00  0.1945339E-05  0.5499665E-05
  0.3013525E+00  0.2056554E-05  0.5778739E-05
  0.3050275E+00  0.2168269E-05  0.6055834E-05
  0.3087247E+00  0.2278668E-05  0.6325947E-05
  0.3124443E+00  0.2385640E-05  0.6583381E-05
  0.3161861E+00  0.2486884E-05  0.6822043E-05
  0.3199502E+00  0.2579985E-05  0.7035683E-05
  0.3237365E+00  0.2662519E-05  0.7218169E-05
  0.3275452E+00  0.2732168E-05  0.7363802E-05
  0.3313761E+00  0.2786868E-05  0.7467687E-05
  0.3352293E+00  0.2824862E-05  0.7525868E-05
  0.3391047E+00  0.2844785E-05  0.7535513E-05
  0.3430024E+00  0.2845752E-05  0.7495122E-05
  0.3469224E+00  0.2827448E-05  0.7404721E-05
  0.3508647E+00  0.2790225E-05  0.7266071E-05
  0.3548292E+00  0.2735186E-05  0.7082839E-05
  0.3588160E+00  0.2664201E-05  0.6860586E-05
  0.3628251E+00  0.2579817E-05  0.6606487E-05
  0.3668565E+00  0.2484983E-05  0.6328568E-05
  0.3709101E+00  0.2382589E-05  0.6034552E-05
  0.3749860E+00  0.2275274E-05  0.5731344E-05
  0.3790842E+00  0.2165234E-05  0.5424595E-05
  0.3832047E+00  0.2054072E-05  0.5118355E-05
  0.3873474E+00  0.1942771E-05  0.4815059E-05
  0.3915124E+00  0.1831916E-05  0.4516096E-05
  0.3956996E+00  0.1722390E-05  0.4223562E-05
  0.3999092E+00  0.1616154E-05  0.3942142E-05
  0.4041410E+00  0.1515253E-05  0.3676622E-05
  0.4083951E+00  0.1421507E-05  0.3431145E-05
  0.4126714E+00  0.1336680E-05  0.3209635E-05
  0.4169701E+00  0.1262938E-05  0.3016892E-05
  0.4212910E+00  0.1203562E-05  0.2860273E-05
  0.4256342E+00  0.1163390E-05  0.2750663E-05
  0.4299996E+00  0.1143305E-05  0.2689419E-05
  0.4343873E+00  0.1132838E-05  0.2651304E-05
  0.4387973E+00  0.1119555E-05  0.2607017E-05
  0.4432296E+00  0.1115122E-05  0.2583677E-05
