 #  phi,DGAMMADPHI(IPHI) 
   3.4906585039886591E-002   4.9210565832860088E-008   6.9813170079773182E-002
  0.10471975511965978        3.2179453582156409E-008   6.9813170079773182E-002
  0.17453292519943295        2.1663616572040268E-008   6.9813170079773182E-002
  0.24434609527920614        1.5730412954834448E-008   6.9813170079773182E-002
  0.31415926535897931        1.2452261925673299E-008   6.9813170079773182E-002
  0.38397243543875248        1.0769965507856674E-008   6.9813170079773182E-002
  0.45378560551852570        1.0037459739198536E-008   6.9813170079773182E-002
  0.52359877559829882        9.6742126114303798E-009   6.9813170079773182E-002
  0.59341194567807209        9.4709682856990869E-009   6.9813170079773182E-002
  0.66322511575784526        9.7133820706963427E-009   6.9813170079773182E-002
  0.73303828583761843        1.0756872024291964E-008   6.9813170079773182E-002
  0.80285145591739160        1.2437152681692633E-008   6.9813170079773182E-002
  0.87266462599716477        1.4244013099295839E-008   6.9813170079773182E-002
  0.94247779607693793        1.6098528817625392E-008   6.9813170079773182E-002
   1.0122909661567112        1.7780505371282195E-008   6.9813170079773182E-002
   1.0821041362364843        1.8787619858939504E-008   6.9813170079773182E-002
   1.1519173063162575        1.9054560412021829E-008   6.9813170079773182E-002
   1.2217304763960306        1.9049773021309174E-008   6.9813170079773182E-002
   1.2915436464758039        1.9104792640802852E-008   6.9813170079773182E-002
   1.3613568165555769        1.9321198913192079E-008   6.9813170079773182E-002
   1.4311699866353502        2.0158791299741678E-008   6.9813170079773182E-002
   1.5009831567151235        2.1837553481025229E-008   6.9813170079773182E-002
   1.5707963267948966        2.4053598272708368E-008   6.9813170079773182E-002
   1.6406094968746698        2.6489811845737053E-008   6.9813170079773182E-002
   1.7104226669544429        2.9385754979810467E-008   6.9813170079773182E-002
   1.7802358370342162        3.3282442452337777E-008   6.9813170079773182E-002
   1.8500490071139892        3.8277609983273966E-008   6.9813170079773182E-002
   1.9198621771937625        4.4442685231360960E-008   6.9813170079773182E-002
   1.9896753472735358        5.2151822309120617E-008   6.9813170079773182E-002
   2.0594885173533091        6.1642497513507497E-008   6.9813170079773182E-002
   2.1293016874330819        5.7827597704427235E-008   6.9813170079773182E-002
   2.1991148575128552        4.2676518710886884E-008   6.9813170079773182E-002
   2.2689280275926285        3.3036183072588475E-008   6.9813170079773182E-002
   2.3387411976724017        2.8795247123578716E-008   6.9813170079773182E-002
   2.4085543677521746        2.9552951394917770E-008   6.9813170079773182E-002
   2.4783675378319479        3.5845033761895603E-008   6.9813170079773182E-002
   2.5481807079117211        4.8939231996424859E-008   6.9813170079773182E-002
   2.6179938779914944        7.1360251372929081E-008   6.9813170079773182E-002
   2.6878070480712677        1.0566854065011650E-007   6.9813170079773182E-002
   2.7576202181510405        1.5424967793605777E-007   6.9813170079773182E-002
   2.8274333882308138        2.1809709299929211E-007   6.9813170079773182E-002
   2.8972465583105871        2.9558823341902160E-007   6.9813170079773182E-002
   2.9670597283903604        3.8342664335354556E-007   6.9813170079773182E-002
   3.0368728984701332        4.6627475749937103E-007   6.9813170079773182E-002
   3.1066860685499065        5.1742435691697453E-007   6.9813170079773182E-002
   3.1764992386296798        5.1742435691697443E-007   6.9813170079773182E-002
   3.2463124087094530        4.6627475749937098E-007   6.9813170079773182E-002
   3.3161255787892263        3.8342664335354550E-007   6.9813170079773182E-002
   3.3859387488689991        2.9558823341902160E-007   6.9813170079773182E-002
   3.4557519189487724        2.1809709299929222E-007   6.9813170079773182E-002
   3.5255650890285457        1.5424967793605798E-007   6.9813170079773182E-002
   3.5953782591083190        1.0566854065011649E-007   6.9813170079773182E-002
   3.6651914291880923        7.1360251372928975E-008   6.9813170079773182E-002
   3.7350045992678651        4.8939231996424959E-008   6.9813170079773182E-002
   3.8048177693476384        3.5845033761895629E-008   6.9813170079773182E-002
   3.8746309394274117        2.9552951394917793E-008   6.9813170079773182E-002
   3.9444441095071849        2.8795247123578709E-008   6.9813170079773182E-002
   4.0142572795869578        3.3036183072588468E-008   6.9813170079773182E-002
   4.0840704496667311        4.2676518710887546E-008   6.9813170079773182E-002
   4.1538836197465043        5.7827597704425045E-008   6.9813170079773182E-002
   4.2236967898262776        6.1642497513508728E-008   6.9813170079773182E-002
   4.2935099599060509        5.2151822309120405E-008   6.9813170079773182E-002
   4.3633231299858242        4.4442685231360854E-008   6.9813170079773182E-002
   4.4331363000655974        3.8277609983273960E-008   6.9813170079773182E-002
   4.5029494701453698        3.3282442452337678E-008   6.9813170079773182E-002
   4.5727626402251431        2.9385754979810388E-008   6.9813170079773182E-002
   4.6425758103049164        2.6489811845737093E-008   6.9813170079773182E-002
   4.7123889803846897        2.4053598272708364E-008   6.9813170079773182E-002
   4.7822021504644630        2.1837553481025236E-008   6.9813170079773182E-002
   4.8520153205442362        2.0158791299741681E-008   6.9813170079773182E-002
   4.9218284906240095        1.9321198913192085E-008   6.9813170079773182E-002
   4.9916416607037828        1.9104792640802859E-008   6.9813170079773182E-002
   5.0614548307835561        1.9049773021309167E-008   6.9813170079773182E-002
   5.1312680008633285        1.9054560412021796E-008   6.9813170079773182E-002
   5.2010811709431017        1.8787619858939481E-008   6.9813170079773182E-002
   5.2708943410228750        1.7780505371282278E-008   6.9813170079773182E-002
   5.3407075111026483        1.6098528817625365E-008   6.9813170079773182E-002
   5.4105206811824216        1.4244013099295903E-008   6.9813170079773182E-002
   5.4803338512621949        1.2437152681692648E-008   6.9813170079773182E-002
   5.5501470213419681        1.0756872024291921E-008   6.9813170079773182E-002
   5.6199601914217414        9.7133820706963410E-009   6.9813170079773182E-002
   5.6897733615015147        9.4709682856990918E-009   6.9813170079773182E-002
   5.7595865315812871        9.6742126114303798E-009   6.9813170079773182E-002
   5.8293997016610604        1.0037459739198541E-008   6.9813170079773182E-002
   5.8992128717408336        1.0769965507856673E-008   6.9813170079773182E-002
   5.9690260418206069        1.2452261925673301E-008   6.9813170079773182E-002
   6.0388392119003802        1.5730412954834448E-008   6.9813170079773182E-002
   6.1086523819801535        2.1663616572040271E-008   6.9813170079773182E-002
   6.1784655520599268        3.2179453582156416E-008   6.9813170079773182E-002
   6.2482787221397000        4.9210565832860101E-008   6.9813170079773182E-002
