   Unit of cross sections ... fm**2/(MeV*sr**2)
      I       SLANGE      CROSS          E1         E2         E3
      1       0.500    0.1771E-06       12.436     0.031     9.072
      2       1.001    0.5292E-06       11.942     0.114     9.484
      3       1.501    0.8940E-06       11.457     0.236     9.846
      4       2.002    0.1202E-05       10.981     0.390    10.169
      5       2.502    0.1439E-05       10.515     0.569    10.456
      6       3.002    0.1608E-05       10.057     0.770    10.713
      7       3.502    0.1711E-05        9.607     0.990    10.943
      8       4.002    0.1762E-05        9.166     1.226    11.148
      9       4.500    0.1778E-05        8.735     1.475    11.330
     10       5.002    0.1777E-05        8.308     1.739    11.492
     11       5.501    0.1770E-05        7.892     2.013    11.634
     12       6.001    0.1762E-05        7.482     2.299    11.759
     13       6.502    0.1756E-05        7.078     2.596    11.866
     14       7.002    0.1754E-05        6.683     2.902    11.956
     15       7.502    0.1757E-05        6.294     3.217    12.029
     16       8.002    0.1766E-05        5.913     3.540    12.088
     17       8.502    0.1776E-05        5.538     3.871    12.130
     18       9.002    0.1786E-05        5.171     4.211    12.158
     19       9.500    0.1792E-05        4.813     4.557    12.171
     20      10.002    0.1791E-05        4.459     4.912    12.169
     21      10.503    0.1784E-05        4.113     5.275    12.152
     22      11.002    0.1773E-05        3.776     5.644    12.120
     23      11.501    0.1763E-05        3.448     6.020    12.073
     24      12.003    0.1756E-05        3.126     6.404    12.010
     25      12.501    0.1754E-05        2.815     6.793    11.932
     26      13.002    0.1758E-05        2.511     7.192    11.837
     27      13.501    0.1764E-05        2.219     7.595    11.726
     28      14.001    0.1772E-05        1.936     8.008    11.597
     29      14.501    0.1778E-05        1.664     8.428    11.449
     30      15.002    0.1775E-05        1.404     8.856    11.281
     31      15.501    0.1752E-05        1.158     9.290    11.092
     32      16.001    0.1688E-05        0.926     9.733    10.880
     33      16.501    0.1567E-05        0.712    10.184    10.644
     34      17.001    0.1380E-05        0.517    10.645    10.378
     35      17.502    0.1122E-05        0.344    11.115    10.081
     36      18.001    0.7957E-06        0.199    11.593     9.749
     37      18.500    0.4251E-06        0.087    12.079     9.374
     38      19.002    0.1003E-06        0.017    12.575     8.948
