   Unit of cross sections ... fm**2/(MeV*sr**2)
      I       SLANGE      CROSS          E1         E2         E3
      1       0.502    0.9298E-08       54.732     0.007    36.801
      2       1.000    0.3504E-07       54.234     0.027    37.279
      3       1.501    0.7470E-07       53.734     0.060    37.746
      4       2.004    0.1257E-06       53.233     0.105    38.202
      5       2.502    0.1845E-06       52.739     0.160    38.641
      6       3.001    0.2494E-06       52.245     0.226    39.069
      7       3.500    0.3182E-06       51.751     0.302    39.487
      8       4.001    0.3890E-06       51.258     0.388    39.894
      9       4.501    0.4599E-06       50.767     0.482    40.291
     10       5.001    0.5293E-06       50.277     0.586    40.677
     11       5.500    0.5958E-06       49.791     0.697    41.053
     12       6.007    0.6594E-06       49.298     0.818    41.424
     13       6.504    0.7169E-06       48.818     0.943    41.779
     14       7.008    0.7699E-06       48.332     1.078    42.130
     15       7.500    0.8160E-06       47.859     1.217    42.464
     16       8.009    0.8575E-06       47.374     1.366    42.800
     17       8.505    0.8920E-06       46.901     1.518    43.121
     18       9.007    0.9209E-06       46.425     1.678    43.437
     19       9.506    0.9439E-06       45.954     1.843    43.743
     20      10.001    0.9614E-06       45.489     2.012    44.039
     21      10.502    0.9740E-06       45.020     2.188    44.331
     22      11.008    0.9822E-06       44.549     2.372    44.620
     23      11.510    0.9861E-06       44.083     2.559    44.898
     24      12.006    0.9865E-06       43.624     2.749    45.167
     25      12.508    0.9837E-06       43.163     2.945    45.432
     26      13.004    0.9784E-06       42.708     3.144    45.688
     27      13.505    0.9708E-06       42.252     3.349    45.939
     28      14.010    0.9613E-06       41.793     3.561    46.187
     29      14.509    0.9503E-06       41.341     3.774    46.425
     30      15.002    0.9383E-06       40.898     3.988    46.655
     31      15.509    0.9249E-06       40.443     4.212    46.885
     32      16.010    0.9108E-06       39.996     4.438    47.106
     33      16.503    0.8963E-06       39.557     4.664    47.319
     34      17.000    0.8813E-06       39.117     4.895    47.528
     35      17.501    0.8658E-06       38.675     5.132    47.733
     36      18.006    0.8502E-06       38.233     5.373    47.934
     37      18.502    0.8348E-06       37.799     5.615    48.127
     38      19.002    0.8195E-06       37.364     5.861    48.315
     39      19.505    0.8045E-06       36.928     6.112    48.500
     40      20.011    0.7899E-06       36.491     6.368    48.681
     41      20.509    0.7761E-06       36.064     6.623    48.854
     42      21.009    0.7630E-06       35.635     6.882    49.023
     43      21.501    0.7509E-06       35.217     7.139    49.184
     44      22.007    0.7395E-06       34.787     7.407    49.345
     45      22.504    0.7292E-06       34.368     7.674    49.499
     46      23.003    0.7201E-06       33.948     7.944    49.648
     47      23.505    0.7120E-06       33.528     8.218    49.794
     48      24.009    0.7053E-06       33.107     8.496    49.936
     49      24.504    0.6999E-06       32.697     8.772    50.071
     50      25.000    0.6960E-06       32.286     9.052    50.202
     51      25.511    0.6935E-06       31.866     9.342    50.332
     52      26.012    0.6926E-06       31.456     9.629    50.456
     53      26.503    0.6933E-06       31.055     9.912    50.572
     54      27.007    0.6956E-06       30.645    10.207    50.688
     55      27.501    0.6996E-06       30.246    10.497    50.797
     56      28.009    0.7053E-06       29.836    10.798    50.905
     57      28.507    0.7128E-06       29.437    11.096    51.007
     58      29.006    0.7220E-06       29.039    11.396    51.105
     59      29.507    0.7330E-06       28.641    11.700    51.199
     60      30.009    0.7459E-06       28.244    12.007    51.289
     61      30.512    0.7607E-06       27.847    12.317    51.375
     62      31.005    0.7770E-06       27.461    12.623    51.456
     63      31.511    0.7956E-06       27.066    12.939    51.535
     64      32.005    0.8154E-06       26.682    13.250    51.608
     65      32.501    0.8370E-06       26.298    13.565    51.677
     66      33.010    0.8608E-06       25.906    13.889    51.745
     67      33.508    0.8856E-06       25.524    14.209    51.807
     68      34.007    0.9117E-06       25.143    14.532    51.865
     69      34.507    0.9390E-06       24.764    14.857    51.920
     70      35.007    0.9672E-06       24.386    15.184    51.970
     71      35.509    0.9961E-06       24.008    15.514    52.017
     72      36.010    0.1025E-05       23.633    15.847    52.061
     73      36.500    0.1054E-05       23.267    16.173    52.099
     74      37.003    0.1082E-05       22.894    16.511    52.135
     75      37.507    0.1110E-05       22.522    16.851    52.167
     76      38.011    0.1136E-05       22.152    17.193    52.195
     77      38.503    0.1159E-05       21.793    17.528    52.219
     78      39.008    0.1181E-05       21.425    17.875    52.240
     79      39.500    0.1199E-05       21.069    18.214    52.257
     80      40.006    0.1214E-05       20.705    18.565    52.270
     81      40.511    0.1224E-05       20.343    18.918    52.279
     82      41.004    0.1231E-05       19.992    19.263    52.285
     83      41.510    0.1233E-05       19.633    19.620    52.287
     84      42.003    0.1231E-05       19.285    19.969    52.285
     85      42.508    0.1225E-05       18.931    20.330    52.280
     86      43.001    0.1214E-05       18.587    20.683    52.271
     87      43.506    0.1200E-05       18.236    21.047    52.258
     88      44.012    0.1181E-05       17.887    21.412    52.241
     89      44.504    0.1161E-05       17.549    21.770    52.221
     90      45.008    0.1137E-05       17.205    22.139    52.196
     91      45.512    0.1111E-05       16.863    22.509    52.168
     92      46.003    0.1084E-05       16.532    22.871    52.137
     93      46.506    0.1055E-05       16.194    23.244    52.102
     94      47.009    0.1026E-05       15.859    23.619    52.062
     95      47.511    0.9971E-06       15.526    23.995    52.019
     96      48.012    0.9682E-06       15.196    24.372    51.972
     97      48.500    0.9407E-06       14.877    24.741    51.923
     98      49.012    0.9127E-06       14.543    25.130    51.867
     99      49.511    0.8865E-06       14.221    25.510    51.809
    100      50.009    0.8617E-06       13.901    25.892    51.747
    101      50.506    0.8384E-06       13.584    26.274    51.682
    102      51.002    0.8167E-06       13.270    26.658    51.612
    103      51.509    0.7963E-06       12.950    27.052    51.537
    104      52.003    0.7781E-06       12.642    27.438    51.461
    105      52.508    0.7613E-06       12.328    27.833    51.378
    106      53.011    0.7464E-06       12.018    28.230    51.292
    107      53.501    0.7337E-06       11.719    28.617    51.204
    108      54.002    0.7226E-06       11.415    29.015    51.110
    109      54.501    0.7133E-06       11.114    29.414    51.013
    110      55.011    0.7056E-06       10.809    29.822    50.909
    111      55.507    0.6998E-06       10.515    30.222    50.804
    112      56.001    0.6958E-06       10.224    30.621    50.695
    113      56.506    0.6934E-06        9.930    31.031    50.579
    114      57.008    0.6926E-06        9.639    31.441    50.460
    115      57.509    0.6935E-06        9.352    31.852    50.337
    116      58.008    0.6958E-06        9.068    32.262    50.210
    117      58.505    0.6997E-06        8.788    32.673    50.079
    118      59.011    0.7051E-06        8.506    33.093    49.941
    119      59.504    0.7116E-06        8.234    33.504    49.802
    120      60.006    0.7196E-06        7.959    33.924    49.657
    121      60.505    0.7287E-06        7.689    34.344    49.507
    122      61.002    0.7389E-06        7.423    34.764    49.354
    123      61.509    0.7503E-06        7.154    35.193    49.193
    124      62.000    0.7623E-06        6.896    35.612    49.032
    125      62.501    0.7754E-06        6.637    36.040    48.863
    126      63.010    0.7894E-06        6.376    36.477    48.687
    127      63.505    0.8037E-06        6.126    36.904    48.510
    128      64.008    0.8187E-06        5.875    37.340    48.326
    129      64.508    0.8340E-06        5.628    37.775    48.137
    130      65.005    0.8493E-06        5.386    38.209    47.945
    131      65.510    0.8650E-06        5.144    38.652    47.744
    132      66.011    0.8805E-06        4.908    39.093    47.539
    133      66.508    0.8955E-06        4.676    39.533    47.330
    134      67.002    0.9101E-06        4.450    39.972    47.118
    135      67.503    0.9242E-06        4.224    40.419    46.897
    136      68.010    0.9377E-06        3.999    40.874    46.666
    137      68.503    0.9497E-06        3.785    41.318    46.437
    138      69.003    0.9607E-06        3.571    41.770    46.199
    139      69.508    0.9704E-06        3.360    42.229    45.952
    140      70.009    0.9781E-06        3.154    42.685    45.700
    141      70.505    0.9835E-06        2.955    43.140    45.445
    142      71.007    0.9864E-06        2.758    43.602    45.180
    143      71.504    0.9862E-06        2.568    44.061    44.911
    144      72.006    0.9825E-06        2.381    44.526    44.633
    145      72.502    0.9747E-06        2.200    44.989    44.351
    146      73.003    0.9624E-06        2.024    45.458    44.059
    147      73.508    0.9448E-06        1.851    45.932    43.757
    148      74.007    0.9221E-06        1.686    46.403    43.451
    149      74.501    0.8940E-06        1.528    46.871    43.141
    150      75.007    0.8592E-06        1.373    47.352    42.815
    151      75.506    0.8187E-06        1.226    47.830    42.485
    152      76.008    0.7720E-06        1.084    48.311    42.145
    153      76.504    0.7203E-06        0.951    48.788    41.800
    154      77.001    0.6630E-06        0.825    49.269    41.446
    155      77.508    0.5996E-06        0.704    49.762    41.075
    156      78.008    0.5333E-06        0.592    50.249    40.699
    157      78.500    0.4651E-06        0.490    50.730    40.320
    158      79.001    0.3942E-06        0.394    51.222    39.923
    159      79.502    0.3232E-06        0.308    51.715    39.517
    160      80.002    0.2541E-06        0.231    52.210    39.099
    161      80.501    0.1888E-06        0.164    52.705    38.671
    162      81.007    0.1286E-06        0.107    53.207    38.225
    163      81.503    0.7775E-07        0.062    53.701    37.776
    164      82.005    0.3723E-07        0.029    54.202    37.309
    165      82.504    0.1048E-07        0.008    54.700    36.832
    166      83.007    0.3762E-10        0.000    55.203    36.337
