   Unit of cross sections ... fm**2/(MeV*sr**2)
      I       SLANGE      CROSS          E1         E2         E3
      1       0.500    0.8411E-06       10.629     0.029    10.882
      2       1.002    0.2835E-05       10.134     0.108    11.297
      3       1.500    0.5532E-05        9.650     0.227    11.663
      4       2.000    0.8810E-05        9.173     0.379    11.988
      5       2.502    0.1271E-04        8.705     0.558    12.276
      6       3.001    0.1733E-04        8.249     0.761    12.531
      7       3.501    0.2288E-04        7.802     0.983    12.755
      8       4.002    0.2962E-04        7.362     1.225    12.953
      9       4.502    0.3776E-04        6.933     1.482    13.125
     10       5.002    0.4754E-04        6.514     1.754    13.272
     11       5.502    0.5907E-04        6.103     2.039    13.398
     12       6.002    0.7224E-04        5.702     2.336    13.502
     13       6.500    0.8642E-04        5.310     2.645    13.585
     14       7.001    0.1005E-03        4.926     2.966    13.648
     15       7.501    0.1124E-03        4.552     3.297    13.692
     16       8.002    0.1202E-03        4.185     3.639    13.716
     17       8.502    0.1219E-03        3.829     3.990    13.721
     18       9.002    0.1173E-03        3.482     4.350    13.707
     19       9.500    0.1074E-03        3.147     4.719    13.674
     20      10.001    0.9427E-04        2.820     5.098    13.622
     21      10.502    0.7992E-04        2.504     5.487    13.549
     22      11.001    0.6611E-04        2.200     5.882    13.457
     23      11.502    0.5360E-04        1.907     6.289    13.343
     24      12.000    0.4290E-04        1.629     6.702    13.208
     25      12.500    0.3389E-04        1.364     7.126    13.050
     26      13.002    0.2640E-04        1.113     7.561    12.866
     27      13.501    0.2025E-04        0.881     8.002    12.657
     28      14.002    0.1513E-04        0.666     8.455    12.419
     29      14.500    0.1087E-04        0.474     8.915    12.151
     30      15.002    0.7259E-05        0.307     9.387    11.846
     31      15.501    0.4239E-05        0.169     9.867    11.503
     32      16.001    0.1829E-05        0.067    10.357    11.116
     33      16.500    0.2800E-06        0.009    10.852    10.679
