   Unit of cross sections ... fm**2/(MeV*sr**2)
      I       SLANGE      CROSS          E1         E2         E3
      1       0.506    0.8820E-08       46.706     0.008    44.827
      2       1.002    0.3274E-07       46.210     0.030    45.300
      3       1.502    0.6927E-07       45.711     0.066    45.763
      4       2.005    0.1158E-06       45.211     0.116    46.214
      5       2.503    0.1690E-06       44.716     0.177    46.647
      6       3.003    0.2270E-06       44.221     0.250    47.069
      7       3.505    0.2880E-06       43.727     0.334    47.480
      8       4.001    0.3489E-06       43.240     0.427    47.874
      9       4.505    0.4102E-06       42.747     0.531    48.262
     10       5.002    0.4686E-06       42.263     0.643    48.634
     11       5.506    0.5251E-06       41.774     0.766    49.000
     12       6.002    0.5770E-06       41.294     0.895    49.350
     13       6.506    0.6255E-06       40.811     1.034    49.695
     14       7.008    0.6693E-06       40.330     1.181    50.029
     15       7.501    0.7079E-06       39.861     1.332    50.347
     16       8.008    0.7429E-06       39.381     1.494    50.666
     17       8.505    0.7728E-06       38.912     1.659    50.968
     18       9.007    0.7988E-06       38.441     1.833    51.266
     19       9.507    0.8207E-06       37.974     2.012    51.554
     20      10.004    0.8389E-06       37.512     2.196    51.831
     21      10.506    0.8540E-06       37.048     2.388    52.104
     22      11.005    0.8660E-06       36.590     2.583    52.367
     23      11.508    0.8754E-06       36.129     2.786    52.625
     24      12.008    0.8822E-06       35.674     2.993    52.873
     25      12.503    0.8867E-06       35.226     3.202    53.112
     26      13.002    0.8894E-06       34.776     3.418    53.346
     27      13.506    0.8903E-06       34.324     3.641    53.575
     28      14.004    0.8899E-06       33.879     3.866    53.795
     29      14.507    0.8883E-06       33.433     4.097    54.011
     30      15.003    0.8858E-06       32.994     4.329    54.217
     31      15.504    0.8828E-06       32.553     4.568    54.419
     32      16.008    0.8793E-06       32.112     4.812    54.615
     33      16.506    0.8758E-06       31.679     5.058    54.803
     34      17.008    0.8725E-06       31.245     5.309    54.987
     35      17.503    0.8695E-06       30.818     5.560    55.162
     36      18.000    0.8672E-06       30.392     5.816    55.333
     37      18.501    0.8656E-06       29.964     6.077    55.498
     38      19.005    0.8650E-06       29.537     6.344    55.660
     39      19.501    0.8655E-06       29.118     6.610    55.813
     40      20.001    0.8673E-06       28.698     6.880    55.962
     41      20.502    0.8705E-06       28.279     7.156    56.106
     42      21.006    0.8754E-06       27.859     7.435    56.245
     43      21.503    0.8817E-06       27.449     7.714    56.377
     44      22.001    0.8898E-06       27.039     7.997    56.504
     45      22.502    0.8997E-06       26.629     8.284    56.627
     46      23.004    0.9115E-06       26.219     8.575    56.746
     47      23.509    0.9251E-06       25.810     8.871    56.859
     48      24.005    0.9402E-06       25.410     9.164    56.966
     49      24.503    0.9571E-06       25.010     9.461    57.068
     50      25.002    0.9757E-06       24.612     9.762    57.166
     51      25.503    0.9959E-06       24.214    10.067    57.260
     52      26.006    0.1018E-05       23.817    10.375    57.348
     53      26.510    0.1041E-05       23.420    10.687    57.433
     54      27.005    0.1065E-05       23.034    10.996    57.511
     55      27.501    0.1090E-05       22.648    11.307    57.584
     56      28.009    0.1116E-05       22.255    11.630    57.655
     57      28.508    0.1142E-05       21.872    11.948    57.720
     58      29.007    0.1169E-05       21.490    12.270    57.780
     59      29.507    0.1196E-05       21.109    12.595    57.836
     60      30.009    0.1222E-05       20.730    12.923    57.887
     61      30.511    0.1248E-05       20.352    13.253    57.934
     62      31.002    0.1272E-05       19.984    13.580    57.976
     63      31.506    0.1296E-05       19.610    13.916    58.014
     64      32.010    0.1318E-05       19.237    14.255    58.048
     65      32.504    0.1338E-05       18.874    14.590    58.076
     66      33.009    0.1355E-05       18.504    14.934    58.101
     67      33.503    0.1370E-05       18.145    15.274    58.121
     68      34.009    0.1382E-05       17.780    15.624    58.137
     69      34.504    0.1390E-05       17.424    15.968    58.148
     70      35.010    0.1396E-05       17.063    16.322    58.155
     71      35.505    0.1398E-05       16.711    16.671    58.157
     72      36.000    0.1396E-05       16.362    17.022    58.155
     73      36.507    0.1391E-05       16.008    17.383    58.149
     74      37.002    0.1383E-05       15.663    17.739    58.138
     75      37.507    0.1371E-05       15.313    18.104    58.123
     76      38.002    0.1357E-05       14.973    18.463    58.104
     77      38.507    0.1340E-05       14.628    18.832    58.079
     78      39.001    0.1320E-05       14.294    19.195    58.051
     79      39.505    0.1299E-05       13.954    19.568    58.018
     80      40.009    0.1275E-05       13.617    19.942    57.981
     81      40.500    0.1251E-05       13.291    20.310    57.939
     82      41.003    0.1225E-05       12.960    20.688    57.893
     83      41.504    0.1198E-05       12.631    21.067    57.842
     84      42.004    0.1172E-05       12.306    21.447    57.787
     85      42.504    0.1145E-05       11.984    21.829    57.727
     86      43.002    0.1119E-05       11.665    22.212    57.663
     87      43.511    0.1092E-05       11.343    22.605    57.592
     88      44.007    0.1067E-05       11.030    22.990    57.519
     89      44.502    0.1043E-05       10.721    23.377    57.442
     90      45.006    0.1020E-05       10.409    23.773    57.358
     91      45.509    0.9982E-06       10.100    24.170    57.270
     92      46.010    0.9778E-06        9.795    24.568    57.177
     93      46.510    0.9591E-06        9.494    24.966    57.079
     94      47.008    0.9420E-06        9.197    25.366    56.978
     95      47.504    0.9267E-06        8.903    25.766    56.871
     96      48.009    0.9129E-06        8.607    26.175    56.758
     97      48.501    0.9011E-06        8.321    26.576    56.643
     98      49.002    0.8910E-06        8.034    26.986    56.521
     99      49.501    0.8827E-06        7.750    27.396    56.394
    100      50.008    0.8760E-06        7.465    27.815    56.259
    101      50.502    0.8711E-06        7.191    28.226    56.123
    102      51.004    0.8676E-06        6.915    28.645    55.980
    103      51.503    0.8656E-06        6.643    29.065    55.832
    104      52.000    0.8650E-06        6.377    29.484    55.679
    105      52.504    0.8654E-06        6.110    29.912    55.519
    106      53.005    0.8669E-06        5.848    30.339    55.353
    107      53.504    0.8692E-06        5.591    30.766    55.183
    108      54.009    0.8722E-06        5.334    31.201    55.005
    109      54.501    0.8754E-06        5.088    31.626    54.826
    110      55.009    0.8790E-06        4.837    32.069    54.634
    111      55.504    0.8824E-06        4.597    32.501    54.442
    112      56.005    0.8855E-06        4.357    32.941    54.241
    113      56.502    0.8880E-06        4.124    33.381    54.035
    114      57.005    0.8898E-06        3.892    33.827    53.821
    115      57.504    0.8903E-06        3.667    34.272    53.601
    116      58.008    0.8896E-06        3.443    34.724    53.373
    117      58.508    0.8871E-06        3.227    35.174    53.139
    118      59.003    0.8828E-06        3.016    35.623    52.901
    119      59.503    0.8763E-06        2.809    36.078    52.653
    120      60.008    0.8672E-06        2.605    36.539    52.396
    121      60.507    0.8555E-06        2.409    36.998    52.133
    122      61.000    0.8410E-06        2.220    37.454    51.866
    123      61.507    0.8228E-06        2.032    37.924    51.584
    124      62.007    0.8013E-06        1.852    38.391    51.297
    125      62.502    0.7761E-06        1.680    38.855    51.005
    126      63.008    0.7462E-06        1.511    39.332    50.697
    127      63.508    0.7122E-06        1.350    39.805    50.385
    128      64.001    0.6742E-06        1.198    40.274    50.067
    129      64.504    0.6307E-06        1.051    40.755    49.734
    130      65.000    0.5835E-06        0.913    41.232    49.395
    131      65.505    0.5311E-06        0.781    41.719    49.040
    132      66.003    0.4759E-06        0.658    42.202    48.680
    133      66.501    0.4176E-06        0.545    42.686    48.309
    134      67.006    0.3564E-06        0.439    43.180    47.921
    135      67.502    0.2953E-06        0.344    43.668    47.528
    136      68.005    0.2341E-06        0.259    44.163    47.118
    137      68.507    0.1755E-06        0.185    44.659    46.696
    138      69.006    0.1215E-06        0.122    45.154    46.264
    139      69.503    0.7459E-07        0.072    45.649    45.820
    140      70.004    0.3662E-07        0.034    46.148    45.358
    141      70.501    0.1097E-07        0.010    46.645    44.885
    142      71.002    0.1545E-09        0.000    47.146    44.394
