   Unit of cross sections ... fm**2/(MeV*sr**2)
      I       SLANGE      CROSS          E1         E2         E3
      1       0.502    0.1468E-07       59.933     0.009    31.598
      2       1.001    0.5419E-07       59.435     0.034    32.071
      3       1.501    0.1130E-06       58.937     0.075    32.528
      4       2.001    0.1863E-06       58.439     0.129    32.972
      5       2.502    0.2699E-06       57.943     0.197    33.400
      6       3.001    0.3602E-06       57.451     0.276    33.814
      7       3.505    0.4557E-06       56.955     0.367    34.219
      8       4.006    0.5525E-06       56.464     0.467    34.609
      9       4.503    0.6480E-06       55.979     0.577    34.984
     10       5.003    0.7411E-06       55.494     0.696    35.350
     11       5.505    0.8290E-06       55.008     0.824    35.708
     12       6.001    0.9083E-06       54.531     0.958    36.051
     13       6.506    0.9798E-06       54.047     1.102    36.391
     14       7.003    0.1040E-05       53.572     1.252    36.716
     15       7.501    0.1089E-05       53.100     1.407    37.033
     16       8.007    0.1129E-05       52.622     1.572    37.346
     17       8.503    0.1157E-05       52.155     1.740    37.645
     18       9.007    0.1176E-05       51.682     1.916    37.941
     19       9.509    0.1188E-05       51.214     2.097    38.229
     20      10.009    0.1193E-05       50.749     2.283    38.508
     21      10.507    0.1193E-05       50.289     2.472    38.778
     22      11.002    0.1189E-05       49.834     2.666    39.040
     23      11.503    0.1181E-05       49.374     2.866    39.299
     24      12.000    0.1171E-05       48.920     3.069    39.550
     25      12.504    0.1159E-05       48.463     3.280    39.797
     26      13.003    0.1146E-05       48.011     3.492    40.037
     27      13.508    0.1132E-05       47.556     3.711    40.273
     28      14.008    0.1116E-05       47.108     3.932    40.501
     29      14.503    0.1099E-05       46.665     4.154    40.721
     30      15.003    0.1079E-05       46.220     4.382    40.938
     31      15.508    0.1057E-05       45.773     4.615    41.152
     32      16.006    0.1033E-05       45.333     4.850    41.358
     33      16.510    0.1007E-05       44.890     5.089    41.561
     34      17.007    0.9808E-06       44.455     5.329    41.756
     35      17.508    0.9530E-06       44.017     5.575    41.948
     36      18.002    0.9250E-06       43.588     5.819    42.133
     37      18.501    0.8964E-06       43.157     6.069    42.315
     38      19.003    0.8675E-06       42.724     6.323    42.493
     39      19.509    0.8386E-06       42.289     6.582    42.668
     40      20.007    0.8106E-06       41.863     6.840    42.837
     41      20.509    0.7831E-06       41.436     7.103    43.002
     42      21.002    0.7571E-06       41.016     7.364    43.160
     43      21.511    0.7315E-06       40.586     7.635    43.319
     44      22.011    0.7076E-06       40.165     7.904    43.471
     45      22.502    0.6854E-06       39.753     8.171    43.616
     46      23.008    0.6637E-06       39.329     8.449    43.762
     47      23.505    0.6437E-06       38.915     8.723    43.901
     48      24.005    0.6248E-06       38.500     9.002    44.038
     49      24.508    0.6070E-06       38.085     9.285    44.171
     50      25.001    0.5905E-06       37.678     9.564    44.298
     51      25.509    0.5747E-06       37.261     9.854    44.425
     52      26.007    0.5601E-06       36.854    10.141    44.545
     53      26.507    0.5464E-06       36.446    10.431    44.663
     54      27.010    0.5335E-06       36.038    10.724    44.778
     55      27.502    0.5216E-06       35.640    11.014    44.887
     56      28.009    0.5100E-06       35.231    11.314    44.996
     57      28.506    0.4992E-06       34.832    11.610    45.098
     58      29.004    0.4890E-06       34.433    11.909    45.198
     59      29.505    0.4793E-06       34.034    12.211    45.295
     60      30.007    0.4703E-06       33.635    12.516    45.389
     61      30.511    0.4618E-06       33.236    12.824    45.480
     62      31.004    0.4542E-06       32.847    13.127    45.566
     63      31.512    0.4469E-06       32.449    13.441    45.650
     64      32.008    0.4405E-06       32.060    13.750    45.730
     65      32.506    0.4346E-06       31.672    14.061    45.807
     66      33.005    0.4294E-06       31.284    14.375    45.880
     67      33.505    0.4247E-06       30.897    14.692    45.951
     68      34.007    0.4206E-06       30.510    15.011    46.019
     69      34.510    0.4171E-06       30.123    15.333    46.084
     70      35.001    0.4142E-06       29.747    15.649    46.144
     71      35.506    0.4117E-06       29.362    15.976    46.203
     72      36.013    0.4097E-06       28.977    16.305    46.258
     73      36.507    0.4082E-06       28.603    16.628    46.310
     74      37.002    0.4072E-06       28.229    16.953    46.358
     75      37.511    0.4065E-06       27.846    17.289    46.405
     76      38.008    0.4061E-06       27.474    17.618    46.447
     77      38.506    0.4060E-06       27.103    17.950    46.487
     78      39.004    0.4062E-06       26.733    18.283    46.524
     79      39.503    0.4065E-06       26.364    18.619    46.558
     80      40.003    0.4070E-06       25.995    18.956    46.588
     81      40.503    0.4076E-06       25.628    19.296    46.616
     82      41.003    0.4083E-06       25.262    19.637    46.641
     83      41.504    0.4090E-06       24.897    19.980    46.663
     84      42.006    0.4097E-06       24.533    20.325    46.682
     85      42.508    0.4104E-06       24.170    20.672    46.698
     86      43.010    0.4109E-06       23.809    21.020    46.712
     87      43.512    0.4114E-06       23.448    21.370    46.722
     88      44.001    0.4118E-06       23.099    21.712    46.729
     89      44.503    0.4119E-06       22.742    22.065    46.733
     90      45.006    0.4120E-06       22.386    22.420    46.734
     91      45.508    0.4119E-06       22.031    22.776    46.733
     92      46.011    0.4117E-06       21.678    23.134    46.728
     93      46.513    0.4114E-06       21.327    23.493    46.721
     94      47.002    0.4109E-06       20.986    23.843    46.710
     95      47.504    0.4103E-06       20.638    24.205    46.697
     96      48.006    0.4097E-06       20.292    24.568    46.681
     97      48.507    0.4090E-06       19.947    24.932    46.661
     98      49.008    0.4083E-06       19.604    25.297    46.639
     99      49.508    0.4076E-06       19.263    25.663    46.614
    100      50.008    0.4070E-06       18.924    26.031    46.586
    101      50.508    0.4065E-06       18.586    26.399    46.554
    102      51.007    0.4061E-06       18.251    26.769    46.520
    103      51.505    0.4060E-06       17.918    27.139    46.483
    104      52.003    0.4061E-06       17.586    27.510    46.443
    105      52.513    0.4065E-06       17.249    27.892    46.399
    106      53.009    0.4073E-06       16.921    28.265    46.354
    107      53.504    0.4084E-06       16.597    28.639    46.305
    108      54.011    0.4099E-06       16.265    29.023    46.252
    109      54.504    0.4119E-06       15.945    29.398    46.197
    110      55.009    0.4144E-06       15.619    29.783    46.138
    111      55.500    0.4174E-06       15.303    30.159    46.078
    112      56.003    0.4210E-06       14.981    30.546    46.013
    113      56.505    0.4251E-06       14.662    30.933    45.945
    114      57.005    0.4298E-06       14.346    31.321    45.874
    115      57.504    0.4351E-06       14.032    31.708    45.800
    116      58.002    0.4411E-06       13.721    32.097    45.723
    117      58.511    0.4477E-06       13.404    32.495    45.641
    118      59.005    0.4549E-06       13.099    32.884    45.558
    119      59.511    0.4628E-06       12.788    33.283    45.470
    120      60.002    0.4711E-06       12.488    33.672    45.381
    121      60.504    0.4802E-06       12.183    34.071    45.287
    122      61.004    0.4899E-06       11.881    34.470    45.189
    123      61.503    0.5002E-06       11.582    34.869    45.089
    124      62.012    0.5112E-06       11.279    35.277    44.983
    125      62.506    0.5226E-06       10.987    35.676    44.877
    126      63.011    0.5349E-06       10.690    36.084    44.765
    127      63.501    0.5476E-06       10.404    36.483    44.653
    128      64.001    0.5614E-06       10.115    36.890    44.535
    129      64.511    0.5764E-06        9.822    37.308    44.411
    130      65.006    0.5920E-06        9.539    37.715    44.286
    131      65.511    0.6089E-06        9.253    38.131    44.156
    132      66.002    0.6264E-06        8.978    38.536    44.026
    133      66.501    0.6454E-06        8.699    38.951    43.889
    134      67.010    0.6660E-06        8.418    39.375    43.746
    135      67.504    0.6873E-06        8.148    39.789    43.604
    136      68.007    0.7101E-06        7.875    40.211    43.454
    137      68.507    0.7341E-06        7.606    40.632    43.302
    138      69.003    0.7592E-06        7.341    41.052    43.147
    139      69.508    0.7860E-06        7.075    41.481    42.984
    140      70.009    0.8135E-06        6.813    41.908    42.819
    141      70.507    0.8416E-06        6.555    42.334    42.650
    142      71.001    0.8699E-06        6.302    42.759    42.479
    143      71.503    0.8988E-06        6.048    43.192    42.300
    144      72.001    0.9273E-06        5.799    43.623    42.118
    145      72.506    0.9559E-06        5.549    44.062    41.929
    146      73.007    0.9836E-06        5.305    44.499    41.736
    147      73.503    0.1010E-05        5.065    44.934    41.541
    148      74.006    0.1036E-05        4.826    45.376    41.337
    149      74.505    0.1059E-05        4.592    45.817    41.131
    150      75.009    0.1081E-05        4.359    46.264    40.917
    151      75.508    0.1101E-05        4.132    46.708    40.700
    152      76.003    0.1118E-05        3.910    47.150    40.479
    153      76.503    0.1133E-05        3.690    47.599    40.251
    154      77.007    0.1148E-05        3.472    48.053    40.015
    155      77.506    0.1161E-05        3.260    48.505    39.775
    156      78.008    0.1172E-05        3.051    48.962    39.527
    157      78.505    0.1182E-05        2.848    49.416    39.276
    158      79.006    0.1189E-05        2.648    49.875    39.017
    159      79.500    0.1193E-05        2.455    50.330    38.755
    160      80.007    0.1193E-05        2.263    50.798    38.479
    161      80.506    0.1187E-05        2.078    51.262    38.199
    162      81.008    0.1175E-05        1.898    51.730    37.912
    163      81.502    0.1155E-05        1.726    52.194    37.621
    164      82.006    0.1125E-05        1.556    52.669    37.316
    165      82.503    0.1086E-05        1.394    53.138    37.007
    166      83.008    0.1035E-05        1.237    53.618    36.685
    167      83.505    0.9735E-06        1.089    54.092    36.359
    168      84.001    0.9025E-06        0.947    54.568    36.025
    169      84.504    0.8213E-06        0.812    55.052    35.676
    170      85.005    0.7330E-06        0.685    55.537    35.318
    171      85.504    0.6397E-06        0.567    56.022    34.951
    172      86.000    0.5442E-06        0.458    56.506    34.576
    173      86.500    0.4476E-06        0.359    56.996    34.186
    174      87.003    0.3526E-06        0.269    57.491    33.780
    175      87.501    0.2629E-06        0.191    57.983    33.367
    176      88.001    0.1802E-06        0.124    58.478    32.938
    177      88.500    0.1080E-06        0.071    58.974    32.494
    178      89.006    0.4993E-07        0.031    59.478    32.030
    179      89.503    0.1241E-07        0.007    59.975    31.558
