   Unit of cross sections ... fm**2/(MeV*sr**2)
      I       SLANGE      CROSS          E1         E2         E3
      1       0.501    0.5010E-06       11.743     0.026     9.771
      2       1.001    0.1638E-05       11.248     0.098    10.194
      3       1.502    0.3116E-05       10.759     0.207    10.574
      4       2.000    0.4817E-05       10.281     0.346    10.913
      5       2.500    0.6747E-05        9.810     0.512    11.218
      6       3.002    0.8975E-05        9.345     0.702    11.493
      7       3.501    0.1159E-04        8.892     0.910    11.738
      8       4.000    0.1475E-04        8.447     1.137    11.956
      9       4.501    0.1866E-04        8.009     1.380    12.151
     10       5.000    0.2352E-04        7.581     1.637    12.322
     11       5.502    0.2963E-04        7.159     1.908    12.472
     12       6.001    0.3726E-04        6.748     2.191    12.601
     13       6.500    0.4668E-04        6.345     2.485    12.710
     14       7.003    0.5814E-04        5.947     2.793    12.800
     15       7.501    0.7119E-04        5.561     3.108    12.871
     16       8.001    0.8481E-04        5.182     3.434    12.924
     17       8.500    0.9669E-04        4.812     3.769    12.959
     18       9.001    0.1037E-03        4.449     4.114    12.976
     19       9.503    0.1035E-03        4.095     4.469    12.976
     20      10.001    0.9619E-04        3.752     4.830    12.958
     21      10.500    0.8415E-04        3.417     5.201    12.922
     22      11.002    0.7044E-04        3.090     5.582    12.868
     23      11.501    0.5747E-04        2.776     5.969    12.796
     24      12.003    0.4613E-04        2.469     6.366    12.705
     25      12.501    0.3681E-04        2.176     6.769    12.595
     26      13.000    0.2928E-04        1.894     7.181    12.465
     27      13.502    0.2324E-04        1.623     7.603    12.314
     28      14.000    0.1845E-04        1.367     8.031    12.142
     29      14.500    0.1458E-04        1.125     8.468    11.946
     30      15.002    0.1144E-04        0.899     8.916    11.725
     31      15.502    0.8843E-05        0.691     9.370    11.479
     32      16.000    0.6647E-05        0.504     9.832    11.204
     33      16.501    0.4725E-05        0.339    10.305    10.896
     34      17.000    0.3032E-05        0.200    10.785    10.555
     35      17.502    0.1567E-05        0.093    11.275    10.172
     36      18.000    0.4569E-06        0.024    11.768     9.748
