 #     E1  dGamma/dq   dGamma/dE1 
  0.2784088E-05  0.2913288E-10  0.2693222E-07
  0.2505679E-04  0.2618457E-09  0.8068874E-07
  0.6960220E-04  0.7254117E-09  0.1341230E-06
  0.1364203E-03  0.1416151E-08  0.1870253E-06
  0.2255111E-03  0.2328644E-08  0.2391935E-06
  0.3368746E-03  0.3455850E-08  0.2904363E-06
  0.4705109E-03  0.4789274E-08  0.3405769E-06
  0.6264198E-03  0.6319188E-08  0.3894564E-06
  0.8046014E-03  0.8034895E-08  0.4369382E-06
  0.1005056E-02  0.9925049E-08  0.4829118E-06
  0.1227783E-02  0.1197801E-07  0.5272957E-06
  0.1472783E-02  0.1418225E-07  0.5700408E-06
  0.1740055E-02  0.1652670E-07  0.6111317E-06
  0.2029600E-02  0.1900119E-07  0.6505875E-06
  0.2341418E-02  0.2159672E-07  0.6884597E-06
  0.2675509E-02  0.2430569E-07  0.7248281E-06
  0.3031872E-02  0.2712194E-07  0.7597936E-06
  0.3410508E-02  0.3004060E-07  0.7934678E-06
  0.3811416E-02  0.3305704E-07  0.8259448E-06
  0.4234598E-02  0.3616628E-07  0.8572906E-06
  0.4680052E-02  0.3936329E-07  0.8875570E-06
  0.5147779E-02  0.4264275E-07  0.9167809E-06
  0.5637778E-02  0.4599897E-07  0.9449838E-06
  0.6150050E-02  0.4942570E-07  0.9721735E-06
  0.6684595E-02  0.5291622E-07  0.9983470E-06
  0.7241413E-02  0.5646342E-07  0.1023495E-05
  0.7820503E-02  0.6006009E-07  0.1047608E-05
  0.8421866E-02  0.6369930E-07  0.1070683E-05
  0.9045502E-02  0.6737487E-07  0.1092728E-05
  0.9691410E-02  0.7108198E-07  0.1113772E-05
  0.1035959E-01  0.7481777E-07  0.1133871E-05
  0.1105005E-01  0.7858202E-07  0.1153112E-05
  0.1176277E-01  0.8237794E-07  0.1171619E-05
  0.1249777E-01  0.8621290E-07  0.1189560E-05
  0.1325504E-01  0.9009938E-07  0.1207151E-05
  0.1403459E-01  0.9404972E-07  0.1224582E-05
  0.1483640E-01  0.9807120E-07  0.1241959E-05
  0.1566049E-01  0.1021711E-06  0.1259377E-05
  0.1650686E-01  0.1063570E-06  0.1276922E-05
  0.1737549E-01  0.1106367E-06  0.1294675E-05
  0.1826640E-01  0.1150176E-06  0.1312708E-05
  0.1917958E-01  0.1195072E-06  0.1331082E-05
  0.2011504E-01  0.1241121E-06  0.1349846E-05
  0.2107276E-01  0.1288380E-06  0.1369032E-05
  0.2205276E-01  0.1336893E-06  0.1388658E-05
  0.2305503E-01  0.1386685E-06  0.1408722E-05
  0.2407958E-01  0.1437759E-06  0.1429196E-05
  0.2512639E-01  0.1490088E-06  0.1450030E-05
  0.2619548E-01  0.1543610E-06  0.1471142E-05
  0.2728685E-01  0.1598222E-06  0.1492418E-05
  0.2840048E-01  0.1653770E-06  0.1513710E-05
  0.2953639E-01  0.1710050E-06  0.1534830E-05
  0.3069457E-01  0.1766880E-06  0.1555630E-05
  0.3187502E-01  0.1824179E-06  0.1576059E-05
  0.3307775E-01  0.1881876E-06  0.1596075E-05
  0.3430275E-01  0.1939896E-06  0.1615639E-05
  0.3555002E-01  0.1998170E-06  0.1634718E-05
  0.3681956E-01  0.2056631E-06  0.1653284E-05
  0.3811138E-01  0.2115220E-06  0.1671315E-05
  0.3942547E-01  0.2173884E-06  0.1688800E-05
  0.4076183E-01  0.2232586E-06  0.1705735E-05
  0.4212047E-01  0.2291301E-06  0.1722130E-05
  0.4350137E-01  0.2350024E-06  0.1738005E-05
  0.4490456E-01  0.2408765E-06  0.1753394E-05
  0.4633001E-01  0.2467557E-06  0.1768342E-05
  0.4777773E-01  0.2526452E-06  0.1782906E-05
  0.4924773E-01  0.2585533E-06  0.1797162E-05
  0.5074000E-01  0.2644911E-06  0.1811198E-05
  0.5225455E-01  0.2704729E-06  0.1825122E-05
  0.5379136E-01  0.2765103E-06  0.1839015E-05
  0.5535045E-01  0.2826051E-06  0.1852890E-05
  0.5693182E-01  0.2887582E-06  0.1866754E-05
  0.5853545E-01  0.2949705E-06  0.1880613E-05
  0.6016136E-01  0.3012432E-06  0.1894474E-05
  0.6180954E-01  0.3075776E-06  0.1908346E-05
  0.6347999E-01  0.3139754E-06  0.1922240E-05
  0.6517272E-01  0.3204389E-06  0.1936166E-05
  0.6688771E-01  0.3269704E-06  0.1950139E-05
  0.6862498E-01  0.3335732E-06  0.1964175E-05
  0.7038453E-01  0.3402513E-06  0.1978297E-05
  0.7216634E-01  0.3470099E-06  0.1992529E-05
  0.7397043E-01  0.3538548E-06  0.2006902E-05
  0.7579680E-01  0.3607922E-06  0.2021445E-05
  0.7764543E-01  0.3678291E-06  0.2036190E-05
  0.7951634E-01  0.3749725E-06  0.2051169E-05
  0.8140952E-01  0.3822298E-06  0.2066413E-05
  0.8332497E-01  0.3896114E-06  0.2081969E-05
  0.8526269E-01  0.3971342E-06  0.2097916E-05
  0.8722269E-01  0.4048177E-06  0.2114341E-05
  0.8920496E-01  0.4126849E-06  0.2131348E-05
  0.9120951E-01  0.4207637E-06  0.2149060E-05
  0.9323632E-01  0.4290831E-06  0.2167600E-05
  0.9528541E-01  0.4376685E-06  0.2187068E-05
  0.9735677E-01  0.4465286E-06  0.2207479E-05
  0.9945041E-01  0.4556336E-06  0.2228654E-05
  0.1015663E+00  0.4648760E-06  0.2250052E-05
  0.1037045E+00  0.4740062E-06  0.2270469E-05
  0.1058649E+00  0.4825402E-06  0.2287640E-05
  0.1080477E+00  0.4896870E-06  0.2297953E-05
  0.1102527E+00  0.4944291E-06  0.2296888E-05
  0.1124799E+00  0.4958866E-06  0.2280736E-05
  0.1147295E+00  0.4939498E-06  0.2249446E-05
  0.1170013E+00  0.4893467E-06  0.2206742E-05
  0.1192954E+00  0.4830662E-06  0.2157372E-05
  0.1216117E+00  0.4759524E-06  0.2105261E-05
  0.1239504E+00  0.4685679E-06  0.2052952E-05
  0.1263113E+00  0.4612369E-06  0.2001858E-05
  0.1286945E+00  0.4541314E-06  0.1952684E-05
  0.1310999E+00  0.4473404E-06  0.1905755E-05
  0.1335276E+00  0.4409119E-06  0.1861215E-05
  0.1359776E+00  0.4348757E-06  0.1819121E-05
  0.1384499E+00  0.4292541E-06  0.1779501E-05
  0.1409445E+00  0.4240671E-06  0.1742372E-05
  0.1434613E+00  0.4193354E-06  0.1707751E-05
  0.1460004E+00  0.4150796E-06  0.1675655E-05
  0.1485617E+00  0.4113217E-06  0.1646108E-05
  0.1511454E+00  0.4080840E-06  0.1619133E-05
  0.1537513E+00  0.4053894E-06  0.1594753E-05
  0.1563794E+00  0.4032625E-06  0.1572999E-05
  0.1590299E+00  0.4017310E-06  0.1553911E-05
  0.1617026E+00  0.4008247E-06  0.1537539E-05
  0.1643976E+00  0.4005760E-06  0.1523938E-05
  0.1671149E+00  0.4010224E-06  0.1513183E-05
  0.1698544E+00  0.4022075E-06  0.1505366E-05
  0.1726162E+00  0.4041809E-06  0.1500601E-05
  0.1754003E+00  0.4069970E-06  0.1499016E-05
  0.1782067E+00  0.4107154E-06  0.1500753E-05
  0.1810353E+00  0.4154016E-06  0.1505971E-05
  0.1838862E+00  0.4211261E-06  0.1514844E-05
  0.1867594E+00  0.4279622E-06  0.1527546E-05
  0.1896549E+00  0.4359887E-06  0.1544271E-05
  0.1925726E+00  0.4452950E-06  0.1565240E-05
  0.1955126E+00  0.4559817E-06  0.1590707E-05
  0.1984748E+00  0.4681620E-06  0.1620965E-05
  0.2014594E+00  0.4819607E-06  0.1656335E-05
  0.2044662E+00  0.4975174E-06  0.1697179E-05
  0.2074953E+00  0.5149831E-06  0.1743890E-05
  0.2105467E+00  0.5345264E-06  0.1796905E-05
  0.2136203E+00  0.5563311E-06  0.1856702E-05
  0.2167162E+00  0.5805899E-06  0.1923774E-05
  0.2198344E+00  0.6075120E-06  0.1998652E-05
  0.2229748E+00  0.6373182E-06  0.2081894E-05
  0.2261375E+00  0.6702339E-06  0.2174054E-05
  0.2293225E+00  0.7064918E-06  0.2275695E-05
  0.2325298E+00  0.7463500E-06  0.2387446E-05
  0.2357594E+00  0.7900892E-06  0.2509989E-05
  0.2390112E+00  0.8379995E-06  0.2644021E-05
  0.2422853E+00  0.8903789E-06  0.2790240E-05
  0.2455816E+00  0.9475169E-06  0.2949302E-05
  0.2489003E+00  0.1009706E-05  0.3121853E-05
  0.2522412E+00  0.1077225E-05  0.3308481E-05
  0.2556043E+00  0.1150314E-05  0.3509641E-05
  0.2589898E+00  0.1229184E-05  0.3725683E-05
  0.2623975E+00  0.1313990E-05  0.3956785E-05
  0.2658275E+00  0.1404808E-05  0.4202881E-05
  0.2692798E+00  0.1501668E-05  0.4463776E-05
  0.2727543E+00  0.1604652E-05  0.4739422E-05
  0.2762511E+00  0.1713841E-05  0.5029777E-05
  0.2797702E+00  0.1829268E-05  0.5334660E-05
  0.2833116E+00  0.1950822E-05  0.5653478E-05
  0.2868752E+00  0.2078247E-05  0.5985232E-05
  0.2904611E+00  0.2211074E-05  0.6328336E-05
  0.2940693E+00  0.2348511E-05  0.6680331E-05
  0.2976997E+00  0.2489466E-05  0.7037966E-05
  0.3013525E+00  0.2632533E-05  0.7397189E-05
  0.3050275E+00  0.2775871E-05  0.7752827E-05
  0.3087247E+00  0.2917172E-05  0.8098537E-05
  0.3124443E+00  0.3053742E-05  0.8427064E-05
  0.3161861E+00  0.3182664E-05  0.8730712E-05
  0.3199502E+00  0.3300915E-05  0.9001676E-05
  0.3237365E+00  0.3405484E-05  0.9232371E-05
  0.3275452E+00  0.3493493E-05  0.9415742E-05
  0.3313761E+00  0.3562344E-05  0.9545649E-05
  0.3352293E+00  0.3609805E-05  0.9617075E-05
  0.3391047E+00  0.3634121E-05  0.9626373E-05
  0.3430024E+00  0.3634119E-05  0.9571517E-05
  0.3469224E+00  0.3609318E-05  0.9452337E-05
  0.3508647E+00  0.3560038E-05  0.9270754E-05
  0.3548292E+00  0.3487509E-05  0.9031000E-05
  0.3588160E+00  0.3393916E-05  0.8739677E-05
  0.3628251E+00  0.3282270E-05  0.8405351E-05
  0.3668565E+00  0.3156103E-05  0.8037728E-05
  0.3709101E+00  0.3018994E-05  0.7646421E-05
  0.3749860E+00  0.2874321E-05  0.7240325E-05
  0.3790842E+00  0.2724954E-05  0.6826870E-05
  0.3832047E+00  0.2573139E-05  0.6411771E-05
  0.3873474E+00  0.2420470E-05  0.5999010E-05
  0.3915124E+00  0.2268075E-05  0.5591328E-05
  0.3956996E+00  0.2117391E-05  0.5192166E-05
  0.3999092E+00  0.1971070E-05  0.4807857E-05
  0.4041410E+00  0.1831783E-05  0.4444653E-05
  0.4083951E+00  0.1701845E-05  0.4107806E-05
  0.4126714E+00  0.1583414E-05  0.3802091E-05
  0.4169701E+00  0.1479084E-05  0.3533221E-05
  0.4212910E+00  0.1392745E-05  0.3309869E-05
  0.4256342E+00  0.1330105E-05  0.3144835E-05
  0.4299996E+00  0.1293917E-05  0.3043705E-05
  0.4343873E+00  0.1278656E-05  0.2992578E-05
  0.4387973E+00  0.1285524E-05  0.2993494E-05
  0.4432296E+00  0.1392057E-05  0.3225321E-05
