 #  r,DGAMMADR(IR) 
   5.0000000000000001E-003   1.6119132436533925E-009   1.0000000000000000E-002
   1.4999999999999999E-002   4.8384436167273721E-009   1.0000000000000000E-002
   2.5000000000000001E-002   8.0730975800442084E-009   1.0000000000000000E-002
   3.5000000000000003E-002   1.1321330778105772E-008   1.0000000000000000E-002
   4.4999999999999998E-002   1.4588659227345108E-008   1.0000000000000000E-002
   5.5000000000000000E-002   1.7880684460120815E-008   1.0000000000000000E-002
   6.5000000000000002E-002   2.1203119674203262E-008   1.0000000000000000E-002
   7.4999999999999997E-002   2.4561812962620309E-008   1.0000000000000000E-002
   8.5000000000000006E-002   2.7962605495219858E-008   1.0000000000000000E-002
   9.5000000000000001E-002   3.1411085542572175E-008   1.0000000000000000E-002
  0.10500000000000000        3.4912657638896891E-008   1.0000000000000000E-002
  0.11500000000000000        3.8472599156485894E-008   1.0000000000000000E-002
  0.12500000000000000        4.2096099391497838E-008   1.0000000000000000E-002
  0.13500000000000001        4.5788296866702807E-008   1.0000000000000000E-002
  0.14499999999999999        4.9554321249611307E-008   1.0000000000000000E-002
  0.15500000000000000        5.3399336120644592E-008   1.0000000000000000E-002
  0.16500000000000001        5.7328591354929591E-008   1.0000000000000000E-002
  0.17500000000000002        6.1347476311914674E-008   1.0000000000000000E-002
  0.18500000000000000        6.5461577322549453E-008   1.0000000000000000E-002
  0.19500000000000001        6.9676675863628607E-008   1.0000000000000000E-002
  0.20500000000000002        7.3998727366650892E-008   1.0000000000000000E-002
  0.21500000000000000        7.8433897107621065E-008   1.0000000000000000E-002
  0.22500000000000001        8.2988586521729967E-008   1.0000000000000000E-002
  0.23500000000000001        8.7669468887175592E-008   1.0000000000000000E-002
  0.24500000000000000        9.2483508758178435E-008   1.0000000000000000E-002
  0.25500000000000000        9.7438008117808537E-008   1.0000000000000000E-002
  0.26500000000000001        1.0254062409496149E-007   1.0000000000000000E-002
  0.27500000000000002        1.0779940665058246E-007   1.0000000000000000E-002
  0.28500000000000003        1.1322285242504848E-007   1.0000000000000000E-002
  0.29499999999999998        1.1881991435600477E-007   1.0000000000000000E-002
  0.30499999999999999        1.2459989837752506E-007   1.0000000000000000E-002
  0.31500000000000000        1.3057240283106321E-007   1.0000000000000000E-002
  0.32500000000000001        1.3674738805118973E-007   1.0000000000000000E-002
  0.33500000000000002        1.4313522860893677E-007   1.0000000000000000E-002
  0.34500000000000003        1.4974668055048102E-007   1.0000000000000000E-002
  0.35499999999999998        1.5659299490014828E-007   1.0000000000000000E-002
  0.36499999999999999        1.6368588600955346E-007   1.0000000000000000E-002
  0.37500000000000000        1.7103759812353917E-007   1.0000000000000000E-002
  0.38500000000000001        1.7866101671751888E-007   1.0000000000000000E-002
  0.39500000000000002        1.8656960971905277E-007   1.0000000000000000E-002
  0.40500000000000003        1.9477751654764192E-007   1.0000000000000000E-002
  0.41500000000000004        2.0329966807318160E-007   1.0000000000000000E-002
  0.42499999999999999        2.1215187405037628E-007   1.0000000000000000E-002
  0.43500000000000000        2.2135081923575072E-007   1.0000000000000000E-002
  0.44500000000000001        2.3091422656897977E-007   1.0000000000000000E-002
  0.45500000000000002        2.4086102547472402E-007   1.0000000000000000E-002
  0.46500000000000002        2.5121199832234308E-007   1.0000000000000000E-002
  0.47500000000000003        2.6199199245879778E-007   1.0000000000000000E-002
  0.48499999999999999        2.7323002912347349E-007   1.0000000000000000E-002
  0.49500000000000000        2.8495864929752054E-007   1.0000000000000000E-002
  0.50500000000000000        2.9721451739254262E-007   1.0000000000000000E-002
  0.51500000000000001        3.1003875652900736E-007   1.0000000000000000E-002
  0.52500000000000002        3.2347821463638148E-007   1.0000000000000000E-002
  0.53500000000000003        3.3758543655520041E-007   1.0000000000000000E-002
  0.54500000000000004        3.5241950898364156E-007   1.0000000000000000E-002
  0.55500000000000005        3.6804724567099904E-007   1.0000000000000000E-002
  0.56500000000000006        3.8454339504570389E-007   1.0000000000000000E-002
  0.57500000000000007        4.0199147743607503E-007   1.0000000000000000E-002
  0.58499999999999996        4.2048471786486323E-007   1.0000000000000000E-002
  0.59499999999999997        4.4012728790561535E-007   1.0000000000000000E-002
  0.60499999999999998        4.6103514103652804E-007   1.0000000000000000E-002
  0.61499999999999999        4.8333698985710324E-007   1.0000000000000000E-002
  0.62500000000000000        5.0717526871346089E-007   1.0000000000000000E-002
  0.63500000000000001        5.3270730736701920E-007   1.0000000000000000E-002
  0.64500000000000002        5.6010641538608876E-007   1.0000000000000000E-002
  0.65500000000000003        5.8956273734519004E-007   1.0000000000000000E-002
  0.66500000000000004        6.2128597655422577E-007   1.0000000000000000E-002
  0.67500000000000004        6.5550946637809088E-007   1.0000000000000000E-002
  0.68500000000000005        6.9249387272747323E-007   1.0000000000000000E-002
  0.69500000000000006        7.3253086682070761E-007   1.0000000000000000E-002
  0.70499999999999996        7.7594710337262529E-007   1.0000000000000000E-002
  0.71499999999999997        8.2310831206680928E-007   1.0000000000000000E-002
  0.72499999999999998        8.7442307100094835E-007   1.0000000000000000E-002
  0.73499999999999999        9.3034809174216569E-007   1.0000000000000000E-002
  0.74500000000000000        9.9139372879295843E-007   1.0000000000000000E-002
  0.75500000000000000        1.0581278820238531E-006   1.0000000000000000E-002
  0.76500000000000001        1.1311815279257266E-006   1.0000000000000000E-002
  0.77500000000000002        1.2112711300118234E-006   1.0000000000000000E-002
  0.78500000000000003        1.2992933397910698E-006   1.0000000000000000E-002
  0.79500000000000004        1.3964094370254206E-006   1.0000000000000000E-002
  0.80500000000000005        1.5040412924792233E-006   1.0000000000000000E-002
  0.81500000000000006        1.6239394944072644E-006   1.0000000000000000E-002
  0.82500000000000007        1.7582088048067827E-006   1.0000000000000000E-002
  0.83499999999999996        1.9093542235910735E-006   1.0000000000000000E-002
  0.84499999999999997        2.0804012177031658E-006   1.0000000000000000E-002
  0.85499999999999998        2.2749540439239847E-006   1.0000000000000000E-002
  0.86499999999999999        2.4972739484508576E-006   1.0000000000000000E-002
  0.87500000000000000        2.7524009196210290E-006   1.0000000000000000E-002
  0.88500000000000001        3.0466858218294016E-006   1.0000000000000000E-002
  0.89500000000000002        3.3885241952244532E-006   1.0000000000000000E-002
  0.90500000000000003        3.7886101565433302E-006   1.0000000000000000E-002
  0.91500000000000004        4.2602770429862471E-006   1.0000000000000000E-002
  0.92500000000000004        4.8200202022579959E-006   1.0000000000000000E-002
  0.93500000000000005        5.4878297671827638E-006   1.0000000000000000E-002
  0.94500000000000006        6.2884678115632492E-006   1.0000000000000000E-002
  0.95500000000000007        7.2589866045550052E-006   1.0000000000000000E-002
  0.96499999999999997        8.4674267450013785E-006   1.0000000000000000E-002
  0.97499999999999998        1.0030710629236710E-005   1.0000000000000000E-002
  0.98499999999999999        1.2152962389805512E-005   1.0000000000000000E-002
  0.99500000000000000        1.5399486418151762E-005   1.0000000000000000E-002
