 #  phi,DGAMMADPHI(IPHI) 
   3.4906585039886591E-002   4.8204445971633346E-008   6.9813170079773182E-002
  0.10471975511965978        3.1493917685748114E-008   6.9813170079773182E-002
  0.17453292519943295        2.1158598496564064E-008   6.9813170079773182E-002
  0.24434609527920614        1.5337762093819905E-008   6.9813170079773182E-002
  0.31415926535897931        1.2122465689925359E-008   6.9813170079773182E-002
  0.38397243543875248        1.0464293620973849E-008   6.9813170079773182E-002
  0.45378560551852570        9.7423042945125846E-009   6.9813170079773182E-002
  0.52359877559829882        9.4115729653017401E-009   6.9813170079773182E-002
  0.59341194567807209        9.2621940381916166E-009   6.9813170079773182E-002
  0.66322511575784526        9.5347875011171760E-009   6.9813170079773182E-002
  0.73303828583761843        1.0541824722727302E-008   6.9813170079773182E-002
  0.80285145591739160        1.2121196656100934E-008   6.9813170079773182E-002
  0.87266462599716477        1.3783577321023850E-008   6.9813170079773182E-002
  0.94247779607693793        1.5495197297767660E-008   6.9813170079773182E-002
   1.0122909661567112        1.7143769823001544E-008   6.9813170079773182E-002
   1.0821041362364843        1.8319573128346625E-008   6.9813170079773182E-002
   1.1519173063162575        1.8962093920816907E-008   6.9813170079773182E-002
   1.2217304763960306        1.9473227565454041E-008   6.9813170079773182E-002
   1.2915436464758039        2.0108478882485853E-008   6.9813170079773182E-002
   1.3613568165555769        2.0926346353257853E-008   6.9813170079773182E-002
   1.4311699866353502        2.2368400032949761E-008   6.9813170079773182E-002
   1.5009831567151235        2.4671288403662149E-008   6.9813170079773182E-002
   1.5707963267948966        2.7586979107910794E-008   6.9813170079773182E-002
   1.6406094968746698        3.0852604160896547E-008   6.9813170079773182E-002
   1.7104226669544429        3.4757721928873442E-008   6.9813170079773182E-002
   1.7802358370342162        3.9866573089018188E-008   6.9813170079773182E-002
   1.8500490071139892        4.6216683564996219E-008   6.9813170079773182E-002
   1.9198621771937625        5.3826837956504459E-008   6.9813170079773182E-002
   1.9896753472735358        6.3054757601229806E-008   6.9813170079773182E-002
   2.0594885173533091        7.4053446774531570E-008   6.9813170079773182E-002
   2.1293016874330819        6.9586988533466534E-008   6.9813170079773182E-002
   2.1991148575128552        5.1907712243360194E-008   6.9813170079773182E-002
   2.2689280275926285        4.0372416052272150E-008   6.9813170079773182E-002
   2.3387411976724017        3.5021838441732091E-008   6.9813170079773182E-002
   2.4085543677521746        3.5445570812426642E-008   6.9813170079773182E-002
   2.4783675378319479        4.2298870460948963E-008   6.9813170079773182E-002
   2.5481807079117211        5.7104187072715624E-008   6.9813170079773182E-002
   2.6179938779914944        8.2864331008064524E-008   6.9813170079773182E-002
   2.6878070480712677        1.2266240095684252E-007   6.9813170079773182E-002
   2.7576202181510405        1.7939713181364402E-007   6.9813170079773182E-002
   2.8274333882308138        2.5433813896628508E-007   6.9813170079773182E-002
   2.8972465583105871        3.4559537984782174E-007   6.9813170079773182E-002
   2.9670597283903604        4.4916503644648587E-007   6.9813170079773182E-002
   3.0368728984701332        5.4687166431147861E-007   6.9813170079773182E-002
   3.1066860685499065        6.0719478710556077E-007   6.9813170079773182E-002
   3.1764992386296798        6.0719478710556066E-007   6.9813170079773182E-002
   3.2463124087094530        5.4687166431147850E-007   6.9813170079773182E-002
   3.3161255787892263        4.4916503644648587E-007   6.9813170079773182E-002
   3.3859387488689991        3.4559537984782174E-007   6.9813170079773182E-002
   3.4557519189487724        2.5433813896628514E-007   6.9813170079773182E-002
   3.5255650890285457        1.7939713181364429E-007   6.9813170079773182E-002
   3.5953782591083190        1.2266240095684247E-007   6.9813170079773182E-002
   3.6651914291880923        8.2864331008064392E-008   6.9813170079773182E-002
   3.7350045992678651        5.7104187072715750E-008   6.9813170079773182E-002
   3.8048177693476384        4.2298870460948982E-008   6.9813170079773182E-002
   3.8746309394274117        3.5445570812426682E-008   6.9813170079773182E-002
   3.9444441095071849        3.5021838441732085E-008   6.9813170079773182E-002
   4.0142572795869578        4.0372416052272143E-008   6.9813170079773182E-002
   4.0840704496667311        5.1907712243360961E-008   6.9813170079773182E-002
   4.1538836197465043        6.9586988533464019E-008   6.9813170079773182E-002
   4.2236967898262776        7.4053446774532987E-008   6.9813170079773182E-002
   4.2935099599060509        6.3054757601229568E-008   6.9813170079773182E-002
   4.3633231299858242        5.3826837956504313E-008   6.9813170079773182E-002
   4.4331363000655974        4.6216683564996212E-008   6.9813170079773182E-002
   4.5029494701453698        3.9866573089018069E-008   6.9813170079773182E-002
   4.5727626402251431        3.4757721928873336E-008   6.9813170079773182E-002
   4.6425758103049164        3.0852604160896600E-008   6.9813170079773182E-002
   4.7123889803846897        2.7586979107910794E-008   6.9813170079773182E-002
   4.7822021504644630        2.4671288403662156E-008   6.9813170079773182E-002
   4.8520153205442362        2.2368400032949758E-008   6.9813170079773182E-002
   4.9218284906240095        2.0926346353257859E-008   6.9813170079773182E-002
   4.9916416607037828        2.0108478882485856E-008   6.9813170079773182E-002
   5.0614548307835561        1.9473227565454047E-008   6.9813170079773182E-002
   5.1312680008633285        1.8962093920816887E-008   6.9813170079773182E-002
   5.2010811709431017        1.8319573128346609E-008   6.9813170079773182E-002
   5.2708943410228750        1.7143769823001620E-008   6.9813170079773182E-002
   5.3407075111026483        1.5495197297767647E-008   6.9813170079773182E-002
   5.4105206811824216        1.3783577321023902E-008   6.9813170079773182E-002
   5.4803338512621949        1.2121196656100949E-008   6.9813170079773182E-002
   5.5501470213419681        1.0541824722727265E-008   6.9813170079773182E-002
   5.6199601914217414        9.5347875011171760E-009   6.9813170079773182E-002
   5.6897733615015147        9.2621940381916182E-009   6.9813170079773182E-002
   5.7595865315812871        9.4115729653017384E-009   6.9813170079773182E-002
   5.8293997016610604        9.7423042945125896E-009   6.9813170079773182E-002
   5.8992128717408336        1.0464293620973854E-008   6.9813170079773182E-002
   5.9690260418206069        1.2122465689925367E-008   6.9813170079773182E-002
   6.0388392119003802        1.5337762093819909E-008   6.9813170079773182E-002
   6.1086523819801535        2.1158598496564064E-008   6.9813170079773182E-002
   6.1784655520599268        3.1493917685748121E-008   6.9813170079773182E-002
   6.2482787221397000        4.8204445971633339E-008   6.9813170079773182E-002
