 #  phi,DGAMMADPHI(IPHI) 
   3.4906585039886591E-002   4.5387564802096634E-008   6.9813170079773182E-002
  0.10471975511965978        2.9696543834511512E-008   6.9813170079773182E-002
  0.17453292519943295        1.9970327060616395E-008   6.9813170079773182E-002
  0.24434609527920614        1.4495712722313333E-008   6.9813170079773182E-002
  0.31415926535897931        1.1482176861086893E-008   6.9813170079773182E-002
  0.38397243543875248        9.9405152116349261E-009   6.9813170079773182E-002
  0.45378560551852570        9.2873413998426028E-009   6.9813170079773182E-002
  0.52359877559829882        9.0140287052454432E-009   6.9813170079773182E-002
  0.59341194567807209        8.9337277510744042E-009   6.9813170079773182E-002
  0.66322511575784526        9.2789537566310033E-009   6.9813170079773182E-002
  0.73303828583761843        1.0335053706424019E-008   6.9813170079773182E-002
  0.80285145591739160        1.1956322562222263E-008   6.9813170079773182E-002
  0.87266462599716477        1.3731415144764145E-008   6.9813170079773182E-002
  0.94247779607693793        1.5650507387068435E-008   6.9813170079773182E-002
   1.0122909661567112        1.7549701634457703E-008   6.9813170079773182E-002
   1.0821041362364843        1.8987625566136398E-008   6.9813170079773182E-002
   1.1519173063162575        1.9923071925846642E-008   6.9813170079773182E-002
   1.2217304763960306        2.0732193760450333E-008   6.9813170079773182E-002
   1.2915436464758039        2.1600412635790094E-008   6.9813170079773182E-002
   1.3613568165555769        2.2579612068163084E-008   6.9813170079773182E-002
   1.4311699866353502        2.4182917696547878E-008   6.9813170079773182E-002
   1.5009831567151235        2.6662477999987193E-008   6.9813170079773182E-002
   1.5707963267948966        2.9728499309446643E-008   6.9813170079773182E-002
   1.6406094968746698        3.3096866398156557E-008   6.9813170079773182E-002
   1.7104226669544429        3.7089561870105283E-008   6.9813170079773182E-002
   1.7802358370342162        4.2334380666210791E-008   6.9813170079773182E-002
   1.8500490071139892        4.8921393185682329E-008   6.9813170079773182E-002
   1.9198621771937625        5.6957305794732977E-008   6.9813170079773182E-002
   1.9896753472735358        6.6943693815767934E-008   6.9813170079773182E-002
   2.0594885173533091        7.9187425518886321E-008   6.9813170079773182E-002
   2.1293016874330819        7.4474743127055118E-008   6.9813170079773182E-002
   2.1991148575128552        5.5113355279472852E-008   6.9813170079773182E-002
   2.2689280275926285        4.2569702179974809E-008   6.9813170079773182E-002
   2.3387411976724017        3.6782721919265634E-008   6.9813170079773182E-002
   2.4085543677521746        3.7251928549675280E-008   6.9813170079773182E-002
   2.4783675378319479        4.4658763814113803E-008   6.9813170079773182E-002
   2.5481807079117211        6.0649461737379153E-008   6.9813170079773182E-002
   2.6179938779914944        8.8512113079322470E-008   6.9813170079773182E-002
   2.6878070480712677        1.3164517215106970E-007   6.9813170079773182E-002
   2.7576202181510405        1.9327275492208437E-007   6.9813170079773182E-002
   2.8274333882308138        2.7484701196747983E-007   6.9813170079773182E-002
   2.8972465583105871        3.7434797877991664E-007   6.9813170079773182E-002
   2.9670597283903604        4.8743815081380881E-007   6.9813170079773182E-002
   3.0368728984701332        5.9424142611139943E-007   6.9813170079773182E-002
   3.1066860685499065        6.6021667446470437E-007   6.9813170079773182E-002
   3.1764992386296798        6.6021667446470427E-007   6.9813170079773182E-002
   3.2463124087094530        5.9424142611139943E-007   6.9813170079773182E-002
   3.3161255787892263        4.8743815081380892E-007   6.9813170079773182E-002
   3.3859387488689991        3.7434797877991664E-007   6.9813170079773182E-002
   3.4557519189487724        2.7484701196747988E-007   6.9813170079773182E-002
   3.5255650890285457        1.9327275492208467E-007   6.9813170079773182E-002
   3.5953782591083190        1.3164517215106968E-007   6.9813170079773182E-002
   3.6651914291880923        8.8512113079322285E-008   6.9813170079773182E-002
   3.7350045992678651        6.0649461737379285E-008   6.9813170079773182E-002
   3.8048177693476384        4.4658763814113823E-008   6.9813170079773182E-002
   3.8746309394274117        3.7251928549675306E-008   6.9813170079773182E-002
   3.9444441095071849        3.6782721919265627E-008   6.9813170079773182E-002
   4.0142572795869578        4.2569702179974802E-008   6.9813170079773182E-002
   4.0840704496667311        5.5113355279473719E-008   6.9813170079773182E-002
   4.1538836197465043        7.4474743127052339E-008   6.9813170079773182E-002
   4.2236967898262776        7.9187425518887883E-008   6.9813170079773182E-002
   4.2935099599060509        6.6943693815767630E-008   6.9813170079773182E-002
   4.3633231299858242        5.6957305794732825E-008   6.9813170079773182E-002
   4.4331363000655974        4.8921393185682329E-008   6.9813170079773182E-002
   4.5029494701453698        4.2334380666210666E-008   6.9813170079773182E-002
   4.5727626402251431        3.7089561870105158E-008   6.9813170079773182E-002
   4.6425758103049164        3.3096866398156597E-008   6.9813170079773182E-002
   4.7123889803846897        2.9728499309446649E-008   6.9813170079773182E-002
   4.7822021504644630        2.6662477999987223E-008   6.9813170079773182E-002
   4.8520153205442362        2.4182917696547872E-008   6.9813170079773182E-002
   4.9218284906240095        2.2579612068163094E-008   6.9813170079773182E-002
   4.9916416607037828        2.1600412635790097E-008   6.9813170079773182E-002
   5.0614548307835561        2.0732193760450336E-008   6.9813170079773182E-002
   5.1312680008633285        1.9923071925846629E-008   6.9813170079773182E-002
   5.2010811709431017        1.8987625566136388E-008   6.9813170079773182E-002
   5.2708943410228750        1.7549701634457773E-008   6.9813170079773182E-002
   5.3407075111026483        1.5650507387068425E-008   6.9813170079773182E-002
   5.4105206811824216        1.3731415144764203E-008   6.9813170079773182E-002
   5.4803338512621949        1.1956322562222273E-008   6.9813170079773182E-002
   5.5501470213419681        1.0335053706423982E-008   6.9813170079773182E-002
   5.6199601914217414        9.2789537566310066E-009   6.9813170079773182E-002
   5.6897733615015147        8.9337277510744059E-009   6.9813170079773182E-002
   5.7595865315812871        9.0140287052454432E-009   6.9813170079773182E-002
   5.8293997016610604        9.2873413998426077E-009   6.9813170079773182E-002
   5.8992128717408336        9.9405152116349261E-009   6.9813170079773182E-002
   5.9690260418206069        1.1482176861086898E-008   6.9813170079773182E-002
   6.0388392119003802        1.4495712722313337E-008   6.9813170079773182E-002
   6.1086523819801535        1.9970327060616399E-008   6.9813170079773182E-002
   6.1784655520599268        2.9696543834511512E-008   6.9813170079773182E-002
   6.2482787221397000        4.5387564802096621E-008   6.9813170079773182E-002
