 #  phi,DGAMMADPHI(IPHI) 
   3.4906585039886591E-002   4.7674394595489699E-008   6.9813170079773182E-002
  0.10471975511965978        3.1144886325046937E-008   6.9813170079773182E-002
  0.17453292519943295        2.0902403712879790E-008   6.9813170079773182E-002
  0.24434609527920614        1.5156168476941380E-008   6.9813170079773182E-002
  0.31415926535897931        1.1997794300013392E-008   6.9813170079773182E-002
  0.38397243543875248        1.0379953305992643E-008   6.9813170079773182E-002
  0.45378560551852570        9.7056681757705476E-009   6.9813170079773182E-002
  0.52359877559829882        9.4729518817085198E-009   6.9813170079773182E-002
  0.59341194567807209        9.4734036964193083E-009   6.9813170079773182E-002
  0.66322511575784526        9.8943264672814141E-009   6.9813170079773182E-002
  0.73303828583761843        1.0988237870370447E-008   6.9813170079773182E-002
  0.80285145591739160        1.2590927631071208E-008   6.9813170079773182E-002
  0.87266462599716477        1.4252170759913232E-008   6.9813170079773182E-002
  0.94247779607693793        1.5995557548533909E-008   6.9813170079773182E-002
   1.0122909661567112        1.7808851922840179E-008   6.9813170079773182E-002
   1.0821041362364843        1.9368330058942466E-008   6.9813170079773182E-002
   1.1519173063162575        2.0629924315401253E-008   6.9813170079773182E-002
   1.2217304763960306        2.1931087420234665E-008   6.9813170079773182E-002
   1.2915436464758039        2.3438413273106054E-008   6.9813170079773182E-002
   1.3613568165555769        2.5173732592230423E-008   6.9813170079773182E-002
   1.4311699866353502        2.7600704240557680E-008   6.9813170079773182E-002
   1.5009831567151235        3.0992822368721530E-008   6.9813170079773182E-002
   1.5707963267948966        3.5158055217881971E-008   6.9813170079773182E-002
   1.6406094968746698        3.9896663001209541E-008   6.9813170079773182E-002
   1.7104226669544429        4.5594895571178240E-008   6.9813170079773182E-002
   1.7802358370342162        5.2890446550518048E-008   6.9813170079773182E-002
   1.8500490071139892        6.1734942087708083E-008   6.9813170079773182E-002
   1.9198621771937625        7.2086070257476645E-008   6.9813170079773182E-002
   1.9896753472735358        8.4302785668784947E-008   6.9813170079773182E-002
   2.0594885173533091        9.8374046099315102E-008   6.9813170079773182E-002
   2.1293016874330819        9.2719106788474911E-008   6.9813170079773182E-002
   2.1991148575128552        7.0053045900034621E-008   6.9813170079773182E-002
   2.2689280275926285        5.4751008661757819E-008   6.9813170079773182E-002
   2.3387411976724017        4.7184926192290400E-008   6.9813170079773182E-002
   2.4085543677521746        4.6952252606971518E-008   6.9813170079773182E-002
   2.4783675378319479        5.4941242890809615E-008   6.9813170079773182E-002
   2.5481807079117211        7.3166919845688699E-008   6.9813170079773182E-002
   2.6179938779914944        1.0555938332303142E-007   6.9813170079773182E-002
   2.6878070480712677        1.5622573962771456E-007   6.9813170079773182E-002
   2.7576202181510405        2.2908932915551853E-007   6.9813170079773182E-002
   2.8274333882308138        3.2598176510437554E-007   6.9813170079773182E-002
   2.8972465583105871        4.4450185747116499E-007   6.9813170079773182E-002
   2.9670597283903604        5.7928698675990642E-007   6.9813170079773182E-002
   3.0368728984701332        7.0654199039314430E-007   6.9813170079773182E-002
   3.1066860685499065        7.8513501331784061E-007   6.9813170079773182E-002
   3.1764992386296798        7.8513501331784050E-007   6.9813170079773182E-002
   3.2463124087094530        7.0654199039314451E-007   6.9813170079773182E-002
   3.3161255787892263        5.7928698675990663E-007   6.9813170079773182E-002
   3.3859387488689991        4.4450185747116489E-007   6.9813170079773182E-002
   3.4557519189487724        3.2598176510437570E-007   6.9813170079773182E-002
   3.5255650890285457        2.2908932915551890E-007   6.9813170079773182E-002
   3.5953782591083190        1.5622573962771462E-007   6.9813170079773182E-002
   3.6651914291880923        1.0555938332303122E-007   6.9813170079773182E-002
   3.7350045992678651        7.3166919845688845E-008   6.9813170079773182E-002
   3.8048177693476384        5.4941242890809635E-008   6.9813170079773182E-002
   3.8746309394274117        4.6952252606971565E-008   6.9813170079773182E-002
   3.9444441095071849        4.7184926192290387E-008   6.9813170079773182E-002
   4.0142572795869578        5.4751008661757812E-008   6.9813170079773182E-002
   4.0840704496667311        7.0053045900035614E-008   6.9813170079773182E-002
   4.1538836197465043        9.2719106788471775E-008   6.9813170079773182E-002
   4.2236967898262776        9.8374046099316889E-008   6.9813170079773182E-002
   4.2935099599060509        8.4302785668784629E-008   6.9813170079773182E-002
   4.3633231299858242        7.2086070257476447E-008   6.9813170079773182E-002
   4.4331363000655974        6.1734942087708096E-008   6.9813170079773182E-002
   4.5029494701453698        5.2890446550517909E-008   6.9813170079773182E-002
   4.5727626402251431        4.5594895571178088E-008   6.9813170079773182E-002
   4.6425758103049164        3.9896663001209601E-008   6.9813170079773182E-002
   4.7123889803846897        3.5158055217881991E-008   6.9813170079773182E-002
   4.7822021504644630        3.0992822368721549E-008   6.9813170079773182E-002
   4.8520153205442362        2.7600704240557680E-008   6.9813170079773182E-002
   4.9218284906240095        2.5173732592230440E-008   6.9813170079773182E-002
   4.9916416607037828        2.3438413273106058E-008   6.9813170079773182E-002
   5.0614548307835561        2.1931087420234665E-008   6.9813170079773182E-002
   5.1312680008633285        2.0629924315401244E-008   6.9813170079773182E-002
   5.2010811709431017        1.9368330058942450E-008   6.9813170079773182E-002
   5.2708943410228750        1.7808851922840242E-008   6.9813170079773182E-002
   5.3407075111026483        1.5995557548533909E-008   6.9813170079773182E-002
   5.4105206811824216        1.4252170759913295E-008   6.9813170079773182E-002
   5.4803338512621949        1.2590927631071222E-008   6.9813170079773182E-002
   5.5501470213419681        1.0988237870370407E-008   6.9813170079773182E-002
   5.6199601914217414        9.8943264672814141E-009   6.9813170079773182E-002
   5.6897733615015147        9.4734036964193067E-009   6.9813170079773182E-002
   5.7595865315812871        9.4729518817085198E-009   6.9813170079773182E-002
   5.8293997016610604        9.7056681757705542E-009   6.9813170079773182E-002
   5.8992128717408336        1.0379953305992643E-008   6.9813170079773182E-002
   5.9690260418206069        1.1997794300013402E-008   6.9813170079773182E-002
   6.0388392119003802        1.5156168476941384E-008   6.9813170079773182E-002
   6.1086523819801535        2.0902403712879793E-008   6.9813170079773182E-002
   6.1784655520599268        3.1144886325046950E-008   6.9813170079773182E-002
   6.2482787221397000        4.7674394595489712E-008   6.9813170079773182E-002
