 #  r,DGAMMADR(IR) 
   5.0000000000000001E-003   1.9172140697423026E-009   1.0000000000000000E-002
   1.4999999999999999E-002   5.7552434473755577E-009   1.0000000000000000E-002
   2.5000000000000001E-002   9.6040915426291041E-009   1.0000000000000000E-002
   3.5000000000000003E-002   1.3471021013670388E-008   1.0000000000000000E-002
   4.4999999999999998E-002   1.7363370381846585E-008   1.0000000000000000E-002
   5.5000000000000000E-002   2.1288585569270085E-008   1.0000000000000000E-002
   6.5000000000000002E-002   2.5254252640948895E-008   1.0000000000000000E-002
   7.4999999999999997E-002   2.9268126370285738E-008   1.0000000000000000E-002
   8.5000000000000006E-002   3.3337934101822588E-008   1.0000000000000000E-002
   9.5000000000000001E-002   3.7471036499809204E-008   1.0000000000000000E-002
  0.10500000000000000        4.1674515569159066E-008   1.0000000000000000E-002
  0.11500000000000000        4.5955245636151018E-008   1.0000000000000000E-002
  0.12500000000000000        5.0319940316089579E-008   1.0000000000000000E-002
  0.13500000000000001        5.4775196839837762E-008   1.0000000000000000E-002
  0.14499999999999999        5.9327545776784777E-008   1.0000000000000000E-002
  0.15500000000000000        6.3983501987706606E-008   1.0000000000000000E-002
  0.16500000000000001        6.8749627038035340E-008   1.0000000000000000E-002
  0.17500000000000002        7.3632592526822303E-008   1.0000000000000000E-002
  0.18500000000000000        7.8639249527335234E-008   1.0000000000000000E-002
  0.19500000000000001        8.3776631069147701E-008   1.0000000000000000E-002
  0.20500000000000002        8.9051924127877859E-008   1.0000000000000000E-002
  0.21500000000000000        9.4472504542102955E-008   1.0000000000000000E-002
  0.22500000000000001        1.0004596249182124E-007   1.0000000000000000E-002
  0.23500000000000001        1.0578014052596458E-007   1.0000000000000000E-002
  0.24500000000000000        1.1168315222702139E-007   1.0000000000000000E-002
  0.25500000000000000        1.1776343299707810E-007   1.0000000000000000E-002
  0.26500000000000001        1.2402975677804862E-007   1.0000000000000000E-002
  0.27500000000000002        1.3049127756921501E-007   1.0000000000000000E-002
  0.28500000000000003        1.3715758982890243E-007   1.0000000000000000E-002
  0.29499999999999998        1.4403875307202280E-007   1.0000000000000000E-002
  0.30499999999999999        1.5114542148945490E-007   1.0000000000000000E-002
  0.31500000000000000        1.5848895158349222E-007   1.0000000000000000E-002
  0.32500000000000001        1.6608136785501083E-007   1.0000000000000000E-002
  0.33500000000000002        1.7393537213730507E-007   1.0000000000000000E-002
  0.34500000000000003        1.8206431038437378E-007   1.0000000000000000E-002
  0.35499999999999998        1.9048225993766350E-007   1.0000000000000000E-002
  0.36499999999999999        1.9920403041224907E-007   1.0000000000000000E-002
  0.37500000000000000        2.0824520557682020E-007   1.0000000000000000E-002
  0.38500000000000001        2.1762226662386224E-007   1.0000000000000000E-002
  0.39500000000000002        2.2735255577014465E-007   1.0000000000000000E-002
  0.40500000000000003        2.3745434644501940E-007   1.0000000000000000E-002
  0.41500000000000004        2.4794697190516436E-007   1.0000000000000000E-002
  0.42499999999999999        2.5885093690126992E-007   1.0000000000000000E-002
  0.43500000000000000        2.7018792070893872E-007   1.0000000000000000E-002
  0.44500000000000001        2.8198094725937132E-007   1.0000000000000000E-002
  0.45500000000000002        2.9425456423192288E-007   1.0000000000000000E-002
  0.46500000000000002        3.0703564514829970E-007   1.0000000000000000E-002
  0.47500000000000003        3.2035614296745475E-007   1.0000000000000000E-002
  0.48499999999999999        3.3425315002573414E-007   1.0000000000000000E-002
  0.49500000000000000        3.4876738599517251E-007   1.0000000000000000E-002
  0.50500000000000000        3.6394365819550934E-007   1.0000000000000000E-002
  0.51500000000000001        3.7983152207237833E-007   1.0000000000000000E-002
  0.52500000000000002        3.9648703665434287E-007   1.0000000000000000E-002
  0.53500000000000003        4.1397263134577416E-007   1.0000000000000000E-002
  0.54500000000000004        4.3235833683692095E-007   1.0000000000000000E-002
  0.55500000000000005        4.5172315731292985E-007   1.0000000000000000E-002
  0.56500000000000006        4.7215533337844487E-007   1.0000000000000000E-002
  0.57500000000000007        4.9375348790136416E-007   1.0000000000000000E-002
  0.58499999999999996        5.1662775711667069E-007   1.0000000000000000E-002
  0.59499999999999997        5.4090124520837735E-007   1.0000000000000000E-002
  0.60499999999999998        5.6671115404948465E-007   1.0000000000000000E-002
  0.61499999999999999        5.9421000574091501E-007   1.0000000000000000E-002
  0.62500000000000000        6.2356685261431264E-007   1.0000000000000000E-002
  0.63500000000000001        6.5496873795426940E-007   1.0000000000000000E-002
  0.64500000000000002        6.8862211802374894E-007   1.0000000000000000E-002
  0.65500000000000003        7.2475521024649323E-007   1.0000000000000000E-002
  0.66500000000000004        7.6362165069745906E-007   1.0000000000000000E-002
  0.67500000000000004        8.0550469732377988E-007   1.0000000000000000E-002
  0.68500000000000005        8.5072157423792846E-007   1.0000000000000000E-002
  0.69500000000000006        8.9962751436188307E-007   1.0000000000000000E-002
  0.70499999999999996        9.5262073822964063E-007   1.0000000000000000E-002
  0.71499999999999997        1.0101471198416333E-006   1.0000000000000000E-002
  0.72499999999999998        1.0727045884641288E-006   1.0000000000000000E-002
  0.73499999999999999        1.1408495874495500E-006   1.0000000000000000E-002
  0.74500000000000000        1.2152036673176519E-006   1.0000000000000000E-002
  0.75500000000000000        1.2964580403900060E-006   1.0000000000000000E-002
  0.76500000000000001        1.3853802676030053E-006   1.0000000000000000E-002
  0.77500000000000002        1.4828416140438803E-006   1.0000000000000000E-002
  0.78500000000000003        1.5899326264609856E-006   1.0000000000000000E-002
  0.79500000000000004        1.7080665564441278E-006   1.0000000000000000E-002
  0.80500000000000005        1.8389749958808746E-006   1.0000000000000000E-002
  0.81500000000000006        1.9847919039599645E-006   1.0000000000000000E-002
  0.82500000000000007        2.1480853526423471E-006   1.0000000000000000E-002
  0.83499999999999996        2.3319139246003403E-006   1.0000000000000000E-002
  0.84499999999999997        2.5399756972386978E-006   1.0000000000000000E-002
  0.85499999999999998        2.7766807845211673E-006   1.0000000000000000E-002
  0.86499999999999999        3.0472476127592373E-006   1.0000000000000000E-002
  0.87500000000000000        3.3578542217672271E-006   1.0000000000000000E-002
  0.88500000000000001        3.7162906237601827E-006   1.0000000000000000E-002
  0.89500000000000002        4.1328534491951944E-006   1.0000000000000000E-002
  0.90500000000000003        4.6206559684964469E-006   1.0000000000000000E-002
  0.91500000000000004        5.1960409328474545E-006   1.0000000000000000E-002
  0.92500000000000004        5.8791666524517059E-006   1.0000000000000000E-002
  0.93500000000000005        6.6943658655485148E-006   1.0000000000000000E-002
  0.94500000000000006        7.6716638287286790E-006   1.0000000000000000E-002
  0.95500000000000007        8.8558555391136413E-006   1.0000000000000000E-002
  0.96499999999999997        1.0329137145964799E-005   1.0000000000000000E-002
  0.97499999999999998        1.2232234510037776E-005   1.0000000000000000E-002
  0.98499999999999999        1.4807738948312483E-005   1.0000000000000000E-002
  0.99500000000000000        1.8702661331294735E-005   1.0000000000000000E-002
