 #     E1  dGamma/dq   dGamma/dE1 
  0.2784088E-05  0.1366451E-08  0.1263231E-05
  0.2505679E-04  0.1226808E-07  0.3780455E-05
  0.6960220E-04  0.3391177E-07  0.6270025E-05
  0.1364203E-03  0.6597996E-07  0.8713703E-05
  0.2255111E-03  0.1080003E-06  0.1109357E-04
  0.3368746E-03  0.1593509E-06  0.1339216E-04
  0.4705109E-03  0.2192679E-06  0.1559267E-04
  0.6264198E-03  0.2868555E-06  0.1767912E-04
  0.8046014E-03  0.3610998E-06  0.1963664E-04
  0.1005056E-02  0.4408863E-06  0.2145170E-04
  0.1227783E-02  0.5250212E-06  0.2311247E-04
  0.1472783E-02  0.6122587E-06  0.2460911E-04
  0.1740055E-02  0.7013324E-06  0.2593419E-04
  0.2029600E-02  0.7909930E-06  0.2708305E-04
  0.2341418E-02  0.8800502E-06  0.2805422E-04
  0.2675509E-02  0.9674214E-06  0.2884980E-04
  0.3031872E-02  0.1052184E-05  0.2947585E-04
  0.3410508E-02  0.1133626E-05  0.2994267E-04
  0.3811416E-02  0.1211167E-05  0.3026154E-04
  0.4234598E-02  0.1284264E-05  0.3044236E-04
  0.4680052E-02  0.1352498E-05  0.3049590E-04
  0.5147779E-02  0.1415578E-05  0.3043365E-04
  0.5637778E-02  0.1473334E-05  0.3026756E-04
  0.6150050E-02  0.1525706E-05  0.3000970E-04
  0.6684595E-02  0.1572727E-05  0.2967194E-04
  0.7241413E-02  0.1614508E-05  0.2926569E-04
  0.7820503E-02  0.1651215E-05  0.2880159E-04
  0.8421866E-02  0.1683042E-05  0.2828922E-04
  0.9045502E-02  0.1710190E-05  0.2773693E-04
  0.9691410E-02  0.1732835E-05  0.2715152E-04
  0.1035959E-01  0.1751098E-05  0.2653807E-04
  0.1105005E-01  0.1765013E-05  0.2589979E-04
  0.1176277E-01  0.1774498E-05  0.2523776E-04
  0.1249777E-01  0.1779317E-05  0.2455089E-04
  0.1325504E-01  0.1779063E-05  0.2383588E-04
  0.1403459E-01  0.1773557E-05  0.2309274E-04
  0.1483640E-01  0.1763101E-05  0.2232766E-04
  0.1566049E-01  0.1748067E-05  0.2154694E-04
  0.1650686E-01  0.1728849E-05  0.2075655E-04
  0.1737549E-01  0.1705856E-05  0.1996200E-04
  0.1826640E-01  0.1679508E-05  0.1916840E-04
  0.1917958E-01  0.1650223E-05  0.1838033E-04
  0.2011504E-01  0.1618412E-05  0.1760187E-04
  0.2107276E-01  0.1584471E-05  0.1683658E-04
  0.2205276E-01  0.1548776E-05  0.1608745E-04
  0.2305503E-01  0.1511672E-05  0.1535695E-04
  0.2407958E-01  0.1473471E-05  0.1464696E-04
  0.2512639E-01  0.1434448E-05  0.1395886E-04
  0.2619548E-01  0.1394833E-05  0.1329350E-04
  0.2728685E-01  0.1354808E-05  0.1265119E-04
  0.2840048E-01  0.1314508E-05  0.1203180E-04
  0.2953639E-01  0.1274017E-05  0.1143475E-04
  0.3069457E-01  0.1233481E-05  0.1086005E-04
  0.3187502E-01  0.1193177E-05  0.1030885E-04
  0.3307775E-01  0.1153372E-05  0.9782087E-05
  0.3430275E-01  0.1114300E-05  0.9280427E-05
  0.3555002E-01  0.1076171E-05  0.8804234E-05
  0.3681956E-01  0.1039161E-05  0.8353601E-05
  0.3811138E-01  0.1003416E-05  0.7928369E-05
  0.3942547E-01  0.9690503E-06  0.7528148E-05
  0.4076183E-01  0.9361478E-06  0.7152335E-05
  0.4212047E-01  0.9047616E-06  0.6800139E-05
  0.4350137E-01  0.8749151E-06  0.6470602E-05
  0.4490456E-01  0.8466033E-06  0.6162615E-05
  0.4633001E-01  0.8197948E-06  0.5874951E-05
  0.4777773E-01  0.7944340E-06  0.5606287E-05
  0.4924773E-01  0.7704442E-06  0.5355232E-05
  0.5074000E-01  0.7477307E-06  0.5120357E-05
  0.5225455E-01  0.7261860E-06  0.4900226E-05
  0.5379136E-01  0.7057702E-06  0.4693937E-05
  0.5535045E-01  0.6865623E-06  0.4501421E-05
  0.5693182E-01  0.6686412E-06  0.4322608E-05
  0.5853545E-01  0.6520728E-06  0.4157353E-05
  0.6016136E-01  0.6369109E-06  0.4005439E-05
  0.6180954E-01  0.6231968E-06  0.3866586E-05
  0.6347999E-01  0.6109609E-06  0.3740462E-05
  0.6517272E-01  0.6002222E-06  0.3626681E-05
  0.6688771E-01  0.5909899E-06  0.3524821E-05
  0.6862498E-01  0.5832645E-06  0.3434430E-05
  0.7038453E-01  0.5770392E-06  0.3355034E-05
  0.7216634E-01  0.5723012E-06  0.3286151E-05
  0.7397043E-01  0.5690328E-06  0.3227294E-05
  0.7579680E-01  0.5672133E-06  0.3177981E-05
  0.7764543E-01  0.5668202E-06  0.3137745E-05
  0.7951634E-01  0.5678301E-06  0.3106136E-05
  0.8140952E-01  0.5702200E-06  0.3082727E-05
  0.8332497E-01  0.5739725E-06  0.3067141E-05
  0.8526269E-01  0.5790750E-06  0.3059043E-05
  0.8722269E-01  0.5855092E-06  0.3058083E-05
  0.8920496E-01  0.5932515E-06  0.3063900E-05
  0.9120951E-01  0.6022732E-06  0.3076123E-05
  0.9323632E-01  0.6125389E-06  0.3094364E-05
  0.9528541E-01  0.6240036E-06  0.3118201E-05
  0.9735677E-01  0.6366056E-06  0.3147151E-05
  0.9945041E-01  0.6502471E-06  0.3180573E-05
  0.1015663E+00  0.6647555E-06  0.3217491E-05
  0.1037045E+00  0.6798195E-06  0.3256305E-05
  0.1058649E+00  0.6949027E-06  0.3294414E-05
  0.1080477E+00  0.7091806E-06  0.3327970E-05
  0.1102527E+00  0.7216207E-06  0.3352314E-05
  0.1124799E+00  0.7313211E-06  0.3363573E-05
  0.1147295E+00  0.7380923E-06  0.3361270E-05
  0.1170013E+00  0.7425114E-06  0.3348405E-05
  0.1192954E+00  0.7453810E-06  0.3328869E-05
  0.1216117E+00  0.7473647E-06  0.3305788E-05
  0.1239504E+00  0.7488851E-06  0.3281115E-05
  0.1263113E+00  0.7501651E-06  0.3255862E-05
  0.1286945E+00  0.7512976E-06  0.3230445E-05
  0.1310999E+00  0.7522999E-06  0.3204941E-05
  0.1335276E+00  0.7531482E-06  0.3179253E-05
  0.1359776E+00  0.7538038E-06  0.3153224E-05
  0.1384499E+00  0.7542296E-06  0.3126709E-05
  0.1409445E+00  0.7543980E-06  0.3099608E-05
  0.1434613E+00  0.7542914E-06  0.3071864E-05
  0.1460004E+00  0.7538965E-06  0.3043442E-05
  0.1485617E+00  0.7532064E-06  0.3014330E-05
  0.1511454E+00  0.7522180E-06  0.2984534E-05
  0.1537513E+00  0.7509301E-06  0.2954068E-05
  0.1563794E+00  0.7493453E-06  0.2922957E-05
  0.1590299E+00  0.7474745E-06  0.2891261E-05
  0.1617026E+00  0.7453280E-06  0.2859033E-05
  0.1643976E+00  0.7428991E-06  0.2826262E-05
  0.1671149E+00  0.7401825E-06  0.2792939E-05
  0.1698544E+00  0.7371771E-06  0.2759076E-05
  0.1726162E+00  0.7338856E-06  0.2724694E-05
  0.1754003E+00  0.7303111E-06  0.2689819E-05
  0.1782067E+00  0.7264594E-06  0.2654481E-05
  0.1810353E+00  0.7223392E-06  0.2618724E-05
  0.1838862E+00  0.7179607E-06  0.2582595E-05
  0.1867594E+00  0.7133310E-06  0.2546127E-05
  0.1896549E+00  0.7084557E-06  0.2509349E-05
  0.1925726E+00  0.7033377E-06  0.2472276E-05
  0.1955126E+00  0.6979730E-06  0.2434902E-05
  0.1984748E+00  0.6923525E-06  0.2397203E-05
  0.2014594E+00  0.6864604E-06  0.2359130E-05
  0.2044662E+00  0.6802735E-06  0.2320615E-05
  0.2074953E+00  0.6737633E-06  0.2281568E-05
  0.2105467E+00  0.6669008E-06  0.2241905E-05
  0.2136203E+00  0.6596659E-06  0.2201573E-05
  0.2167162E+00  0.6520433E-06  0.2160533E-05
  0.2198344E+00  0.6440183E-06  0.2118755E-05
  0.2229748E+00  0.6355793E-06  0.2076214E-05
  0.2261375E+00  0.6267202E-06  0.2032907E-05
  0.2293225E+00  0.6174446E-06  0.1988863E-05
  0.2325298E+00  0.6077640E-06  0.1944133E-05
  0.2357594E+00  0.5976977E-06  0.1898792E-05
  0.2390112E+00  0.5872733E-06  0.1852940E-05
  0.2422853E+00  0.5765264E-06  0.1806700E-05
  0.2455816E+00  0.5654966E-06  0.1760201E-05
  0.2489003E+00  0.5542293E-06  0.1713591E-05
  0.2522412E+00  0.5427734E-06  0.1667020E-05
  0.2556043E+00  0.5311822E-06  0.1620652E-05
  0.2589898E+00  0.5195166E-06  0.1574666E-05
  0.2623975E+00  0.5078422E-06  0.1529253E-05
  0.2658275E+00  0.4962165E-06  0.1484573E-05
  0.2692798E+00  0.4846558E-06  0.1440661E-05
  0.2727543E+00  0.4731605E-06  0.1397504E-05
  0.2762511E+00  0.4617265E-06  0.1355074E-05
  0.2797702E+00  0.4503492E-06  0.1313345E-05
  0.2833116E+00  0.4390296E-06  0.1272307E-05
  0.2868752E+00  0.4277751E-06  0.1231967E-05
  0.2904611E+00  0.4166019E-06  0.1192360E-05
  0.2940693E+00  0.4055380E-06  0.1153551E-05
  0.2976997E+00  0.3946175E-06  0.1115623E-05
  0.3013525E+00  0.3838762E-06  0.1078659E-05
  0.3050275E+00  0.3733484E-06  0.1042738E-05
  0.3087247E+00  0.3630618E-06  0.1007918E-05
  0.3124443E+00  0.3530327E-06  0.9742241E-06
  0.3161861E+00  0.3432633E-06  0.9416429E-06
  0.3199502E+00  0.3337450E-06  0.9101307E-06
  0.3237365E+00  0.3244612E-06  0.8796243E-06
  0.3275452E+00  0.3154004E-06  0.8500744E-06
  0.3313761E+00  0.3065887E-06  0.8215347E-06
  0.3352293E+00  0.2980675E-06  0.7940977E-06
  0.3391047E+00  0.2898872E-06  0.7678784E-06
  0.3430024E+00  0.2821113E-06  0.7430228E-06
  0.3469224E+00  0.2748162E-06  0.7197082E-06
  0.3508647E+00  0.2680863E-06  0.6981281E-06
  0.3548292E+00  0.2620028E-06  0.6784635E-06
  0.3588160E+00  0.2566315E-06  0.6608522E-06
  0.3628251E+00  0.2520096E-06  0.6453549E-06
  0.3668565E+00  0.2481375E-06  0.6319380E-06
  0.3709101E+00  0.2449870E-06  0.6204960E-06
  0.3749860E+00  0.2425208E-06  0.6109022E-06
  0.3790842E+00  0.2407244E-06  0.6030905E-06
  0.3832047E+00  0.2396372E-06  0.5971303E-06
  0.3873474E+00  0.2393688E-06  0.5932633E-06
  0.3915124E+00  0.2400777E-06  0.5918467E-06
  0.3956996E+00  0.2418916E-06  0.5931551E-06
  0.3999092E+00  0.2448593E-06  0.5972638E-06
  0.4041410E+00  0.2490158E-06  0.6042138E-06
  0.4083951E+00  0.2544250E-06  0.6141152E-06
  0.4126714E+00  0.2612511E-06  0.6273157E-06
  0.4169701E+00  0.2699301E-06  0.6448061E-06
  0.4212910E+00  0.2815033E-06  0.6689947E-06
  0.4256342E+00  0.2980251E-06  0.7046360E-06
  0.4299996E+00  0.3235680E-06  0.7611351E-06
  0.4343873E+00  0.3670079E-06  0.8589485E-06
  0.4387973E+00  0.4531361E-06  0.1055181E-05
  0.4432296E+00  0.7099839E-06  0.1644994E-05
